1.000000000000000000e+00
9.999823841413777448e-01
9.999177608496070402e-01
9.998007570870747207e-01
9.996415908776383752e-01
9.994775424208960368e-01
9.993888177639315140e-01
9.995220874994842353e-01
1.000123208397231789e+00
1.001580110427733317e+00
1.004471863623356054e+00
1.009618555299272469e+00
1.018121183901800508e+00
1.031381594401105994e+00
1.051074806154281172e+00
1.079028369980185698e+00
1.116827272370386703e+00
1.165020143182892154e+00
1.221736569962518004e+00
1.282537871369098470e+00
1.343339116642373599e+00
1.412293170028359635e+00
1.504384801918226877e+00
1.561764585989463106e+00
1.566321335717370866e+00
1.529280144921042917e+00
1.465455363533344046e+00
1.388061997295641836e+00
1.305945248951480009e+00
1.226315766429696197e+00
1.153704234250021665e+00
1.090780588601501844e+00
1.039326360479591038e+00
9.979493456593291345e-01
9.642473861741032160e-01
9.364497607208931429e-01
9.130492306414087489e-01
8.926820401277841821e-01
8.744459084147571115e-01
8.579073793738019038e-01
8.427154343542304638e-01
8.284180651968700015e-01
8.145963163046046063e-01
8.010308346330311524e-01
7.875740849685846090e-01
7.741174054008272964e-01
7.606001232288888136e-01
7.470383451603976876e-01
7.336280149067663237e-01
7.208710829845738077e-01
7.095800799781908363e-01
7.008113510787722378e-01
6.957837989752166941e-01
6.958269654187522191e-01
7.023819803950125396e-01
7.169894231426485742e-01
7.409803084201208589e-01
7.738405756095008137e-01
8.089564940499328616e-01
8.380686057113574394e-01
8.606182002451772117e-01
8.788873993471632007e-01
8.942655182527873281e-01
9.074390917361894182e-01
9.188152273439244011e-01
9.286826005440234066e-01
9.372640412654009712e-01
9.447307406771047189e-01
9.512340344043875850e-01
9.569162808558843158e-01
9.618918793246744592e-01
9.662550111334291536e-01
9.700928438858299474e-01
9.734787798733041120e-01
9.764735952313142731e-01
9.791326693238794343e-01
9.815010203015520629e-01
9.836179891598311187e-01
9.855168202072714934e-01
9.872256012675718617e-01
9.887687501585995520e-01
9.901663321890911140e-01
9.914362075766964821e-01
9.925927077602249016e-01
9.936484210024685293e-01
9.946141420395712140e-01
9.954985775887525978e-01
9.963094670803022135e-01
9.970536480295780768e-01
9.977368461413839151e-01
9.983638267742516170e-01
9.989388247924930742e-01
9.994657118958444331e-01
9.999478850444498690e-01
1.000388362422279354e+00
1.000789857038532737e+00
1.001154833925061771e+00
1.001485555814906503e+00
1.001784119648322591e+00
1.002052474336263543e+00
1.002292402815961436e+00
1.002505607917755448e+00
1.002693756530809610e+00
1.002858419249473609e+00
1.003001047093781128e+00
1.003123053268619946e+00
1.003225802623249230e+00
1.003310585334645566e+00
1.003378648959786901e+00
1.003431190886068247e+00
1.003469351508216478e+00
1.003494230576839508e+00
1.003506887843727435e+00
1.003508324566040777e+00
1.003499506281688936e+00
1.003481359545688401e+00
1.003454764123845377e+00
1.003420556056240143e+00
1.003379530692408039e+00
1.003332444756278141e+00
1.003280017074066777e+00
1.003222928811206005e+00
1.003161823901172811e+00
1.003097308850001035e+00
1.003029950414253912e+00
1.002960281806836829e+00
1.002888802991264816e+00
1.002815979313326000e+00
1.002742243346111062e+00
1.002667995616022267e+00
1.002593604560914065e+00
1.002519407173763755e+00
1.002445711451713795e+00
1.002372795454932186e+00
1.002300908183547223e+00
1.002230271043427878e+00
1.002161079041771430e+00
1.002093501411286836e+00
1.002027682498689787e+00
1.001963742940431557e+00
1.001901781364772814e+00
1.001841874895692985e+00
1.001784080940790744e+00
1.001728438197931892e+00
1.001674966835782277e+00
1.001623670671718536e+00
1.001574538673963399e+00
1.001527546132331192e+00
1.001482655708866076e+00
1.001439818817281946e+00
1.001398976719044764e+00
1.001360061627439846e+00
1.001322997821672889e+00
1.001287702691497472e+00
1.001254087863588937e+00
1.001222060290979599e+00
1.001191523066133460e+00
1.001162376117177066e+00
1.001134517062729490e+00
1.001107841898047690e+00
1.001082245882494615e+00
1.001057623808746522e+00
1.001033870503562406e+00
1.001010881850287415e+00
1.000988555227606769e+00
1.000966790268543294e+00
1.000945489225954832e+00
1.000924556910175900e+00
1.000903900964725590e+00
1.000883432653038474e+00
1.000863067760506153e+00
1.000842727246001429e+00
1.000822337799463835e+00
1.000801832379627720e+00
1.000781150865569957e+00
1.000760240643216337e+00
1.000739057416580868e+00
1.000717566544792936e+00
1.000695744046637303e+00
1.000673577334467934e+00
1.000651066419196766e+00
1.000628225738048771e+00
1.000605086289508394e+00
1.000581697182547192e+00
1.000558127917541507e+00
1.000534471589397123e+00
1.000510848674264430e+00
1.000487412558994871e+00
1.000464358185377378e+00
1.000441936469784077e+00
1.000420478059133478e+00
1.000400437006043308e+00
1.000382477479383470e+00
1.000367658722753239e+00
1.000357881612052191e+00
1.000357161352307900e+00
1.000376300484442149e+00
1.000459178985370068e+00
1.000997439355922447e+00
1.000270289037832994e+00
1.000002950199263552e+00
