1.000000000000000000e+00
9.999860446981188034e-01
9.999349361328760954e-01
9.998428508044259200e-01
9.997187107162601727e-01
9.995931429543900570e-01
9.995307279551501889e-01
9.996481627846343088e-01
1.000139845645362957e+00
1.001312293683215948e+00
1.003625263885473462e+00
1.007735808565757285e+00
1.014536003956426846e+00
1.025174285923592832e+00
1.041038964269787481e+00
1.063677839142347814e+00
1.094545909478159995e+00
1.134522102147983436e+00
1.182981469656513074e+00
1.237298449135883160e+00
1.293726478638315580e+00
1.352091305534832255e+00
1.421423705130567372e+00
1.486800364332777846e+00
1.515054699551937389e+00
1.503759643852744077e+00
1.462435096349860464e+00
1.402432126784897148e+00
1.332433624176302844e+00
1.259458836996290909e+00
1.188251293335867986e+00
1.122072987418158085e+00
1.063986746175547671e+00
1.014964521902124162e+00
9.744402397648282976e-01
9.414352922696009873e-01
9.144371723476963920e-01
8.917470434037729765e-01
8.720589337807819197e-01
8.545460590629185837e-01
8.385361746843533748e-01
8.233582591718369148e-01
8.084652093477792123e-01
7.935859111341839744e-01
7.786159447996936489e-01
7.635950914258672340e-01
7.487188382495013617e-01
7.343554989285696610e-01
7.211073407473534980e-01
7.098546935763712096e-01
7.016776379157415588e-01
6.977591820987754101e-01
6.993422521373731104e-01
7.077288115762805365e-01
7.242088780932541825e-01
7.495607890109431404e-01
7.820219738127321962e-01
8.146366477009071572e-01
8.415910013196722383e-01
8.631186113019205797e-01
8.809565270427469619e-01
8.961397218993837344e-01
9.092074521345365756e-01
9.205162014512452417e-01
9.303354674696828752e-01
9.388809268418256693e-01
9.463293779099339886e-01
9.528223671804745276e-01
9.584861130930873996e-01
9.634385442651147713e-01
9.677762024332180468e-01
9.715796536631884361e-01
9.749227999108945886e-01
9.778683766508333708e-01
9.804689058800427626e-01
9.827719069135163465e-01
9.848165691703730795e-01
9.866371599566846617e-01
9.882628449421373418e-01
9.897184482195457988e-01
9.910255876871199021e-01
9.922022697478222186e-01
9.932644729203552458e-01
9.942252697061988442e-01
9.950961403871930733e-01
9.958869823100846563e-01
9.966059385193291043e-01
9.972602267370015428e-01
9.978562158029460338e-01
9.983993017846519713e-01
9.988940374698853653e-01
9.993444579186548937e-01
9.997542170770636893e-01
1.000126523171364079e+00
1.000464220144905658e+00
1.000769851585832093e+00
1.001045711569443775e+00
1.001293886060443228e+00
1.001516286692959667e+00
1.001714670195754886e+00
1.001890631394845466e+00
1.002045669865666122e+00
1.002181226149079007e+00
1.002298642476395552e+00
1.002399149522856803e+00
1.002483928083845788e+00
1.002554104209793850e+00
1.002610732674986016e+00
1.002654822043413274e+00
1.002687331071742349e+00
1.002709165409621850e+00
1.002721190745733848e+00
1.002724234515369517e+00
1.002719073713316034e+00
1.002706452216212352e+00
1.002687079294607653e+00
1.002661624761822079e+00
1.002630721842649564e+00
1.002594969945915349e+00
1.002554936672888752e+00
1.002511158805797775e+00
1.002464142890989285e+00
1.002414365913379513e+00
1.002362275481319953e+00
1.002308288447933959e+00
1.002252795624803516e+00
1.002196162220753139e+00
1.002138727061115731e+00
1.002080804091889155e+00
1.002022683059905717e+00
1.001964629623697478e+00
1.001906885940748948e+00
1.001849672536631708e+00
1.001793187727748169e+00
1.001737608338508112e+00
1.001683090831598788e+00
1.001629772235836491e+00
1.001577770656661537e+00
1.001527185970172207e+00
1.001478100717972497e+00
1.001430581375141404e+00
1.001384678754500657e+00
1.001340429328997583e+00
1.001297855990643360e+00
1.001256968214498722e+00
1.001217763653625470e+00
1.001180229247241815e+00
1.001144342089424599e+00
1.001110070210034397e+00
1.001077373589930319e+00
1.001046204971324904e+00
1.001016510672247062e+00
1.000988231406527484e+00
1.000961303052183782e+00
1.000935657476631713e+00
1.000911223333467825e+00
1.000887926659175697e+00
1.000865691384088763e+00
1.000844439955172138e+00
1.000824093835954054e+00
1.000804574148980608e+00
1.000785801873228298e+00
1.000767698205978995e+00
1.000750185297292205e+00
1.000733186564615629e+00
1.000716627235859635e+00
1.000700434609387068e+00
1.000684538006557434e+00
1.000668868966115843e+00
1.000653361804615615e+00
1.000637954259320672e+00
1.000622587951519815e+00
1.000607208782642088e+00
1.000591767316529213e+00
1.000576219243802356e+00
1.000560525800295419e+00
1.000544654347484297e+00
1.000528579330811629e+00
1.000512283001021352e+00
1.000495755943118681e+00
1.000478997945118520e+00
1.000462019315863316e+00
1.000444842426716052e+00
1.000427502838773242e+00
1.000410050962304620e+00
1.000392554389077482e+00
1.000375100661764938e+00
1.000357801323078721e+00
1.000340798249192309e+00
1.000324274213825637e+00
1.000308470313014064e+00
1.000293717997992493e+00
1.000280502652447501e+00
1.000269599211117688e+00
1.000262399554690651e+00
1.000261845515950654e+00
1.000275854596839542e+00
1.000336593797500839e+00
1.000731647799886437e+00
1.000199073389791193e+00
1.000000968906608501e+00
