1.000000000000000000e+00
9.999893938306504415e-01
9.999506292620399250e-01
9.998811717173831104e-01
9.997885202641237923e-01
9.996969425067023796e-01
9.996565440335810626e-01
9.997566343287879187e-01
1.000144681091291510e+00
1.001052313824945417e+00
1.002827599182234408e+00
1.005971487918806195e+00
1.011171625156346288e+00
1.019324752303983006e+00
1.031530872463196413e+00
1.049042865871500974e+00
1.073108727529846984e+00
1.104685724792270562e+00
1.143866302667564616e+00
1.189422333459267067e+00
1.238764330618151055e+00
1.289770906978762621e+00
1.344219068116583760e+00
1.402266133803260040e+00
1.444799125731790479e+00
1.456486249261104149e+00
1.438890575955432682e+00
1.399727581822001188e+00
1.346652034496650829e+00
1.286195910301023204e+00
1.223004027716064313e+00
1.160406530804677816e+00
1.101442349234696749e+00
1.047852516727646677e+00
1.000405685015436141e+00
9.595938075349773611e-01
9.250909190942980809e-01
8.957965317074422229e-01
8.705703883052642311e-01
8.485059677274217060e-01
8.287503037218550972e-01
8.104674329884125061e-01
7.930264122663285287e-01
7.761653464043207773e-01
7.598889353655353673e-01
7.444394384574449797e-01
7.302810274775147770e-01
7.180678249956884418e-01
7.086313587130895764e-01
7.029566277225612891e-01
7.021060923172073309e-01
7.071706536663572296e-01
7.192201194821552512e-01
7.390683896335306091e-01
7.663746434071572189e-01
7.975397352415197760e-01
8.264554307380882481e-01
8.504184518327296827e-01
8.702008245998723579e-01
8.869426056445491868e-01
9.013415972480055549e-01
9.138090161335734596e-01
9.246312298549083097e-01
9.340435316905361107e-01
9.422425541291092888e-01
9.493938385149004455e-01
9.556372312011721659e-01
9.610877499019772063e-01
9.658480814393783920e-01
9.700132301013967284e-01
9.736621810597044790e-01
9.768615892347980445e-01
9.796720671642281664e-01
9.821454284503408072e-01
9.843254755917291154e-01
9.862515872643942139e-01
9.879566589449481073e-01
9.894694726060523360e-01
9.908146834317349549e-01
9.920134148886023961e-01
9.930840934006424092e-01
9.940422485343120007e-01
9.949016284308591640e-01
9.956736675589307195e-01
9.963684090001203586e-01
9.969945515306745110e-01
9.975593697905347224e-01
9.980692993139171909e-01
9.985300149372282608e-01
9.989463711682901037e-01
9.993225091136010985e-01
9.996620926549645292e-01
9.999684159617688861e-01
1.000244373875676773e+00
1.000492528583350804e+00
1.000715163088858661e+00
1.000914324625410856e+00
1.001091860606464046e+00
1.001249448471964731e+00
1.001388615009861871e+00
1.001510737112335070e+00
1.001617091493634204e+00
1.001708883358962243e+00
1.001787223670806082e+00
1.001853123481613483e+00
1.001907538405629516e+00
1.001951367889956090e+00
1.001985446303352179e+00
1.002010561820653622e+00
1.002027455739916695e+00
1.002036821792509746e+00
1.002039316372461242e+00
1.002035560889421140e+00
1.002026134602278296e+00
1.002011587248895497e+00
1.001992438871669222e+00
1.001969177276616163e+00
1.001942260619650416e+00
1.001912119853933802e+00
1.001879160595732232e+00
1.001843764243512958e+00
1.001806288771803333e+00
1.001767069540936195e+00
1.001726419735796014e+00
1.001684629713277319e+00
1.001641970430276585e+00
1.001598693957365116e+00
1.001555033144136742e+00
1.001511202804378886e+00
1.001467400325100954e+00
1.001423805873754791e+00
1.001380582911416850e+00
1.001337879557192778e+00
1.001295828289687329e+00
1.001254546511502808e+00
1.001214137383235059e+00
1.001174690512927956e+00
1.001136282357072638e+00
1.001098976739674740e+00
1.001062825501832121e+00
1.001027869398825931e+00
1.000994138411094747e+00
1.000961652671589430e+00
1.000930423010613080e+00
1.000900451097400223e+00
1.000871730545035199e+00
1.000844247685429123e+00
1.000817982181390065e+00
1.000792907578126778e+00
1.000768992011428660e+00
1.000746198776333307e+00
1.000724486897163423e+00
1.000703811699808599e+00
1.000684125347668152e+00
1.000665377414263535e+00
1.000647515434968771e+00
1.000630485322108854e+00
1.000614231720460934e+00
1.000598698436381717e+00
1.000583828782341644e+00
1.000569566015862444e+00
1.000555853476794654e+00
1.000542634834006295e+00
1.000529854581831968e+00
1.000517458252273562e+00
1.000505392780128844e+00
1.000493606676423175e+00
1.000482049993900002e+00
1.000470674455057107e+00
1.000459433826561106e+00
1.000448284349096273e+00
1.000437185046185284e+00
1.000426097987890950e+00
1.000414988545544670e+00
1.000403825702309124e+00
1.000392582333466063e+00
1.000381235596737195e+00
1.000369767578304758e+00
1.000358165780384612e+00
1.000346423480750202e+00
1.000334540323264410e+00
1.000322523213691195e+00
1.000310387369953480e+00
1.000298157098174157e+00
1.000285866934865764e+00
1.000273563253951448e+00
1.000261306186251753e+00
1.000249172430566214e+00
1.000237259653466548e+00
1.000225693827015094e+00
1.000214641350743117e+00
1.000204331333457430e+00
1.000195099798581122e+00
1.000187483983536518e+00
1.000182449949281294e+00
1.000182041142909872e+00
1.000191759649955880e+00
1.000233963994298092e+00
1.000508940446675821e+00
1.000139185792083829e+00
9.999996508936974671e-01
