1.000000000000000000e+00
9.999714197323518183e-01
9.998661497244261120e-01
9.996731629326144342e-01
9.994046117990711409e-01
9.991151342826791737e-01
9.989289323274911370e-01
9.990790939928001491e-01
9.999589145291667425e-01
1.002182872845291284e+00
1.006647276281177783e+00
1.014584927846661211e+00
1.027606544302870351e+00
1.047720908291689623e+00
1.077256650965332962e+00
1.118475563632611802e+00
1.172254246559397695e+00
1.235677187714596448e+00
1.300709024140193071e+00
1.358937403977908520e+00
1.430331127258119617e+00
1.637720084756903560e+00
1.699969018454103198e+00
1.673517750270371529e+00
1.603049984177899567e+00
1.504385727445677334e+00
1.400321104042473674e+00
1.305825063340166237e+00
1.226705584607912902e+00
1.163441811595731679e+00
1.111685359101246995e+00
1.067806213922807945e+00
1.030268961492834201e+00
9.974403370206403885e-01
9.680410378719046527e-01
9.416839647977206518e-01
9.180479164860048114e-01
8.965624152480476949e-01
8.768658245243639016e-01
8.589428067678346324e-01
8.427232873550170034e-01
8.279165696406292074e-01
8.142296507581739951e-01
8.015832446683737178e-01
7.899350958243327447e-01
7.792079988764428755e-01
7.692557492814497966e-01
7.598427945110489690e-01
7.507037299745517034e-01
7.416518862420714564e-01
7.326201412164694560e-01
7.237047953040516290e-01
7.152358771661047054e-01
7.078420076535900662e-01
7.024776741977432071e-01
7.003996494534219242e-01
7.031220747441632168e-01
7.123917559146861755e-01
7.301295278016894930e-01
7.579625178356775850e-01
7.948019180240747383e-01
8.309274690770172000e-01
8.576488911653058489e-01
8.769950655595001310e-01
8.923116260533859867e-01
9.051404851182520694e-01
9.161242362561831110e-01
9.255898966425942787e-01
9.337800471957938830e-01
9.409150386019855539e-01
9.471582764017758560e-01
9.526364313670059314e-01
9.574697456238198123e-01
9.617563578811353375e-01
9.655742033955513337e-01
9.689961938604083613e-01
9.720785292380812459e-01
9.748702782362949071e-01
9.774118312860545776e-01
9.797363946605230911e-01
9.818726974010982822e-01
9.838431149862267855e-01
9.856678770165983039e-01
9.873619462949764225e-01
9.889385264042969137e-01
9.904087082536967568e-01
9.917806565937512531e-01
9.930617740899831958e-01
9.942586722842859936e-01
9.953766014462894773e-01
9.964196522409738410e-01
9.973915397423596119e-01
9.982958534351290547e-01
9.991357488459756686e-01
9.999140762467485510e-01
1.000633471565909094e+00
1.001296420980249513e+00
1.001905308445769416e+00
1.002462450264181237e+00
1.002970096839281178e+00
1.003430367238376864e+00
1.003845396440875337e+00
1.004217401188898684e+00
1.004548539251303385e+00
1.004840846402747179e+00
1.005096385708514006e+00
1.005317213627253237e+00
1.005505316526403403e+00
1.005662665226334518e+00
1.005791191657088524e+00
1.005892768112419233e+00
1.005969233581679667e+00
1.006022389556239682e+00
1.006053958466313292e+00
1.006065624832228833e+00
1.006059025089009573e+00
1.006035728839757892e+00
1.005997242106242862e+00
1.005945010843238174e+00
1.005880422806624708e+00
1.005804807013274793e+00
1.005719432443701544e+00
1.005625507317037259e+00
1.005524177291654553e+00
1.005416519581995072e+00
1.005303554159391766e+00
1.005186243318966888e+00
1.005065488041850585e+00
1.004942130839732606e+00
1.004816956456924260e+00
1.004690691117396950e+00
1.004564003200850930e+00
1.004437507573751276e+00
1.004311763223521003e+00
1.004187274558398402e+00
1.004064493923154888e+00
1.003943823615520481e+00
1.003825616797319187e+00
1.003710178961628730e+00
1.003597769998738620e+00
1.003488607336191718e+00
1.003382866709124688e+00
1.003280685510600678e+00
1.003182164599454307e+00
1.003087368471638374e+00
1.002996329432130906e+00
1.002909050430554450e+00
1.002825507246140946e+00
1.002745650443019221e+00
1.002669407992641926e+00
1.002596687339963211e+00
1.002527377495409100e+00
1.002461351156836766e+00
1.002398466702646429e+00
1.002338570358616510e+00
1.002281498301284435e+00
1.002227078218879575e+00
1.002175130648463197e+00
1.002125470640246041e+00
1.002077909093969543e+00
1.002032254507455589e+00
1.001988313496222416e+00
1.001945891784166154e+00
1.001904796246128715e+00
1.001864835788285779e+00
1.001825822875426431e+00
1.001787574274937809e+00
1.001749910947222100e+00
1.001712658615301565e+00
1.001675649359498044e+00
1.001638723444191026e+00
1.001601730642959431e+00
1.001564531374965039e+00
1.001526997800084917e+00
1.001489015139939376e+00
1.001450482865529734e+00
1.001411316331435764e+00
1.001371449459495855e+00
1.001330836750650821e+00
1.001289454746973728e+00
1.001247304428773077e+00
1.001204414848322344e+00
1.001160847363440576e+00
1.001116698672382732e+00
1.001072105280063740e+00
1.001027249758579041e+00
1.000982368090074903e+00
1.000937760360672169e+00
1.000893807457409412e+00
1.000850998918815682e+00
1.000809978713533166e+00
1.000771629406807417e+00
1.000737239342628815e+00
1.000708859214284541e+00
1.000690163103116870e+00
1.000688902684869763e+00
1.000725917847402391e+00
1.000885816669402351e+00
1.001920699932438374e+00
1.000516424021297590e+00
1.000012133201013453e+00
