1.000000000000000000e+00
9.999836520881039137e-01
9.999237123609772127e-01
9.998153599564921779e-01
9.996683924377973707e-01
9.995178178299031213e-01
9.994384515247021206e-01
9.995665838935129388e-01
1.000130255902785814e+00
1.001489317348546626e+00
1.004181957430938521e+00
1.008972842361395506e+00
1.016892443627575693e+00
1.029257403904259682e+00
1.047646706550974915e+00
1.073796233359679331e+00
1.109258949843677788e+00
1.154731499800256023e+00
1.208832961976547660e+00
1.267768922375371421e+00
1.327412538390048136e+00
1.391943795030499809e+00
1.475810145217372416e+00
1.538028628713607571e+00
1.551365609902633169e+00
1.523119914678602749e+00
1.466624236365067224e+00
1.394622846745244615e+00
1.315976643209991526e+00
1.237855899397127812e+00
1.164910001294473751e+00
1.100126520723892609e+00
1.045983955948168287e+00
1.002018584119618527e+00
9.663152697450371198e-01
9.371817784909302063e-01
9.129905122243346938e-01
8.922164128786407300e-01
8.738073510082687845e-01
8.571979305359728185e-01
8.419354605826305793e-01
8.275009693340111827e-01
8.134348135131160840e-01
7.994968363610308604e-01
7.855461082601011835e-01
7.715129216988018124e-01
7.574112892963925647e-01
7.433679276522207058e-01
7.297171424009596397e-01
7.171045817568847403e-01
7.064608502065762297e-01
6.989125387882754170e-01
6.957041150492482284e-01
6.981685531092711727e-01
7.077374492661584471e-01
7.258563644443835061e-01
7.533521556605858871e-01
7.877323033816905351e-01
8.206219680905533220e-01
8.467990753579903718e-01
8.675066475544006561e-01
8.846552519851480501e-01
8.992381047735478194e-01
9.117854078318180511e-01
9.226447145414731210e-01
9.320759823336633998e-01
9.402850417092528668e-01
9.474325979746994753e-01
9.536612945380016360e-01
9.591050639003019240e-01
9.638722554547165533e-01
9.680525085165392341e-01
9.717285321459265823e-01
9.749701739871858841e-01
9.778354937330245855e-01
9.803772627499000025e-01
9.826385977242245717e-01
9.846571849826429856e-01
9.864649511901442125e-01
9.880889410746669377e-01
9.895526794616258393e-01
9.908755911541733408e-01
9.920749466227947178e-01
9.931647008179472769e-01
9.941571099403708756e-01
9.950627039350142811e-01
9.958900373887897839e-01
9.966467061309690623e-01
9.973394174970309223e-01
9.979738120956852532e-01
9.985546079568332623e-01
9.990859934467081205e-01
9.995717840813931332e-01
1.000015328252220170e+00
1.000419598339018279e+00
1.000787261160901886e+00
1.001120733175099753e+00
1.001422224867441146e+00
1.001693776494806176e+00
1.001937276628437123e+00
1.002154448286710853e+00
1.002346928059192344e+00
1.002516307550615826e+00
1.002664080675416347e+00
1.002791624052909558e+00
1.002900271656906206e+00
1.002991306372080338e+00
1.003065937232560767e+00
1.003125329023881296e+00
1.003170596188288632e+00
1.003202797296708360e+00
1.003222950283305659e+00
1.003232033497361675e+00
1.003230969485146895e+00
1.003220645836577773e+00
1.003201912573871368e+00
1.003175575416622278e+00
1.003142398789235390e+00
1.003103108774291430e+00
1.003058395168004324e+00
1.003008912310802803e+00
1.002955279456523074e+00
1.002898081296696997e+00
1.002837867907913072e+00
1.002775152773201617e+00
1.002710418460402098e+00
1.002644116973282928e+00
1.002576668597926712e+00
1.002508463630296331e+00
1.002439863089827909e+00
1.002371198735783731e+00
1.002302773694098148e+00
1.002234864702194361e+00
1.002167721300702530e+00
1.002101566655855480e+00
1.002036598907702691e+00
1.001972992272148533e+00
1.001910897626473007e+00
1.001850443330133622e+00
1.001791736301759439e+00
1.001734863567563805e+00
1.001679892731056398e+00
1.001626873595808709e+00
1.001575839084750452e+00
1.001526805415915655e+00
1.001479774072961515e+00
1.001434733167380742e+00
1.001391658502142290e+00
1.001350514526702096e+00
1.001311255586958548e+00
1.001273826919852672e+00
1.001238165654505519e+00
1.001204201821714657e+00
1.001171859300304501e+00
1.001141056836247323e+00
1.001111709027836971e+00
1.001083727061709894e+00
1.001057019343111421e+00
1.001031492267956624e+00
1.001007050842556145e+00
1.000983599483575626e+00
1.000961042261659273e+00
1.000939283352564768e+00
1.000918227956643980e+00
1.000897782693171312e+00
1.000877856282041067e+00
1.000858359871451997e+00
1.000839206980793428e+00
1.000820313747154522e+00
1.000801599630995131e+00
1.000782988225355608e+00
1.000764407839936920e+00
1.000745792000804490e+00
1.000727079932391961e+00
1.000708217141985878e+00
1.000689155946021591e+00
1.000669856198676877e+00
1.000650286493362184e+00
1.000630425065916596e+00
1.000610260455204514e+00
1.000589792587871507e+00
1.000569034423750336e+00
1.000548013878740372e+00
1.000526775223347986e+00
1.000505381141731709e+00
1.000483915624002407e+00
1.000462487390149091e+00
1.000441234891737308e+00
1.000420334132456901e+00
1.000400011713484583e+00
1.000380566333334498e+00
1.000362408314345641e+00
1.000346138069361901e+00
1.000332713477576130e+00
1.000323853976899047e+00
1.000323192206855616e+00
1.000340502531250175e+00
1.000415490933645568e+00
1.000902740136106805e+00
1.000244942359850064e+00
1.000002200272697594e+00
