1.000000000000000000e+00
9.999793673095237478e-01
9.999035901661386117e-01
9.997659134464403907e-01
9.995774276349508325e-01
9.993806652815749869e-01
9.992685260892636423e-01
9.994122734878359005e-01
1.000099905381552245e+00
1.001785251163667567e+00
1.005142125162352684e+00
1.011117279928232859e+00
1.020971156873657470e+00
1.036297296381298860e+00
1.058985296657823705e+00
1.091056295898640505e+00
1.134104988638089839e+00
1.188158779484301153e+00
1.249936341190709177e+00
1.313519292498705138e+00
1.375988570078087170e+00
1.461995885839276310e+00
1.569259004498034349e+00
1.609023998225763030e+00
1.591731306709276872e+00
1.534898820287020849e+00
1.455806402567082714e+00
1.368308043119994322e+00
1.281015887884854321e+00
1.201127466503654428e+00
1.132439611939747293e+00
1.075860431605914380e+00
1.030718928729705830e+00
9.941473403319949220e-01
9.635247468214537259e-01
9.373810683522517673e-01
9.146451352872554397e-01
8.943282253338271648e-01
8.758236434648182245e-01
8.589389916620758791e-01
8.434986089680340804e-01
8.291616670072980977e-01
8.155826002450666801e-01
8.025931742444382122e-01
7.900575347093604650e-01
7.778256175088164026e-01
7.657288049923958173e-01
7.535973396498641952e-01
7.413622265680265278e-01
7.292040980153294827e-01
7.176107816365003833e-01
7.073788994817731268e-01
6.995736528295841694e-01
6.954592009248461437e-01
6.964499668807329069e-01
7.041117300444643679e-01
7.201402381252299811e-01
7.459787518294074271e-01
7.807290721140358603e-01
8.162653937101955748e-01
8.444533137482361784e-01
8.659305622065973651e-01
8.832773038550376654e-01
8.978796611414896489e-01
9.103943533764262686e-01
9.212067908461218924e-01
9.305880020798206198e-01
9.387359226961136116e-01
9.458227797319460617e-01
9.520108918443593859e-01
9.574284670317918522e-01
9.621797160609887323e-01
9.663617999023005334e-01
9.700559496761919087e-01
9.733287687143523659e-01
9.762413322741048116e-01
9.788426639572864740e-01
9.811755901661219914e-01
9.832760743873621978e-01
9.851743059307201955e-01
9.868964942277762553e-01
9.884639149952607617e-01
9.898955648877870717e-01
9.912064160480810182e-01
9.924096262748934860e-01
9.935164247620934530e-01
9.945356979377963924e-01
9.954753707391693629e-01
9.963424556689970402e-01
9.971427596127556692e-01
9.978810514115034058e-01
9.985615828256897419e-01
9.991882802135552133e-01
9.997645874312577341e-01
1.000293572499685091e+00
1.000778007797914260e+00
1.001220431112140874e+00
1.001623193525298383e+00
1.001988496948586826e+00
1.002318409156203405e+00
1.002614834958082346e+00
1.002879618422688246e+00
1.003114593355233453e+00
1.003321503344163812e+00
1.003501968936634237e+00
1.003657586907652277e+00
1.003789914202832589e+00
1.003900432505796081e+00
1.003990586237464955e+00
1.004061771207147569e+00
1.004115324417144794e+00
1.004152543082102333e+00
1.004174684158405384e+00
1.004182940071511432e+00
1.004178466239406875e+00
1.004162376115084410e+00
1.004135730648293201e+00
1.004099541441235255e+00
1.004054773945586287e+00
1.004002349513160253e+00
1.003943145833357642e+00
1.003877996809186657e+00
1.003807692720067868e+00
1.003732979644344381e+00
1.003654556256193597e+00
1.003573081328011707e+00
1.003489173863230111e+00
1.003403411173417581e+00
1.003316331000190464e+00
1.003228432256856761e+00
1.003140174826725017e+00
1.003051980235519336e+00
1.002964234598595406e+00
1.002877287336296996e+00
1.002791452176556408e+00
1.002707008904756059e+00
1.002624204784122286e+00
1.002543255268166122e+00
1.002464345050635197e+00
1.002387629480920639e+00
1.002313236643812555e+00
1.002241267942777014e+00
1.002171800295247550e+00
1.002104887352545104e+00
1.002040559687449095e+00
1.001978827486490475e+00
1.001919682398013656e+00
1.001863098967141763e+00
1.001809035922170743e+00
1.001757437874843282e+00
1.001708236667483432e+00
1.001661352732000632e+00
1.001616696463438094e+00
1.001574169508442802e+00
1.001533666158267000e+00
1.001495074697561938e+00
1.001458278408987823e+00
1.001423156433457029e+00
1.001389584831245738e+00
1.001357437433746167e+00
1.001326586949533581e+00
1.001296905297313300e+00
1.001268264230786187e+00
1.001240536619157684e+00
1.001213596997262867e+00
1.001187322518398704e+00
1.001161593414870321e+00
1.001136292922887527e+00
1.001111307631833869e+00
1.001086528474501858e+00
1.001061851862133256e+00
1.001037180505409019e+00
1.001012424117465605e+00
1.000987500091707672e+00
1.000962334321767955e+00
1.000936861939217382e+00
1.000911028332160502e+00
1.000884790822026638e+00
1.000858119922194422e+00
1.000831000255545833e+00
1.000803432060573872e+00
1.000775433475609821e+00
1.000747043204490039e+00
1.000718322442208708e+00
1.000689357709964478e+00
1.000660264834231761e+00
1.000631193637913530e+00
1.000602334784723491e+00
1.000573930475077145e+00
1.000546292288538197e+00
1.000519830556390266e+00
1.000495108364704677e+00
1.000472948789034922e+00
1.000454663625709451e+00
1.000442605670426088e+00
1.000441742790642019e+00
1.000465437479146180e+00
1.000567960621717711e+00
1.001233117569451325e+00
1.000333270106658734e+00
1.000004989917014031e+00
