1.000000000000000000e+00
9.999807929085083869e-01
9.999102883187127588e-01
9.997823964153556009e-01
9.996078184144188139e-01
9.994266330900241080e-01
9.993257678236114883e-01
9.994648898598136322e-01
1.000112141818522149e+00
1.001690401049238899e+00
1.004829198343990981e+00
1.010416397287821955e+00
1.019638608478371511e+00
1.034000749957755039e+00
1.055293519844543448e+00
1.085451182508202050e+00
1.126076637222485299e+00
1.177475573475617043e+00
1.237075939916493006e+00
1.299639730880322919e+00
1.361469069590585113e+00
1.437979134995438946e+00
1.539393413309380731e+00
1.588319949055310598e+00
1.581427569132504818e+00
1.533724144614260654e+00
1.461465202328490864e+00
1.378269883295986320e+00
1.292888253203857918e+00
1.212548060116779736e+00
1.141508380848634152e+00
1.081721241990320381e+00
1.033731270119559120e+00
9.951672982413550805e-01
9.633696097076557274e-01
9.366716597922053467e-01
9.137877080383600692e-01
8.935615998882511235e-01
8.752612874479807070e-01
8.585947267130518146e-01
8.433155603243098763e-01
8.290391094397362437e-01
8.153896982105665048e-01
8.021753320002580345e-01
7.892506806247133744e-01
7.764770083339445073e-01
7.637247573772629750e-01
7.508977605070215056e-01
7.380386263752440890e-01
7.254718308393035553e-01
7.138410716616340190e-01
7.040786319995775422e-01
6.973387913141199101e-01
6.949282500152061948e-01
6.982805658117366976e-01
7.089682626502296081e-01
7.285993090487140611e-01
7.580428778396298695e-01
7.939928721899809361e-01
8.268185940482049023e-01
8.521145262348521765e-01
8.719466466698254647e-01
8.883362634424255555e-01
9.022696655492772333e-01
9.142602359077874885e-01
9.246410016778876528e-01
9.336584285590804333e-01
9.414973602679316267e-01
9.483200524793103936e-01
9.542793699776560556e-01
9.594970759506644686e-01
9.640727638047501546e-01
9.680989686279515283e-01
9.716533238690298058e-01
9.747997844925099242e-01
9.775968179915011103e-01
9.800916420163822140e-01
9.823255115998473785e-01
9.843331753158930386e-01
9.861438937036174357e-01
9.877830858758119836e-01
9.892715088238706045e-01
9.906276673854151893e-01
9.918662743706740947e-01
9.930002559347708146e-01
9.940406692031645841e-01
9.949963467186424548e-01
9.958751522801699840e-01
9.966840385326869445e-01
9.974287945465764027e-01
9.981142059937688771e-01
9.987445324718542405e-01
9.993236877916075178e-01
9.998551051596206163e-01
1.000341838930377980e+00
1.000786641840742286e+00
1.001192024395472613e+00
1.001560301860074054e+00
1.001893631444968902e+00
1.002194028781329571e+00
1.002463344441987925e+00
1.002703358378336462e+00
1.002915827442897756e+00
1.003102414941839493e+00
1.003264662459127043e+00
1.003404080745626592e+00
1.003522136359470407e+00
1.003620220654204420e+00
1.003699684945804416e+00
1.003761831016529271e+00
1.003807902562342980e+00
1.003839102945298656e+00
1.003856595274873253e+00
1.003861480926176108e+00
1.003854824790958222e+00
1.003837651144244614e+00
1.003810934427929569e+00
1.003775602369259223e+00
1.003732539106367172e+00
1.003682587251460978e+00
1.003626548472986046e+00
1.003565183549750994e+00
1.003499212665784679e+00
1.003429315020327728e+00
1.003356126051915709e+00
1.003280244320595482e+00
1.003202231721385340e+00
1.003122611830859601e+00
1.003041871898555204e+00
1.002960463583541850e+00
1.002878802831901339e+00
1.002797270537475915e+00
1.002716215251505671e+00
1.002635952065071612e+00
1.002556763553011709e+00
1.002478901388802024e+00
1.002402587658341115e+00
1.002328015531354310e+00
1.002255350235011777e+00
1.002184730355265341e+00
1.002116269736055054e+00
1.002050058025453660e+00
1.001986162675950087e+00
1.001924630062650756e+00
1.001865485668307132e+00
1.001808736528909005e+00
1.001754372916014324e+00
1.001702369645233182e+00
1.001652687249793283e+00
1.001605273526972040e+00
1.001560064764932090e+00
1.001516986979500201e+00
1.001475957163267205e+00
1.001436884457083343e+00
1.001399671415062365e+00
1.001364215228836452e+00
1.001330408640219050e+00
1.001298140722707952e+00
1.001267297843478898e+00
1.001237764435547906e+00
1.001209423998726145e+00
1.001182159401937888e+00
1.001155853448389310e+00
1.001130390031907069e+00
1.001105654633443587e+00
1.001081535180569526e+00
1.001057922462222916e+00
1.001034710059669042e+00
1.001011794660293663e+00
1.000989076949813761e+00
1.000966462635092924e+00
1.000943863183479499e+00
1.000921196455748508e+00
1.000898387316405902e+00
1.000875368372516228e+00
1.000852080638567676e+00
1.000828474455209616e+00
1.000804511002454378e+00
1.000780163435968317e+00
1.000755417716227225e+00
1.000730273969690609e+00
1.000704748553352896e+00
1.000678876465034284e+00
1.000652713087997858e+00
1.000626336759533164e+00
1.000599852376944821e+00
1.000573395654057673e+00
1.000547139333798352e+00
1.000521302898411014e+00
1.000496168767550431e+00
1.000472108972967566e+00
1.000449634200722082e+00
1.000429491167206253e+00
1.000412870324627113e+00
1.000401907357378661e+00
1.000401112491295708e+00
1.000422618534795971e+00
1.000515705320142779e+00
1.001119926501322421e+00
1.000303038209148010e+00
1.000003980731739350e+00
