1.000000000000000000e+00
9.999766461791830263e-01
9.998907928794001920e-01
9.997343416628783341e-01
9.995189838511969738e-01
9.992917440206451341e-01
9.991567011242050711e-01
9.993069670447946029e-01
1.000067867257584231e+00
1.001950912043908071e+00
1.005711345220972497e+00
1.012402689123198751e+00
1.023417919666848253e+00
1.040509054876295858e+00
1.065740329959711463e+00
1.101270444078410238e+00
1.148598987550195183e+00
1.207036146570601876e+00
1.271756575529725763e+00
1.335715145024695349e+00
1.399296987723708474e+00
1.513933053684909602e+00
1.620812267597967260e+00
1.640483748870142700e+00
1.603801931196023656e+00
1.530897202238928445e+00
1.440705749307314987e+00
1.347366813564352173e+00
1.259152020838039565e+00
1.182837481009851421e+00
1.120229351534456796e+00
1.069533261807198876e+00
1.028553074114671118e+00
9.944303689024264203e-01
9.649661921073506843e-01
9.391347314390243728e-01
9.162270936621806916e-01
8.954937794422688224e-01
8.764884984944395496e-01
8.591397289954650907e-01
8.433516441236573735e-01
8.288290473201753716e-01
8.152622152964006386e-01
8.025224169978127930e-01
7.905035435317658843e-01
7.790642682163424482e-01
7.680105979147973105e-01
7.570978166005848387e-01
7.461177717947099497e-01
7.350411568781638483e-01
7.240883751555927672e-01
7.137740990391574503e-01
7.049272789605001144e-01
6.986602720381438481e-01
6.963074016126703514e-01
6.993844718233406255e-01
7.095908574027083304e-01
7.287347250354025974e-01
7.580791595993319198e-01
7.950077409741918011e-01
8.291001688123773583e-01
8.546914193331187626e-01
8.741910537101511558e-01
8.900962996574336428e-01
9.035587236231080732e-01
9.151272812653942212e-01
9.251358467699731802e-01
9.338114110062695206e-01
9.413463355712453628e-01
9.479213697606696520e-01
9.536767517334464594e-01
9.587249572228599970e-01
9.631715348756143547e-01
9.671040971236268824e-01
9.705937887773972150e-01
9.737062548494290759e-01
9.764935380811939902e-01
9.790010911968681784e-01
9.812668504713448758e-01
9.833224598901391111e-01
9.851953591484111650e-01
9.869075506449840329e-01
9.884787468764557605e-01
9.899242007391814147e-01
9.912573279083213285e-01
9.924895231377447447e-01
9.936296239487314441e-01
9.946855429490565337e-01
9.956642963661771484e-01
9.965716260285070183e-01
9.974121799933497456e-01
9.981901196331376402e-01
9.989093323823718951e-01
9.995732282658196244e-01
1.000184855195203060e+00
1.000746983999572848e+00
1.001262171841826198e+00
1.001732811061483819e+00
1.002161166671161396e+00
1.002549387884007048e+00
1.002899468080060030e+00
1.003213362137400422e+00
1.003493042398633683e+00
1.003740399412170969e+00
1.003957199585069793e+00
1.004145200937216931e+00
1.004306131468746921e+00
1.004441644765857289e+00
1.004553363510999109e+00
1.004642864335478114e+00
1.004711664266211280e+00
1.004761242191264836e+00
1.004793037227710517e+00
1.004808418847569218e+00
1.004808718876373907e+00
1.004795224859019287e+00
1.004769166862075513e+00
1.004731720676160567e+00
1.004684011130689836e+00
1.004627114097843110e+00
1.004562056622774868e+00
1.004489816427823090e+00
1.004411321796444767e+00
1.004327450607824579e+00
1.004239026270209445e+00
1.004146826442207541e+00
1.004051582992377734e+00
1.003953979528323659e+00
1.003854653766279581e+00
1.003754198271615383e+00
1.003653160089080787e+00
1.003552041428174890e+00
1.003451303073148448e+00
1.003351362756956355e+00
1.003252596271782426e+00
1.003155339479189445e+00
1.003059889934885263e+00
1.002966507675541408e+00
1.002875416413862686e+00
1.002786805174608054e+00
1.002700830727779824e+00
1.002617618240351449e+00
1.002537263854655691e+00
1.002459836106146529e+00
1.002385376111669890e+00
1.002313900748918574e+00
1.002245404830847342e+00
1.002179862789171372e+00
1.002117230182441920e+00
1.002057445699948257e+00
1.002000432745978609e+00
1.001946101040068315e+00
1.001894348236455734e+00
1.001845061443858542e+00
1.001798118871935150e+00
1.001753391426954520e+00
1.001710743898504008e+00
1.001670035975758877e+00
1.001631123505421161e+00
1.001593859501523909e+00
1.001558095460643560e+00
1.001523681755662754e+00
1.001490468379528043e+00
1.001458306473256954e+00
1.001427048983109191e+00
1.001396551799674794e+00
1.001366674310035343e+00
1.001337279310950290e+00
1.001308233429183625e+00
1.001279408307568008e+00
1.001250681964167111e+00
1.001221939776451020e+00
1.001193075324477988e+00
1.001163991203671388e+00
1.001134600006943653e+00
1.001104825207987048e+00
1.001074602379277367e+00
1.001043881195340157e+00
1.001012626935493754e+00
1.000980821577821533e+00
1.000948465594290404e+00
1.000915580672931293e+00
1.000882212892485024e+00
1.000848435008448556e+00
1.000814349818426541e+00
1.000780094883344518e+00
1.000745848082315037e+00
1.000711835711779019e+00
1.000678345138375613e+00
1.000645745905771378e+00
1.000614524461049371e+00
1.000585348001912234e+00
1.000559191275400162e+00
1.000537607032306653e+00
1.000523379077412400e+00
1.000522383605047638e+00
1.000550423418189450e+00
1.000671672629045661e+00
1.001457650268235744e+00
1.000393163496769988e+00
1.000007137965156279e+00
