1.000000000000000000e+00
9.999986487023053705e-01
9.999938009094576641e-01
9.999855072650042365e-01
9.999754899090466109e-01
9.999680886245942979e-01
9.999714515998221476e-01
9.999991593576775806e-01
1.000072395369788092e+00
1.000222834668127003e+00
1.000496305823673548e+00
1.000957291886914957e+00
1.001693980070889944e+00
1.002823308522053258e+00
1.004494433889810745e+00
1.006889083109013372e+00
1.010213701131602804e+00
1.014684528608534198e+00
1.020491960534356535e+00
1.027766109971130382e+00
1.036507767773054756e+00
1.046549619902028327e+00
1.057532891451536061e+00
1.068862004682660682e+00
1.079781451724614483e+00
1.089219533747424862e+00
1.095888909830674107e+00
1.098443082077348754e+00
1.095838141207632788e+00
1.087913765371093744e+00
1.075105581588188475e+00
1.058291525090478080e+00
1.038681206085963593e+00
1.017404965547931139e+00
9.954886151941625405e-01
9.739343185972307859e-01
9.536047023165297176e-01
9.351678188067981123e-01
9.191701827901254118e-01
9.060618919444203279e-01
8.961255006966227787e-01
8.894456765803593346e-01
8.859451466193166702e-01
8.854282180459220886e-01
8.875614205657257338e-01
8.918870493553073819e-01
8.978631923125355296e-01
9.049221884156408713e-01
9.125434611603550072e-01
9.203133433128620755e-01
9.279346877259552206e-01
9.352111014446137238e-01
9.420253514750124291e-01
9.483176634911522074e-01
9.540676083021020215e-01
9.592804555825396040e-01
9.639774934348115387e-01
9.681893884054456612e-01
9.719517210826504883e-01
9.753020287893339191e-01
9.782778800434989153e-01
9.809149171863791317e-01
9.832469542597365164e-01
9.853064272631363307e-01
9.871233570082190711e-01
9.887250558692189939e-01
9.901360899366999924e-01
9.913781044643418250e-01
9.924707170808296786e-01
9.934319015946959652e-01
9.942773531617873362e-01
9.950208281858843318e-01
9.956747256556619519e-01
9.962499288730675140e-01
9.967559366444510571e-01
9.972012330206758701e-01
9.975931755626455955e-01
9.979382557523526209e-01
9.982421521604999404e-01
9.985098309494081503e-01
9.987456630997110230e-01
9.989534471549202932e-01
9.991365428350442723e-01
9.992978564995330659e-01
9.994399508189424353e-01
9.995650745196830167e-01
9.996751777805956696e-01
9.997719840402441438e-01
9.998570147498152538e-01
9.999315996872383261e-01
9.999969002222195424e-01
1.000053942577031396e+00
1.000103638238260872e+00
1.000146790818785991e+00
1.000184110406987292e+00
1.000216225759337219e+00
1.000243694729038735e+00
1.000267013263482996e+00
1.000286623180836276e+00
1.000302918405543640e+00
1.000316249004953972e+00
1.000326929178475988e+00
1.000335242948078518e+00
1.000341444849454531e+00
1.000345761840517378e+00
1.000348399458888204e+00
1.000349543652817141e+00
1.000349361652757896e+00
1.000348005161709963e+00
1.000345611607268426e+00
1.000342305242008623e+00
1.000338199098106617e+00
1.000333396112153883e+00
1.000327989284651276e+00
1.000322063537661288e+00
1.000315696332768844e+00
1.000308958002516624e+00
1.000301912481435629e+00
1.000294617967619981e+00
1.000287127481183536e+00
1.000279489310337500e+00
1.000271747388214116e+00
1.000263941635756604e+00
1.000256108239638841e+00
1.000248279803621854e+00
1.000240485844024807e+00
1.000232752999588470e+00
1.000225105145118976e+00
1.000217563625147577e+00
1.000210147420132811e+00
1.000202873262784564e+00
1.000195755770079797e+00
1.000188807641663846e+00
1.000182039698826131e+00
1.000175460993478094e+00
1.000169078934556310e+00
1.000162899395420357e+00
1.000156926790161993e+00
1.000151164156295236e+00
1.000145613245651655e+00
1.000140274634633508e+00
1.000135147779104505e+00
1.000130231122883684e+00
1.000125522170059567e+00
1.000121017519540523e+00
1.000116712985382739e+00
1.000112603686308388e+00
1.000108684119619173e+00
1.000104948228770718e+00
1.000101389484213454e+00
1.000098000950756516e+00
1.000094775354103405e+00
1.000091705146596288e+00
1.000088782568587575e+00
1.000085999711982421e+00
1.000083348580677711e+00
1.000080821137436793e+00
1.000078409344093977e+00
1.000076105207116539e+00
1.000073900814248740e+00
1.000071788378427362e+00
1.000069760253313511e+00
1.000067808957583626e+00
1.000065927220708195e+00
1.000064108002207242e+00
1.000062344523900304e+00
1.000060630284227203e+00
1.000058959053308216e+00
1.000057324882278831e+00
1.000055722134584490e+00
1.000054145522157878e+00
1.000052590130715791e+00
1.000051051441134931e+00
1.000049525350300561e+00
1.000048008197372162e+00
1.000046496787862393e+00
1.000044988428258286e+00
1.000043480984500910e+00
1.000041972927156797e+00
1.000040463366276944e+00
1.000038952108625701e+00
1.000037439744420720e+00
1.000035927750744902e+00
1.000034418574141659e+00
1.000032915751867924e+00
1.000031424083645426e+00
1.000029949845105737e+00
1.000028501103598977e+00
1.000027088214381576e+00
1.000025724647092051e+00
1.000024428364640450e+00
1.000023224355546914e+00
1.000022149644104408e+00
1.000021263980327202e+00
1.000020675614110566e+00
1.000020614677891828e+00
1.000021702536505686e+00
1.000026467176577727e+00
1.000057625707718278e+00
1.000015876339884535e+00
9.999997907376894091e-01
