1.000000000000000000e+00
9.999912746572624522e-01
9.999594308332666603e-01
9.999025945903526891e-01
9.998273490390064966e-01
9.997542520948029532e-01
9.997251872495949154e-01
9.998141230973757176e-01
1.000142379540857496e+00
1.000899743860132141e+00
1.002371212285725122e+00
1.004968136065901962e+00
1.009258630971501258e+00
1.015989867322005580e+00
1.026088101866901692e+00
1.040623538285357252e+00
1.060695235546511794e+00
1.087227841891355906e+00
1.120558909875134068e+00
1.160071467543629220e+00
1.203953511795459397e+00
1.250124161776386744e+00
1.298297202655662730e+00
1.349342743520200338e+00
1.394276274004666583e+00
1.416862247449772072e+00
1.413134704861186641e+00
1.387552221919239104e+00
1.346465067857378850e+00
1.295852486725727060e+00
1.240157284933305570e+00
1.182641281023580238e+00
1.126182177096894721e+00
1.072596619120215422e+00
1.022926236615872897e+00
9.780642023287002829e-01
9.383389208301579076e-01
9.033564541764861344e-01
8.725487976317674033e-01
8.454120442716306361e-01
8.213266312794554880e-01
7.995798249426069315e-01
7.796343097434521585e-01
7.613207938300322608e-01
7.447394563709845983e-01
7.302227780749586117e-01
7.182967013109554655e-01
7.096250133345534117e-01
7.049804684760448970e-01
7.052247456684833660e-01
7.112527290036881888e-01
7.239030013027952792e-01
7.436859826730956025e-01
7.699535766898571998e-01
7.994038555759115372e-01
8.270564660101490384e-01
8.505236960691638926e-01
8.701782046409159976e-01
8.869021184132600544e-01
9.013142588020577328e-01
9.138156882432695305e-01
9.246874367576232157e-01
9.341502704139622582e-01
9.423956251797309669e-01
9.495876876086903895e-01
9.558668560092089539e-01
9.613530086097008542e-01
9.661459476120690670e-01
9.703346379176264191e-01
9.740008047105253031e-01
9.772129568355678586e-01
9.800292509658322659e-01
9.825022892958414911e-01
9.846772091151908546e-01
9.865923772057981767e-01
9.882821572212856509e-01
9.897754654842998434e-01
9.910976115928482599e-01
9.922703558046270800e-01
9.933124111386798516e-01
9.942401178039830256e-01
9.950673380596462003e-01
9.958063290721130834e-01
9.964673781696734567e-01
9.970595224729359440e-01
9.975906099028342133e-01
9.980672614036354418e-01
9.984953289685770672e-01
9.988799715918302846e-01
9.992256253173004144e-01
9.995360963303494550e-01
9.998147496168556803e-01
1.000064599714262314e+00
1.000288297177413632e+00
1.000488186291837112e+00
1.000666351950186606e+00
1.000824658161308944e+00
1.000964780243698060e+00
1.001088231808477502e+00
1.001196383279896907e+00
1.001290465962413334e+00
1.001371612541562595e+00
1.001440881388956372e+00
1.001499241844323373e+00
1.001547572050646373e+00
1.001586694297378566e+00
1.001617376114768421e+00
1.001640325009745425e+00
1.001656203965902936e+00
1.001665632058454936e+00
1.001669184931571976e+00
1.001667403385387178e+00
1.001660795928522862e+00
1.001649834069016753e+00
1.001634962438995746e+00
1.001616599203671409e+00
1.001595134625332673e+00
1.001570933435170119e+00
1.001544337052077127e+00
1.001515665320411363e+00
1.001485217647106296e+00
1.001453273859947091e+00
1.001420095047857783e+00
1.001385924095095747e+00
1.001350985369774182e+00
1.001315487465383569e+00
1.001279623728108081e+00
1.001243572128581505e+00
1.001207496263808228e+00
1.001171545912031613e+00
1.001135857273422358e+00
1.001100553431071294e+00
1.001065745444158273e+00
1.001031532180743033e+00
1.000998000793777765e+00
1.000965227394160717e+00
1.000933277609793004e+00
1.000902206923009130e+00
1.000872061093238230e+00
1.000842876674810089e+00
1.000814681718529719e+00
1.000787496029684087e+00
1.000761331888409655e+00
1.000736194480502439e+00
1.000712082023351712e+00
1.000688986616191656e+00
1.000666894840948951e+00
1.000645788239578060e+00
1.000625643744987192e+00
1.000606434229127872e+00
1.000588128945225197e+00
1.000570693970181280e+00
1.000554092647766291e+00
1.000538286003477939e+00
1.000523233186002114e+00
1.000508891891872754e+00
1.000495218686166643e+00
1.000482169277207900e+00
1.000469698845579902e+00
1.000457762308325727e+00
1.000446314653148150e+00
1.000435311044472364e+00
1.000424707010935554e+00
1.000414458819993024e+00
1.000404523637767884e+00
1.000394859803337422e+00
1.000385426958146029e+00
1.000376186018442581e+00
1.000367099269761972e+00
1.000358130646643806e+00
1.000349246053992447e+00
1.000340413597344824e+00
1.000331603779287759e+00
1.000322789689367609e+00
1.000313947236344481e+00
1.000305055358117423e+00
1.000296096315015371e+00
1.000287056176230926e+00
1.000277925187823769e+00
1.000268698045372773e+00
1.000259374341827545e+00
1.000249959246851228e+00
1.000240464304751331e+00
1.000230908029313026e+00
1.000221316779076330e+00
1.000211725989826883e+00
1.000202181653857547e+00
1.000192742489142361e+00
1.000183483336165802e+00
1.000174500822128332e+00
1.000165922730007040e+00
1.000157925218260635e+00
1.000150766971712013e+00
1.000144862054562767e+00
1.000140955731198433e+00
1.000140625409260187e+00
1.000148119834459726e+00
1.000180707133244917e+00
1.000393295092179224e+00
1.000107975508869762e+00
9.999991364976753561e-01
