1.000000000000000000e+00
9.999909459242821708e-01
9.999578931298699347e-01
9.998988556716014164e-01
9.998205831250893683e-01
9.997442892533482395e-01
9.997132991677678548e-01
9.998042584181275894e-01
1.000143039142818546e+00
1.000926714378707727e+00
1.002451292182768183e+00
1.005143842951493616e+00
1.009593579772210425e+00
1.016574233213040079e+00
1.027043092739151620e+00
1.042103278696388635e+00
1.062881640983903475e+00
1.090312320744983854e+00
1.124697883213183314e+00
1.165324924866949274e+00
1.210245392664025754e+00
1.257334052360902232e+00
1.306563700461950361e+00
1.358878272424544953e+00
1.403751163310970940e+00
1.424636271945163957e+00
1.418517356625520698e+00
1.390492845195643312e+00
1.347195092086331591e+00
1.294723079167017010e+00
1.237565152874296803e+00
1.179000347838745189e+00
1.121938000764335808e+00
1.068190266012119194e+00
1.018765656413148202e+00
9.745116141938489074e-01
9.356654234264712988e-01
9.017128379572848518e-01
8.719707517626940074e-01
8.458381311915209588e-01
8.226256089572683283e-01
8.015755916210322019e-01
7.821182221551477021e-01
7.640589345378429043e-01
7.474789880686026899e-01
7.326993442153350022e-01
7.202449678956447388e-01
7.107909977069051255e-01
7.051336948868571763e-01
7.041680907842770010e-01
7.088317284727476686e-01
7.200335056959087376e-01
7.384447101148261527e-01
7.638055684284349445e-01
7.933656717259300883e-01
8.219372925628323223e-01
8.463424869297111464e-01
8.666860923265748973e-01
8.839188127981144616e-01
8.987348461090469698e-01
9.115722078848982335e-01
9.227291906434084146e-01
9.324362811291035946e-01
9.408919742656831620e-01
9.482659066106206014e-01
9.547028071153691453e-01
9.603260500648724829e-01
9.652381412844636133e-01
9.695304878001372861e-01
9.732871679967742828e-01
9.765785624874039339e-01
9.794643558227109637e-01
9.819985837069065138e-01
9.842275827527767751e-01
9.861907015560895662e-01
9.879232062831502237e-01
9.894547346243606212e-01
9.908112258409769169e-01
9.920149671523059709e-01
9.930851121328860831e-01
9.940383826556268287e-01
9.948889484275518225e-01
9.956493410469665628e-01
9.963300615608292610e-01
9.969403344946647927e-01
9.974881668528100542e-01
9.979803035467221806e-01
9.984227070160106576e-01
9.988206338146107255e-01
9.991785998523124990e-01
9.995004759715458986e-01
9.997896847449273539e-01
1.000049294174957693e+00
1.000282001561202616e+00
1.000490192816351209e+00
1.000675990536103788e+00
1.000841293406451005e+00
1.000987809093590641e+00
1.001117081764877570e+00
1.001230510792757711e+00
1.001329354305726005e+00
1.001414771280335625e+00
1.001487846615027211e+00
1.001549575088870991e+00
1.001600858630519175e+00
1.001642543223005388e+00
1.001675419709754600e+00
1.001700217931901227e+00
1.001717622813981023e+00
1.001728274772851979e+00
1.001732770009410967e+00
1.001731669382724732e+00
1.001725500937703073e+00
1.001714754789082118e+00
1.001699893675699116e+00
1.001681353277091402e+00
1.001659540596364861e+00
1.001634836372952586e+00
1.001607597344192024e+00
1.001578158008435970e+00
1.001546831762444967e+00
1.001513911751729102e+00
1.001479671708300989e+00
1.001444366471094138e+00
1.001408231619000944e+00
1.001371486330093319e+00
1.001334333908282304e+00
1.001296961621704673e+00
1.001259541736870595e+00
1.001222232083833763e+00
1.001185176292263002e+00
1.001148504262163508e+00
1.001112333303634250e+00
1.001076767948227086e+00
1.001041900440545751e+00
1.001007811439036166e+00
1.000974570597570557e+00
1.000942236914069250e+00
1.000910859169857670e+00
1.000880476470086045e+00
1.000851118978642651e+00
1.000822808185422685e+00
1.000795557661910751e+00
1.000769373511506188e+00
1.000744254498355135e+00
1.000720192940810049e+00
1.000697175341877188e+00
1.000675182889501524e+00
1.000654191908030510e+00
1.000634174433504775e+00
1.000615098677391179e+00
1.000596929490685794e+00
1.000579628829032508e+00
1.000563156188147396e+00
1.000547469067530226e+00
1.000532523416670649e+00
1.000518273971766847e+00
1.000504674544141936e+00
1.000491678366215664e+00
1.000479238369310409e+00
1.000467307535562789e+00
1.000455839009282588e+00
1.000444786294447885e+00
1.000434103649871842e+00
1.000423746257881552e+00
1.000413670513921049e+00
1.000403834163370087e+00
1.000394196272793135e+00
1.000384717330053519e+00
1.000375359539981579e+00
1.000366087164002327e+00
1.000356866763624675e+00
1.000347667408184593e+00
1.000338460875658697e+00
1.000329221898107690e+00
1.000319928383456514e+00
1.000310561725136882e+00
1.000301107315436644e+00
1.000291554933678606e+00
1.000281899033540478e+00
1.000272139215006684e+00
1.000262280940271031e+00
1.000252336374303663e+00
1.000242325010361588e+00
1.000232274590452830e+00
1.000222222401252248e+00
1.000212216827994327e+00
1.000202319632517822e+00
1.000192609520217601e+00
1.000183188088119124e+00
1.000174189661043211e+00
1.000165799370222652e+00
1.000158289010027568e+00
1.000152093529617536e+00
1.000147995640062737e+00
1.000147651801563953e+00
1.000155523380042100e+00
1.000189742099587775e+00
1.000412918755474889e+00
1.000113279025367508e+00
9.999992127304443423e-01
