1.000000000000000000e+00
9.999736328528245899e-01
9.998765944995064991e-01
9.996991529569321244e-01
9.994533746464292490e-01
9.991908329704947134e-01
9.990274220137834726e-01
9.991796262654353278e-01
1.000012591106260729e+00
1.002098539930581511e+00
1.006276674389314563e+00
1.013708238293331787e+00
1.025917894643785022e+00
1.044813771156204885e+00
1.072625567174207317e+00
1.111603479632248037e+00
1.162974817168214825e+00
1.224911874139451129e+00
1.290693838156525608e+00
1.352355696602068669e+00
1.418724881958602690e+00
1.583877235801510741e+00
1.669548462325777249e+00
1.663484309273921546e+00
1.606723335862482616e+00
1.518237602450469348e+00
1.418808872967478152e+00
1.322931181215306840e+00
1.238200245028793223e+00
1.169053438268881528e+00
1.113371600725042709e+00
1.067417714187438138e+00
1.029041719804743460e+00
9.960605369061568126e-01
9.668451713729067087e-01
9.407909348115423009e-01
9.174621864129216542e-01
8.962502150451466809e-01
8.767841891362604390e-01
8.590445070992966947e-01
8.429632194769554054e-01
8.282556213513692089e-01
8.146271305735403034e-01
8.019817542475028427e-01
7.902518425838126470e-01
7.793307984228932117e-01
7.690443953307811720e-01
7.591378656952736392e-01
7.493453311537793260e-01
7.395126637837406980e-01
7.296554246557257484e-01
7.200136351224069031e-01
7.111154211190749974e-01
7.038101239831773270e-01
6.992493729116799894e-01
6.988350008601089680e-01
7.041841359977057957e-01
7.171196987779820953e-01
7.395003609646962905e-01
7.721423473094668477e-01
8.100401948653432882e-01
8.417486739128987594e-01
8.646994379900787564e-01
8.823007308769447166e-01
8.967876018100382485e-01
9.091048836856948645e-01
9.197108739216328654e-01
9.288778317406890528e-01
9.368239891737494274e-01
9.437518427071265315e-01
9.498148377315824842e-01
9.551338694979660815e-01
9.598231636994207783e-01
9.639766786831726053e-01
9.676697981038402396e-01
9.709726049258035063e-01
9.739398173267673764e-01
9.766192145737340180e-01
9.790503753248018803e-01
9.812660550623401035e-01
9.832946200545908955e-01
9.851584636017882701e-01
9.868777427017063619e-01
9.884676856603156203e-01
9.899417068109878093e-01
9.913111317120838484e-01
9.925845089016871459e-01
9.937695393227757856e-01
9.948730750349314977e-01
9.959006358277980864e-01
9.968566026495743193e-01
9.977449245090069807e-01
9.985693532894694968e-01
9.993331827168224768e-01
1.000039371947237576e+00
1.000690634598051076e+00
1.001289503446332940e+00
1.001838379077718999e+00
1.002339566204137222e+00
1.002795280097693142e+00
1.003207592599200559e+00
1.003578566522491888e+00
1.003910317429374199e+00
1.004204891237467034e+00
1.004464210365964227e+00
1.004690208473705715e+00
1.004884802022439239e+00
1.005049835198653874e+00
1.005187129693270842e+00
1.005298464977922190e+00
1.005385560725787775e+00
1.005450101042897559e+00
1.005493731408521496e+00
1.005518022217488650e+00
1.005524505949169756e+00
1.005514668541108714e+00
1.005489933063285379e+00
1.005451662949579328e+00
1.005401165426976107e+00
1.005339693444655680e+00
1.005268445427759394e+00
1.005188564331262135e+00
1.005101137182629945e+00
1.005007193648590480e+00
1.004907700946732874e+00
1.004803573970142416e+00
1.004695675029591895e+00
1.004584810728779587e+00
1.004471734606894762e+00
1.004357147862581012e+00
1.004241698773326918e+00
1.004125983381108700e+00
1.004010549427468479e+00
1.003895894315648629e+00
1.003782466333406065e+00
1.003670666953682122e+00
1.003560852685409621e+00
1.003453335935416746e+00
1.003348386361688993e+00
1.003246232756346279e+00
1.003147065881575761e+00
1.003051039192183191e+00
1.002958271852805838e+00
1.002868850378920484e+00
1.002782828818742811e+00
1.002700232494900145e+00
1.002621060554056642e+00
1.002545287935312279e+00
1.002472867132351286e+00
1.002403730547696048e+00
1.002337792350122214e+00
1.002274950353364780e+00
1.002215087919885672e+00
1.002158075748369237e+00
1.002103773814185805e+00
1.002052033251768837e+00
1.002002697752681692e+00
1.001955604763059782e+00
1.001910586970754524e+00
1.001867473499277850e+00
1.001826091467176161e+00
1.001786266452700414e+00
1.001747823376584856e+00
1.001710588319699502e+00
1.001674389305752477e+00
1.001639057658723297e+00
1.001604428662775215e+00
1.001570341462342473e+00
1.001536639566227516e+00
1.001503172263444208e+00
1.001469796245330501e+00
1.001436376781374760e+00
1.001402788727152826e+00
1.001368917495737421e+00
1.001334660230301932e+00
1.001299926858431499e+00
1.001264641544121758e+00
1.001228745073754256e+00
1.001192196645113608e+00
1.001154975168284222e+00
1.001117081399365949e+00
1.001078541175532077e+00
1.001039409185517925e+00
1.000999771677122396e+00
1.000959750442341090e+00
1.000919508405427427e+00
1.000879256185185140e+00
1.000839261656582213e+00
1.000799864883468837e+00
1.000761503027581378e+00
1.000724751307599414e+00
1.000690398305501105e+00
1.000659595539669322e+00
1.000634176486211224e+00
1.000617426929528042e+00
1.000616280668691793e+00
1.000649381250348524e+00
1.000792428225221853e+00
1.001718865496783240e+00
1.000462733058135489e+00
1.000009866077947063e+00
