1.000000000000000000e+00
9.999868384934431642e-01
9.999386577093500872e-01
9.998519516121713302e-01
9.997353270315960660e-01
9.996179295197752390e-01
9.995609259126504442e-01
9.996745166832609053e-01
1.000141950479574326e+00
1.001251994643488130e+00
1.003438088114476878e+00
1.007320799340423179e+00
1.013744829515813128e+00
1.023800668851800211e+00
1.038810600956776797e+00
1.060255848087927832e+00
1.089549250780808221e+00
1.127605426326220739e+00
1.174003850332019594e+00
1.226480625910456368e+00
1.281514271505249214e+00
1.338138407046021605e+00
1.403339890796292178e+00
1.468011606980196726e+00
1.500524147669607400e+00
1.494849585429651739e+00
1.458917401973054417e+00
1.403426672441535183e+00
1.336919528172491711e+00
1.266336331677785809e+00
1.196422031673961328e+00
1.130479355102456562e+00
1.071619398242545484e+00
1.021113147989272774e+00
9.788238002608957711e-01
9.441434243371935597e-01
9.157471201444981057e-01
8.919644070171890426e-01
8.714446380243418000e-01
8.532891255687800047e-01
8.367547304690758914e-01
8.211178000707780589e-01
8.058023858868040845e-01
7.905315581241881828e-01
7.752205367074090914e-01
7.599543447280880937e-01
7.449960070989484207e-01
7.307953420645906251e-01
7.180336213744100693e-01
7.076462270667306376e-01
7.007350122305090467e-01
6.984801266448593671e-01
7.021103335818453806e-01
7.128930690205360632e-01
7.319792957731499072e-01
7.596078018599885517e-01
7.925213734712962532e-01
8.233435072172511360e-01
8.483542611299829117e-01
8.686101695645684906e-01
8.856015124510774328e-01
9.001471079327668656e-01
9.126991367026504598e-01
9.235771741789299272e-01
9.330308050232166694e-01
9.412629014251099324e-01
9.484412228381164933e-01
9.547010386176183472e-01
9.601630658584787703e-01
9.649398665987607426e-01
9.691239369023944006e-01
9.727926781256304167e-01
9.760169482780572947e-01
9.788569998943480455e-01
9.813633936638020971e-01
9.835818058620870996e-01
9.855500209431684588e-01
9.873010824725231283e-01
9.888631575181275890e-01
9.902602576607680840e-01
9.915133014067358808e-01
9.926397616881053043e-01
9.936551345091929610e-01
9.945721480555534955e-01
9.954019803226703544e-01
9.961542788018915573e-01
9.968370126332047887e-01
9.974572418246577810e-01
9.980211948652482068e-01
9.985341613135902961e-01
9.990006161684684693e-01
9.994245237270972249e-01
9.998094673917956587e-01
1.000158594050444494e+00
1.000474692146980482e+00
1.000760253274363576e+00
1.001017521399565569e+00
1.001248533110566497e+00
1.001455150591997301e+00
1.001639081169811929e+00
1.001801872351617773e+00
1.001944974411365985e+00
1.002069774842351269e+00
1.002177563244788017e+00
1.002269520018312043e+00
1.002346773860254947e+00
1.002410397975407985e+00
1.002461395469857575e+00
1.002500722935199429e+00
1.002529287605668395e+00
1.002547944732690821e+00
1.002557510040064992e+00
1.002558761614679161e+00
1.002552428976904331e+00
1.002539209265880693e+00
1.002519766091426012e+00
1.002494725266154241e+00
1.002464677617358912e+00
1.002430181690799893e+00
1.002391765734061524e+00
1.002349928726166350e+00
1.002305141020582990e+00
1.002257845060110952e+00
1.002208455630630102e+00
1.002157358666966092e+00
1.002104915655126938e+00
1.002051464094143807e+00
1.001997316829323470e+00
1.001942763481586285e+00
1.001888071113470335e+00
1.001833484366756233e+00
1.001779226034203552e+00
1.001725498806832482e+00
1.001672484767532900e+00
1.001620346072640055e+00
1.001569226011047808e+00
1.001519249874974538e+00
1.001470525444980719e+00
1.001423143642250269e+00
1.001377179364267622e+00
1.001332692662548762e+00
1.001289729124965167e+00
1.001248321101770644e+00
1.001208488412678843e+00
1.001170238506162491e+00
1.001133567934444635e+00
1.001098463380280634e+00
1.001064902463098871e+00
1.001032854464029676e+00
1.001002281266042626e+00
1.000973138105295535e+00
1.000945374325862280e+00
1.000918934139136907e+00
1.000893757335361123e+00
1.000869780046951041e+00
1.000846935485222744e+00
1.000825154492623659e+00
1.000804366015630942e+00
1.000784497680001550e+00
1.000765476252569952e+00
1.000747228233659802e+00
1.000729680039763592e+00
1.000712758337076957e+00
1.000696390717326745e+00
1.000680505987130875e+00
1.000665034667178821e+00
1.000649909230840962e+00
1.000635064059832269e+00
1.000620435622177951e+00
1.000605962986700792e+00
1.000591588413321631e+00
1.000577257778204165e+00
1.000562920937145162e+00
1.000548532076331654e+00
1.000534050138724762e+00
1.000519439208387595e+00
1.000504669044010475e+00
1.000489715960228176e+00
1.000474563491338342e+00
1.000459202878526188e+00
1.000443633870104376e+00
1.000427865935427985e+00
1.000411919685630036e+00
1.000395827914571267e+00
1.000379637131214805e+00
1.000363409713838747e+00
1.000347226470984952e+00
1.000331190387054425e+00
1.000315432481756472e+00
1.000300121583338253e+00
1.000285480453987352e+00
1.000271815433353195e+00
1.000259575268597434e+00
1.000249476607649068e+00
1.000242806940826013e+00
1.000242287900479088e+00
1.000255245020780004e+00
1.000311441636528853e+00
1.000677083680427515e+00
1.000184421704325866e+00
1.000000613443840169e+00
