1.000000000000000000e+00
9.999805595862497620e-01
9.999091922938594390e-01
9.997797009732960483e-01
9.996028535008016913e-01
9.994191339553496478e-01
9.993164508401887192e-01
9.994563732683308110e-01
1.000110302331041812e+00
1.001706207198931109e+00
1.004880930485703594e+00
1.010532097583257904e+00
1.019858593046121031e+00
1.034380083848973619e+00
1.055903768045957980e+00
1.086378721731174668e+00
1.127408167896032376e+00
1.179256358933283400e+00
1.239240271043157815e+00
1.302007495510296486e+00
1.363955697252945409e+00
1.441818359222468704e+00
1.544395509603930128e+00
1.591907812159954139e+00
1.583314744048323286e+00
1.534087586011748883e+00
1.460663055239002306e+00
1.376705581003359713e+00
1.290945524857937787e+00
1.210609427598255072e+00
1.139898638638423778e+00
1.080621465035155992e+00
1.033121597521333035e+00
9.949190722331539005e-01
9.633460082703813043e-01
9.367634326184415272e-01
9.139206984933568867e-01
8.936906697440279990e-01
8.753637230449096140e-01
8.586659184597619232e-01
8.433639571419621062e-01
8.290813857057325320e-01
8.154480243985620103e-01
8.022758579783939581e-01
7.894206870297145739e-01
7.767409834343909081e-01
7.640993825289840169e-01
7.513859186492660713e-01
7.386231486611659625e-01
7.261107505021444641e-01
7.144668272509889784e-01
7.046027480585714819e-01
6.976601951966582282e-01
6.949404859867353013e-01
6.978748595989873182e-01
7.080362328300222607e-01
7.270542313322797545e-01
7.559237930432479713e-01
7.917950687737097537e-01
8.251248727696715024e-01
8.508679436085090364e-01
8.709507205457178713e-01
8.874925328218016274e-01
9.015358547728452576e-01
9.136138060814932293e-01
9.240670041274282598e-01
9.331456770583714810e-01
9.410367449201065826e-01
9.479040792974897656e-01
9.539020877142567745e-01
9.591535971168424490e-01
9.637589711468094178e-01
9.678115135261847746e-01
9.713894588310293399e-01
9.745572082819016213e-01
9.773736663614186471e-01
9.798863568862202778e-01
9.821368012996151142e-01
9.841599555667847055e-01
9.859852400872611833e-01
9.876382101968861349e-01
9.891397142892839334e-01
9.905083432118328979e-01
9.917588575197665568e-01
9.929042258513421926e-01
9.939555375424554695e-01
9.949216377340901474e-01
9.958104034559416284e-01
9.966287999214399340e-01
9.973826216082745111e-01
9.980766536713633341e-01
9.987151563380987085e-01
9.993020470749319761e-01
9.998407622175222720e-01
1.000334359544962970e+00
1.000785596017891299e+00
1.001196987455615028e+00
1.001570855694012607e+00
1.001909365843462796e+00
1.002214542547402054e+00
1.002488245652925158e+00
1.002732265915230014e+00
1.002948373007384708e+00
1.003138243546565000e+00
1.003303432174039722e+00
1.003445463803080528e+00
1.003565819828754480e+00
1.003665906406116859e+00
1.003747090078101145e+00
1.003810687982997552e+00
1.003857959038872538e+00
1.003890121902679011e+00
1.003908354964169192e+00
1.003913774414602056e+00
1.003907459866181240e+00
1.003890450086603936e+00
1.003863733569971162e+00
1.003828251662091109e+00
1.003784901698274945e+00
1.003734539065138209e+00
1.003677977759951379e+00
1.003615990416495407e+00
1.003549308579052557e+00
1.003478622282529598e+00
1.003404577207916315e+00
1.003327781665097174e+00
1.003248806793629821e+00
1.003168184866108259e+00
1.003086411300969871e+00
1.003003945400172015e+00
1.002921210214152481e+00
1.002838593204720574e+00
1.002756448993320504e+00
1.002675098216705862e+00
1.002594828480547706e+00
1.002515895996325179e+00
1.002438526912518446e+00
1.002362917992815072e+00
1.002289237602224325e+00
1.002217627026988245e+00
1.002148202403096988e+00
1.002081055268559062e+00
1.002016254595306410e+00
1.001953847923934493e+00
1.001893861549245424e+00
1.001836303005783968e+00
1.001781162777022338e+00
1.001728415624355328e+00
1.001678021778959815e+00
1.001629928513141143e+00
1.001584071386659947e+00
1.001540375503302327e+00
1.001498756780130561e+00
1.001459123137911300e+00
1.001421375786827994e+00
1.001385410470883697e+00
1.001351118395438666e+00
1.001318387021449041e+00
1.001287101043491390e+00
1.001257143174785647e+00
1.001228395165135954e+00
1.001200738108202648e+00
1.001174053016312682e+00
1.001148221996847498e+00
1.001123128757408276e+00
1.001098659480372355e+00
1.001074703245032449e+00
1.001051151957567331e+00
1.001027900670556470e+00
1.001004848491009236e+00
1.000981899621291582e+00
1.000958964111640093e+00
1.000935958504409307e+00
1.000912806455262816e+00
1.000889439485098897e+00
1.000865797656664169e+00
1.000841830509413111e+00
1.000817498599113398e+00
1.000792774653888717e+00
1.000767644417646096e+00
1.000742108034650579e+00
1.000716182149551603e+00
1.000689902358919081e+00
1.000663324985104907e+00
1.000636529687884746e+00
1.000609623130733095e+00
1.000582743307588673e+00
1.000556065857584054e+00
1.000529813934635026e+00
1.000504274671411453e+00
1.000479826290306740e+00
1.000456987947887066e+00
1.000436518705168032e+00
1.000419628633235192e+00
1.000408488521713490e+00
1.000407682597992620e+00
1.000429542521465098e+00
1.000524155256135250e+00
1.001138232728831179e+00
1.000307929522397776e+00
1.000004140383109030e+00
