1.000000000000000000e+00
9.999738788734363615e-01
9.998777548569525164e-01
9.997020354628934902e-01
9.994587687391952580e-01
9.991991749583858384e-01
9.990382085075574237e-01
9.991904831533275910e-01
1.000017962847808972e+00
1.002088056465320509e+00
1.006233383544472115e+00
1.013606843548988001e+00
1.025722985945489496e+00
1.044478026605909049e+00
1.072089446728257567e+00
1.110802990740057394e+00
1.161876377984030428e+00
1.223589752322515212e+00
1.289378030322968716e+00
1.351337710175338991e+00
1.417351377668499612e+00
1.577814868171588225e+00
1.665873300321353945e+00
1.662037185320968335e+00
1.606858714542583444e+00
1.519564028659366350e+00
1.420766586815325860e+00
1.324921508774300927e+00
1.239718529725786222e+00
1.169913528365583932e+00
1.113718278012514773e+00
1.067460446052994394e+00
1.028939722567107307e+00
9.959106387298423124e-01
9.667004019055251973e-01
9.406750092251502382e-01
9.173817399249686311e-01
8.962045896601130712e-01
8.767696694034278204e-01
8.590554596866449844e-01
8.429933296307691171e-01
8.282987163736085234e-01
8.146764676386439863e-01
8.020283501925967728e-01
7.902836469610441394e-01
7.793325073971225647e-01
7.689980140494057093e-01
7.590242914214493375e-01
7.491472464393572617e-01
7.392191183945214794e-01
7.292681072782780660e-01
7.195535907158687738e-01
7.106277087398042980e-01
7.033637446323125486e-01
6.989322367758142862e-01
6.987475462584246122e-01
7.044356528456428013e-01
7.178246778253077887e-01
7.407537041697819236e-01
7.738864311484900949e-01
8.116858246840368274e-01
8.428617242323366288e-01
8.654671876547445075e-01
8.829092575175844226e-01
8.973105635307976335e-01
9.095695062033730682e-01
9.201303666815772164e-01
9.292608167620967086e-01
9.371767433422187876e-01
9.440787812044789673e-01
9.501192896220547190e-01
9.554185016478784487e-01
9.600899561435392027e-01
9.642271211104215256e-01
9.679050659000323353e-01
9.711935357744398978e-01
9.741470576946231752e-01
9.768132446443427153e-01
9.792315633905368522e-01
9.814346992009763682e-01
9.834509605729769843e-01
9.853027259846680597e-01
9.870101304316543089e-01
9.885884180956474587e-01
9.900510152145386433e-01
9.914092633493140072e-01
9.926717442791646029e-01
9.938461842978630889e-01
9.949394556752221286e-01
9.959571023783568844e-01
9.969035325213737586e-01
9.977827169164176224e-01
9.985984221418225948e-01
9.993539544828634602e-01
1.000052282896597644e+00
1.000696127774343802e+00
1.001288025593249253e+00
1.001830377634638891e+00
1.002325486446787650e+00
1.002775562746284654e+00
1.003182672631944827e+00
1.003548870579460184e+00
1.003876260753103988e+00
1.004166876576671363e+00
1.004422627858539752e+00
1.004645433947602973e+00
1.004837195877955613e+00
1.004999742194229384e+00
1.005134878211287663e+00
1.005244366678832879e+00
1.005329910542957839e+00
1.005393176948339740e+00
1.005435794300303609e+00
1.005459316359883060e+00
1.005465258980905663e+00
1.005455091651328292e+00
1.005430221429965743e+00
1.005391996175982072e+00
1.005341707968938847e+00
1.005280595044540703e+00
1.005209841580281038e+00
1.005130576787376384e+00
1.005043874482365096e+00
1.004950751693436839e+00
1.004852163657995456e+00
1.004749013830309901e+00
1.004642153642387070e+00
1.004532379434459832e+00
1.004420435075230822e+00
1.004307012687764900e+00
1.004192752087087248e+00
1.004078241466364485e+00
1.003964021288566100e+00
1.003850582283632109e+00
1.003738366662426662e+00
1.003627770393599405e+00
1.003519145035963289e+00
1.003412798594591981e+00
1.003308996861290714e+00
1.003207965277317371e+00
1.003109891735978199e+00
1.003014927299621606e+00
1.002923189180431329e+00
1.002834762363043808e+00
1.002749699787287119e+00
1.002668026043003868e+00
1.002589739888468223e+00
1.002514816195124725e+00
1.002443207688632709e+00
1.002374847273927561e+00
1.002309649869884245e+00
1.002247514264814843e+00
1.002188324996512225e+00
1.002131954117396528e+00
1.002078263110409484e+00
1.002027104747413189e+00
1.001978324469586124e+00
1.001931761569713863e+00
1.001887250660138395e+00
1.001844622851278954e+00
1.001803707290533696e+00
1.001764331621004755e+00
1.001726322852614093e+00
1.001689509155440083e+00
1.001653720631874300e+00
1.001618790655710800e+00
1.001584556522989722e+00
1.001550859353161682e+00
1.001517544586123520e+00
1.001484463378753853e+00
1.001451474204927861e+00
1.001418444015228282e+00
1.001385249231025565e+00
1.001351776702543050e+00
1.001317924865442244e+00
1.001283604780750736e+00
1.001248741567194678e+00
1.001213276755019921e+00
1.001177170050954413e+00
1.001140400621709947e+00
1.001102969199258341e+00
1.001064901272816332e+00
1.001026250809303075e+00
1.000987102925464445e+00
1.000947577821001522e+00
1.000907836293914999e+00
1.000868086218344777e+00
1.000828591983628169e+00
1.000789689236015079e+00
1.000751809469166753e+00
1.000715520461239016e+00
1.000681600621597722e+00
1.000651186656693614e+00
1.000626088524287693e+00
1.000609549961132938e+00
1.000608416189239902e+00
1.000641092862175618e+00
1.000782314481528434e+00
1.001696997393696664e+00
1.000456912897925488e+00
1.000009628492337432e+00
