1.000000000000000000e+00
9.999751314137816927e-01
9.998836594372507713e-01
9.997166852648964319e-01
9.994861304110491673e-01
9.992413683810658087e-01
9.990925027769969047e-01
9.992445222916863656e-01
1.000043003388079832e+00
1.002030449886752272e+00
1.006005214303776762e+00
1.013076464502712604e+00
1.024705494247607485e+00
1.042725555856438335e+00
1.069288255021026535e+00
1.106607881034366692e+00
1.156073180366743225e+00
1.216471550559261372e+00
1.282035034195065037e+00
1.345211214257173271e+00
1.409827250634630991e+00
1.547665901326325866e+00
1.646329138875268105e+00
1.653517945513944598e+00
1.606550814015024642e+00
1.525533374284012478e+00
1.430291127952196373e+00
1.335115215162248736e+00
1.248029141298677036e+00
1.175020306582224450e+00
1.116031410438940163e+00
1.067995453147184692e+00
1.028560140073597085e+00
9.951728207155342565e-01
9.659270967959769916e-01
9.400249458603335828e-01
9.169125193154774589e-01
8.959257636148628690e-01
8.766673962949862453e-01
8.591004073649540773e-01
8.431488538894938989e-01
8.285265239388565073e-01
8.149337165405730055e-01
8.022596061737944373e-01
7.904174671507355754e-01
7.792816541477870507e-01
7.686639549120809489e-01
7.583074643138826287e-01
7.479645124789354727e-01
7.375297634343448427e-01
7.271070432912243309e-01
7.170635887510836692e-01
7.080768338901887171e-01
7.011364504334862691e-01
6.974983862092392073e-01
6.986311105833314938e-01
7.061995956589239842e-01
7.220443189825175301e-01
7.478423995311100914e-01
7.831720758224919310e-01
8.198243473554416294e-01
8.483387875048972182e-01
8.693793972122324520e-01
8.860791715604140473e-01
9.000533473844254395e-01
9.120083628579925827e-01
9.223296236531581815e-01
9.312643180639036400e-01
9.390171340726541915e-01
9.457795007308251733e-01
9.516982822259586472e-01
9.568902748300238681e-01
9.614654640892924542e-01
9.655147460604944776e-01
9.691115019463734104e-01
9.723236899875289385e-01
9.752047878433957040e-01
9.778014960637946285e-01
9.801526497952377515e-01
9.822905193999832418e-01
9.842430692764942979e-01
9.860325545044095197e-01
9.876789580831911719e-01
9.891975660799895431e-01
9.906018322784784225e-01
9.919031507074934639e-01
9.931102453127275131e-01
9.942309488694190955e-01
9.952722175369318469e-01
9.962397014910295834e-01
9.971379322074369611e-01
9.979709790893035448e-01
9.987426734896902580e-01
9.994563771816818987e-01
1.000115101999671019e+00
1.000721597070650670e+00
1.001278413062817840e+00
1.001787951105463481e+00
1.002252499851648659e+00
1.002674244612752785e+00
1.003055220521311908e+00
1.003397438396397945e+00
1.003702943666885172e+00
1.003973705723757881e+00
1.004211569917800029e+00
1.004418382755052574e+00
1.004595966928221173e+00
1.004746071653165984e+00
1.004870419305803786e+00
1.004970688022438718e+00
1.005048496162310290e+00
1.005105425153721033e+00
1.005143017161583163e+00
1.005162741953464778e+00
1.005166031466569354e+00
1.005154272188913289e+00
1.005128790412467055e+00
1.005090855451912235e+00
1.005041683017937837e+00
1.004982437185685917e+00
1.004914230339728043e+00
1.004838122456330751e+00
1.004755120819551983e+00
1.004666178825275979e+00
1.004572191409282000e+00
1.004474004466411552e+00
1.004372414704012950e+00
1.004268166848452992e+00
1.004161956151926161e+00
1.004054429126582715e+00
1.003946183072038867e+00
1.003837766762735839e+00
1.003729684120193921e+00
1.003622392384502016e+00
1.003516303282317113e+00
1.003411785182789062e+00
1.003309164836055478e+00
1.003208728198859312e+00
1.003110721709549180e+00
1.003015354047954943e+00
1.002922798769573909e+00
1.002833194993630217e+00
1.002746650200156742e+00
1.002663241759459645e+00
1.002583017118222175e+00
1.002505997258535286e+00
1.002432179059087991e+00
1.002361537120613377e+00
1.002294025400526589e+00
1.002229579391063163e+00
1.002168117839415951e+00
1.002109544486445847e+00
1.002053749827424900e+00
1.002000612764823106e+00
1.001950002400747275e+00
1.001901779774920564e+00
1.001855799156308846e+00
1.001811909149315616e+00
1.001769954065404811e+00
1.001729775024216229e+00
1.001691211389799552e+00
1.001654101199525249e+00
1.001618281976720537e+00
1.001583592402143452e+00
1.001549873033304783e+00
1.001516967551648873e+00
1.001484723368028185e+00
1.001452991529306891e+00
1.001421627180107521e+00
1.001390490862609450e+00
1.001359450005879559e+00
1.001328380004890217e+00
1.001297165145213830e+00
1.001265699494285233e+00
1.001233887977783121e+00
1.001201647347541801e+00
1.001168907515379569e+00
1.001135613745838926e+00
1.001101728300650473e+00
1.001067231635125010e+00
1.001032124360934139e+00
1.000996430222268252e+00
1.000960199565580799e+00
1.000923511834401536e+00
1.000886479241761329e+00
1.000849251920956862e+00
1.000812023979801291e+00
1.000775042324872688e+00
1.000738620444913130e+00
1.000703161403172725e+00
1.000669195655045751e+00
1.000637450578863552e+00
1.000608988570363067e+00
1.000585501585952830e+00
1.000570022373324042e+00
1.000568951654954519e+00
1.000599501209826325e+00
1.000731562041659473e+00
1.001587232245789716e+00
1.000427688498659151e+00
1.000008461174190622e+00
