1.000000000000000000e+00
9.999746259854405128e-01
9.998812774447557450e-01
9.997107790782475689e-01
9.994751103076890963e-01
9.992244000726023812e-01
9.990707233801608966e-01
9.992229739780897901e-01
1.000033380252974391e+00
1.002054575743375198e+00
1.006098893220832347e+00
1.013293399202635170e+00
1.025121233877488880e+00
1.043441523620830313e+00
1.070433184026806428e+00
1.108324906543247224e+00
1.158457193263519924e+00
1.219421135332366735e+00
1.285127345534075927e+00
1.347874174577972761e+00
1.412979993378486565e+00
1.559644606294857017e+00
1.654381852601249259e+00
1.657192780306529611e+00
1.606881130121235124e+00
1.523286228572173551e+00
1.426541193669272012e+00
1.330997377072929755e+00
1.244566190058578492e+00
1.172812647677156761e+00
1.114983132820829281e+00
1.067711174658687590e+00
1.028681809329973884e+00
9.954632364054539773e-01
9.662451399987316281e-01
9.402985826746351750e-01
9.171134163819358864e-01
8.960472610336047694e-01
8.767139402642568635e-01
8.590839291936422928e-01
8.430850749165632596e-01
8.284323530230762733e-01
8.148282509303395038e-01
8.021672636098765574e-01
7.903691804652923647e-01
7.793145283467551865e-01
7.688190995407601092e-01
7.586253881082177797e-01
7.484775248245413293e-01
7.382509633206780775e-01
7.280167287058363357e-01
7.180967514692113696e-01
7.091174867246062830e-01
7.020229333027537821e-01
6.980368029887684678e-01
6.986075765560805229e-01
7.053856429147704610e-01
7.202096800620111372e-01
7.448364431878423675e-01
7.793513000356271370e-01
8.165906528812041376e-01
8.461619890828806501e-01
8.677975770702356373e-01
8.847848306362559034e-01
8.989301507930401725e-01
9.110093142247339681e-01
9.214292653335871552e-01
9.304449463950051902e-01
9.382654307029681950e-01
9.450858124095744550e-01
9.510551679999947883e-01
9.562916942550764299e-01
9.609068223232387629e-01
9.649925013900437776e-01
9.686228114621536767e-01
9.718664454990759705e-01
9.747773196800508799e-01
9.774025158736421304e-01
9.797811364288050440e-01
9.819456305424109077e-01
9.839241113990284671e-01
9.857388933793308494e-01
9.874100287588920555e-01
9.889527944194119735e-01
9.903806395887682079e-01
9.917049428806219424e-01
9.929343762398737949e-01
9.940767339596361385e-01
9.951389421289522641e-01
9.961266114257366633e-01
9.970442265216800104e-01
9.978958195132248132e-01
9.986851976252366647e-01
9.994157019362629457e-01
1.000090328390988104e+00
1.000711815681896821e+00
1.001282709692674855e+00
1.001805412366750359e+00
1.002282218555144988e+00
1.002715324278712572e+00
1.003106777527237981e+00
1.003458606992706503e+00
1.003772881962440966e+00
1.004051597766005610e+00
1.004296625828901890e+00
1.004509842062129676e+00
1.004693100743175860e+00
1.004848183049572574e+00
1.004976844749533527e+00
1.005080798029355016e+00
1.005161695276245659e+00
1.005221152389055739e+00
1.005260746204324374e+00
1.005281980252649365e+00
1.005286320195855732e+00
1.005275185872062771e+00
1.005249936021561652e+00
1.005211871510094834e+00
1.005162238721101442e+00
1.005102231511248778e+00
1.005032991091736605e+00
1.004955605234464144e+00
1.004871107930412899e+00
1.004780478114645215e+00
1.004684634922074604e+00
1.004584447342735887e+00
1.004480734038391665e+00
1.004374260438699595e+00
1.004265741293769221e+00
1.004155841405287575e+00
1.004045175118299271e+00
1.003934307008401472e+00
1.003823755642224480e+00
1.003713991679365591e+00
1.003605439059107374e+00
1.003498477205085671e+00
1.003393442801688407e+00
1.003290630632148073e+00
1.003190294880035083e+00
1.003092650930578200e+00
1.002997878072554583e+00
1.002906120198150841e+00
1.002817488673842572e+00
1.002732063907360027e+00
1.002649895532610858e+00
1.002571005963326600e+00
1.002495392817380315e+00
1.002423030790138281e+00
1.002353873331842449e+00
1.002287854884697849e+00
1.002224892648975185e+00
1.002164888368582973e+00
1.002107730139660813e+00
1.002053294108433246e+00
1.002001446313146804e+00
1.001952044470323822e+00
1.001904939301974329e+00
1.001859975672296343e+00
1.001816993997899807e+00
1.001775831379938753e+00
1.001736323081468649e+00
1.001698302968305976e+00
1.001661604345082113e+00
1.001626061675521040e+00
1.001591511322912575e+00
1.001557792834091076e+00
1.001524749563066807e+00
1.001492228575435961e+00
1.001460081124246226e+00
1.001428163988522524e+00
1.001396341006906221e+00
1.001364484188977944e+00
1.001332474667718797e+00
1.001300203617509377e+00
1.001267573362617513e+00
1.001234498373929860e+00
1.001200906642218280e+00
1.001166741935367144e+00
1.001131965491079745e+00
1.001096557248144059e+00
1.001060517866260824e+00
1.001023871788627506e+00
1.000986670812068713e+00
1.000948996652859746e+00
1.000910964723563890e+00
1.000872729429820085e+00
1.000834490394287846e+00
1.000796501527217108e+00
1.000759085193815512e+00
1.000722655846957299e+00
1.000687758894459378e+00
1.000655142159714739e+00
1.000625897811595832e+00
1.000601765086846173e+00
1.000585861275161914e+00
1.000584765213720084e+00
1.000616167091701758e+00
1.000751898873999179e+00
1.001631221241731318e+00
1.000439402526533073e+00
1.000008923896902324e+00
