1.000000000000000000e+00
9.999819380869293672e-01
9.999156665368732488e-01
9.997956140250674473e-01
9.996321389577583760e-01
9.994633118993612175e-01
9.993712279322061187e-01
9.995062045942531004e-01
1.000120355170946551e+00
1.001611441739724606e+00
1.004572779026928320e+00
1.009843658711391701e+00
1.018549408064954864e+00
1.032121200086163704e+00
1.052267029925939346e+00
1.080845333173090728e+00
1.119448760332163229e+00
1.168564570587780516e+00
1.226135467586944694e+00
1.287496402631425729e+00
1.348628930068183740e+00
1.419440089850777520e+00
1.514329187813100219e+00
1.569575796421323721e+00
1.570960225792406462e+00
1.530885661396716779e+00
1.464611753340211653e+00
1.385485449436776983e+00
1.302332904941604586e+00
1.222373487493771727e+00
1.150079087574484848e+00
1.087960531015307097e+00
1.037486151582978522e+00
9.969552405153394581e-01
9.638547022876637893e-01
9.364248731668025627e-01
9.132156633600339024e-01
8.929224190594229338e-01
8.746932874693231774e-01
8.581374762162254921e-01
8.429360135721031266e-01
8.286577335736553529e-01
8.148967989961448666e-01
8.014414958761423291e-01
7.881438483251048677e-01
7.748847395066821298e-01
7.615813975597842678e-01
7.482153232159394207e-01
7.349367951737708626e-01
7.221970009396569967e-01
7.107627123110540346e-01
7.016591277125139303e-01
6.960907546921660805e-01
6.953829587187461136e-01
7.009763290149307879e-01
7.144271276772071744e-01
7.371726479181540670e-01
7.691962930659962394e-01
8.047862765212748792e-01
8.349612636149276179e-01
8.582279257406600914e-01
8.769131498145067427e-01
8.925715522279275005e-01
9.059603353844664086e-01
9.175121303458879662e-01
9.275269249434520136e-01
9.362338634261191395e-01
9.438078883388267837e-01
9.504033843130764714e-01
9.561656552611071946e-01
9.612111855530929283e-01
9.656357025569908270e-01
9.695279012695745546e-01
9.729623936915230420e-01
9.760008712123653396e-01
9.786995981494573948e-01
9.811042290476432726e-01
9.832546587240733604e-01
9.851845691293976692e-01
9.869223914633566963e-01
9.884928370563176303e-01
9.899161772267371928e-01
9.912104631942598720e-01
9.923901431896984260e-01
9.934679087400938302e-01
9.944546357178933871e-01
9.953590731948627202e-01
9.961890015302722334e-01
9.969512957449273571e-01
9.976517040205512554e-01
9.982950016554698047e-01
9.988854340920875208e-01
9.994268879036437569e-01
9.999227728770105905e-01
1.000376119630734806e+00
1.000789654269727658e+00
1.001165856231084783e+00
1.001507004364226239e+00
1.001815213657835102e+00
1.002092452676617285e+00
1.002340524112140141e+00
1.002561153038835418e+00
1.002756032026701494e+00
1.002926758014006214e+00
1.003074807687029057e+00
1.003201621774306274e+00
1.003308593736752297e+00
1.003397042160961927e+00
1.003468243679677574e+00
1.003523424889891658e+00
1.003563755056458673e+00
1.003590362853188589e+00
1.003604336855877133e+00
1.003606706223711065e+00
1.003598464162107851e+00
1.003580564420881949e+00
1.003553913099900274e+00
1.003519371729573617e+00
1.003477760332606605e+00
1.003429859489874509e+00
1.003376411029261339e+00
1.003318118213157195e+00
1.003255646131255174e+00
1.003189621452190261e+00
1.003120629976814060e+00
1.003049223031918125e+00
1.002975917742875422e+00
1.002901195587120986e+00
1.002825504280298929e+00
1.002749258505769570e+00
1.002672839850984321e+00
1.002596597456379524e+00
1.002520850536962715e+00
1.002445887392812152e+00
1.002371966304937079e+00
1.002299317042673943e+00
1.002228142092307150e+00
1.002158617294632403e+00
1.002090892757290019e+00
1.002025094065507549e+00
1.001961324038943557e+00
1.001899663247509453e+00
1.001840171858221273e+00
1.001782890672891391e+00
1.001727841310094291e+00
1.001675028457270411e+00
1.001624441422844347e+00
1.001576055345202221e+00
1.001529832277454624e+00
1.001485722613173923e+00
1.001443666218736928e+00
1.001403593574192286e+00
1.001365426924776258e+00
1.001329081360696982e+00
1.001294465981912518e+00
1.001261485024898201e+00
1.001230038703310177e+00
1.001200023927832916e+00
1.001171335190673695e+00
1.001143865275515354e+00
1.001117506176377292e+00
1.001092149375991003e+00
1.001067686364376819e+00
1.001044009698351500e+00
1.001021013456239617e+00
1.000998594024645527e+00
1.000976650477550356e+00
1.000955084512095805e+00
1.000933800734802315e+00
1.000912707477441099e+00
1.000891717732443009e+00
1.000870749828683293e+00
1.000849728009873818e+00
1.000828582992340898e+00
1.000807252640682821e+00
1.000785682575921376e+00
1.000763827016446061e+00
1.000741650163733176e+00
1.000719127243295814e+00
1.000696245264926620e+00
1.000673004270864475e+00
1.000649419229020287e+00
1.000625522244052767e+00
1.000601364160649709e+00
1.000577016924029117e+00
1.000552576894523593e+00
1.000528168764329040e+00
1.000503951276062509e+00
1.000480126162110794e+00
1.000456953056634291e+00
1.000434774059681953e+00
1.000414058898388081e+00
1.000395494590576639e+00
1.000380176701459733e+00
1.000370071112669734e+00
1.000369330081942065e+00
1.000389124466965152e+00
1.000474829382346886e+00
1.001031356894768631e+00
1.000279361383271448e+00
1.000003228809780875e+00
