1.000000000000000000e+00
9.999855273081369456e-01
9.999325098270529510e-01
9.998369134108470169e-01
9.997078586329233296e-01
9.995769303559893793e-01
9.995109288358756672e-01
9.996307867462396191e-01
1.000138174276860026e+00
1.001351167177985335e+00
1.003746604911959883e+00
1.008005121029842188e+00
1.015049287776823572e+00
1.026064736882859263e+00
1.042482067228855502e+00
1.065891371466217263e+00
1.097772663312363672e+00
1.138975318468068876e+00
1.188729023033541887e+00
1.244164273496971340e+00
1.301410908446488657e+00
1.360960581962793459e+00
1.433197224164102890e+00
1.498583072449617859e+00
1.523850001184871683e+00
1.508877787969491902e+00
1.464132036945857029e+00
1.401332241549438029e+00
1.329228121845545063e+00
1.254881584837011399e+00
1.183027499869675481e+00
1.116890897678662897e+00
1.059472655327329038e+00
1.011499663199426857e+00
9.721039699506242027e-01
9.400915217474380414e-01
9.138715903047747169e-01
8.917563662577594474e-01
8.724843052331188176e-01
8.552824036915110950e-01
8.395268066121956974e-01
8.245811218267996567e-01
8.099176421687128702e-01
7.952705337705024968e-01
7.805246382724674303e-01
7.656923701128237614e-01
7.509264753597679753e-01
7.365413183065805391e-01
7.230834228028024668e-01
7.113896704524972359e-01
7.025178759658138317e-01
6.976472145660759239e-01
6.980258831029608757e-01
7.049690187725353718e-01
7.198229625291480138e-01
7.436034451263201506e-01
7.753615445671616646e-01
8.088776768836933861e-01
8.371517540587597450e-01
8.595744824068649592e-01
8.779848851627616302e-01
8.935847039361204391e-01
9.069840194187035465e-01
9.185676510007746431e-01
9.286193454026246963e-01
9.373635395949234672e-01
9.449830506354476301e-01
9.516235238485859504e-01
9.574147417630545220e-01
9.624781102087579532e-01
9.669127698261146264e-01
9.708013053484889632e-01
9.742195677257856623e-01
9.772318758518245829e-01
9.798919953055799104e-01
9.822486183344588673e-01
9.843418216262926901e-01
9.862066451470780093e-01
9.878728824543965281e-01
9.893658661818151012e-01
9.907076515463348887e-01
9.919165752512616452e-01
9.930089153705630167e-01
9.939979545881202361e-01
9.948953578086510152e-01
9.957111741793357451e-01
9.964536497862014341e-01
9.971300962331259843e-01
9.977469660815027064e-01
9.983097178054476384e-01
9.988229485495921933e-01
9.992907339901693220e-01
9.997167693551238798e-01
1.000104298731874009e+00
1.000456198654849915e+00
1.000775043507802220e+00
1.001063157373090373e+00
1.001322656141992340e+00
1.001555481777072654e+00
1.001763421612416272e+00
1.001948099962907568e+00
1.002111047445257475e+00
1.002253738334762723e+00
1.002377548498501136e+00
1.002483740838904458e+00
1.002573529726024537e+00
1.002648075401385119e+00
1.002708466153737321e+00
1.002755744356330636e+00
1.002790902358046132e+00
1.002814878726486558e+00
1.002828571844499583e+00
1.002832841488875193e+00
1.002828495802009501e+00
1.002816309363690817e+00
1.002797021472634498e+00
1.002771330903837299e+00
1.002739898811234154e+00
1.002703351542558519e+00
1.002662282661410220e+00
1.002617253905828898e+00
1.002568795729356310e+00
1.002517407946517558e+00
1.002463559870059751e+00
1.002407688808059749e+00
1.002350204982834558e+00
1.002291491953037239e+00
1.002231905755976982e+00
1.002171776460323516e+00
1.002111408854642338e+00
1.002051082539576976e+00
1.001991052524545456e+00
1.001931551177030144e+00
1.001872787597569481e+00
1.001814948359947222e+00
1.001758198688131873e+00
1.001702683421524576e+00
1.001648527541895151e+00
1.001595836894699776e+00
1.001544699122840720e+00
1.001495184994184440e+00
1.001447348820076133e+00
1.001401229841397233e+00
1.001356853021666105e+00
1.001314229213863038e+00
1.001273356834809336e+00
1.001234223027129167e+00
1.001196804569291166e+00
1.001161068693459555e+00
1.001126974150387205e+00
1.001094472058787099e+00
1.001063506759316546e+00
1.001034016674652971e+00
1.001005935115521162e+00
1.000979191146883274e+00
1.000953710424518306e+00
1.000929415821177226e+00
1.000906227962754969e+00
1.000884065882585938e+00
1.000862847546655221e+00
1.000842490529256334e+00
1.000822912220167282e+00
1.000804030205334039e+00
1.000785763040292986e+00
1.000768030581562940e+00
1.000750754558877853e+00
1.000733858849409907e+00
1.000717269428249345e+00
1.000700914573734002e+00
1.000684725458410362e+00
1.000668636826907765e+00
1.000652587484636369e+00
1.000636520715667777e+00
1.000620384685970476e+00
1.000604132933027079e+00
1.000587724806947021e+00
1.000571126082065110e+00
1.000554309966434463e+00
1.000537257861435103e+00
1.000519959918455104e+00
1.000502415953123725e+00
1.000484636832124963e+00
1.000466646095188539e+00
1.000448481139525558e+00
1.000430194963541908e+00
1.000411858617286098e+00
1.000393564110030109e+00
1.000375428660537969e+00
1.000357601344558756e+00
1.000340274182927924e+00
1.000323700427153906e+00
1.000308228175244896e+00
1.000294367094043846e+00
1.000282930745979515e+00
1.000275380184701302e+00
1.000274803143336166e+00
1.000289509327989990e+00
1.000353258206740925e+00
1.000767793438797959e+00
1.000208772817281044e+00
1.000001214645270586e+00
