1.000000000000000000e+00
9.999820680566273712e-01
9.999172144977355181e-01
9.998001699280932852e-01
9.996419058267793645e-01
9.994803229732046601e-01
9.993953278832645726e-01
9.995306728660581230e-01
1.000124445331918466e+00
1.001548841707397441e+00
1.004352444126818344e+00
1.009308831787850247e+00
1.017452922099000734e+00
1.030077827196371754e+00
1.048756578309005594e+00
1.075215201298835410e+00
1.110921852552137157e+00
1.156649484389900895e+00
1.211236114384130147e+00
1.270515307635156743e+00
1.330442462217887645e+00
1.394663649279883177e+00
1.480142348804400987e+00
1.552170232729671140e+00
1.574399645931553460e+00
1.552264244867635812e+00
1.499522205355889870e+00
1.429185443226769658e+00
1.349885402989989380e+00
1.270022472116707046e+00
1.194189022336632933e+00
1.124873559076289276e+00
1.066651894293772385e+00
1.018818794369291902e+00
9.796999958630263627e-01
9.482535213381616535e-01
9.222128609171170721e-01
9.003049690024883533e-01
8.813138137465230670e-01
8.641231990322031375e-01
8.484850129891000625e-01
8.338719277064838842e-01
8.200103586429856595e-01
8.065646315601116001e-01
7.931199982701955253e-01
7.796859755770367828e-01
7.661769562388809351e-01
7.527943470340165977e-01
7.398072125618238015e-01
7.277294110283861750e-01
7.172467847204432312e-01
7.092022400985724673e-01
7.045879996960954239e-01
7.044484287438783632e-01
7.099718394972054369e-01
7.223758630061776209e-01
7.428461957861167697e-01
7.715699479343283151e-01
8.051543020234234183e-01
8.358227696584917821e-01
8.600806180723969963e-01
8.793736788362596091e-01
8.954489327672696675e-01
9.091408111737800946e-01
9.209312856831151084e-01
9.311231628396328119e-01
9.399129327243150867e-01
9.475459029656522203e-01
9.541569861594486612e-01
9.598788818497374642e-01
9.648552962477917605e-01
9.691732905204110127e-01
9.729224263576778942e-01
9.761962199813036811e-01
9.790518276461278591e-01
9.815416015369520242e-01
9.837252272988631363e-01
9.856484481459941716e-01
9.873434503261729889e-01
9.888399938733739569e-01
9.901684960842198624e-01
9.913535226455826299e-01
9.924151082861195627e-01
9.933685361727349061e-01
9.942268176311336303e-01
9.950024161851651616e-01
9.957059059458444050e-01
9.963460130402819193e-01
9.969299701660082613e-01
9.974638112910391152e-01
9.979526108866191292e-01
9.984006550253395895e-01
9.988115865841401542e-01
9.991885132688235194e-01
9.995341143046876375e-01
9.998507329258714549e-01
1.000140429639337691e+00
1.000405009232282705e+00
1.000645869557363898e+00
1.000864343000599010e+00
1.001061878529703852e+00
1.001239794474156453e+00
1.001399187052021800e+00
1.001540990627419525e+00
1.001666225906771457e+00
1.001775887517482477e+00
1.001870813755715295e+00
1.001951909340272895e+00
1.002019996161094051e+00
1.002075865572395585e+00
1.002120317654511483e+00
1.002154118112495995e+00
1.002177998626465838e+00
1.002192664291706947e+00
1.002198835044142866e+00
1.002197165634383325e+00
1.002188314399045765e+00
1.002172930956272134e+00
1.002151616819448865e+00
1.002124950605142395e+00
1.002093506808614531e+00
1.002057835493492366e+00
1.002018461278246120e+00
1.001975884445449605e+00
1.001930579710287539e+00
1.001882998287421556e+00
1.001833568265855678e+00
1.001782691381419621e+00
1.001730743262084555e+00
1.001678079208863092e+00
1.001625030356689816e+00
1.001571895325713335e+00
1.001518950443512246e+00
1.001466445161016905e+00
1.001414604813039011e+00
1.001363635338309521e+00
1.001313714724407111e+00
1.001264997236639198e+00
1.001217613896532521e+00
1.001171672665277734e+00
1.001127261134904245e+00
1.001084448846344399e+00
1.001043289392052449e+00
1.001003821574008912e+00
1.000966069011246073e+00
1.000930042301016787e+00
1.000895740280117074e+00
1.000863151603778922e+00
1.000832254954364231e+00
1.000803018414264667e+00
1.000775401106399842e+00
1.000749354933172075e+00
1.000724826018747571e+00
1.000701754918705388e+00
1.000680077024129755e+00
1.000659725476738204e+00
1.000640633232409593e+00
1.000622730997754672e+00
1.000605947037040311e+00
1.000590209594109714e+00
1.000575445489973347e+00
1.000561578502478843e+00
1.000548531377135619e+00
1.000536227223153718e+00
1.000524588399616777e+00
1.000513534855867359e+00
1.000502985106945353e+00
1.000492859065836626e+00
1.000483079606926395e+00
1.000473571683050622e+00
1.000464261021900336e+00
1.000455074311694226e+00
1.000445941358657498e+00
1.000436796399457373e+00
1.000427578056605871e+00
1.000418229358588151e+00
1.000408697926560730e+00
1.000398937709643388e+00
1.000388911443356843e+00
1.000378592427056956e+00
1.000367963791022330e+00
1.000357019250976753e+00
1.000345764353167466e+00
1.000334216765309758e+00
1.000322411076135509e+00
1.000310401001617500e+00
1.000298259444179827e+00
1.000286083001664883e+00
1.000273997921390157e+00
1.000262168425907205e+00
1.000250811722600996e+00
1.000240228679914800e+00
1.000230862994717862e+00
1.000223422629167525e+00
1.000219184137406403e+00
1.000220881164986642e+00
1.000236040158661410e+00
1.000296387487263683e+00
1.000699695905115982e+00
1.000165344379382759e+00
9.999894778187438105e-01
