1.000000000000000000e+00
9.999696946542961928e-01
9.998596520286777700e-01
9.996585215393322121e-01
9.993801763646703584e-01
9.990825320701446355e-01
9.988944202874047162e-01
9.990534851327910193e-01
9.999557487069098416e-01
1.002213970987282821e+00
1.006709196350906943e+00
1.014647761259207304e+00
1.027599953878452821e+00
1.047477395506815734e+00
1.076556286084545677e+00
1.117094266344955455e+00
1.169997628247928079e+00
1.233035265921603285e+00
1.299027932452089029e+00
1.358753970740314676e+00
1.422633356346522993e+00
1.621704315423703857e+00
1.713003143466790945e+00
1.704946023185781145e+00
1.646619940076145205e+00
1.553914976841118012e+00
1.448952156304888605e+00
1.348099324201893712e+00
1.258416415838026436e+00
1.187132292880723528e+00
1.130139183657960622e+00
1.082427821219314135e+00
1.043084787001594904e+00
1.009105291091873857e+00
9.786334814846275876e-01
9.516790103241529186e-01
9.272957228734701740e-01
9.053619452943642010e-01
8.854844387169740205e-01
8.670444639721173186e-01
8.502996477900688355e-01
8.349758679627415914e-01
8.210136270367324185e-01
8.081890429456335401e-01
7.961122331754463266e-01
7.848287514139782317e-01
7.741444224770153149e-01
7.640466338380327294e-01
7.544152682539536636e-01
7.452159352063468800e-01
7.364586178196499411e-01
7.282518840879390609e-01
7.209071599043332945e-01
7.148907706815162966e-01
7.109709578304919120e-01
7.100668406414735179e-01
7.133906028721239689e-01
7.222674155516287664e-01
7.382617099391808324e-01
7.627200120643949921e-01
7.956990667702530384e-01
8.318158861439977070e-01
8.614967797786363679e-01
8.830113751024786239e-01
8.995008811020320794e-01
9.129976550365883625e-01
9.242987936719564424e-01
9.339621446006874939e-01
9.422181666695580438e-01
9.492729025650927799e-01
9.553593620474624126e-01
9.605902738681443287e-01
9.650919142278167051e-01
9.690073585711501680e-01
9.724061278826500176e-01
9.753540679324460561e-01
9.779393454194208468e-01
9.802245576227436308e-01
9.822471523170857033e-01
9.840434282226122598e-01
9.856546888988606536e-01
9.871125155444531174e-01
9.884412897481589244e-01
9.896574185556896719e-01
9.907744464175570753e-01
9.918065150658799123e-01
9.927652251774440328e-01
9.936595380172872360e-01
9.944963791036800504e-01
9.952811315016604210e-01
9.960180257813273652e-01
9.967103982015191876e-01
9.973609062779982271e-01
9.979716762233146188e-01
9.985444573417494585e-01
9.990807545571682713e-01
9.995818851068709598e-01
1.000048986488276670e+00
1.000482654390166148e+00
1.000883627426067068e+00
1.001253135804906602e+00
1.001592348916399144e+00
1.001902157660300663e+00
1.002183279760791246e+00
1.002436761421149569e+00
1.002663722759902676e+00
1.002865069384851315e+00
1.003041946206497892e+00
1.003195412556037613e+00
1.003326541526139870e+00
1.003436492963964533e+00
1.003526415249522685e+00
1.003597439088106613e+00
1.003650686951621074e+00
1.003687354196310499e+00
1.003708537161469350e+00
1.003715372653636750e+00
1.003709008547771564e+00
1.003690518348240746e+00
1.003660950967823595e+00
1.003621367379576634e+00
1.003572795995573808e+00
1.003516228578847924e+00
1.003452620805148410e+00
1.003382888132787087e+00
1.003307908726122299e+00
1.003228522999202177e+00
1.003145525771698576e+00
1.003059665788029520e+00
1.002971656899510622e+00
1.002882169254942113e+00
1.002791811144053691e+00
1.002701149694604332e+00
1.002610700710687919e+00
1.002520933906665190e+00
1.002432282290842469e+00
1.002345123846833941e+00
1.002259789965522563e+00
1.002176566073981423e+00
1.002095691676296862e+00
1.002017365665865745e+00
1.001941750884297599e+00
1.001868978253756648e+00
1.001799148953695706e+00
1.001732333369956152e+00
1.001668575403650729e+00
1.001607894912997399e+00
1.001550290834730239e+00
1.001495741450498356e+00
1.001444202914583803e+00
1.001395612542312685e+00
1.001349892318456947e+00
1.001306951797888090e+00
1.001266688436777130e+00
1.001228988342950821e+00
1.001193732300313499e+00
1.001160800022580455e+00
1.001130065770416744e+00
1.001101397897409928e+00
1.001074663887169036e+00
1.001049727384963672e+00
1.001026444780028779e+00
1.001004669406863057e+00
1.000984254465489887e+00
1.000965050686370539e+00
1.000946902855129883e+00
1.000929651865039904e+00
1.000913140665860679e+00
1.000897217555438479e+00
1.000881734343027851e+00
1.000866543630274830e+00
1.000851499213479823e+00
1.000836460619105805e+00
1.000821295865173211e+00
1.000805881373854511e+00
1.000790102015519656e+00
1.000773851496866484e+00
1.000757035990693655e+00
1.000739579275644164e+00
1.000721426439216355e+00
1.000702542303764098e+00
1.000682912956120552e+00
1.000662548283764774e+00
1.000641482477084176e+00
1.000619783942214402e+00
1.000597559700875383e+00
1.000574955168428204e+00
1.000552163075465018e+00
1.000529435096182418e+00
1.000507097877246787e+00
1.000485582021875430e+00
1.000465481842065740e+00
1.000447670423283419e+00
1.000433534883884645e+00
1.000425567495225820e+00
1.000429093176646189e+00
1.000458754850307441e+00
1.000576239005663615e+00
1.001355972463343846e+00
1.000312703238749990e+00
9.999914084096069855e-01
