1.000000000000000000e+00
9.999925741442007299e-01
9.999658881261276333e-01
9.999185631577444111e-01
9.998566997120225119e-01
9.997981701652668418e-01
9.997784045507482897e-01
9.998586311510950786e-01
1.000137555490955288e+00
1.000767467065195815e+00
1.001973825993109246e+00
1.004080338916309101e+00
1.007533371110614917e+00
1.012914660211404305e+00
1.020958791722331727e+00
1.032523706826068199e+00
1.048490285230182506e+00
1.069697298418618603e+00
1.096662834038486301e+00
1.129143619761153072e+00
1.166226917741862490e+00
1.206430070774763941e+00
1.248189354847313304e+00
1.291810327079953247e+00
1.335706257943626962e+00
1.369013430137387966e+00
1.382804461496268233e+00
1.375868115611194709e+00
1.351523068223213775e+00
1.315046566342021439e+00
1.270517652377073370e+00
1.220947068197847152e+00
1.169545392556358365e+00
1.118020210662814096e+00
1.067537717190652602e+00
1.019568846005799889e+00
9.745749528759090063e-01
9.331930424912857625e-01
8.955467930333014248e-01
8.614042676024281642e-01
8.310402933313854046e-01
8.042044367234665314e-01
7.808241399295455798e-01
7.607426862215298513e-01
7.438616538455254945e-01
7.304608430420642673e-01
7.208039408422727279e-01
7.153289314795859832e-01
7.144769839407524303e-01
7.187303571937572189e-01
7.285376292536783760e-01
7.441579469999803909e-01
7.653300585438053139e-01
7.905244652871159516e-01
8.166778041421740575e-01
8.407334472452948626e-01
8.615765719180803472e-01
8.794171606369759475e-01
8.948064633117308597e-01
9.081448137650863783e-01
9.197703609671916691e-01
9.299067100587624646e-01
9.387689205188969321e-01
9.465095407407797534e-01
9.532759358668035921e-01
9.591903573212804401e-01
9.643504828386169070e-01
9.688645609769127587e-01
9.728078621826117267e-01
9.762510562589777896e-01
9.792638276529211927e-01
9.818971298753262911e-01
9.841993251615870353e-01
9.862170032533457142e-01
9.879843512680859252e-01
9.895319746248334436e-01
9.908905278909863057e-01
9.920851326204731535e-01
9.931356578667357438e-01
9.940599687696107800e-01
9.948749579290759870e-01
9.955948834645639289e-01
9.962318557612023229e-01
9.967958791526172480e-01
9.972956384488135262e-01
9.977390676524354740e-01
9.981330472085047090e-01
9.984834783771072697e-01
9.987954377792567229e-01
9.990733085399021718e-01
9.993208900423249386e-01
9.995414833444163927e-01
9.997379647906489142e-01
9.999128451620062918e-01
1.000068325019313420e+00
1.000206343029558020e+00
1.000328610510220040e+00
1.000436636170173532e+00
1.000531697928994879e+00
1.000614953481670621e+00
1.000687504104317949e+00
1.000750334469763914e+00
1.000804295538111788e+00
1.000850129734414784e+00
1.000888549068800204e+00
1.000920209303126196e+00
1.000945678186452525e+00
1.000965504163429998e+00
1.000980177973658458e+00
1.000990151476546242e+00
1.000995852322847712e+00
1.000997674617961186e+00
1.000995981694031478e+00
1.000991110613797419e+00
1.000983386162460631e+00
1.000973099745679384e+00
1.000960530779074542e+00
1.000945944624988648e+00
1.000929582586702837e+00
1.000911670298491929e+00
1.000892424140404025e+00
1.000872046316418462e+00
1.000850725369566652e+00
1.000828637215630978e+00
1.000805945424263044e+00
1.000782802375236313e+00
1.000759349865259606e+00
1.000735718624511827e+00
1.000712028780131657e+00
1.000688391863606475e+00
1.000664910018356002e+00
1.000641673879827387e+00
1.000618765753444883e+00
1.000596258517926884e+00
1.000574216612419631e+00
1.000552697564834448e+00
1.000531749695755313e+00
1.000511413473613720e+00
1.000491721781103793e+00
1.000472700085690780e+00
1.000454367319143723e+00
1.000436736641330926e+00
1.000419816134609841e+00
1.000403609220862799e+00
1.000388114628437020e+00
1.000373327085596342e+00
1.000359237751168084e+00
1.000345834731514838e+00
1.000333103200583107e+00
1.000321025276361242e+00
1.000309580542651400e+00
1.000298746594733501e+00
1.000288499495701755e+00
1.000278813875523198e+00
1.000269663081565730e+00
1.000261020043872628e+00
1.000252857892293346e+00
1.000245149387906984e+00
1.000237866886205307e+00
1.000230983045225619e+00
1.000224470435342905e+00
1.000218301083569683e+00
1.000212447054559695e+00
1.000206880852963387e+00
1.000201575105142293e+00
1.000196502082881134e+00
1.000191633979954142e+00
1.000186943719037380e+00
1.000182405394637764e+00
1.000177994015359895e+00
1.000173685125822054e+00
1.000169454855102114e+00
1.000165280530130429e+00
1.000161141048107272e+00
1.000157016861698445e+00
1.000152889984340154e+00
1.000148744045120663e+00
1.000144564789162471e+00
1.000140340787785576e+00
1.000136063957336008e+00
1.000131729364336142e+00
1.000127335462581257e+00
1.000122884479343721e+00
1.000118382541062223e+00
1.000113841107618917e+00
1.000109277692860621e+00
1.000104716015686845e+00
1.000100187497666715e+00
1.000095733298399070e+00
1.000091407249077635e+00
1.000087281105995540e+00
1.000083455089268325e+00
1.000080078277915119e+00
1.000077390809901878e+00
1.000075829041101594e+00
1.000076331897084447e+00
1.000081490931171713e+00
1.000102241529099656e+00
1.000242348870149289e+00
1.000059356860354409e+00
9.999932340913531004e-01
