1.000000000000000000e+00
9.999751629750773807e-01
9.998851367174533822e-01
9.997215159639717408e-01
9.994974011866639696e-01
9.992625998813399191e-01
9.991252897061267957e-01
9.992830439360607109e-01
1.000064757810415150e+00
1.001982480748266902e+00
1.005781348662350139e+00
1.012494934104566147e+00
1.023483231360081014e+00
1.040418311099161608e+00
1.065312276534449154e+00
1.100285173356276847e+00
1.146759008991794726e+00
1.204399903538280414e+00
1.269123711059893855e+00
1.333411062235862810e+00
1.395487571099375712e+00
1.498690748424839514e+00
1.623461926424151880e+00
1.660208874158416670e+00
1.636090096688251672e+00
1.571068124752034167e+00
1.484208088707955397e+00
1.390504313204493636e+00
1.297713913186424373e+00
1.215188235369514258e+00
1.145737744520866741e+00
1.088546301278055628e+00
1.043695674555290998e+00
1.006985076271966317e+00
9.755946665566229692e-01
9.487242161857993850e-01
9.249224161862594773e-01
9.037267352030340373e-01
8.845773882790974874e-01
8.668013170678267043e-01
8.505721844806977128e-01
8.356038769618332473e-01
8.218097700126774097e-01
8.089496955346184848e-01
7.966218735871789525e-01
7.848263469889071864e-01
7.733500521423127827e-01
7.621758270015864811e-01
7.512293414411710391e-01
7.405852352540839290e-01
7.304409456060241279e-01
7.211748205315037241e-01
7.134182591875842805e-01
7.079699166484947348e-01
7.058814784848223001e-01
7.083025736280779139e-01
7.166174616748010040e-01
7.322648583060170635e-01
7.565864142772271705e-01
7.892973069733610902e-01
8.246378165792986881e-01
8.537541564873244448e-01
8.756204709951798115e-01
8.928523275595610098e-01
9.071711640971643620e-01
9.193418646940532124e-01
9.297160682518607056e-01
9.386641638882213812e-01
9.463627363761445421e-01
9.529827397029315694e-01
9.587162963119986170e-01
9.636663992272707091e-01
9.679443193851615668e-01
9.716717361653244289e-01
9.749144747898127461e-01
9.777338790380567524e-01
9.802061455663879652e-01
9.823872864434931573e-01
9.843135437796507459e-01
9.860192170561790093e-01
9.875413734962429357e-01
9.889090882824129736e-01
9.901454064551209466e-01
9.912668431525436530e-01
9.922872468895593823e-01
9.932204436344445053e-01
9.940779675169915119e-01
9.948690368289718755e-01
9.956010451918284598e-01
9.962799657920475838e-01
9.969106745908445921e-01
9.974971715350536838e-01
9.980427666421228805e-01
9.985502122188409935e-01
9.990218377537041228e-01
9.994596662819936750e-01
9.998654719288181392e-01
1.000240799004614045e+00
1.000586701035593329e+00
1.000904265331260534e+00
1.001194885068809715e+00
1.001459851980175619e+00
1.001700198985446155e+00
1.001916785135587684e+00
1.002110679195557186e+00
1.002282972645536230e+00
1.002434565992929016e+00
1.002566514838773015e+00
1.002679787760011543e+00
1.002775343986772372e+00
1.002854190959103775e+00
1.002917312182709297e+00
1.002965664313933303e+00
1.003000185857770621e+00
1.003021859908020952e+00
1.003031585315951268e+00
1.003030283248032228e+00
1.003018875877001781e+00
1.002998222532130557e+00
1.002969158069946909e+00
1.002932521240487374e+00
1.002889121470854628e+00
1.002839736257409298e+00
1.002785112023072189e+00
1.002725961376787600e+00
1.002662965670065631e+00
1.002596774959143344e+00
1.002528002345129288e+00
1.002457223859275715e+00
1.002384987147681761e+00
1.002311805006805612e+00
1.002238141831974128e+00
1.002164429444046378e+00
1.002091059554891972e+00
1.002018387866449700e+00
1.001946741294121868e+00
1.001876404229634199e+00
1.001807625027104853e+00
1.001740616578910892e+00
1.001675556439666215e+00
1.001612590928467661e+00
1.001551838654067828e+00
1.001493393710819246e+00
1.001437327390635845e+00
1.001383687450972282e+00
1.001332501429209598e+00
1.001283778541412151e+00
1.001237512090387582e+00
1.001193679712711004e+00
1.001152242309065077e+00
1.001113146568086920e+00
1.001076327652509868e+00
1.001041711422319125e+00
1.001009214713504569e+00
1.000978745930267699e+00
1.000950209617242681e+00
1.000923509690410329e+00
1.000898546142077405e+00
1.000875214710771122e+00
1.000853410695182966e+00
1.000833026719827545e+00
1.000813950159537891e+00
1.000796066315462030e+00
1.000779260621586397e+00
1.000763416881254919e+00
1.000748414641799311e+00
1.000734130742270134e+00
1.000720443802218584e+00
1.000707236703253011e+00
1.000694395198229003e+00
1.000681805854386042e+00
1.000669356353594219e+00
1.000656938913605520e+00
1.000644452370358373e+00
1.000631802110273805e+00
1.000618900102923314e+00
1.000605665194862715e+00
1.000592025852304001e+00
1.000577924045369604e+00
1.000563318049694894e+00
1.000548181267337133e+00
1.000532503394724326e+00
1.000516292356154802e+00
1.000499574710263184e+00
1.000482403172126000e+00
1.000464859992415745e+00
1.000447056878155827e+00
1.000429141864534799e+00
1.000411308313426284e+00
1.000393807381557032e+00
1.000376970542214972e+00
1.000361255871508481e+00
1.000347337233293832e+00
1.000336286877841818e+00
1.000330033815515440e+00
1.000332702913427685e+00
1.000355642255788435e+00
1.000446670122322246e+00
1.001052499534588636e+00
1.000245062632578508e+00
9.999897155019511485e-01
