1.000000000000000000e+00
9.999770237987825050e-01
9.998937881909660819e-01
9.997427802691070120e-01
9.995366173292449252e-01
9.993220155331361543e-01
9.991996616158075328e-01
9.993527907173512803e-01
1.000086185753951584e+00
1.001875133561759279e+00
1.005413892075744942e+00
1.011669759130741753e+00
1.021920722946468851e+00
1.037743852942211387e+00
1.061041883937468455e+00
1.093845716334607365e+00
1.137638227243680467e+00
1.192500982580138924e+00
1.255282815847148958e+00
1.319286004544909074e+00
1.381330108988434446e+00
1.467670867350319819e+00
1.587377835629221634e+00
1.636733782211396093e+00
1.625308522758182939e+00
1.571110702798775627e+00
1.492222683063210154e+00
1.403290221191560105e+00
1.312391281388842756e+00
1.228622770481067716e+00
1.155700012011221300e+00
1.094371057654289769e+00
1.046283550408824592e+00
1.007479451578044083e+00
9.749581955278269207e-01
9.476314346475105399e-01
9.237927112798184348e-01
9.027828123883353539e-01
8.839139152518753484e-01
8.664413527568278761e-01
8.504672124353876983e-01
8.356731782197308611e-01
8.219443378302199177e-01
8.090254466071963302e-01
7.965093986245432855e-01
7.843868004369901614e-01
7.724549446494353155e-01
7.607232581893794698e-01
7.491726975949321021e-01
7.379634370997187887e-01
7.274058308201367673e-01
7.180072957885598184e-01
7.105204802978916101e-01
7.058415855467857769e-01
7.050858170946845416e-01
7.094483380320057986e-01
7.203384638981328303e-01
7.391457113040642568e-01
7.668087794185730610e-01
8.013224442664014235e-01
8.346197643187706072e-01
8.605848994609964775e-01
8.805373618780660827e-01
8.967382856737958763e-01
9.103987364250050174e-01
9.220830210692203543e-01
9.320805554625494205e-01
9.407219970858402558e-01
9.481713489182985732e-01
9.545890166451934666e-01
9.601538841413504999e-01
9.649651208495956256e-01
9.691284825474115738e-01
9.727582072691906001e-01
9.759182311256924258e-01
9.786678427841377648e-01
9.810789514028461777e-01
9.832050219326342599e-01
9.850814843952369060e-01
9.867416396456404337e-01
9.882209102786058130e-01
9.895473076986595062e-01
9.907432140291964062e-01
9.918249652093436008e-01
9.928063207329619333e-01
9.937008477946437379e-01
9.945199203514407671e-01
9.952727158989197465e-01
9.959666692965292167e-01
9.966078472155480705e-01
9.972012487137301706e-01
9.977510133327379682e-01
9.982605965717792351e-01
9.987328961317232245e-01
9.991703795915090058e-01
9.995751947052533559e-01
9.999492263684367499e-01
1.000294118517428110e+00
1.000611044759274648e+00
1.000901181401046225e+00
1.001165954458501650e+00
1.001406678099197700e+00
1.001624416205049606e+00
1.001820060540728141e+00
1.001994676246619864e+00
1.002149336162384330e+00
1.002284930893128534e+00
1.002402480149877650e+00
1.002502917013231798e+00
1.002587158537382006e+00
1.002656158232344108e+00
1.002710842202729769e+00
1.002752107219092137e+00
1.002780829116204586e+00
1.002797919566043916e+00
1.002804211063065942e+00
1.002800552851685678e+00
1.002787792189847149e+00
1.002766717427602039e+00
1.002738092685597993e+00
1.002702683535208639e+00
1.002661227440504232e+00
1.002614431615044488e+00
1.002562973963467163e+00
1.002507500778567318e+00
1.002448629170431538e+00
1.002386947154778163e+00
1.002323008688319916e+00
1.002257333663941319e+00
1.002190415783621447e+00
1.002122716841775452e+00
1.002054654648771637e+00
1.001986617282338399e+00
1.001918956391643967e+00
1.001851990924164548e+00
1.001786013647552487e+00
1.001721278880219668e+00
1.001658008344960660e+00
1.001596391721726986e+00
1.001536586792570072e+00
1.001478723149324068e+00
1.001422905381453843e+00
1.001369215966473547e+00
1.001317716828405979e+00
1.001268448704431213e+00
1.001221434136102983e+00
1.001176679190393992e+00
1.001134175635654655e+00
1.001093901179772372e+00
1.001055818527371022e+00
1.001019877655784596e+00
1.000986018235087371e+00
1.000954171631941225e+00
1.000924261169988894e+00
1.000896202669950608e+00
1.000869908554450793e+00
1.000845290749734717e+00
1.000822257739251153e+00
1.000800714272759739e+00
1.000780564787232096e+00
1.000761711407879506e+00
1.000744051642793009e+00
1.000727481229742422e+00
1.000711896113648081e+00
1.000697190866673081e+00
1.000683256335757720e+00
1.000669981028494693e+00
1.000657255133554191e+00
1.000644972742551042e+00
1.000633030602606111e+00
1.000621326272223666e+00
1.000609758389011450e+00
1.000598229733564049e+00
1.000586649094034053e+00
1.000574931204873730e+00
1.000562996775923974e+00
1.000550772755985030e+00
1.000538194790786317e+00
1.000525210704305445e+00
1.000511783011024169e+00
1.000497887863255331e+00
1.000483516102649073e+00
1.000468674999697827e+00
1.000453388628471441e+00
1.000437704620364965e+00
1.000421697213645489e+00
1.000405467216468836e+00
1.000389148215582891e+00
1.000372914722062356e+00
1.000356993481730017e+00
1.000341683896456946e+00
1.000327399940293738e+00
1.000314750942894015e+00
1.000304707079957334e+00
1.000299014640245954e+00
1.000301409015868170e+00
1.000322168643639653e+00
1.000404608467171608e+00
1.000953842887404521e+00
1.000222896067110234e+00
9.999894512647998779e-01
