1.000000000000000000e+00
9.999910386523073180e-01
9.999587868168284821e-01
9.999013711887352329e-01
9.998257388148948932e-01
9.997528388198068106e-01
9.997246763289496796e-01
9.998144294560408207e-01
1.000140827189774040e+00
1.000887902134803387e+00
1.002328605683855400e+00
1.004854519305196092e+00
1.009003504888394076e+00
1.015471399733319124e+00
1.025129917138518421e+00
1.038985089887625168e+00
1.058044236837687002e+00
1.083224319764830579e+00
1.114977524038374357e+00
1.152716974641961878e+00
1.195024357674436821e+00
1.240051593555459020e+00
1.286531285747274156e+00
1.336029697543230643e+00
1.383948200133829243e+00
1.414040097504186244e+00
1.419399907108510162e+00
1.402142505943160256e+00
1.367534392206703808e+00
1.321840658603549601e+00
1.269493319922020858e+00
1.213580806138423229e+00
1.157592503668052109e+00
1.103190067344859360e+00
1.051452026216825653e+00
1.003903776560596040e+00
9.607600703206689019e-01
9.224166714319561589e-01
8.885738712411326290e-01
8.585149738552356746e-01
8.320727074082446828e-01
8.085815634831022836e-01
7.876487880295133248e-01
7.688951859506107933e-01
7.520698122835146604e-01
7.374251494380165139e-01
7.252635571739942666e-01
7.161553441219389304e-01
7.107124797528585614e-01
7.096330162822815923e-01
7.136344254553360633e-01
7.234012642861203934e-01
7.394847800229247259e-01
7.618278213285281097e-01
7.888667707358451020e-01
8.167447666199109113e-01
8.417685737692883752e-01
8.629073574022668724e-01
8.807989688562486430e-01
8.961215946880652927e-01
9.093921570167636803e-01
9.209184584566891818e-01
9.309727949640362876e-01
9.397379866533834836e-01
9.473885618216578708e-01
9.540668182776512740e-01
9.598841236343267358e-01
9.649676688911160705e-01
9.694027317143254496e-01
9.732701285845898331e-01
9.766508216445449753e-01
9.796023494423028444e-01
9.821799857695160396e-01
9.844376643703862673e-01
9.864138826119112080e-01
9.881432099798175273e-01
9.896609537433146420e-01
9.909957451771712611e-01
9.921698444801463346e-01
9.932033399335725710e-01
9.941154411054204942e-01
9.949222527843251118e-01
9.956373714892238214e-01
9.962719043646830475e-01
9.968354665209138155e-01
9.973368962142499239e-01
9.977838340278135654e-01
9.981827986822102705e-01
9.985393702976290697e-01
9.988583453123747180e-01
9.991438654241361350e-01
9.993995164751596771e-01
9.996284134471919991e-01
9.998332679102760467e-01
1.000016451672467666e+00
1.000180052291928634e+00
1.000325911499290621e+00
1.000455651618538777e+00
1.000570633643525387e+00
1.000672096941323419e+00
1.000761238438966583e+00
1.000839130541252064e+00
1.000906695683618119e+00
1.000964736408126443e+00
1.001014034789952767e+00
1.001055316563575159e+00
1.001089207778372403e+00
1.001116322692711558e+00
1.001137212187836134e+00
1.001152386977335551e+00
1.001162335549378390e+00
1.001167510939862781e+00
1.001168333413491318e+00
1.001165195507547345e+00
1.001158479538385437e+00
1.001148529436896917e+00
1.001135678055741440e+00
1.001120243964864986e+00
1.001102517950144044e+00
1.001082773546391635e+00
1.001061275040662446e+00
1.001038270736291480e+00
1.001013993341245856e+00
1.000988661064562413e+00
1.000962477760075187e+00
1.000935634236380434e+00
1.000908308872995978e+00
1.000880666834950805e+00
1.000852860539642508e+00
1.000825032152387939e+00
1.000797312445376841e+00
1.000769817937821715e+00
1.000742654954422051e+00
1.000715918119734926e+00
1.000689691577739682e+00
1.000664050924308324e+00
1.000639060159015381e+00
1.000614773403236679e+00
1.000591235203158291e+00
1.000568480711698127e+00
1.000546536798370800e+00
1.000525423011232151e+00
1.000505152450895441e+00
1.000485732285111729e+00
1.000467163678377513e+00
1.000449442670754197e+00
1.000432560715631913e+00
1.000416505331645167e+00
1.000401260238451773e+00
1.000386805176274096e+00
1.000373116568477716e+00
1.000360168216756662e+00
1.000347931881307550e+00
1.000336377396515264e+00
1.000325472855219999e+00
1.000315185726615264e+00
1.000305483651976690e+00
1.000296333695385176e+00
1.000287702289291758e+00
1.000279556152954719e+00
1.000271861779581828e+00
1.000264584839152926e+00
1.000257690934325483e+00
1.000251146124252255e+00
1.000244916509254844e+00
1.000238967610050933e+00
1.000233264729404326e+00
1.000227774005856940e+00
1.000222462993012096e+00
1.000217300325117797e+00
1.000212255225664260e+00
1.000207297572211607e+00
1.000202398697847217e+00
1.000197531878032953e+00
1.000192672312001596e+00
1.000187797129826306e+00
1.000182885463490656e+00
1.000177919098202750e+00
1.000172883396329926e+00
1.000167767970515209e+00
1.000162566424275479e+00
1.000157276653796945e+00
1.000151901341141292e+00
1.000146448103264918e+00
1.000140931341372053e+00
1.000135373149368068e+00
1.000129803463869482e+00
1.000124261944849602e+00
1.000118800514156359e+00
1.000113486988699618e+00
1.000108411596914770e+00
1.000103700107817017e+00
1.000099539219180045e+00
1.000096228990104530e+00
1.000094313670639723e+00
1.000094963031839868e+00
1.000101403926774157e+00
1.000127249360868387e+00
1.000301409538179920e+00
1.000073332133696979e+00
9.999923145445710482e-01
