1.000000000000000000e+00
9.999935362700829167e-01
9.999703361514638011e-01
9.999293197728721383e-01
9.998760384776740340e-01
9.998264218890624555e-01
9.998117930982042267e-01
9.998859702176353670e-01
1.000135295514881006e+00
1.000692474467457682e+00
1.001753550737193299e+00
1.003599863964856231e+00
1.006620014132070029e+00
1.011322583960245103e+00
1.018353040215169703e+00
1.028471111183900222e+00
1.042468780462771027e+00
1.061119135627036192e+00
1.084949834548368797e+00
1.113879901131400896e+00
1.147269624027571266e+00
1.183903106858796406e+00
1.222239790581180818e+00
1.261993886166683954e+00
1.302211390338614327e+00
1.335337536466414399e+00
1.352800145581716684e+00
1.351541720508417477e+00
1.333406548448919260e+00
1.302827871172228091e+00
1.263534030654738460e+00
1.218423741043570541e+00
1.170532950651084647e+00
1.121581268385903440e+00
1.072781565998377928e+00
1.025565772218464122e+00
9.805170221533643371e-01
9.383652073950622396e-01
8.994355255244441683e-01
8.637662722319581210e-01
8.318660045942076753e-01
8.037779618025843176e-01
7.796669395485624765e-01
7.595589171702515907e-01
7.434643548671435731e-01
7.316537826674868183e-01
7.243289684037605980e-01
7.217996375344419846e-01
7.243495930449025400e-01
7.322519126863699102e-01
7.456475869808928403e-01
7.642758234806320550e-01
7.870358959506624785e-01
8.115839714189135856e-01
8.352027978793409302e-01
8.562794190685227846e-01
8.746027281529670239e-01
8.904700256384163737e-01
9.042785126622392422e-01
9.163124133343261146e-01
9.268353837080576252e-01
9.360316178581995494e-01
9.440844512343183892e-01
9.511277787728696920e-01
9.572915709003875229e-01
9.626847634867010672e-01
9.673954803523160395e-01
9.715197549537940569e-01
9.751258400806063209e-01
9.782775137903946261e-01
9.810371141691114349e-01
9.834510106586469291e-01
9.855629266138398181e-01
9.874146774586302078e-01
9.890374613991109731e-01
9.904591671289346699e-01
9.917074132297024613e-01
9.928049811640431432e-01
9.937700752760063594e-01
9.946190322917416449e-01
9.953671997009023720e-01
9.960275852396959229e-01
9.966112780447143882e-01
9.971274997296638576e-01
9.975842695306615937e-01
9.979888880417147057e-01
9.983476985170794960e-01
9.986661585116499706e-01
9.989489766233475843e-01
9.992002288253869491e-01
9.994234561755422908e-01
9.996217415650047178e-01
9.997977759761363936e-01
9.999539121347095216e-01
1.000092214455323703e+00
1.000214502690334628e+00
1.000322383737864973e+00
1.000417274953221636e+00
1.000500383290932493e+00
1.000572799079098907e+00
1.000635550824230169e+00
1.000689557078236813e+00
1.000735613777693711e+00
1.000774416439346393e+00
1.000806626069844496e+00
1.000832848818195675e+00
1.000853610588556375e+00
1.000869414793654766e+00
1.000880711270275336e+00
1.000887912525661561e+00
1.000891406470421519e+00
1.000891549193148045e+00
1.000888667710649216e+00
1.000883064102332964e+00
1.000875027461766376e+00
1.000864816727952800e+00
1.000852678691215747e+00
1.000838846533684601e+00
1.000823531760086205e+00
1.000806931347321127e+00
1.000789233235073628e+00
1.000770612402651860e+00
1.000751231433634425e+00
1.000731241494656309e+00
1.000710782676729194e+00
1.000689985049400654e+00
1.000668969248676987e+00
1.000647846151808462e+00
1.000626717328131576e+00
1.000605676761558094e+00
1.000584810246373690e+00
1.000564193677210278e+00
1.000543895723576826e+00
1.000523976957887085e+00
1.000504490706125793e+00
1.000485484343440090e+00
1.000466997417963633e+00
1.000449062797371669e+00
1.000431706911101948e+00
1.000414949911195617e+00
1.000398806418934861e+00
1.000383286174158837e+00
1.000368394625823720e+00
1.000354133291680325e+00
1.000340499744088119e+00
1.000327488196888215e+00
1.000315089873740071e+00
1.000303293447212249e+00
1.000292085148307919e+00
1.000281448673480789e+00
1.000271365625579056e+00
1.000261815973880308e+00
1.000252778439405743e+00
1.000244230583533733e+00
1.000236148938544067e+00
1.000228509729600646e+00
1.000221289390446966e+00
1.000214464096119471e+00
1.000208009735555681e+00
1.000201902500736040e+00
1.000196118565325198e+00
1.000190633708524235e+00
1.000185423797300466e+00
1.000180465120178663e+00
1.000175734123657900e+00
1.000171207017424457e+00
1.000166860003016911e+00
1.000162669941660809e+00
1.000158614720438210e+00
1.000154673037933595e+00
1.000150824090171531e+00
1.000147047609964090e+00
1.000143324374364928e+00
1.000139636512653363e+00
1.000135967493730238e+00
1.000132302130436024e+00
1.000128626625269579e+00
1.000124928985560047e+00
1.000121199612918232e+00
1.000117431734796947e+00
1.000113621245625861e+00
1.000109766906861930e+00
1.000105870672047592e+00
1.000101937798189455e+00
1.000097978044350633e+00
1.000094006283780645e+00
1.000090042651969657e+00
1.000086113822667100e+00
1.000082254750521704e+00
1.000078511195198860e+00
1.000074944236724273e+00
1.000071639305822657e+00
1.000068723669540693e+00
1.000066402659310905e+00
1.000065049864609534e+00
1.000065469793229189e+00
1.000069883893958789e+00
1.000087667353696030e+00
1.000207883934574493e+00
1.000051106985256455e+00
9.999939116792769811e-01
