1.000000000000000000e+00
9.999801122235251194e-01
9.999081351005226770e-01
9.997779568298068575e-01
9.996012387267219079e-01
9.994193625101939205e-01
9.993203504939180970e-01
9.994633262766022819e-01
1.000112387886551435e+00
1.001680165033865588e+00
1.004772878154076121e+00
1.010241436650587188e+00
1.019218409255895352e+00
1.033111425179915166e+00
1.053626748776507860e+00
1.082618151725131428e+00
1.121586044696965212e+00
1.171102079879153379e+00
1.229331719231654851e+00
1.291110360180008021e+00
1.352377108437776698e+00
1.422490650289545133e+00
1.522344710563309444e+00
1.588515865806624072e+00
1.598234456839394024e+00
1.563306295157250059e+00
1.499657419883347886e+00
1.421121244217620649e+00
1.336205802885257921e+00
1.253570105085372033e+00
1.177597772571032486e+00
1.110395149109238977e+00
1.055936248988173176e+00
1.012044993506318491e+00
9.761426161007848989e-01
9.469169017111698228e-01
9.222373553406318925e-01
9.010557505791121358e-01
8.823829314895705878e-01
8.652754868761667328e-01
8.496478948485749472e-01
8.350765150419157123e-01
8.213644138478256584e-01
8.082142133483635194e-01
7.952116852873430952e-01
7.823491711347358990e-01
7.694776704010093393e-01
7.567020900135836836e-01
7.441569192491765961e-01
7.322033408817776312e-01
7.213792911006996489e-01
7.124113016621294037e-01
7.062216268168528543e-01
7.038186164979386428e-01
7.063781337597400123e-01
7.151340951293637671e-01
7.314510588524980594e-01
7.563079871229219098e-01
7.888018828685452455e-01
8.225557160625844855e-01
8.503836406405568260e-01
8.718951936651896384e-01
8.893261565677735847e-01
9.039775269980407923e-01
9.165192995095787776e-01
9.273244117599569458e-01
9.366173498702231592e-01
9.446738368166718303e-01
9.516395653741754890e-01
9.576579568944962872e-01
9.628862975874205032e-01
9.674166830706416587e-01
9.713451914946275023e-01
9.747734846357171135e-01
9.777616464169083255e-01
9.803649640890599315e-01
9.826479748046421658e-01
9.846595639988295900e-01
9.864333619149179277e-01
9.880006510499346195e-01
9.893938887999406129e-01
9.906390783320657700e-01
9.917572635111894241e-01
9.927642372321922037e-01
9.936733917350696332e-01
9.944976908286403683e-01
9.952480845125473152e-01
9.959335351607715436e-01
9.965614102596576096e-01
9.971378078813436519e-01
9.976678197166448658e-01
9.981557167864781865e-01
9.986051066541907772e-01
9.990190488750764208e-01
9.994001700759883589e-01
9.997507635871536458e-01
1.000072844516867399e+00
1.000368175217628552e+00
1.000638085107993902e+00
1.000883861690391674e+00
1.001106957231310046e+00
1.001308698939601394e+00
1.001490180065133462e+00
1.001652327020068123e+00
1.001796184219853503e+00
1.001922781828353370e+00
1.002032983217480577e+00
1.002127741061706878e+00
1.002207923219309516e+00
1.002274371968582933e+00
1.002327948297649707e+00
1.002369481062257650e+00
1.002399766525294389e+00
1.002419576195894502e+00
1.002429704055086912e+00
1.002430873415084633e+00
1.002423815917662164e+00
1.002409256835794960e+00
1.002387869117637553e+00
1.002360302169155171e+00
1.002327203238730258e+00
1.002289193644728016e+00
1.002246867348598247e+00
1.002200792011041619e+00
1.002151507366812577e+00
1.002099527435704074e+00
1.002045340796977824e+00
1.001989406715700692e+00
1.001932155300114813e+00
1.001873994074063967e+00
1.001815303437440630e+00
1.001756426921716736e+00
1.001697682930333011e+00
1.001639359365321447e+00
1.001581716754664120e+00
1.001524993652666451e+00
1.001469396692911351e+00
1.001415105430597974e+00
1.001362272851842317e+00
1.001311025545394306e+00
1.001261466778131881e+00
1.001213679142097801e+00
1.001167726955093595e+00
1.001123657571015846e+00
1.001081500898730825e+00
1.001041271876629279e+00
1.001002971908107719e+00
1.000966590666064304e+00
1.000932106313956460e+00
1.000899484761379465e+00
1.000868681544277550e+00
1.000839643820608638e+00
1.000812312024344397e+00
1.000786620094950674e+00
1.000762495933246177e+00
1.000739864763742659e+00
1.000718651513303303e+00
1.000698778416644785e+00
1.000680164786866611e+00
1.000662729812638485e+00
1.000646390932023566e+00
1.000631061955148393e+00
1.000616655388911536e+00
1.000603084051293168e+00
1.000590259782559777e+00
1.000578091525546887e+00
1.000566486455092718e+00
1.000555353256191937e+00
1.000544603934462096e+00
1.000534152796275000e+00
1.000523914942157200e+00
1.000513806483171120e+00
1.000503747038506086e+00
1.000493661255084765e+00
1.000483478756655664e+00
1.000473134167259692e+00
1.000462567326808161e+00
1.000451725297657912e+00
1.000440565207055821e+00
1.000429056300500719e+00
1.000417179089028830e+00
1.000404926215511914e+00
1.000392303885746292e+00
1.000379332191506210e+00
1.000366050644466709e+00
1.000352520700339864e+00
1.000338825784169217e+00
1.000325076440644168e+00
1.000311417116221735e+00
1.000298035614332059e+00
1.000285180152232778e+00
1.000273194285480338e+00
1.000262584246726316e+00
1.000254157042930192e+00
1.000249366726361222e+00
1.000251325565722382e+00
1.000268600308227951e+00
1.000337298416928755e+00
1.000795825863197264e+00
1.000187195555319875e+00
9.999893389628196072e-01
