1.000000000000000000e+00
9.999832969392081772e-01
9.999229167196856949e-01
9.998141015138157783e-01
9.996673563971193444e-01
9.995183562258819210e-01
9.994418766635576601e-01
9.995719892328079892e-01
1.000130381977116123e+00
1.001463625381443068e+00
1.004083454895399852e+00
1.008713552377509259e+00
1.016325355904799776e+00
1.028137162559199957e+00
1.045634834844628713e+00
1.070458593042314943e+00
1.104041871365935235e+00
1.147247040074123925e+00
1.199270838184913313e+00
1.256556157755024605e+00
1.315225644861583998e+00
1.376650169437329652e+00
1.453942084379505451e+00
1.527062677588462147e+00
1.556481723204933720e+00
1.542503356768963441e+00
1.497089282601854032e+00
1.432554805781418139e+00
1.357524308859906936e+00
1.280231917668651409e+00
1.205357160570369013e+00
1.135558318254358490e+00
1.075480170445626493e+00
1.025180885486621118e+00
9.836882315976039903e-01
9.503672872250681358e-01
9.230052006513452811e-01
9.002444383928034366e-01
8.807341117617393245e-01
8.632399875554496171e-01
8.473995970444817560e-01
8.326069427538519419e-01
8.185314975588530162e-01
8.048095845072691379e-01
7.910288947344483734e-01
7.772175145220391324e-01
7.633417755896028112e-01
7.496761691716044007e-01
7.365839518806196473e-01
7.246755176678243426e-01
7.147196919094075396e-01
7.076144367917914790e-01
7.043778815114540848e-01
7.060641130450067138e-01
7.138562540089030684e-01
7.289210098054215159e-01
7.521876182799573929e-01
7.828919411893184854e-01
8.158014159036989232e-01
8.439622089843957786e-01
8.662205935956693859e-01
8.842999630469046135e-01
8.995637873554145347e-01
9.126416465699480618e-01
9.239360301881635040e-01
9.337166457435466249e-01
9.421652461412118873e-01
9.495091664002384135e-01
9.558766519440072829e-01
9.613935893593753557e-01
9.661951403950167494e-01
9.703649523989207326e-01
9.739883177251299484e-01
9.771535450832623537e-01
9.799157454222273689e-01
9.823252573906178231e-01
9.844386355383024645e-01
9.862995443406477047e-01
9.879391353584251467e-01
9.893861089722333357e-01
9.906695304211265984e-01
9.918129914245006340e-01
9.928358241664859696e-01
9.937529219929115420e-01
9.945769946740965484e-01
9.953201414431912530e-01
9.959926549002195983e-01
9.966030706432841280e-01
9.971584979808449933e-01
9.976648953510286466e-01
9.981272945578518740e-01
9.985499624889065950e-01
9.989365385758388616e-01
9.992901379033786169e-01
9.996134524527012788e-01
9.999088389390834442e-01
1.000178370686555906e+00
1.000423865310918092e+00
1.000646750816941211e+00
1.000848376888096913e+00
1.001030181827187171e+00
1.001193470964881538e+00
1.001339335617144277e+00
1.001468709079094577e+00
1.001582592511831349e+00
1.001681954443059963e+00
1.001767613950409697e+00
1.001840443135098679e+00
1.001901232887413729e+00
1.001950740919744565e+00
1.001989727933340069e+00
1.002018919173095490e+00
1.002039005236864400e+00
1.002050649244737413e+00
1.002054524719463879e+00
1.002051243496719035e+00
1.002041418271532924e+00
1.002025651729583577e+00
1.002004501133682002e+00
1.001978501349679807e+00
1.001948182027181389e+00
1.001914049380603799e+00
1.001876585417890153e+00
1.001836249074282703e+00
1.001793475212898299e+00
1.001748676597927545e+00
1.001702244324921276e+00
1.001654544980393968e+00
1.001605920935956018e+00
1.001556695644726158e+00
1.001507170223548071e+00
1.001457615947815460e+00
1.001408283549185763e+00
1.001359399107549342e+00
1.001311166586243528e+00
1.001263772136843144e+00
1.001217376386375868e+00
1.001172118291817403e+00
1.001128115597890167e+00
1.001085465025765897e+00
1.001044244729356603e+00
1.001004516412236534e+00
1.000966327248052457e+00
1.000929710944813644e+00
1.000894687404932037e+00
1.000861264695167785e+00
1.000829440201254528e+00
1.000799202068980209e+00
1.000770529404497289e+00
1.000743391717529018e+00
1.000717750415716534e+00
1.000693560387194037e+00
1.000670771313852070e+00
1.000649327868409211e+00
1.000629170086612785e+00
1.000610236010767817e+00
1.000592463561807088e+00
1.000575788676354216e+00
1.000560145135454215e+00
1.000545466758771207e+00
1.000531686137722476e+00
1.000518733170877583e+00
1.000506536884399056e+00
1.000495026695712442e+00
1.000484131405765087e+00
1.000473777697155064e+00
1.000463891016232898e+00
1.000454398135037781e+00
1.000445228565058908e+00
1.000436313757382401e+00
1.000427585922250007e+00
1.000418978196188302e+00
1.000410426593321356e+00
1.000401871192257097e+00
1.000393256095343908e+00
1.000384529446785464e+00
1.000375643601826514e+00
1.000366556697509512e+00
1.000357234878240797e+00
1.000347653905816925e+00
1.000337798498990738e+00
1.000327663019991320e+00
1.000317252606497176e+00
1.000306583442613695e+00
1.000295687112503273e+00
1.000284612612830637e+00
1.000273426430923429e+00
1.000262216662437753e+00
1.000251098459348897e+00
1.000240221664253637e+00
1.000229784567036706e+00
1.000220061983935427e+00
1.000211459428300920e+00
1.000204624355200966e+00
1.000200724836243227e+00
1.000202263045408824e+00
1.000216129337948345e+00
1.000271371005921672e+00
1.000640879352166834e+00
1.000151919570695380e+00
9.999896482934335085e-01
