1.000000000000000000e+00
9.999952755251759751e-01
9.999783711969936206e-01
9.999487159087540045e-01
9.999108107647612931e-01
9.998770095365183685e-01
9.998711880123870577e-01
9.999338663282452133e-01
1.000129361807319928e+00
1.000555615030383816e+00
1.001356343949507011e+00
1.002737014805090032e+00
1.004981513237680479e+00
1.008463333412018548e+00
1.013660373519828628e+00
1.021142782873924348e+00
1.031520089050144362e+00
1.045411180501593318e+00
1.063297280818492174e+00
1.085281840473412585e+00
1.111104651557843326e+00
1.140022443610869018e+00
1.170783100175955882e+00
1.202544403555187102e+00
1.234360946408134430e+00
1.262667667863268006e+00
1.281968513229700957e+00
1.287750272229879256e+00
1.279206069635220322e+00
1.258811449389113157e+00
1.229280686838208903e+00
1.193081948198581266e+00
1.152886732334614139e+00
1.110375395905810914e+00
1.066819627556002015e+00
1.023609152774739739e+00
9.815172999006240850e-01
9.414072384996001741e-01
9.038846282885205641e-01
8.693733667418580557e-01
8.386332135326149961e-01
8.120881493263100159e-01
7.901742888612305338e-01
7.731326103587825571e-01
7.610658300341657245e-01
7.541411714148255063e-01
7.523798410590347707e-01
7.557841688408504233e-01
7.642133644622322031e-01
7.773037498304082860e-01
7.942640283497389708e-01
8.136998298054863854e-01
8.338354749892945561e-01
8.531082669579940214e-01
8.707027949954075918e-01
8.863871620800175544e-01
9.002644346890668059e-01
9.124886323320710035e-01
9.232579058263217231e-01
9.327250494942614933e-01
9.410540789741912437e-01
9.483683739511981070e-01
9.547967750226253880e-01
9.604377546561115864e-01
9.653879995472797182e-01
9.697301463634495633e-01
9.735325453241802096e-01
9.768680894779707691e-01
9.797904891777207137e-01
9.823497092901508632e-01
9.845940285990131269e-01
9.865603953489949784e-01
9.882833550195013750e-01
9.897956101790840178e-01
9.911222392101484147e-01
9.922856338508010410e-01
9.933075919565783618e-01
9.942062973127292480e-01
9.949965292768455649e-01
9.956915195372471050e-01
9.963035775944065753e-01
9.968432108900459054e-01
9.973194336638034896e-01
9.977398237122211411e-01
9.981109911031574855e-01
9.984389228930906635e-01
9.987288381552932304e-01
9.989852503742758794e-01
9.992120721694953689e-01
9.994127048278995673e-01
9.995901140020250208e-01
9.997468901258910190e-01
9.998853007473038623e-01
1.000007333460017911e+00
1.000114735555039713e+00
1.000209048731891759e+00
1.000291635197871454e+00
1.000363697485967540e+00
1.000426267909401146e+00
1.000480275178039502e+00
1.000526584298399690e+00
1.000565966477821700e+00
1.000599092740177332e+00
1.000626550884705424e+00
1.000648891824627684e+00
1.000666617338562991e+00
1.000680164231045666e+00
1.000689944632013217e+00
1.000696326012789683e+00
1.000699643128268423e+00
1.000700207475360370e+00
1.000698303142981471e+00
1.000694189333357187e+00
1.000688103746961710e+00
1.000680271195786952e+00
1.000670892438757509e+00
1.000660156785090793e+00
1.000648241470223798e+00
1.000635306514932044e+00
1.000621499854209784e+00
1.000606961310443355e+00
1.000591820163023060e+00
1.000576195731539331e+00
1.000560198216708274e+00
1.000543929089436235e+00
1.000527481944630814e+00
1.000510943023301014e+00
1.000494391102180414e+00
1.000477897896298707e+00
1.000461529311447384e+00
1.000445345111359297e+00
1.000429397827550027e+00
1.000413734630331453e+00
1.000398396791825295e+00
1.000383420309553628e+00
1.000368836826174945e+00
1.000354672397397504e+00
1.000340948302703481e+00
1.000327681240534838e+00
1.000314883465595273e+00
1.000302563320348170e+00
1.000290725698545824e+00
1.000279372467158812e+00
1.000268502730437659e+00
1.000258112839485847e+00
1.000248196807474788e+00
1.000238746575763615e+00
1.000229752326809995e+00
1.000221202572941781e+00
1.000213084107007377e+00
1.000205382313463343e+00
1.000198081491356694e+00
1.000191165125695614e+00
1.000184615956937861e+00
1.000178416077849519e+00
1.000172547429677650e+00
1.000166992157675905e+00
1.000161732300244743e+00
1.000156749774912424e+00
1.000152026780735337e+00
1.000147545583548681e+00
1.000143288263352970e+00
1.000139237042025897e+00
1.000135374509941721e+00
1.000131683447686104e+00
1.000128146558526554e+00
1.000124746622521599e+00
1.000121466947631710e+00
1.000118291616445942e+00
1.000115205339869640e+00
1.000112193243317904e+00
1.000109240892190554e+00
1.000106334634340177e+00
1.000103461807751115e+00
1.000100610731514905e+00
1.000097770708640033e+00
1.000094932057367325e+00
1.000092086393120638e+00
1.000089227029141492e+00
1.000086349271145592e+00
1.000083450313530742e+00
1.000080529380072525e+00
1.000077587951423208e+00
1.000074629851073649e+00
1.000071662071822631e+00
1.000068695212320113e+00
1.000065743610672131e+00
1.000062826259687565e+00
1.000059968068809590e+00
1.000057201709492860e+00
1.000054570909480800e+00
1.000052137002288788e+00
1.000049991622730117e+00
1.000048283078241118e+00
1.000047281885570793e+00
1.000047571493098308e+00
1.000050764228042288e+00
1.000063666725440781e+00
1.000151022485355368e+00
1.000037271757555191e+00
9.999953631166392798e-01
