1.000000000000000000e+00
9.999830404340143142e-01
9.999217266461459808e-01
9.998111951295554078e-01
9.996620503386709489e-01
9.995104340477127813e-01
9.994321945050519407e-01
9.995634245011109087e-01
1.000129236999903526e+00
1.001481562452814611e+00
1.004139863248666886e+00
1.008838315109847450e+00
1.016561738628784628e+00
1.028544230486364786e+00
1.046290070536232575e+00
1.071457732833760224e+00
1.105488761620905924e+00
1.149229068197603842e+00
1.201804525707498517e+00
1.259532725762214422e+00
1.318492833223346539e+00
1.380462964984449981e+00
1.459383420847320645e+00
1.532449512472988218e+00
1.560422266342506470e+00
1.544740082920023738e+00
1.497768709204077453e+00
1.431982516785701876e+00
1.356013812169763355e+00
1.278132131174017694e+00
1.203001301824414337e+00
1.133246968142700650e+00
1.073514042289928305e+00
1.023716924934502615e+00
9.827363601061928078e-01
9.498379959684311036e-01
9.227857097833612743e-01
9.002336724785368061e-01
8.808574653926639630e-01
8.634475934696018706e-01
8.476658399979334346e-01
8.329234170411867755e-01
8.189021500330941894e-01
8.052444319768616854e-01
7.915372893999415016e-01
7.778043871257361852e-01
7.640005202333026713e-01
7.503842622316034827e-01
7.372988794551940117e-01
7.253349625072184059e-01
7.152450255012718916e-01
7.079168952798059467e-01
7.043644275261763399e-01
7.056404606884424391e-01
7.129303351823089718e-01
7.274155335046740278e-01
7.500926829168393928e-01
7.804350944584564909e-01
8.135776360359010528e-01
8.422765953942816797e-01
8.649332679049321904e-01
8.832565965994230162e-01
8.986881550196784696e-01
9.118950518961483898e-01
9.232944792784912869e-01
9.331625222278335796e-01
9.416838642435071405e-01
9.490895245645712963e-01
9.555091342540336097e-01
9.610700055070588999e-01
9.659090825115299594e-01
9.701107399606331283e-01
9.737611713063211161e-01
9.769497768181576447e-01
9.797321067954920526e-01
9.821589303912481306e-01
9.842874604082516576e-01
9.861618014591891912e-01
9.878133289242084780e-01
9.892709707040860945e-01
9.905640785071601062e-01
9.917164516956096243e-01
9.927475733381280198e-01
9.936724224999856636e-01
9.945037757994134031e-01
9.952538116332256823e-01
9.959328842059113063e-01
9.965495715359435902e-01
9.971110111320162783e-01
9.976231794308938472e-01
9.980911191646106850e-01
9.985191030474546148e-01
9.989107728639622374e-01
9.992692436191026317e-01
9.995972059290555434e-01
9.998970148395227575e-01
1.000170742006042834e+00
1.000420203254538620e+00
1.000646821123319263e+00
1.000851942387526838e+00
1.001037008127703798e+00
1.001203326864275489e+00
1.001351991372119388e+00
1.001483935560733673e+00
1.001600164969383089e+00
1.001701653815013637e+00
1.001789225409043249e+00
1.001863758819007133e+00
1.001926051540112494e+00
1.001976868410437094e+00
1.002016978419255189e+00
1.002047115303758007e+00
1.002067978265865245e+00
1.002080239199302891e+00
1.002084581303214872e+00
1.002081625356329386e+00
1.002071993549120243e+00
1.002056298319972782e+00
1.002035106122862951e+00
1.002008960904374524e+00
1.001978401614270320e+00
1.001943943555654526e+00
1.001906077564290287e+00
1.001865271137834856e+00
1.001821967388999202e+00
1.001776587038494037e+00
1.001729528834256921e+00
1.001681166631513076e+00
1.001631849677142583e+00
1.001581908006344612e+00
1.001531648938162489e+00
1.001481349396485809e+00
1.001431265398742276e+00
1.001381627849833089e+00
1.001332645124019427e+00
1.001284507455556749e+00
1.001237379052267285e+00
1.001191402027426625e+00
1.001146696861963781e+00
1.001103362592201895e+00
1.001061479314722336e+00
1.001021110344894938e+00
1.000982304174969917e+00
1.000945095557797204e+00
1.000909505156108992e+00
1.000875541551994097e+00
1.000843202423604694e+00
1.000812476014736330e+00
1.000783341336923815e+00
1.000755767598199508e+00
1.000729715727641134e+00
1.000705139990258674e+00
1.000681989326912102e+00
1.000660207554015635e+00
1.000639733742350268e+00
1.000620504916651665e+00
1.000602457967200820e+00
1.000585527745547099e+00
1.000569646888750164e+00
1.000554748060576316e+00
1.000540762656674687e+00
1.000527619307858496e+00
1.000515245739824532e+00
1.000503570064133596e+00
1.000492519748582998e+00
1.000482020082793078e+00
1.000471995079560417e+00
1.000462370092555675e+00
1.000453073260958670e+00
1.000444034692458350e+00
1.000435185257403825e+00
1.000426456759751392e+00
1.000417783930904969e+00
1.000409105642498853e+00
1.000400364864856950e+00
1.000391508685521957e+00
1.000382488482056242e+00
1.000373261526742219e+00
1.000363793260190315e+00
1.000354058935909451e+00
1.000344042944931955e+00
1.000333739516376719e+00
1.000323153872776372e+00
1.000312302505207640e+00
1.000301217618955185e+00
1.000289949186000893e+00
1.000278565019379506e+00
1.000267154971734351e+00
1.000255836487965455e+00
1.000244762382619834e+00
1.000234134855799040e+00
1.000224234109419186e+00
1.000215473551526069e+00
1.000208513149509537e+00
1.000204543411324476e+00
1.000206114388214829e+00
1.000220248010398549e+00
1.000276545750824031e+00
1.000653048051638239e+00
1.000154700867798452e+00
9.999896071689763355e-01
