1.000000000000000000e+00
9.999759667033811805e-01
9.998888743421865399e-01
9.997307083351775203e-01
9.995143707734387428e-01
9.992883484645506131e-01
9.991576019721342128e-01
9.993135383846856179e-01
1.000074690505708075e+00
1.001937343936586178e+00
1.005624891538153598e+00
1.012142675008277592e+00
1.022815828992828413e+00
1.039276095824332558e+00
1.063489269649113833e+00
1.097538787417975836e+00
1.142878323869555013e+00
1.199365714826356122e+00
1.263331615469823532e+00
1.327598609055015810e+00
1.389675514785895905e+00
1.484740872579041193e+00
1.608244424268253647e+00
1.650594178963536773e+00
1.631911349130335864e+00
1.571480185806204188e+00
1.487949933325476648e+00
1.396169315147678613e+00
1.304034024044113504e+00
1.220793319764157836e+00
1.149721736960640950e+00
1.090746669191993368e+00
1.044582572443726098e+00
1.007057935492072565e+00
9.752510167183722212e-01
9.482321023712098063e-01
9.244434239452420377e-01
9.033424445763702515e-01
8.843192470263872007e-01
8.666740767442442372e-01
8.505532032689306909e-01
8.356591280589623638e-01
8.218947079664786770e-01
8.090141057804625113e-01
7.966132635751506097e-01
7.846874350716233071e-01
7.730264012912272387e-01
7.616219938508089760e-01
7.504205458726780353e-01
7.395301581407487390e-01
7.291940825707907692e-01
7.198449823257379032e-01
7.121672929640783245e-01
7.070040704283001576e-01
7.054370194122594473e-01
7.086374070419333426e-01
7.180029826247131819e-01
7.349612168534767065e-01
7.607170903453451816e-01
7.943564376545649841e-01
8.289903367085488251e-01
8.567238316072567361e-01
8.777180852948394119e-01
8.944901786842063274e-01
9.085243867774819293e-01
9.204884601905484187e-01
9.307041533876245776e-01
9.395238807365654532e-01
9.471185942539561697e-01
9.536546454955322494e-01
9.593184113380197608e-01
9.642112698760263445e-01
9.684421373283913503e-01
9.721294907021484910e-01
9.753383783351996517e-01
9.781292886730198477e-01
9.805765804633471694e-01
9.827351848867891260e-01
9.846410180725519989e-01
9.863279679363213814e-01
9.878324042241592995e-01
9.891829559096602109e-01
9.904023947094355851e-01
9.915071717718692001e-01
9.925111091294904764e-01
9.934279304512029229e-01
9.942691092891151605e-01
9.950438543287504212e-01
9.957595843785634893e-01
9.964223197140059662e-01
9.970369955097466708e-01
9.976076774211702913e-01
9.981377431225074703e-01
9.986300119938744668e-01
9.990868769320655485e-01
9.995104181286349476e-01
9.999024604157594753e-01
1.000264593632679944e+00
1.000597925478231121e+00
1.000903583632720473e+00
1.001182976946559888e+00
1.001437408114372873e+00
1.001667924584004110e+00
1.001875400563426055e+00
1.002060904018753140e+00
1.002225518989291020e+00
1.002370142265969211e+00
1.002495814334981361e+00
1.002603488768102569e+00
1.002694106825809284e+00
1.002768652810641425e+00
1.002828085538516767e+00
1.002873335858558423e+00
1.002905315224867033e+00
1.002924975840978394e+00
1.002933187850755914e+00
1.002930841267809736e+00
1.002918825789584023e+00
1.002897969967508240e+00
1.002869077970925060e+00
1.002832956784704299e+00
1.002790384587618266e+00
1.002742108347946637e+00
1.002688844718427674e+00
1.002631277487184169e+00
1.002570060079533976e+00
1.002505815575817527e+00
1.002439131355038482e+00
1.002370559028622488e+00
1.002300622772086092e+00
1.002229813186840568e+00
1.002158574391784684e+00
1.002087319164256307e+00
1.002016421771317889e+00
1.001946221907134671e+00
1.001877031611181135e+00
1.001809122170924438e+00
1.001742730332780607e+00
1.001678058868298749e+00
1.001615276707638280e+00
1.001554522870248487e+00
1.001495909843389320e+00
1.001439526645237832e+00
1.001385440470228039e+00
1.001333696000260565e+00
1.001284318578505639e+00
1.001237316030928248e+00
1.001192680973403082e+00
1.001150391055039890e+00
1.001110407943962777e+00
1.001072679743292282e+00
1.001037143561464449e+00
1.001003727639927288e+00
1.000972351624000556e+00
1.000942927132457916e+00
1.000915362126149288e+00
1.000889563995522646e+00
1.000865436417553767e+00
1.000842879042769251e+00
1.000821791137942451e+00
1.000802069454336252e+00
1.000783605769939300e+00
1.000766289922009555e+00
1.000750011913786208e+00
1.000734660230995665e+00
1.000720119335408054e+00
1.000706271142018267e+00
1.000692999303721686e+00
1.000680191579674805e+00
1.000667738506955784e+00
1.000655531436391410e+00
1.000643462818618046e+00
1.000631429469581057e+00
1.000619334557946383e+00
1.000607087540192897e+00
1.000594604191720416e+00
1.000581806887494096e+00
1.000568627220650875e+00
1.000555009711163068e+00
1.000540914481356181e+00
1.000526316131931992e+00
1.000511204859202419e+00
1.000495588304096461e+00
1.000479491944866739e+00
1.000462966284443755e+00
1.000446090086101414e+00
1.000428970312875920e+00
1.000411748710780424e+00
1.000394610436311282e+00
1.000377796021133081e+00
1.000361622980294296e+00
1.000346530197419037e+00
1.000333163455037422e+00
1.000322550592128712e+00
1.000316541127476588e+00
1.000319090501879726e+00
1.000341081509783292e+00
1.000428373572227025e+00
1.001009592678913318e+00
1.000235433094190052e+00
9.999895831276727209e-01
