1.000000000000000000e+00
9.999980819113666319e-01
9.999912793456703364e-01
9.999796003289562751e-01
9.999653676450419582e-01
9.999544227900472038e-01
9.999576760173538581e-01
9.999931983814436265e-01
1.000089042999150912e+00
1.000287009537899729e+00
1.000647206735295169e+00
1.001254084068889050e+00
1.002222922332708821e+00
1.003704685782087713e+00
1.005893356808207573e+00
1.009023905773438035e+00
1.013355616862468667e+00
1.019167173951271987e+00
1.026707409544345140e+00
1.036109895656601054e+00
1.047398573523686149e+00
1.060393246016371860e+00
1.074589903611354424e+00
1.089389140447768467e+00
1.103968623563470475e+00
1.116989482779228826e+00
1.127054430339846869e+00
1.132381762014267546e+00
1.131360366857484312e+00
1.123863429034858807e+00
1.110299742072455187e+00
1.091581815334749184e+00
1.069274255499734316e+00
1.044554060233125581e+00
1.018509011099739014e+00
9.923533430755849816e-01
9.669501002881980556e-01
9.431633562133600046e-01
9.216687373857103127e-01
9.029489070898238934e-01
8.875280042260780267e-01
8.756673774554740719e-01
8.675184215646204455e-01
8.630494039120657490e-01
8.620347536499778363e-01
8.641878178555114642e-01
8.690216230903095029e-01
8.759647937378988169e-01
8.843541944734650828e-01
8.935525294641248895e-01
9.030143470570602959e-01
9.123257473766946957e-01
9.212232730883055387e-01
9.295413670665534367e-01
9.372129024190344326e-01
9.442062081890779668e-01
9.505398895245145141e-01
9.562361408024927512e-01
9.613422103767896854e-01
9.658979747134572857e-01
9.699556112242185835e-01
9.735576409237493012e-01
9.767522541970730110e-01
9.795786767142061757e-01
9.820768570427779176e-01
9.842822785004714525e-01
9.862254610175548164e-01
9.879387001352754050e-01
9.894470437072797608e-01
9.907739302306215468e-01
9.919419091930861132e-01
9.929689586373654508e-01
9.938718356337127302e-01
9.946662967601022087e-01
9.953648991633725629e-01
9.959788901276188655e-01
9.965190293575905134e-01
9.969944515084634418e-01
9.974127616933946561e-01
9.977807673496849050e-01
9.981047389922691471e-01
9.983900886182559553e-01
9.986415045183424377e-01
9.988629876177101963e-01
9.990580462874523171e-01
9.992298424960391889e-01
9.993811470108741046e-01
9.995143736618931074e-01
9.996316290084409362e-01
9.997347552066907506e-01
9.998253666712653143e-01
9.999048800337400067e-01
9.999745402626134538e-01
1.000035442499470406e+00
1.000088552054857249e+00
1.000134721978042318e+00
1.000174706823859561e+00
1.000209173570656862e+00
1.000238700350731369e+00
1.000263804917620680e+00
1.000284962437311798e+00
1.000302595755313995e+00
1.000317074670185491e+00
1.000328724105178146e+00
1.000337843559653495e+00
1.000344703572302985e+00
1.000349540642868629e+00
1.000352573915537890e+00
1.000353998254328358e+00
1.000353989667304822e+00
1.000352709677556851e+00
1.000350304312398908e+00
1.000346905625900229e+00
1.000342633498209954e+00
1.000337599420206613e+00
1.000331902519183025e+00
1.000325634809696496e+00
1.000318881249422587e+00
1.000311718000523875e+00
1.000304214665610925e+00
1.000296436046582693e+00
1.000288441383161420e+00
1.000280284745487913e+00
1.000272015508537837e+00
1.000263678633757536e+00
1.000255315117105859e+00
1.000246962294617736e+00
1.000238653889730323e+00
1.000230420250237895e+00
1.000222288907384627e+00
1.000214284508847085e+00
1.000206428449416318e+00
1.000198739649708068e+00
1.000191234390718442e+00
1.000183926595995310e+00
1.000176828225040948e+00
1.000169948824423782e+00
1.000163295872007030e+00
1.000156874878605828e+00
1.000150689464775144e+00
1.000144741589271247e+00
1.000139031749307295e+00
1.000133559163122188e+00
1.000128321889731886e+00
1.000123316848372967e+00
1.000118539994994116e+00
1.000113986439694402e+00
1.000109650581508136e+00
1.000105526154969615e+00
1.000101606222037365e+00
1.000097883303626256e+00
1.000094349514945913e+00
1.000090996679873667e+00
1.000087816365824223e+00
1.000084799928440793e+00
1.000081938711035345e+00
1.000079224188389126e+00
1.000076647850105305e+00
1.000074201198833723e+00
1.000071875910029773e+00
1.000069663750531523e+00
1.000067556481779807e+00
1.000065545988549687e+00
1.000063624367788284e+00
1.000061783859254039e+00
1.000060016741018298e+00
1.000058315388950625e+00
1.000056672451698159e+00
1.000055080945875918e+00
1.000053534198058536e+00
1.000052025760458374e+00
1.000050549419899015e+00
1.000049099330402091e+00
1.000047670093443530e+00
1.000046256754036467e+00
1.000044854801730221e+00
1.000043460183109412e+00
1.000042069412421908e+00
1.000040679729023996e+00
1.000039289214286642e+00
1.000037896754245592e+00
1.000036502098791802e+00
1.000035105956474046e+00
1.000033710036741352e+00
1.000032317384458969e+00
1.000030932568357178e+00
1.000029561760648722e+00
1.000028213136192390e+00
1.000026897432179984e+00
1.000025628780129461e+00
1.000024426185845972e+00
1.000023316442085530e+00
1.000022339785009207e+00
1.000021561696164740e+00
1.000021102142248264e+00
1.000021220566503333e+00
1.000022634921281961e+00
1.000028377808048097e+00
1.000067204067785598e+00
1.000016396345448921e+00
9.999982173477056646e-01
