1.000000000000000000e+00
9.999743482049238130e-01
9.998813460349456061e-01
9.997121826805929201e-01
9.994801408492919315e-01
9.992363391541799755e-01
9.990921793171604337e-01
9.992514299852753856e-01
1.000053388379894770e+00
1.002025873930270983e+00
1.005935659831303397e+00
1.012844269615588599e+00
1.024146099280535571e+00
1.041552917240537113e+00
1.067122156621000739e+00
1.103007613367701589e+00
1.150589844098762082e+00
1.209320137859485778e+00
1.274677077743541220e+00
1.338816750585081872e+00
1.400901921903401570e+00
1.513888734521777746e+00
1.638301604075729445e+00
1.669138019211768187e+00
1.639608330252572799e+00
1.570072307896297703e+00
1.480014568495328531e+00
1.384576814462406880e+00
1.291382565900473844e+00
1.209856245570259281e+00
1.142192923624631762e+00
1.086752925425465754e+00
1.043093627804874357e+00
1.007077822564954372e+00
9.760127386433458119e-01
9.492316381549558146e-01
9.253835391292960511e-01
9.040788354070972144e-01
8.848008005645661145e-01
8.668974012521196704e-01
8.505650733235852190e-01
8.355258489330769089e-01
8.217014584864356097e-01
8.088563413620976084e-01
7.965909582114418797e-01
7.849110503993798060e-01
7.736028026725753071e-01
7.626433132202917742e-01
7.519418748055820556e-01
7.415444643898035926e-01
7.316069886772049724e-01
7.224558329762094111e-01
7.146687079084563798e-01
7.089965290601588643e-01
7.064566828637597329e-01
7.081736712669954859e-01
7.155147073032630534e-01
7.299188038919722787e-01
7.528242804003061339e-01
7.844334968224988547e-01
8.201858108066744091e-01
8.506979395089212526e-01
8.735248907289818732e-01
8.912519940134210339e-01
9.058619076960163774e-01
9.182372166834366078e-01
9.287657580981496519e-01
9.378376946273694337e-01
9.456356991378663812e-01
9.523354812084746657e-01
9.581350354164651639e-01
9.631389375074232984e-01
9.674608031406315423e-01
9.712255393108168988e-01
9.744996979655297098e-01
9.773454394869014461e-01
9.798408015040810382e-01
9.820428616021270596e-01
9.839881537775030385e-01
9.857113639580591391e-01
9.872502462972546633e-01
9.886343076662968965e-01
9.898868499803966658e-01
9.910244324827897078e-01
9.920609120304939577e-01
9.930102036448562597e-01
9.938838895703462351e-01
9.946911854733893055e-01
9.954394480829075187e-01
9.961345925302113047e-01
9.967814254687688003e-01
9.973838719361515226e-01
9.979451659898359583e-01
9.984679854151746747e-01
9.989545896851527162e-01
9.994069388933739528e-01
9.998267514155099178e-01
1.000215521623676107e+00
1.000574244643952948e+00
1.000903963951000231e+00
1.001206054590090044e+00
1.001481795266892405e+00
1.001732202442633612e+00
1.001958118266496500e+00
1.002160611166210691e+00
1.002340779251888137e+00
1.002499525961692228e+00
1.002637921639784047e+00
1.002756949585215995e+00
1.002857586873056928e+00
1.002940864161132373e+00
1.003007789824613250e+00
1.003059346587084066e+00
1.003096500341655428e+00
1.003120265549076739e+00
1.003131570221892366e+00
1.003131367227793502e+00
1.003120611824878994e+00
1.003100194710709214e+00
1.003070982039488079e+00
1.003033844985300460e+00
1.002989624887664855e+00
1.002939130433580850e+00
1.002883138474898628e+00
1.002822391090172349e+00
1.002757598196276412e+00
1.002689437452452648e+00
1.002618548288136457e+00
1.002545531737582873e+00
1.002470959485960877e+00
1.002395367069289778e+00
1.002319239662301964e+00
1.002243028607930908e+00
1.002167143506713209e+00
1.002091956481040880e+00
1.002017809711092333e+00
1.001945001040458250e+00
1.001873790743911918e+00
1.001804402112608461e+00
1.001737021567756125e+00
1.001671802938402855e+00
1.001608871136647760e+00
1.001548325489485469e+00
1.001490241518739444e+00
1.001434670164300655e+00
1.001381641242462983e+00
1.001331165423634539e+00
1.001283236743739868e+00
1.001237832854772858e+00
1.001194913897982319e+00
1.001154425138224058e+00
1.001116299768802342e+00
1.001080461232444874e+00
1.001046823508010775e+00
1.001015291725789069e+00
1.000985766948626399e+00
1.000958149549971754e+00
1.000932335762787728e+00
1.000908217331796690e+00
1.000885685503204892e+00
1.000864628685007141e+00
1.000844929750583479e+00
1.000826469361959514e+00
1.000809128278814297e+00
1.000792785512881311e+00
1.000777315580493321e+00
1.000762590122751039e+00
1.000748482603897926e+00
1.000734870909117724e+00
1.000721635889612049e+00
1.000708659210593376e+00
1.000695823666118089e+00
1.000683016760270494e+00
1.000670132886923636e+00
1.000657073259166419e+00
1.000643745943587959e+00
1.000630066167647048e+00
1.000615959189726345e+00
1.000601364363664869e+00
1.000586238069807621e+00
1.000570552479290276e+00
1.000554296774012197e+00
1.000537479166835553e+00
1.000520127322056085e+00
1.000502296221094545e+00
1.000484071688751087e+00
1.000465570294425177e+00
1.000446946519685465e+00
1.000428402136794181e+00
1.000410199192253380e+00
1.000392683463653842e+00
1.000376332692753722e+00
1.000361849512680923e+00
1.000350351664955673e+00
1.000343849572116195e+00
1.000346641603163445e+00
1.000370552294027604e+00
1.000465405671635555e+00
1.001096422822338683e+00
1.000254903283363861e+00
9.999898782874323544e-01
