1.000000000000000000e+00
9.999772873725706335e-01
9.998950130999424424e-01
9.997457874358001151e-01
9.995421529294530316e-01
9.993303791898124899e-01
9.992100812924786801e-01
9.993624483042479190e-01
1.000088817311258760e+00
1.001859198261608075e+00
1.005360497582988621e+00
1.011550375631226739e+00
1.021694847081157986e+00
1.037357075240066484e+00
1.060423718829272666e+00
1.092911873429335490e+00
1.136309673150635691e+00
1.190749710586483934e+00
1.253204905867395080e+00
1.317101833132078070e+00
1.379125850765268835e+00
1.463596515220352057e+00
1.582035183331411687e+00
1.633064605856073159e+00
1.623460347542497573e+00
1.570848974191073832e+00
1.493164530556744696e+00
1.404998486811470881e+00
1.314472899381858184e+00
1.230645799592102518e+00
1.157318957499001488e+00
1.095413947519346287e+00
1.046816126731606511e+00
1.007654941043401475e+00
9.749232544427318681e-01
9.474967311882158683e-01
9.236308545750825383e-01
9.026354828064475644e-01
8.838012396502645807e-01
8.663704472056547035e-01
8.504326467265206357e-01
8.356632054227471906e-01
8.219420205577695482e-01
8.090111266710086069e-01
7.964626673255350564e-01
7.842864356795483660e-01
7.722823524172295340e-01
7.604653439724302633e-01
7.488263894944844346e-01
7.375400715793815065e-01
7.269345768829773569e-01
7.175363297381881500e-01
7.101144740040770120e-01
7.055773935024084453e-01
7.050475866235625944e-01
7.097253862826041759e-01
7.210216272603817700e-01
7.403110265734228479e-01
7.684460693745414073e-01
8.031011602488984380e-01
8.360037769526202922e-01
8.615433073528276919e-01
8.812529187304216638e-01
8.973160874788579378e-01
9.108830596928204626e-01
9.224960551421845789e-01
9.324374428766356582e-01
9.410327393880048019e-01
9.484442834551229939e-01
9.548310135922321029e-01
9.603699554861861998e-01
9.651597122334508727e-01
9.693052401710352539e-01
9.729197155939148800e-01
9.760667812214658401e-01
9.788054133114845179e-01
9.812069045698158520e-01
9.833243464747628559e-01
9.851930376660630317e-01
9.868461245049984232e-01
9.883187881486107385e-01
9.896388805713522974e-01
9.908286814077251758e-01
9.919044923446441731e-01
9.928800523461562832e-01
9.937688856861023323e-01
9.945823379374006956e-01
9.953295755075383111e-01
9.960180342077034066e-01
9.966537894988518609e-01
9.972418538613272432e-01
9.977863830123286926e-01
9.982908498528034746e-01
9.987581698332572699e-01
9.991908275852046106e-01
9.995909863367764547e-01
9.999605447630289801e-01
1.000301159243115912e+00
1.000614018849649511e+00
1.000900311202961523e+00
1.001161465972544518e+00
1.001398799651019633e+00
1.001613379730979636e+00
1.001806101920650782e+00
1.001978030331852620e+00
1.002130234753719318e+00
1.002263604011694342e+00
1.002379152473250157e+00
1.002477807971777990e+00
1.002560481421721050e+00
1.002628118589993012e+00
1.002681637382345947e+00
1.002721926048492529e+00
1.002749851535770231e+00
1.002766315429391764e+00
1.002772140857750793e+00
1.002768166939225214e+00
1.002755230402051945e+00
1.002734109625635917e+00
1.002705558804225738e+00
1.002670333252291934e+00
1.002629160354720605e+00
1.002582737487531794e+00
1.002531732970556533e+00
1.002476783824830742e+00
1.002418498183470508e+00
1.002357455397089980e+00
1.002294201165450316e+00
1.002229247547509416e+00
1.002163080721003574e+00
1.002096155369476715e+00
1.002028882810661825e+00
1.001961645028378367e+00
1.001894788092963173e+00
1.001828625836048925e+00
1.001763446274560820e+00
1.001699499545201766e+00
1.001637003669826775e+00
1.001576145104759785e+00
1.001517078888405354e+00
1.001459932293833566e+00
1.001404807969504818e+00
1.001351786787005427e+00
1.001300929377994420e+00
1.001252275514410872e+00
1.001205847054604803e+00
1.001161649639529472e+00
1.001119674836305817e+00
1.001079900375034359e+00
1.001042289223536441e+00
1.001006791828758402e+00
1.000973348499716309e+00
1.000941891380772608e+00
1.000912344709411261e+00
1.000884625349029777e+00
1.000858646828732601e+00
1.000834322199233295e+00
1.000811561134881122e+00
1.000790269648192066e+00
1.000770353456085227e+00
1.000751716013619230e+00
1.000734256246185616e+00
1.000717871350529808e+00
1.000702458740381440e+00
1.000687914492065289e+00
1.000674131029990033e+00
1.000660998490018549e+00
1.000648408674791545e+00
1.000636257239502003e+00
1.000624442464394193e+00
1.000612863440235367e+00
1.000601420331515001e+00
1.000590017390658559e+00
1.000578564792331981e+00
1.000566978573086629e+00
1.000555180659951304e+00
1.000543099129797220e+00
1.000530670627722385e+00
1.000517843792348538e+00
1.000504581727847508e+00
1.000490860968824114e+00
1.000476672515614673e+00
1.000462023546790924e+00
1.000446937789437385e+00
1.000431462166012642e+00
1.000415669797976470e+00
1.000399659974512190e+00
1.000383564268787717e+00
1.000367554564721040e+00
1.000351854205735469e+00
1.000336758122825742e+00
1.000322674140858847e+00
1.000310202589512754e+00
1.000300299405581184e+00
1.000294685383630533e+00
1.000297041566593936e+00
1.000317497114693976e+00
1.000398738459195469e+00
1.000940069354769646e+00
1.000219794172045207e+00
9.999894258312481687e-01
