1.000000000000000000e+00
9.999901392912484699e-01
9.999546252846722716e-01
9.998912824588459536e-01
9.998075310884189104e-01
9.997260981673435909e-01
9.996928321914704263e-01
9.997879458134227848e-01
1.000142000086714278e+00
1.000957789683268206e+00
1.002536224631424666e+00
1.005308558953108777e+00
1.009865612584039063e+00
1.016968468899841938e+00
1.027566507199799029e+00
1.042748400998965375e+00
1.063588329877587890e+00
1.091035639494871257e+00
1.125476994948766185e+00
1.166081093118143563e+00
1.211109087377669757e+00
1.258570350198431553e+00
1.307640846698356007e+00
1.360660023440235067e+00
1.409790804835587386e+00
1.436527816422001669e+00
1.436197863053699342e+00
1.412747703184339398e+00
1.372321817761621654e+00
1.321604474346250280e+00
1.265157613736362041e+00
1.206082266153877258e+00
1.148030698370455571e+00
1.092622265646691515e+00
1.040872631388422453e+00
9.943030494053343160e-01
9.529339178063265248e-01
9.169334141576862551e-01
8.857032521278549453e-01
8.582541581952142229e-01
8.341884288752690058e-01
8.126926661524225270e-01
7.932688323245886686e-01
7.754738993766813193e-01
7.590025596907152838e-01
7.440782837522543769e-01
7.309950766764524710e-01
7.203513288433239792e-01
7.128103108123622356e-01
7.091442948456372353e-01
7.101562991946128722e-01
7.166481092748626658e-01
7.293916050103066429e-01
7.488307417098402086e-01
7.744274283953307414e-01
8.032263078513326438e-01
8.305290347829971109e-01
8.537438930298444362e-01
8.731538113050516525e-01
8.896129815533860841e-01
9.037950926741429303e-01
9.160798744233256130e-01
9.267803284408897557e-01
9.360986507048001393e-01
9.442254434673401642e-01
9.513143447353415993e-01
9.574840616085462663e-01
9.628725966524941393e-01
9.675705077789664710e-01
9.716641161523038583e-01
9.752407316372402324e-01
9.783613702202610396e-01
9.810850844019124439e-01
9.834699398528521375e-01
9.855567133726235163e-01
9.873820949023792704e-01
9.889839981096300026e-01
9.903929811726406296e-01
9.916325622498913805e-01
9.927240141294638720e-01
9.936878178491073133e-01
9.945410768706541838e-01
9.952981797770412697e-01
9.959708022376910774e-01
9.965690349047685581e-01
9.971021887489617264e-01
9.975782980943300737e-01
9.980041958502400279e-01
9.983857135715319409e-01
9.987278502280517722e-01
9.990349122497766965e-01
9.993106200417944951e-01
9.995581994041951024e-01
9.997804535595264941e-01
9.999798314659451570e-01
1.000158487357251991e+00
1.000318321175002190e+00
1.000461005671545278e+00
1.000587935531310757e+00
1.000700385088279853e+00
1.000799596912290479e+00
1.000886685752367278e+00
1.000962607662502890e+00
1.001028192983534293e+00
1.001084258990376785e+00
1.001131567581050152e+00
1.001170774548475251e+00
1.001202529409863873e+00
1.001227415454990055e+00
1.001245975626080753e+00
1.001258732440224675e+00
1.001266172258640008e+00
1.001268747854868080e+00
1.001266883747871095e+00
1.001260995869307502e+00
1.001251458930207061e+00
1.001238637405869936e+00
1.001222881585093205e+00
1.001204511849389522e+00
1.001183830526266361e+00
1.001161130867697535e+00
1.001136689157536175e+00
1.001110765003705882e+00
1.001083602459215127e+00
1.001055430066580820e+00
1.001026462252563753e+00
1.000996899939840423e+00
1.000966929563013474e+00
1.000936723529410877e+00
1.000906443013580560e+00
1.000876236591115687e+00
1.000846236908880860e+00
1.000816565290662430e+00
1.000787329970415751e+00
1.000758627453513849e+00
1.000730544699052871e+00
1.000703155596514460e+00
1.000676522908498178e+00
1.000650698593948951e+00
1.000625723994708727e+00
1.000601631087586707e+00
1.000578443568493681e+00
1.000556177837201188e+00
1.000534843571307730e+00
1.000514443630732053e+00
1.000494975051254398e+00
1.000476429648018195e+00
1.000458794750745950e+00
1.000442053348107097e+00
1.000426183870355867e+00
1.000411160939161714e+00
1.000396956155607864e+00
1.000383538757156243e+00
1.000370875742944810e+00
1.000358932078487362e+00
1.000347671971452135e+00
1.000337059778914961e+00
1.000327059144217712e+00
1.000317632931092549e+00
1.000308744273762152e+00
1.000300355986877276e+00
1.000292429879384049e+00
1.000284927620079145e+00
1.000277811337590750e+00
1.000271043144142613e+00
1.000264584424139569e+00
1.000258396249262161e+00
1.000252440587174885e+00
1.000246680966476953e+00
1.000241082094265099e+00
1.000235609293724570e+00
1.000230228579333414e+00
1.000224907576431121e+00
1.000219616079947027e+00
1.000214326033453949e+00
1.000209011537356529e+00
1.000203648930087841e+00
1.000198217534076006e+00
1.000192700713691929e+00
1.000187086644989121e+00
1.000181368015483852e+00
1.000175542366117165e+00
1.000169612650993578e+00
1.000163587400166199e+00
1.000157482828222921e+00
1.000151323858840424e+00
1.000145144271327613e+00
1.000138988817350416e+00
1.000132916068333211e+00
1.000127002476257632e+00
1.000121349662810077e+00
1.000116099137467573e+00
1.000111460747222347e+00
1.000107771375948751e+00
1.000105641508594045e+00
1.000106382532662375e+00
1.000113610898626604e+00
1.000142581414452669e+00
1.000337588575530345e+00
1.000081830765739754e+00
9.999918444367028592e-01
