1.000000000000000000e+00
9.999852540191047634e-01
9.999319939482572694e-01
9.998362489054485325e-01
9.997077302584697067e-01
9.995785106979963031e-01
9.995151568362374839e-01
9.996363176175545595e-01
1.000137541766229710e+00
1.001324362400836776e+00
1.003649015703846459e+00
1.007753843777362768e+00
1.014505948045865580e+00
1.024999896119338505e+00
1.040577137247296058e+00
1.062732838614337982e+00
1.092824694837747135e+00
1.131805454428608915e+00
1.179345513975922133e+00
1.232800182881681472e+00
1.288748416642189198e+00
1.346377298962347480e+00
1.412817422577019144e+00
1.483555143910674889e+00
1.522816618813798817e+00
1.521724179523969989e+00
1.488630063327404107e+00
1.434348582298814456e+00
1.367305557108844383e+00
1.295441195849770910e+00
1.223512470479144687e+00
1.154388586452158361e+00
1.092552784053792525e+00
1.038885758916868962e+00
9.934026492530418917e-01
9.563714797979638860e-01
9.260043205535212207e-01
9.010124392034382090e-01
8.799092053089920817e-01
8.612905963312679214e-01
8.446149535363993710e-01
8.291369443456856336e-01
8.144270571094676114e-01
8.000729002596909112e-01
7.856707657375543441e-01
7.712916426986509144e-01
7.569999448572808376e-01
7.431981780409567806e-01
7.304001214272667353e-01
7.193517692814900277e-01
7.109212918704074236e-01
7.060573140341407372e-01
7.057909514635618553e-01
7.111697818779270097e-01
7.233234788145277427e-01
7.431783112210335052e-01
7.707553771673625320e-01
8.027802507141614807e-01
8.325564739416861926e-01
8.566863467087570960e-01
8.762210685528475373e-01
8.925562027909144103e-01
9.065514466428945539e-01
9.186243037455726901e-01
9.290891602105421088e-01
9.381739802448451071e-01
9.460401117023924389e-01
9.528877883262316661e-01
9.588347236351275615e-01
9.639958423742706062e-01
9.684927134854799391e-01
9.724031715435573764e-01
9.758054565558212934e-01
9.787794652429957498e-01
9.813767374345822025e-01
9.836441467564974728e-01
9.856331407073412043e-01
9.873839143353805303e-01
9.889257725970109769e-01
9.902855673508604850e-01
9.914901018396293786e-01
9.925613058177038539e-01
9.935172845642825656e-01
9.943721999875160256e-01
9.951381823308209640e-01
9.958266710113218290e-01
9.964474378035239610e-01
9.970086473402508531e-01
9.975171501551020059e-01
9.979787275313245498e-01
9.983982918254210581e-01
9.987800329533956800e-01
9.991275432272985757e-01
9.994439122503064876e-01
9.997318192192649056e-01
9.999936131071563983e-01
1.000231361929092566e+00
1.000446881032826862e+00
1.000641625295716430e+00
1.000816953972245349e+00
1.000974274218541682e+00
1.001114858417628151e+00
1.001239778881393150e+00
1.001349957143989222e+00
1.001446355538604394e+00
1.001529894782412944e+00
1.001601357599626319e+00
1.001661560036157583e+00
1.001711240115182200e+00
1.001751099262779832e+00
1.001781833657966025e+00
1.001804102852518419e+00
1.001818531226972953e+00
1.001825714695619762e+00
1.001826253111724796e+00
1.001820690299136896e+00
1.001809567028298931e+00
1.001793412317982579e+00
1.001772714084077309e+00
1.001747938799731896e+00
1.001719546212360479e+00
1.001687974312100993e+00
1.001653638916370603e+00
1.001616934827524563e+00
1.001578235176834308e+00
1.001537893243214405e+00
1.001496242958628713e+00
1.001453596652071454e+00
1.001410245410495392e+00
1.001366463625660952e+00
1.001322506215466479e+00
1.001278602405198948e+00
1.001234963603280681e+00
1.001191780017592237e+00
1.001149222840918673e+00
1.001107447915425164e+00
1.001066589306373045e+00
1.001026762579467988e+00
1.000988065223646917e+00
1.000950576844739537e+00
1.000914361259140239e+00
1.000879468300021280e+00
1.000845935456294633e+00
1.000813788791146575e+00
1.000783042680489787e+00
1.000753701488116265e+00
1.000725760555173594e+00
1.000699207428587423e+00
1.000674022047030487e+00
1.000650176290405202e+00
1.000627635249099923e+00
1.000606358565935050e+00
1.000586301550837387e+00
1.000567415357709100e+00
1.000549647307004797e+00
1.000532943112642847e+00
1.000517248460370823e+00
1.000502507451300094e+00
1.000488662463632217e+00
1.000475655997848712e+00
1.000463429617150179e+00
1.000451922721095732e+00
1.000441074074462700e+00
1.000430822868181524e+00
1.000421107874044591e+00
1.000411866184353737e+00
1.000403033951194454e+00
1.000394548534619510e+00
1.000386349687343746e+00
1.000378378882246677e+00
1.000370578320590287e+00
1.000362891070858851e+00
1.000355262704554216e+00
1.000347642290948080e+00
1.000339982362290492e+00
1.000332238928863138e+00
1.000324371621331254e+00
1.000316345009538033e+00
1.000308130471447843e+00
1.000299707546712380e+00
1.000291063386899326e+00
1.000282193337524994e+00
1.000273101896267169e+00
1.000263802952557457e+00
1.000254323457361760e+00
1.000244705137202983e+00
1.000235004598589494e+00
1.000225296842394584e+00
1.000215679930314128e+00
1.000206281549186116e+00
1.000197270829638940e+00
1.000188882412618829e+00
1.000181462898789064e+00
1.000175566334654986e+00
1.000172193240435270e+00
1.000173488171550495e+00
1.000185358566709537e+00
1.000232711491298332e+00
1.000549929767763802e+00
1.000131064605600972e+00
9.999900589222204816e-01
