1.000000000000000000e+00
9.873759499602997591e-01
9.779754146128187831e-01
9.667239579739503874e-01
9.541962784378311691e-01
9.411130438846939672e-01
9.278195563230893228e-01
9.144368092921301150e-01
9.009946611609572775e-01
8.874918261936286523e-01
8.739180113585992560e-01
8.602614154711211158e-01
8.465111467792600930e-01
8.326580691602740725e-01
8.186953498411271291e-01
8.046191920170328027e-01
7.904299578436708718e-01
7.761337865728848984e-01
7.617447745684446936e-01
7.472877678589154860e-01
7.328017966029524155e-01
7.183441343732829276e-01
7.039949312784676838e-01
6.898623501238523303e-01
6.760880923880753235e-01
6.628525840756587240e-01
6.503785125921272003e-01
6.389317578207114323e-01
6.288190375314575142e-01
6.203813071096612175e-01
6.139787873030289056e-01
6.099684363272170895e-01
6.086865614665396551e-01
6.104532356733487486e-01
6.155902336979465206e-01
6.244304931621661447e-01
6.373355703241502246e-01
6.547382860940658134e-01
6.772020777659589763e-01
7.053534819973115155e-01
7.396939736903922480e-01
7.804903158016953668e-01
8.277625659224873145e-01
8.812563457003287359e-01
9.403021190388756168e-01
1.003781665166434189e+00
1.070303819009251756e+00
1.138474326960720262e+00
1.206929699829270008e+00
1.274247894823242522e+00
1.339075008182971649e+00
1.400290511859859865e+00
1.457079203215863483e+00
1.508820549673070222e+00
1.555008697021331709e+00
1.595303838097428262e+00
1.629592012123876943e+00
1.657920074088292006e+00
1.680379954490549999e+00
1.697106643372168877e+00
1.708309075308624081e+00
1.714277754496767336e+00
1.715326441401193946e+00
1.711750482402296214e+00
1.703846942599100744e+00
1.691938419158191431e+00
1.676356424152534830e+00
1.657407248073505368e+00
1.635375734076323306e+00
1.610541600539123763e+00
1.583187552708702039e+00
1.553583532611614970e+00
1.521976041030520088e+00
1.488599101981587181e+00
1.453685986850230760e+00
1.417465317484141396e+00
1.380150754052545947e+00
1.341944865973912826e+00
1.303047054371240021e+00
1.263657289459553468e+00
1.224016070003834944e+00
1.184763407785049960e+00
1.146461579504287620e+00
1.109103421170192227e+00
1.071982433050222783e+00
1.034380195397793356e+00
9.962781160019508198e-01
9.578622300976935566e-01
9.193392332490017971e-01
8.809035349000580162e-01
8.427402513565965814e-01
8.050047432085674082e-01
7.678550434160871241e-01
7.314767189248838619e-01
6.960551316513821085e-01
6.617577687534833553e-01
6.287605986096498345e-01
5.972686994056701781e-01
5.674692569716107693e-01
5.395447944805057405e-01
5.136856151285481564e-01
4.900803213056009744e-01
4.689093895760881314e-01
4.503371336149672999e-01
4.345316593410988304e-01
4.217750647350310134e-01
4.121807758303369096e-01
4.055960156151223184e-01
4.018445832630436754e-01
4.007144782741391409e-01
4.019718966763018986e-01
4.053744112976214731e-01
4.106830194729405581e-01
4.176712157525677149e-01
4.261301252081699520e-01
4.358703205059761276e-01
4.467221290374108200e-01
4.585350453859855513e-01
4.711761133316103023e-01
4.845274612262948644e-01
4.984840555305712351e-01
5.129520912154243995e-01
5.278474990514482323e-01
5.430941925648113955e-01
5.586226261882656363e-01
5.743690423206134765e-01
5.902748615813834254e-01
6.062858549279633857e-01
6.223514299646367709e-01
6.384243770448663202e-01
6.544607080005833133e-01
6.704193061908383378e-01
6.862615684739635791e-01
7.019513262769168094e-01
7.174548486753112853e-01
7.327406851325641846e-01
7.477794487823005154e-01
7.625437850462217781e-01
7.770084196522962783e-01
7.911500766790554584e-01
8.049473240300102361e-01
8.183805513554688327e-01
8.314320225141552667e-01
8.440858166019278297e-01
8.563276978983256349e-01
8.681450947861183431e-01
8.795271479739451559e-01
8.904646579543292750e-01
9.009499707799820678e-01
9.109769618091310139e-01
9.205410789158229301e-01
9.296392871905768684e-01
9.382699650161738791e-01
9.464328958251126966e-01
9.541293056783592963e-01
9.613618018456462355e-01
9.681342795506995280e-01
9.744519231188519814e-01
9.803212337193295545e-01
9.857499506836787662e-01
9.907469584651718009e-01
9.953222926623498390e-01
9.994871481937075419e-01
1.003253778489428871e+00
1.006635398960599392e+00
1.009646188409804246e+00
1.012301252617118896e+00
1.014616507092718445e+00
1.016608584219260036e+00
1.018294807226402643e+00
1.019693104252058502e+00
1.020821873777710165e+00
1.021699895188857843e+00
1.022346273075069645e+00
1.022780301844087969e+00
1.023021315657572705e+00
1.023088606706112236e+00
1.023001335612562235e+00
1.022778376546246815e+00
1.022438182064081769e+00
1.021998711418871775e+00
1.021477317672680352e+00
1.020890616138811380e+00
1.020254403477757199e+00
1.019583608370133287e+00
1.018892198545463534e+00
1.018193109514953010e+00
1.017498242730168423e+00
1.016818452035719522e+00
1.016163530400991277e+00
1.015542239911348288e+00
1.014962372829381509e+00
1.014430799781989467e+00
1.013953537582906961e+00
1.013535855804212016e+00
1.013182374423622134e+00
1.012897159934552871e+00
1.012683833200671124e+00
1.012545669818824212e+00
1.018746545701092021e+00
1.000000000000000000e+00
