1.000000000000000000e+00
9.857772474276532693e-01
9.751728012748198671e-01
9.624675926407318949e-01
9.483058217226987274e-01
9.334991630534285045e-01
9.184366460081454520e-01
9.032540853210250242e-01
8.879841762534966820e-01
8.726241899943723013e-01
8.571609465346302636e-01
8.415792415392504555e-01
8.258645273838864931e-01
8.100038460581682198e-01
7.939865126515047722e-01
7.778051923411620772e-01
7.614577447185276737e-01
7.449501461486696119e-01
7.283008063681338795e-01
7.115466134944555820e-01
6.947510327485896253e-01
6.780145101276866537e-01
6.614872723209694882e-01
6.453843171283496494e-01
6.300018744360496026e-01
6.157335638109396880e-01
6.030831664095607225e-01
5.926699022303580922e-01
5.852211965992981657e-01
5.815475250858544998e-01
5.824937732041267635e-01
5.888675319984332246e-01
6.013558328581511958e-01
6.204490393082771060e-01
6.463817529127613426e-01
6.790937134813821441e-01
7.182280639471838590e-01
7.631788520204277892e-01
8.131819679118137412e-01
8.673745495457892973e-01
9.248100575007087709e-01
9.845036192017330157e-01
1.045503562954868571e+00
1.106927748760327956e+00
1.167912426392140546e+00
1.227581615556472272e+00
1.285102007837390259e+00
1.339781781634575175e+00
1.391053982143832357e+00
1.438396436407192613e+00
1.481363834406878244e+00
1.519648896941830030e+00
1.553104309083273016e+00
1.581676271456975869e+00
1.605355831924705434e+00
1.624200546147345658e+00
1.638363724154650480e+00
1.648061310344450803e+00
1.653512926215227719e+00
1.654941978946518288e+00
1.652593425080553180e+00
1.646739714803418853e+00
1.637652061655572311e+00
1.625580287737331098e+00
1.610765202376762906e+00
1.593452843488127879e+00
1.573886825987581117e+00
1.552291115649435449e+00
1.528873178153707046e+00
1.503833784092528880e+00
1.477372146590332003e+00
1.449677748767902230e+00
1.420924957735685723e+00
1.391279590480586803e+00
1.360905771069401693e+00
1.329963869602671211e+00
1.298604823979548462e+00
1.266972482783153442e+00
1.235208158142424129e+00
1.203452693584201816e+00
1.171888260542621518e+00
1.141093548893259202e+00
1.111564289976419317e+00
1.083229207391293913e+00
1.055333679331580621e+00
1.027124228924210625e+00
9.985396138345221662e-01
9.697176051041846989e-01
9.408131404969499734e-01
9.119669155793064252e-01
8.833082389736477413e-01
8.549343058314022858e-01
8.269402875438158773e-01
7.994431997416542313e-01
7.725559002668781483e-01
7.463697760214094146e-01
7.209791286655309328e-01
6.965010303561884886e-01
6.730330474705742416e-01
6.506674915206084320e-01
6.295053156338049627e-01
6.096511645653506228e-01
5.912134558194795941e-01
5.743039002659106051e-01
5.591737915290612149e-01
5.460605517375540785e-01
5.350038921030428885e-01
5.259755963404860735e-01
5.189268409092366863e-01
5.137894270637483052e-01
5.104774759042189913e-01
5.088898305313886983e-01
5.089137035523301211e-01
5.104287623346591696e-01
5.133108084196134069e-01
5.174348110179810556e-01
5.226777167961440540e-01
5.289209075552829820e-01
5.360518747635881764e-01
5.439649992680701818e-01
5.525619771439478356e-01
5.617521567456797982e-01
5.714525363827154258e-01
5.815872660610759137e-01
5.920870659592706309e-01
6.028888611761354932e-01
6.139353683690659258e-01
6.251744644977444976e-01
6.365585697104736429e-01
6.480442767114230618e-01
6.595920269550863413e-01
6.711656794053473263e-01
6.827320863943511231e-01
6.942608503398858266e-01
7.057241469383307431e-01
7.170964736297148479e-01
7.283543825272311700e-01
7.394763394383846444e-01
7.504426451174888157e-01
7.612352958938624070e-01
7.718378159457754961e-01
7.822351777994147604e-01
7.924137754411803014e-01
8.023613420835095100e-01
8.120668351060003065e-01
8.215203896881680956e-01
8.307133168216056518e-01
8.396380484416169354e-01
8.482880517046244018e-01
8.566578017566875980e-01
8.647427900727647776e-01
8.725394793889851286e-01
8.800452333923983739e-01
8.872583012474137831e-01
8.941778282706263070e-01
9.008038123568663513e-01
9.071370437606067760e-01
9.131790975834372937e-01
9.189323409175171875e-01
9.243998818670314810e-01
9.295855113928651603e-01
9.344936995759397513e-01
9.391295929415280908e-01
9.434989529520440010e-01
9.476080975656594463e-01
9.514638960588760463e-01
9.550737435956376808e-01
9.584454930144636897e-01
9.615874005635183241e-01
9.645081078707256061e-01
9.672165924864597475e-01
9.697220935288222154e-01
9.720340621912979540e-01
9.741621306735924746e-01
9.761160398225836587e-01
9.779055600829196226e-01
9.795404490152268551e-01
9.810304050491197581e-01
9.823849876597701147e-01
9.836135483098137344e-01
9.847251943377982597e-01
9.857287311898941251e-01
9.866325946796876689e-01
9.874448086980350814e-01
9.881729579808712360e-01
9.888241371019381720e-01
9.894049090885157494e-01
9.899212975812669013e-01
9.903787707694979847e-01
9.907822231896264986e-01
9.911359771069677693e-01
9.914437971198664101e-01
9.917088957877622235e-01
9.919339469277173027e-01
9.921211163576993952e-01
9.922720862892627780e-01
9.923880775090712092e-01
9.924698764407859919e-01
9.925178578603132129e-01
9.887649273267112848e-01
1.000000000000000000e+00
