1.000000000000000000e+00
9.866679010626716595e-01
9.767345453573706981e-01
9.648400651076060042e-01
9.515900507347210269e-01
9.377455029373308326e-01
9.236711104125888694e-01
9.094944662177516514e-01
8.952467319226030673e-01
8.809260316535311164e-01
8.665208316846018111e-01
8.520178299420305690e-01
8.374044591238127833e-01
8.226697269427715176e-01
8.078047654417198631e-01
7.928036450926313483e-01
7.776647393299068733e-01
7.623928464583578091e-01
7.470022635982073167e-01
7.315210139255945432e-01
7.159964217273329101e-01
7.005021819618612033e-01
6.851469897322931546e-01
6.700846552541647183e-01
6.555253721826728164e-01
6.417470086195224965e-01
6.291043629952681737e-01
6.180339286122061848e-01
6.090512637579834632e-01
6.027375178118404841e-01
5.997098207576876394e-01
6.005752425977821662e-01
6.058790266689945136e-01
6.160636993539981843e-01
6.314407094304983481e-01
6.521677667009263546e-01
6.782507646027127191e-01
7.095862994524279044e-01
7.460387034050195432e-01
7.874467703763466941e-01
8.335530030289315384e-01
8.839801846166265298e-01
9.382608644820206178e-01
9.958378729599515200e-01
1.055965873937603883e+00
1.117672540163765715e+00
1.179864128094770592e+00
1.241502977253768014e+00
1.301619956257274335e+00
1.359236619605906027e+00
1.413444682504170657e+00
1.463518448771639280e+00
1.508962825195879320e+00
1.549429375000424880e+00
1.584654161836174247e+00
1.614492173894216176e+00
1.638959368330073829e+00
1.658184443994696000e+00
1.672323510969063953e+00
1.681558031493176175e+00
1.686117370387132608e+00
1.686284652585843258e+00
1.682354226099985750e+00
1.674601394819199118e+00
1.663297819983162951e+00
1.648729726139127827e+00
1.631186038395942672e+00
1.610933457547094827e+00
1.588219796152970043e+00
1.563286651824285389e+00
1.536375853338914244e+00
1.507717862881150062e+00
1.477524009507945157e+00
1.445995059095875002e+00
1.413330293920448399e+00
1.379724631408945079e+00
1.345360857781529917e+00
1.310412690774319655e+00
1.275050891064202219e+00
1.239446109220287751e+00
1.203810029864008424e+00
1.168754001109765239e+00
1.134809302936477859e+00
1.101936858909940753e+00
1.069402523407287697e+00
1.036465371709718086e+00
1.003082868582732212e+00
9.694148132218897151e-01
9.356395962812140699e-01
9.019218797089664230e-01
8.684155126100915334e-01
8.352426555922506379e-01
8.025251426313179115e-01
7.704091081727345580e-01
7.390379783292326810e-01
7.085347593770275898e-01
6.790276959199730289e-01
6.506710684848138193e-01
6.236004063896948280e-01
5.979469159549832824e-01
5.738516884050327560e-01
5.514595495039167350e-01
5.309173485485314536e-01
5.123712472363970427e-01
4.959955098870567070e-01
4.820647579442411956e-01
4.707387259069230612e-01
4.619708852804895183e-01
4.556787084565458446e-01
4.517474336237897181e-01
4.500352750552999437e-01
4.503799283288284494e-01
4.526065777199040907e-01
4.565357826343065528e-01
4.619898188783839177e-01
4.687971611603457545e-01
4.767958771814189145e-01
4.858359917551585139e-01
4.957804820288542191e-01
5.065049841483285631e-01
5.178971169279207309e-01
5.298558637854169362e-01
5.422907024586042235e-01
5.551202771158901816e-01
5.682711574987904246e-01
5.816770541877295253e-01
5.952780954658560830e-01
6.090199077212702372e-01
6.228527876802257834e-01
6.367312553748578630e-01
6.506136999423409728e-01
6.644618980365728511e-01
6.782405505369391019e-01
6.919170644858692043e-01
7.054614212252126038e-01
7.188459375684292940e-01
7.320449984526572473e-01
7.450349514440476328e-01
7.577940767107365083e-01
7.703024665051053654e-01
7.825418581876997237e-01
7.944955793653666332e-01
8.061485577949519810e-01
8.174872501519879764e-01
8.284995207037153531e-01
8.391746086789081405e-01
8.495031521729077273e-01
8.594771364872695329e-01
8.690897971521870380e-01
8.783356002151593289e-01
8.872102691986979428e-01
8.957107371079773284e-01
9.038350620612427555e-01
9.115824168205036715e-01
9.189531133819558439e-01
9.259485520176855555e-01
9.325711463916054322e-01
9.388243206823821962e-01
9.447125266158018508e-01
9.502411795972570685e-01
9.554165842092129379e-01
9.602459347289473701e-01
9.647373169611711541e-01
9.688996278319151889e-01
9.727424985873619478e-01
9.762762918384754185e-01
9.795120701037579591e-01
9.824615040095298069e-01
9.851367993241963994e-01
9.875506743275195287e-01
9.897162926910531011e-01
9.916471607191926774e-01
9.933570589198973400e-01
9.948599991426841926e-01
9.961701230561929021e-01
9.973015905705510109e-01
9.982685195724663174e-01
9.990849202340608137e-01
9.997645815841925687e-01
1.000320973220313991e+00
1.000767194052486930e+00
1.001115890724033175e+00
1.001379162333253081e+00
1.001568502174974062e+00
1.001694762085403312e+00
1.001768084083615618e+00
1.001797847109523687e+00
1.001792663420478346e+00
1.001760365063562253e+00
1.001707989144952293e+00
1.001641793142043602e+00
1.001567291228786516e+00
1.001489279626847306e+00
1.001411874763291854e+00
1.001338578210666963e+00
1.001272333913314494e+00
1.001215583343472160e+00
1.001170328509446206e+00
1.001138189156508318e+00
1.001671938617925584e+00
1.000000000000000000e+00
