1.000000000000000000e+00
9.851750354554614786e-01
9.741162948336670180e-01
9.608617348055622509e-01
9.460814997556756811e-01
9.306214832397918801e-01
9.148871367869315652e-01
8.990197738737105704e-01
8.830530428644390861e-01
8.669835355452681913e-01
8.507968415090776393e-01
8.344763444441731792e-01
8.180060354097675734e-01
8.013715316657860077e-01
7.845608930196280584e-01
7.675659476320426666e-01
7.503845734955751912e-01
7.330243313861034560e-01
7.155078634415682481e-01
6.978804948712513667e-01
6.802204588436850941e-01
6.626520579114162368e-01
6.453618341616378373e-01
6.286173718275269717e-01
6.127876064460502370e-01
5.983622335599777520e-01
5.859661973186505168e-01
5.763637649261669216e-01
5.704455789436551072e-01
5.691921045815770963e-01
5.736084742139058168e-01
5.846327026921801506e-01
6.030301008146751185e-01
6.292940836740836819e-01
6.635684164100044136e-01
7.055994980432174213e-01
7.547328689677090807e-01
8.099619394416344154e-01
8.700240993313784754e-01
9.334950765186494914e-01
9.988674404893553849e-01
1.064650012515094613e+00
1.129476121008844869e+00
1.192174908158909918e+00
1.251767887624030573e+00
1.307454960748876127e+00
1.358633059358862472e+00
1.404928587728868861e+00
1.446152769229778201e+00
1.482216757274498420e+00
1.513119231619757699e+00
1.538958424524729862e+00
1.559927152978104026e+00
1.576259407997850914e+00
1.588193028430652465e+00
1.595980173087037768e+00
1.599905466410607602e+00
1.600266751010954502e+00
1.597340461710316406e+00
1.591384641655057663e+00
1.582653195410378411e+00
1.571402475089884732e+00
1.557875416959040527e+00
1.542290897498695301e+00
1.524853668737580659e+00
1.505765161602945712e+00
1.485219779794257677e+00
1.463394786982013862e+00
1.440453300277318105e+00
1.416551423709163426e+00
1.391842130846490555e+00
1.366470264179983296e+00
1.340569336929958943e+00
1.314266142838240503e+00
1.287685437823805623e+00
1.260948618815717515e+00
1.234170005248396151e+00
1.207458431707780333e+00
1.180920237609617285e+00
1.154660536456195707e+00
1.128824140704112411e+00
1.103934465819532917e+00
1.080428157632710828e+00
1.058196707111515700e+00
1.036488296588665037e+00
1.014566042900360898e+00
9.923553185775151331e-01
9.699697174720218751e-01
9.475378258084691252e-01
9.251739575568606044e-01
9.029808482294195970e-01
8.810303545045543583e-01
8.593909767294651836e-01
8.381495004288435080e-01
8.173872577064151823e-01
7.971644268813544709e-01
7.775417967228039906e-01
7.585981125364908983e-01
7.403929166647270632e-01
7.229795408178057992e-01
7.064172637657529785e-01
6.907672256513993636e-01
6.763082372012569898e-01
6.632907155651743825e-01
6.517192075294405695e-01
6.415772870664019356e-01
6.328408765755545451e-01
6.254778620911606302e-01
6.194485712254967913e-01
6.147065083401440644e-01
6.111989579045166154e-01
6.088676511970541050e-01
6.076499038989868762e-01
6.074799116965564627e-01
6.082898625674664217e-01
6.100108262525409941e-01
6.125737197510927601e-01
6.159103054572517832e-01
6.199539661139422675e-01
6.246401494234610219e-01
6.299067441959379510e-01
6.356945011581663918e-01
6.419473122558237987e-01
6.486122151254141155e-01
6.556393371846267470e-01
6.629819462933291829e-01
6.705964429268632676e-01
6.784421834075403668e-01
6.864812714579515696e-01
6.946784647924177936e-01
7.030010804897651733e-01
7.114188069131044401e-01
7.199034954426278832e-01
7.284290450772761272e-01
7.369713140984708311e-01
7.455079735357984516e-01
7.540183411468860397e-01
7.624832873717579673e-01
7.708851759533875692e-01
7.792077633618055277e-01
7.874360779024438539e-01
7.955563530065031808e-01
8.035559933795234366e-01
8.114235063192510866e-01
8.191484124601071670e-01
8.267212003935943132e-01
8.341333101817870466e-01
8.413770843477367256e-01
8.484457001600107517e-01
8.553331397519378099e-01
8.620341836532688928e-01
8.685443714457232733e-01
8.748599472483445938e-01
8.809778406059097788e-01
8.868956646081009865e-01
8.926116804416520667e-01
8.981247520660712302e-01
9.034343347098381383e-01
9.085404731070205742e-01
9.134437636342841449e-01
9.181453124335865468e-01
9.226467282112550405e-01
9.269501160671250739e-01
9.310580347926018518e-01
9.349734565297402877e-01
9.386997601857670626e-01
9.422407124577997228e-01
9.456004224495904165e-01
9.487833053854913823e-01
9.517940692412591996e-01
9.546376820099168325e-01
9.573193237464403538e-01
9.598443543583077275e-01
9.622182930018639002e-01
9.644467719459913768e-01
9.665354864316619832e-01
9.684901672472444600e-01
9.703165508653807114e-01
9.720203286751490923e-01
9.736071027016387491e-01
9.750823613348074126e-01
9.764514412282864209e-01
9.777194825457835581e-01
9.788913992500813954e-01
9.799718578540915770e-01
9.809652406930101654e-01
9.818756141932247772e-01
9.827067166633959294e-01
9.834619399120430039e-01
9.841443084328215241e-01
9.847564694162191934e-01
9.853006896662613867e-01
9.857788459362336608e-01
9.861924189319072331e-01
9.865424970018707995e-01
9.868297751607607582e-01
9.870545521450108106e-01
9.872167299770756577e-01
9.873158106261543665e-01
9.809753942016443684e-01
1.000000000000000000e+00
