1.000000000000000000e+00
9.865114442532710859e-01
9.764602715974781688e-01
9.644235277128463402e-01
9.510136054085251978e-01
9.370004110825357335e-01
9.227529098310427447e-01
9.084001340630739607e-01
8.939734883810073196e-01
8.794708655358050020e-01
8.648802460161129080e-01
8.501875876984877900e-01
8.353792286812043999e-01
8.204425832456551104e-01
8.053665518730138695e-01
7.901422695153835773e-01
7.747645813400768633e-01
7.592346006722959784e-01
7.435637378385233642e-01
7.277796349870734316e-01
7.119344637659507091e-01
6.961160005059143785e-01
6.804617377370459907e-01
6.651759487804389526e-01
6.505489985823306176e-01
6.369771505307283421e-01
6.249796554574154062e-01
6.152081902685181403e-01
6.084420442120241912e-01
6.055616184396135360e-01
6.074938707786718961e-01
6.151283445268438399e-01
6.292112631259521027e-01
6.502344341982991827e-01
6.783397190678114308e-01
7.132583121626913103e-01
7.542999912933802120e-01
8.003971664531930319e-01
8.501968765629237534e-01
9.021767577091064361e-01
9.547672120590402489e-01
1.006474277894351621e+00
1.055986733969474844e+00
1.102247279826133575e+00
1.144475842504260266e+00
1.182163492579137998e+00
1.215053270540041863e+00
1.243110974969477978e+00
1.266472060643708542e+00
1.285380428228969585e+00
1.300150087946701394e+00
1.311139499199539094e+00
1.318729083709585970e+00
1.323293866990796541e+00
1.325185880887929768e+00
1.324732449766138354e+00
1.322239203250059836e+00
1.317985786333681242e+00
1.312219180025243626e+00
1.305157103378145278e+00
1.296994350731589085e+00
1.287907095980232564e+00
1.278051397399363021e+00
1.267562933582718543e+00
1.256561681135844655e+00
1.245156430770139711e+00
1.233445288503486337e+00
1.221514406591988511e+00
1.209439907204419518e+00
1.197290620269101824e+00
1.185129768217631163e+00
1.173014264755410707e+00
1.160994443924765918e+00
1.149115678343460845e+00
1.137419878080168756e+00
1.125945394846337155e+00
1.114726335314591310e+00
1.103793188930162428e+00
1.093173740655891901e+00
1.082893509962063794e+00
1.073007607161281518e+00
1.063850154533585446e+00
1.055677758274124800e+00
1.048341854807396611e+00
1.041239640374076014e+00
1.033804412391971628e+00
1.025960055618189815e+00
1.017766845405454479e+00
1.009294725012298555e+00
1.000602843221197746e+00
9.917416254315689628e-01
9.828590953524209972e-01
9.742738633183655184e-01
9.661710581055055203e-01
9.585391176321546025e-01
9.513667972306297793e-01
9.446431513329072160e-01
9.383573793445254552e-01
9.324986219467847892e-01
9.270559295202754901e-01
9.220183053710693244e-01
9.173747005255948883e-01
9.131139178428561154e-01
9.092245763054481733e-01
9.056951749562909271e-01
9.025141533490276258e-01
8.996698505446215632e-01
8.971504683430671090e-01
8.949441370120877481e-01
8.930389798771174448e-01
8.914231162871935066e-01
8.900846437105619513e-01
8.890116777619369026e-01
8.881924080082926887e-01
8.876151215332482858e-01
8.872681949952813119e-01
8.871401133130286665e-01
8.872195140884953091e-01
8.874952166766391093e-01
8.879562162967077343e-01
8.885916877085756616e-01
8.893910184719256984e-01
8.903438367509237672e-01
8.914400047846574582e-01
8.926696127456915653e-01
8.940230024798965225e-01
8.954907887236268627e-01
8.970638532717494229e-01
8.987333350186503811e-01
9.004906436348570908e-01
9.023274740042053210e-01
9.042358015782020475e-01
9.062078715671642026e-01
9.082362047598899757e-01
9.103136071706235954e-01
9.124331655840298705e-01
9.145882362253860975e-01
9.167724458790591502e-01
9.189796983448104140e-01
9.212041701879818412e-01
9.234402998606955348e-01
9.256827864293222241e-01
9.279265939141437824e-01
9.301669466459826507e-01
9.323993185308910858e-01
9.346194305765763710e-01
9.368232538326627390e-01
9.390070042111203774e-01
9.411671321060659512e-01
9.433003196174151173e-01
9.454034824609945931e-01
9.474737639119036325e-01
9.495085246644419108e-01
9.515053402190227771e-01
9.534620018758466209e-01
9.553765097325017663e-01
9.572470630210231368e-01
9.590720579281242220e-01
9.608500874927042856e-01
9.625799329788237158e-01
9.642605540760255112e-01
9.658910869851544678e-01
9.674708426639475611e-01
9.689992964665797848e-01
9.704760781883977616e-01
9.719009699081608833e-01
9.732739008957207449e-01
9.745949362763948187e-01
9.758642677423555734e-01
9.770822095828046727e-01
9.782491901345757856e-01
9.793657395976806956e-01
9.804324814726779191e-01
9.814501266531800994e-01
9.824194614444984319e-01
9.833413345348747114e-01
9.842166491769196446e-01
9.850463546536354364e-01
9.858314326705481800e-01
9.865728850730970390e-01
9.872717260263096373e-01
9.879289706881908550e-01
9.885456220333802557e-01
9.891226608732147652e-01
9.896610374871659399e-01
9.901616592444540954e-01
9.906253789863215253e-01
9.910529875231116614e-01
9.914452042332898563e-01
9.918026666457668838e-01
9.921259220911428089e-01
9.924154205114907867e-01
9.926715053372762165e-01
9.928944048545299550e-01
9.930842254904689304e-01
9.932409437691916976e-01
9.933643976460132530e-01
9.934542783308967229e-01
9.935101214496583344e-01
9.902600147702941280e-01
1.000000000000000000e+00
