1.000000000000000000e+00
9.875230816600141237e-01
9.782331895562530466e-01
9.671151864990267244e-01
9.547373299317971629e-01
9.418119019006561121e-01
9.286801728297759961e-01
9.154617599465478817e-01
9.021862467291659193e-01
8.888524729599869278e-01
8.754504239565057411e-01
8.619686660881238360e-01
8.483967730849452105e-01
8.347262103423223056e-01
8.209509292651321344e-01
8.070681370253618425e-01
7.930794237552510895e-01
7.789923189215917088e-01
7.648222996265399143e-01
7.505952467635331748e-01
7.363503145023326812e-01
7.221431263195641215e-01
7.080491853224657461e-01
6.941673982062683823e-01
6.806236314341240767e-01
6.675736397301469394e-01
6.552042276625618111e-01
6.437321248796311624e-01
6.334006126693997318e-01
6.244738082601892781e-01
6.172249407186585213e-01
6.119201241607286068e-01
6.088116938885653751e-01
6.081586101713165604e-01
6.102624299556411724e-01
6.154911445917753410e-01
6.243061151304162282e-01
6.373087946289226480e-01
6.552964738150420798e-01
6.791666797433196789e-01
7.096822859967275576e-01
7.473285743468922604e-01
7.922876778334394521e-01
8.444033580380081450e-01
9.030267155658947553e-01
9.669868862563391065e-01
1.034794074003816844e+00
1.104942555642042246e+00
1.175948249767725828e+00
1.246251091945906886e+00
1.314357660231408209e+00
1.379024978965347259e+00
1.439340322741494260e+00
1.494599270418598858e+00
1.544218759407296027e+00
1.587795618354287175e+00
1.625173955601524556e+00
1.656374080761366274e+00
1.681465422712260072e+00
1.700565237155064136e+00
1.713873378911695555e+00
1.721681093180664535e+00
1.724306833791635629e+00
1.722050391255272928e+00
1.715215128887142004e+00
1.704134169751120531e+00
1.689152022622522509e+00
1.670586902977744481e+00
1.648734727377499709e+00
1.623886890952035644e+00
1.596339042086619031e+00
1.566373720272369319e+00
1.534248540769329372e+00
1.500208077621237646e+00
1.464496600849479080e+00
1.427353780434249764e+00
1.389003383274426850e+00
1.349657443110263033e+00
1.309524869008888537e+00
1.268815518348283877e+00
1.227779666297968975e+00
1.187066754829071646e+00
1.147249220506313838e+00
1.108330890759611664e+00
1.069615824714750918e+00
1.030395008826981096e+00
9.906594319751569344e-01
9.506055799653811977e-01
9.104516081958782259e-01
8.704042275377571469e-01
8.306617478714437564e-01
7.913938816174229673e-01
7.527745462720850655e-01
7.150067256176426689e-01
6.782945084158711335e-01
6.428254917297048232e-01
6.087972046621850097e-01
5.764372891094093898e-01
5.459555308721181222e-01
5.175560216463741536e-01
4.914480252971702434e-01
4.678342622134200046e-01
4.469016117403257216e-01
4.288101880933924970e-01
4.137191963880989531e-01
4.019009084623261230e-01
3.934160230252880530e-01
3.880416696051223191e-01
3.855528996514751006e-01
3.856949182610472926e-01
3.882004491000422552e-01
3.928041415340867704e-01
3.992540844115208820e-01
4.073191757280842928e-01
4.167920409146040894e-01
4.274886657677406387e-01
4.392468993442560365e-01
4.519245317542087692e-01
4.653967543336899881e-01
4.795530990443100938e-01
4.942948749513225160e-01
5.095334542027779579e-01
5.251887907231199693e-01
5.411877220547540723e-01
5.574626248723671962e-01
5.739508049990481586e-01
5.905940323164567962e-01
6.073378286224272449e-01
6.241308577340783925e-01
6.409247863008576962e-01
6.576742258929215712e-01
6.743364565951451839e-01
6.908711258783362119e-01
7.072402323234461274e-01
7.234081858622682937e-01
7.393416859793534579e-01
7.550095269341899895e-01
7.703825945187680047e-01
7.854339423444779422e-01
8.001387232566032903e-01
8.144740380624351239e-01
8.284189233787639939e-01
8.419544172952182493e-01
8.550635026216518719e-01
8.677309713571284000e-01
8.799434054122843296e-01
8.916892313982168750e-01
9.029586656723559424e-01
9.137435918469675178e-01
9.240375439505682520e-01
9.338357539675057328e-01
9.431350924655410584e-01
9.519339562528555954e-01
9.602322598892492067e-01
9.680314772150644398e-01
9.753345754338308415e-01
9.821459145689673820e-01
9.884712497621952476e-01
9.943177628439245908e-01
9.996939781559832650e-01
1.004609662719679442e+00
1.009075834540120953e+00
1.013104773527440550e+00
1.016709913539331822e+00
1.019905738991709665e+00
1.022707788513163685e+00
1.025132617365498433e+00
1.027197671353240249e+00
1.028921187199527187e+00
1.030322165985104288e+00
1.031420280851037097e+00
1.032235731100793696e+00
1.032789145432609468e+00
1.033101521946474532e+00
1.033194080378884827e+00
1.033088097741736044e+00
1.032804818635745470e+00
1.032365356623448971e+00
1.031790523431519224e+00
1.031100679431648404e+00
1.030315653713429702e+00
1.029454618634475072e+00
1.028535943614909742e+00
1.027577104677776410e+00
1.026594628916648100e+00
1.025603991015196614e+00
1.024619533948504690e+00
1.023654466724819301e+00
1.022720849755717198e+00
1.021829581121485253e+00
1.020990431285595967e+00
1.020212112878853716e+00
1.019502336990647517e+00
1.018867891864972730e+00
1.018314765110603259e+00
1.017848256631647352e+00
1.017473090320321738e+00
1.017193539070228248e+00
1.017013541676690336e+00
1.025432409094776176e+00
1.000000000000000000e+00
