1.000000000000000000e+00
9.935805182524842794e-01
9.888234534878467263e-01
9.831514076688638859e-01
9.768616607707968358e-01
9.703204541069440081e-01
9.637026869867719725e-01
9.570699721431182860e-01
9.504381832766822802e-01
9.438076735971840936e-01
9.371743156156241428e-01
9.305331168699381150e-01
9.238792170141844062e-01
9.172080181633432971e-01
9.105150822228086360e-01
9.037960483662375033e-01
8.970467086786584332e-01
8.902633613665463796e-01
8.834435788616070706e-01
8.765875596924809221e-01
8.697002662787747251e-01
8.627945748909007229e-01
8.558956634191344781e-01
8.490468131343926750e-01
8.423166662474399491e-01
8.358077130307208780e-01
8.296653290441395878e-01
8.240860127715845529e-01
8.193226183972291965e-01
8.156835086018645598e-01
8.135220457199588973e-01
8.132133013738001015e-01
8.151169019459114651e-01
8.195287129995529884e-01
8.266288204148606322e-01
8.364371697709568343e-01
8.487890000926231471e-01
8.633383993062726525e-01
8.795908764358514320e-01
8.969577014093476075e-01
9.148197035592624538e-01
9.325876586815837754e-01
9.497493257451318227e-01
9.658981779766819820e-01
9.807438152459596603e-01
9.941077289327292510e-01
1.005909408932756710e+00
1.016147495052759364e+00
1.024879523999296271e+00
1.032202995231126907e+00
1.038239504021454707e+00
1.043122270790464379e+00
1.046986863641684362e+00
1.049964627292001573e+00
1.052178493673832094e+00
1.053740718217482053e+00
1.054751924933766238e+00
1.055300920699809630e+00
1.055465046515793537e+00
1.055310998280858614e+00
1.054895858357214555e+00
1.054268163192831897e+00
1.053468887449452662e+00
1.052532395182705471e+00
1.051487379628332164e+00
1.050357711127343663e+00
1.049163139837337111e+00
1.047919888307895286e+00
1.046641205762584015e+00
1.045337858231834227e+00
1.044018537534006086e+00
1.042690179864755651e+00
1.041358240619845166e+00
1.040026951375364161e+00
1.038699537517262739e+00
1.037378382239801500e+00
1.036065156134933885e+00
1.034760942242936244e+00
1.033466345644723061e+00
1.032181580326887671e+00
1.030932906445299224e+00
1.029975479758407531e+00
1.029411793825055543e+00
1.028972818910629750e+00
1.028512087169740408e+00
1.028034452360688134e+00
1.027544041069780700e+00
1.027044362476163375e+00
1.026538398436016131e+00
1.026028676195376299e+00
1.025517332570114348e+00
1.025006171736267735e+00
1.024496714351342153e+00
1.023990235587293407e+00
1.023487797449597725e+00
1.022990280069673741e+00
1.022498408702481987e+00
1.022012774887929965e+00
1.021533853566430228e+00
1.021062019640142537e+00
1.020597563080048120e+00
1.020140701279399709e+00
1.019691588393899950e+00
1.019250323963795113e+00
1.018816961569095403e+00
1.018391516317966872e+00
1.017973970004110384e+00
1.017564275495088655e+00
1.017162361800328041e+00
1.016768138524322351e+00
1.016381498969209929e+00
1.016002322507387312e+00
1.015630477360381700e+00
1.015265823272858858e+00
1.014908213473991738e+00
1.014557495969899081e+00
1.014213514995800036e+00
1.013876112652151606e+00
1.013545130188229670e+00
1.013220408678840778e+00
1.012901789723127610e+00
1.012589116463957772e+00
1.012282234460039065e+00
1.011980992015456327e+00
1.011685240454576862e+00
1.011394834767536999e+00
1.011109634184244710e+00
1.010829502333927543e+00
1.010554307312620193e+00
1.010283922058143879e+00
1.010018224716349167e+00
1.009757098716849155e+00
1.009500432740204623e+00
1.009248120905780643e+00
1.009000063002051251e+00
1.008756164501483088e+00
1.008516336461487084e+00
1.008280495592233317e+00
1.008048564391894164e+00
1.007820471115918437e+00
1.007596149637142391e+00
1.007375539434470779e+00
1.007158585654138294e+00
1.006945239028886663e+00
1.006735455695197068e+00
1.006529197120640928e+00
1.006326430101160740e+00
1.006127126627114565e+00
1.005931263659497921e+00
1.005738823007269023e+00
1.005549791263870896e+00
1.005364159613080677e+00
1.005181923560861224e+00
1.005003082768201050e+00
1.004827640927359989e+00
1.004655605506115101e+00
1.004486987439662471e+00
1.004321800924831143e+00
1.004160063236028355e+00
1.004001794401723213e+00
1.003847016853203877e+00
1.003695755185435079e+00
1.003548035913819581e+00
1.003403887093335056e+00
1.003263337938999911e+00
1.003126418563647038e+00
1.002993159670581003e+00
1.002863592151881589e+00
1.002737746722540901e+00
1.002615653644506555e+00
1.002497342391248436e+00
1.002382841270810898e+00
1.002272177123892494e+00
1.002165375087022303e+00
1.002062458290409630e+00
1.001963447573680277e+00
1.001868361322827639e+00
1.001777215342816829e+00
1.001690022704563088e+00
1.001606793672756845e+00
1.001527535770791122e+00
1.001452253866056630e+00
1.001380950308656592e+00
1.001313625209420577e+00
1.001250276839460218e+00
1.001190902069790889e+00
1.001135496930947832e+00
1.001084057349362899e+00
1.001036579969740270e+00
1.000993063078636558e+00
1.000953507676923371e+00
1.000917918684290475e+00
1.000886306222617650e+00
1.000858687008571168e+00
1.000835085867669560e+00
1.000815537306734671e+00
1.000800087140989669e+00
1.000788794176405316e+00
1.000781731911044803e+00
1.001160943042861406e+00
1.000000000000000000e+00
