1.000000000000000000e+00
9.964947382245885610e-01
9.939031266595439451e-01
9.908184505054646873e-01
9.874041439394413144e-01
9.838599520455328928e-01
9.802810288207685074e-01
9.767008625200913619e-01
9.731281121624565378e-01
9.695630419390176558e-01
9.660035119204360976e-01
9.624469335213663435e-01
9.588908035386591866e-01
9.553327673871325754e-01
9.517705536802970601e-01
9.482019150813401076e-01
9.446246473415971234e-01
9.410367478651890938e-01
9.374367845741580219e-01
9.338245630596015978e-01
9.302021988720632351e-01
9.265757168249150189e-01
9.229573025273990483e-01
9.193683105953071033e-01
9.158430702311571858e-01
9.124333960354195083e-01
9.092134811926125826e-01
9.062845010476593410e-01
9.037777975935818997e-01
9.018550297986682729e-01
9.007033495053480276e-01
9.005238126428370959e-01
9.015122002662026013e-01
9.038333534149997073e-01
9.075926996973994187e-01
9.128109703658872087e-01
9.194089172741791716e-01
9.272071656147979901e-01
9.359424284677001493e-01
9.452966267902859210e-01
9.549321959791992054e-01
9.645261276492660407e-01
9.737967903220552390e-01
9.825204538764188422e-01
9.905373925365293930e-01
9.977496262749664391e-01
1.004113170992680049e+00
1.009627514968284068e+00
1.014324373533765922e+00
1.018257235656608195e+00
1.021492631393792871e+00
1.024103297580124305e+00
1.026163121817139201e+00
1.027743590423118247e+00
1.028911536152873119e+00
1.029727923379983645e+00
1.030247341581037146e+00
1.030517923232844524e+00
1.030581553860471011e+00
1.030474324944504305e+00
1.030227096476569182e+00
1.029866079496112974e+00
1.029413377731425605e+00
1.028887508960226738e+00
1.028303914328856816e+00
1.027675417282480907e+00
1.027012607146938761e+00
1.026324164201586120e+00
1.025617160331904865e+00
1.024897323725936227e+00
1.024169260322182362e+00
1.023436628358861622e+00
1.022702288511081248e+00
1.021968442271254940e+00
1.021236748962724539e+00
1.020508415129583790e+00
1.019784265728027828e+00
1.019064811444676755e+00
1.018350307274749511e+00
1.017640799183871847e+00
1.016963007845648637e+00
1.016537086871568629e+00
1.016317329619176535e+00
1.016082592652747918e+00
1.015835930890352845e+00
1.015579942502582877e+00
1.015316837261683647e+00
1.015048494952919045e+00
1.014776513494508370e+00
1.014502248021641240e+00
1.014226845232851337e+00
1.013951274119004431e+00
1.013676352095448818e+00
1.013402765477154244e+00
1.013131086896531530e+00
1.012861791925430577e+00
1.012595273406979857e+00
1.012331852810328670e+00
1.012071789486323592e+00
1.011815289497294934e+00
1.011562513619662429e+00
1.011313583926903625e+00
1.011068588848071936e+00
1.010827587798952765e+00
1.010590615751906673e+00
1.010357687189000986e+00
1.010128798898710212e+00
1.009903932361184031e+00
1.009683056411578184e+00
1.009466129576432447e+00
1.009253101741093284e+00
1.009043915445525741e+00
1.008838507347995073e+00
1.008636809618491004e+00
1.008438750977937115e+00
1.008244257406358591e+00
1.008053252912970432e+00
1.007865660381237483e+00
1.007681402237306179e+00
1.007500400823256648e+00
1.007322578773118149e+00
1.007147859533347400e+00
1.006976167807859035e+00
1.006807429741920723e+00
1.006641573075871987e+00
1.006478527469711670e+00
1.006318224790452076e+00
1.006160599200895511e+00
1.006005587202379647e+00
1.005853127820212300e+00
1.005703162782855431e+00
1.005555636562186717e+00
1.005410496360942263e+00
1.005267692202753693e+00
1.005127177040840758e+00
1.004988906763837786e+00
1.004852840146789550e+00
1.004718938879813450e+00
1.004587167627573718e+00
1.004457494009551199e+00
1.004329888527980996e+00
1.004204324555597605e+00
1.004080778356803094e+00
1.003959229041029300e+00
1.003839658467280627e+00
1.003722051199864573e+00
1.003606394496329157e+00
1.003492678232784208e+00
1.003380894786138011e+00
1.003271038963280404e+00
1.003163107957434574e+00
1.003057101242170068e+00
1.002953020429815600e+00
1.002850869176779902e+00
1.002750653108623213e+00
1.002652379682213102e+00
1.002556058022572527e+00
1.002461698807313617e+00
1.002369314160734826e+00
1.002278917481639997e+00
1.002190523257630028e+00
1.002104146931829698e+00
1.002019804767368960e+00
1.001937513646801614e+00
1.001857290872094852e+00
1.001779154019957208e+00
1.001703120776147093e+00
1.001629208725757225e+00
1.001557435161038345e+00
1.001487816932494779e+00
1.001420370273129246e+00
1.001355110604634113e+00
1.001292052380779785e+00
1.001231208963695662e+00
1.001172592472031830e+00
1.001116213640652175e+00
1.001062081741042276e+00
1.001010204522634783e+00
1.000960588146758701e+00
1.000913237163950420e+00
1.000868154561729506e+00
1.000825341828464943e+00
1.000784799049525331e+00
1.000746525076765536e+00
1.000710517763560237e+00
1.000676774227532428e+00
1.000645291179091512e+00
1.000616065342882832e+00
1.000589093929656226e+00
1.000564375165824638e+00
1.000541908903130883e+00
1.000521697300255752e+00
1.000503745550892720e+00
1.000488062671933021e+00
1.000474662356693578e+00
1.000463563862371785e+00
1.000454792928716197e+00
1.000448382726756513e+00
1.000444374818938886e+00
1.000660144193163070e+00
1.000000000000000000e+00
