1.000000000000000000e+00
9.894985737654540259e-01
9.816917237034421539e-01
9.723600645574547174e-01
9.619846781844444417e-01
9.511651180683096118e-01
9.401884225122207894e-01
9.291554776195309895e-01
9.180916898701775297e-01
9.069966887011321477e-01
8.958625395704812311e-01
8.846797358982685378e-01
8.734388738755561876e-01
8.621309030610385671e-01
8.507470091176826399e-01
8.392785615751724437e-01
8.277173734986565945e-01
8.160564930571162501e-01
8.042917794198874981e-01
7.924245678334220777e-01
7.804657792871385613e-01
7.684418574881185515e-01
7.564028899146416629e-01
7.444331447677438041e-01
7.326639660496073736e-01
7.212884299063915261e-01
7.105762976566666334e-01
7.008865788681154507e-01
6.926735564048547289e-01
6.864808217739789553e-01
6.829174948859779715e-01
6.826124600260243813e-01
6.861469742471218991e-01
6.939730445766123523e-01
7.063322720246122399e-01
7.231939295166387449e-01
7.442289934119482586e-01
7.688283633946101370e-01
7.961620246510165977e-01
8.252658249947320002e-01
8.551381152191956936e-01
8.848295299537478620e-01
9.135131456057105082e-01
9.405283054820622324e-01
9.653976341081376145e-01
9.878221109618855467e-01
1.007661070874837916e+00
1.024903783448519734e+00
1.039637726792141725e+00
1.052018107311473161e+00
1.062241991943626562e+00
1.070527676522737837e+00
1.077099048497343947e+00
1.082174206985477394e+00
1.085958084840573434e+00
1.088638448464021691e+00
1.090384149178565520e+00
1.091344600545216759e+00
1.091650157126794474e+00
1.091413424400631493e+00
1.090730977312384553e+00
1.089685132534217837e+00
1.088345527323327344e+00
1.086770669326979633e+00
1.085009532974425372e+00
1.083103005460022361e+00
1.081085047189396020e+00
1.078983651633494745e+00
1.076821781574483383e+00
1.074618209474134112e+00
1.072388211429515126e+00
1.070144084006002805e+00
1.067895594672558124e+00
1.065650425385246347e+00
1.063414549682490495e+00
1.061192502533408577e+00
1.058987586850159701e+00
1.056802088177663856e+00
1.054637467166213760e+00
1.052494508972374510e+00
1.050399269823663273e+00
1.048602164604061748e+00
1.047290839731157774e+00
1.046316937609791387e+00
1.045438816716235841e+00
1.044539172966602258e+00
1.043624677030948744e+00
1.042700984730174918e+00
1.041772885432210805e+00
1.040844418655853421e+00
1.039918979036775104e+00
1.038999413487743162e+00
1.038088103643370008e+00
1.037187026548092250e+00
1.036297806022864032e+00
1.035421765604083832e+00
1.034559974344623878e+00
1.033713281144004625e+00
1.032882341594232978e+00
1.032067645611417950e+00
1.031269543318161119e+00
1.030488265700249428e+00
1.029723939169757019e+00
1.028976599510598389e+00
1.028246206901697102e+00
1.027532658916894936e+00
1.026835798510590481e+00
1.026155420737949076e+00
1.025491281698907908e+00
1.024843106439778273e+00
1.024210593934655300e+00
1.023593420619952177e+00
1.022991245235523428e+00
1.022403713673078363e+00
1.021830462299756492e+00
1.021271119833620400e+00
1.020725309785305290e+00
1.020192653503593672e+00
1.019672772484707668e+00
1.019165289302369271e+00
1.018669828691244117e+00
1.018186019506150730e+00
1.017713496395089789e+00
1.017251900204124926e+00
1.016800878305542222e+00
1.016360085888259102e+00
1.015929187117367016e+00
1.015507855314095265e+00
1.015095772943856778e+00
1.014692632390777893e+00
1.014298136738106093e+00
1.013911999858869928e+00
1.013533946261228280e+00
1.013163711495493224e+00
1.012801042683062258e+00
1.012445698532051352e+00
1.012097449087462797e+00
1.011756075904653995e+00
1.011421372400999052e+00
1.011093143811528705e+00
1.010771206887367546e+00
1.010455389920357216e+00
1.010145532956074010e+00
1.009841487667554105e+00
1.009543116988015354e+00
1.009250295023185418e+00
1.008962907144460353e+00
1.008680849768737176e+00
1.008404029926422085e+00
1.008132365086485960e+00
1.007865783135563520e+00
1.007604222044835351e+00
1.007347629363633423e+00
1.007095961969410425e+00
1.006849185932553903e+00
1.006607276065079937e+00
1.006370215348503683e+00
1.006137994620277754e+00
1.005910612320573216e+00
1.005688073902982094e+00
1.005470391182786472e+00
1.005257581965358860e+00
1.005049669668465429e+00
1.004846682609337627e+00
1.004648653296365213e+00
1.004455618008702977e+00
1.004267616263085028e+00
1.004084690044894090e+00
1.003906883120744498e+00
1.003734240562770497e+00
1.003566808114754627e+00
1.003404631440825368e+00
1.003247755539227626e+00
1.003096224292660876e+00
1.002950079830427388e+00
1.002809361901827678e+00
1.002674107509310630e+00
1.002544350585649280e+00
1.002420121558672550e+00
1.002301447058812078e+00
1.002188349901178777e+00
1.002080849048946565e+00
1.001978959632633837e+00
1.001882693229833921e+00
1.001792058355586157e+00
1.001707060957836459e+00
1.001627705109330080e+00
1.001553994031464834e+00
1.001485931224563197e+00
1.001423521740726352e+00
1.001366773716865666e+00
1.001315700129059127e+00
1.001270320642308143e+00
1.001230663637167950e+00
1.001196768452433217e+00
1.001168687700495719e+00
1.001146489659783700e+00
1.001130260761048163e+00
1.001120108095293171e+00
1.001661530777981701e+00
1.000000000000000000e+00
