1.000000000000000000e+00
9.889309473681946461e-01
9.806984463068635360e-01
9.708545444620864107e-01
9.599054998395525340e-01
9.484832773269278317e-01
9.368905078665900055e-01
9.252334818688430218e-01
9.135388268064659201e-01
9.018059347384473901e-01
8.900261817518462237e-01
8.781892548149858868e-01
8.662849237661733870e-01
8.543033121099380400e-01
8.422347835778966063e-01
8.300699043546433398e-01
8.177997454272982747e-01
8.054167619866053895e-01
7.929165216743662148e-01
7.803006089384715294e-01
7.675810852427462638e-01
7.547869111090345084e-01
7.419727032292028346e-01
7.292300586030534548e-01
7.167013570780643716e-01
7.045953630940402501e-01
6.932030048304231862e-01
6.829103937563356652e-01
6.742045960948809258e-01
6.676663268587991196e-01
6.639434554559608959e-01
6.637011744069184482e-01
6.675497158579892787e-01
6.759580619457741246e-01
6.891695812920157760e-01
7.071392098354021272e-01
7.295089494925866003e-01
7.556292195017588753e-01
7.846218670748003055e-01
8.154707596127194202e-01
8.471219257875526321e-01
8.785765267563996339e-01
9.089637665554439749e-01
9.375867680630324275e-01
9.639407031781203061e-01
9.877081029622351016e-01
1.008738368464234814e+00
1.027018299249868427e+00
1.042638859243429694e+00
1.055763042970251364e+00
1.066598575215900180e+00
1.075376088654123263e+00
1.082332517368789659e+00
1.087698921586123024e+00
1.091692571754174779e+00
1.094512675746581287e+00
1.096338509393266269e+00
1.097328809754431589e+00
1.097622115422486111e+00
1.097338147395445107e+00
1.096579640458199334e+00
1.095434224092128428e+00
1.093976072621866136e+00
1.092267533589978301e+00
1.090360831848139478e+00
1.088299614698107876e+00
1.086120175936145404e+00
1.083852460186166544e+00
1.081521059087523051e+00
1.079146110556317151e+00
1.076744038325415875e+00
1.074328092877591567e+00
1.071908824886015799e+00
1.069494561021874679e+00
1.067091808988162915e+00
1.064705541534268551e+00
1.062339410933552664e+00
1.059995978717081622e+00
1.057676923359216037e+00
1.055383200179630609e+00
1.053140955876262774e+00
1.051200381313383669e+00
1.049749046127009811e+00
1.048651628473050490e+00
1.047665118696259556e+00
1.046659157457286327e+00
1.045640658388893973e+00
1.044615475404052196e+00
1.043588557686450091e+00
1.042564070067721449e+00
1.041545502352711150e+00
1.040535771723950953e+00
1.039537309587315050e+00
1.038552124131383092e+00
1.037581853196797743e+00
1.036627820253108068e+00
1.035691082889886427e+00
1.034772468491424791e+00
1.033872601724882045e+00
1.032991933608197188e+00
1.032130769036520457e+00
1.031289288537033499e+00
1.030467563149253030e+00
1.029665568910512752e+00
1.028883202921580642e+00
1.028120297249768722e+00
1.027376627065499592e+00
1.026651917455382979e+00
1.025945853049611056e+00
1.025258086544401426e+00
1.024588243860745429e+00
1.023935927680753810e+00
1.023300722632114468e+00
1.022682200558800103e+00
1.022079924040508292e+00
1.021493448243598445e+00
1.020922323497797102e+00
1.020366098637026875e+00
1.019824323500612584e+00
1.019296549823489384e+00
1.018782332338320495e+00
1.018281230946946669e+00
1.017792812572758221e+00
1.017316651520834947e+00
1.016852329763564100e+00
1.016399438387965759e+00
1.015957578900009484e+00
1.015526363373001395e+00
1.015105414377365456e+00
1.014694365856563696e+00
1.014292864017890761e+00
1.013900567408446474e+00
1.013517146705115390e+00
1.013142285179401192e+00
1.012775679312563737e+00
1.012417038803841374e+00
1.012066086266641740e+00
1.011722557432896075e+00
1.011386201573239108e+00
1.011056781448807618e+00
1.010734072959827090e+00
1.010417865185728070e+00
1.010107960652509629e+00
1.009804175198736997e+00
1.009506337557181332e+00
1.009214289272087228e+00
1.008927884834350364e+00
1.008646991446067842e+00
1.008371488535312333e+00
1.008101267579508242e+00
1.007836232114666997e+00
1.007576297375252894e+00
1.007321389730106098e+00
1.007071446425999106e+00
1.006826415470247094e+00
1.006586255139157560e+00
1.006350933344794196e+00
1.006120427311703480e+00
1.005894723327440454e+00
1.005673816094760031e+00
1.005457708011099127e+00
1.005246408783010859e+00
1.005039935034481857e+00
1.004838309516969952e+00
1.004641560325418848e+00
1.004449720457125883e+00
1.004262827235880673e+00
1.004080921454465480e+00
1.003904046612582590e+00
1.003732248404490157e+00
1.003565574015213402e+00
1.003404071272912423e+00
1.003247787992751050e+00
1.003096771477210547e+00
1.002951067785040840e+00
1.002810721004967043e+00
1.002675772828587109e+00
1.002546262164122126e+00
1.002422224603181311e+00
1.002303692042731065e+00
1.002190692617361378e+00
1.002083250591016661e+00
1.001981386295254017e+00
1.001885116355818672e+00
1.001794454146592406e+00
1.001709410224770336e+00
1.001629992973722016e+00
1.001556209613834847e+00
1.001488067312153341e+00
1.001425574433548071e+00
1.001368742073544427e+00
1.001317585827229406e+00
1.001272127645591370e+00
1.001232397878123237e+00
1.001198437550783416e+00
1.001170300711701877e+00
1.001148056853542023e+00
1.001131793436535800e+00
1.001121618430775850e+00
1.001662943489284752e+00
1.000000000000000000e+00
