1.000000000000000000e+00
9.944427320347253296e-01
9.903273716395774029e-01
9.854230079047203716e-01
9.799875302638468844e-01
9.743378963495821221e-01
9.686253677685828789e-01
9.629032258530580979e-01
9.571852254997355036e-01
9.514717242764787475e-01
9.457592219637259712e-01
9.400434818235817724e-01
9.343203888564206583e-01
9.285860587946772604e-01
9.228367445450611495e-01
9.170687575738960540e-01
9.112785219450342256e-01
9.054628623637757112e-01
8.996196429017160323e-01
8.937489003528176212e-01
8.878546453386190196e-01
8.819475261049266601e-01
8.760485513740137176e-01
8.701940291370406921e-01
8.644417671270214765e-01
8.588783560246060489e-01
8.536269732526654552e-01
8.488545742155442220e-01
8.447766023360520071e-01
8.416565898020830216e-01
8.397975542861173537e-01
8.395224381900588950e-01
8.411425175669409171e-01
8.449159116138682535e-01
8.510024376862890261e-01
8.594245577490223775e-01
8.700450595065691850e-01
8.825690350720906130e-01
8.965713359648861402e-01
9.115434649967653069e-01
9.269491932541301660e-01
9.422774858592846137e-01
9.570838344576156898e-01
9.710155260298173330e-01
9.838208047063069506e-01
9.953451614184338769e-01
1.005519164523371423e+00
1.014341986811964746e+00
1.021863761219123923e+00
1.028169130587198499e+00
1.033363484207980632e+00
1.037562160550055790e+00
1.040882432929123969e+00
1.043437850839727066e+00
1.045334640307978180e+00
1.046669761159784828e+00
1.047530091966653254e+00
1.047992282087637728e+00
1.048123067016814458e+00
1.047979981860369891e+00
1.047612253801374793e+00
1.047061725725469739e+00
1.046363710120289614e+00
1.045547813106710411e+00
1.044638745312926664e+00
1.043657053139685154e+00
1.042619726606529351e+00
1.041540712830490545e+00
1.040431394418757538e+00
1.039301011857308721e+00
1.038157016299072977e+00
1.037005345533237310e+00
1.035850661808512152e+00
1.034696573101260730e+00
1.033545820413036109e+00
1.032400419600211450e+00
1.031261773765282497e+00
1.030130780944750857e+00
1.029007928258217852e+00
1.027893366671396302e+00
1.026813474852436237e+00
1.026024679920940930e+00
1.025575225054207396e+00
1.025199484488967805e+00
1.024804758691411966e+00
1.024395234572203384e+00
1.023974472516120393e+00
1.023545500819573739e+00
1.023110893305338776e+00
1.022672832116867880e+00
1.022233163051784244e+00
1.021793445266636624e+00
1.021354993533012401e+00
1.020918911100681337e+00
1.020486117634414214e+00
1.020057376116962011e+00
1.019633316054350702e+00
1.019214451737760818e+00
1.018801197057139118e+00
1.018393879759055487e+00
1.017992754421515711e+00
1.017598013087475550e+00
1.017209793353701208e+00
1.016828185814657282e+00
1.016453241487470072e+00
1.016084978235727299e+00
1.015723385238559207e+00
1.015368426796801282e+00
1.015020046673619669e+00
1.014678171906432169e+00
1.014342715486884261e+00
1.014013578422971129e+00
1.013690652121622904e+00
1.013373820672401004e+00
1.013062962533192168e+00
1.012757951655391064e+00
1.012458658732615646e+00
1.012164952593906486e+00
1.011876701300236547e+00
1.011593772735597252e+00
1.011316035211666575e+00
1.011043358332554210e+00
1.010775613734595790e+00
1.010512675375928371e+00
1.010254419778380264e+00
1.010000726572323204e+00
1.009751478980509987e+00
1.009506563958530556e+00
1.009265872257821606e+00
1.009029298740616198e+00
1.008796742686408843e+00
1.008568107857888752e+00
1.008343302476432779e+00
1.008122239378536289e+00
1.007904836206376720e+00
1.007691015420125735e+00
1.007480704215695466e+00
1.007273834579362815e+00
1.007070343397357570e+00
1.006870172428128374e+00
1.006673268184156811e+00
1.006479581919204946e+00
1.006289069674896286e+00
1.006101692209745213e+00
1.005917414843741753e+00
1.005736207393234327e+00
1.005558044162985221e+00
1.005382903829661112e+00
1.005210769250883152e+00
1.005041627357163181e+00
1.004875469092184836e+00
1.004712289244992895e+00
1.004552086220804830e+00
1.004394861894617685e+00
1.004240621500174235e+00
1.004089373409776664e+00
1.003941128870598609e+00
1.003795901824936276e+00
1.003653708748019069e+00
1.003514568370615034e+00
1.003378501378519028e+00
1.003245530204169844e+00
1.003115678814705980e+00
1.002988972386518629e+00
1.002865436980854286e+00
1.002745099316086019e+00
1.002627986502945490e+00
1.002514125702250070e+00
1.002403543812513398e+00
1.002296267232116289e+00
1.002192321573124767e+00
1.002091731341739678e+00
1.001994519681570273e+00
1.001900708171770349e+00
1.001810316572820048e+00
1.001723362588767818e+00
1.001639861731320913e+00
1.001559827215597220e+00
1.001483269837361023e+00
1.001410197919790690e+00
1.001340617376439646e+00
1.001274531794587253e+00
1.001211942566532231e+00
1.001152849139923751e+00
1.001097249372810527e+00
1.001045139926589833e+00
1.000996516762945987e+00
1.000951375791755638e+00
1.000909713595324657e+00
1.000871528241548125e+00
1.000836820225245782e+00
1.000805593523666159e+00
1.000777856722121495e+00
1.000753624234393513e+00
1.000732917627535690e+00
1.000715766998488743e+00
1.000702212398736357e+00
1.000692305306696950e+00
1.000686110117115168e+00
1.001019047715726140e+00
1.000000000000000000e+00
