1.000000000000000000e+00
9.875763328085047643e-01
9.783264789495977887e-01
9.672567619838712272e-01
9.549331063268470254e-01
9.420647585970535198e-01
9.289915299720294950e-01
9.158325396825675035e-01
9.026172730704273839e-01
8.893446200950594349e-01
8.760046789665174582e-01
8.625861753229708828e-01
8.490789018589348647e-01
8.354746305435837295e-01
8.217677417652021754e-01
8.079560280752671186e-01
7.940418433614950811e-01
7.800336527309000845e-01
7.659479831051364540e-01
7.518117417225892440e-01
7.376648336516408166e-01
7.235629530363960615e-01
7.095804002062654492e-01
6.958128028247486663e-01
6.823796680469632614e-01
6.694261290063404646e-01
6.571228164695559482e-01
6.456635446889346097e-01
6.352612046780784505e-01
6.261422087710932782e-01
6.185360496387164453e-01
6.126618700683629237e-01
6.087269288502638043e-01
6.069550620133571384e-01
6.076320738159746160e-01
6.111374320438408558e-01
6.179769223151861945e-01
6.288325902671818568e-01
6.446176865167012604e-01
6.663666890466787285e-01
6.949754585130540896e-01
7.310405337358424349e-01
7.748266655394778768e-01
8.262280216117280363e-01
8.846068639025551628e-01
9.487666287233916806e-01
1.017169374693009720e+00
1.088255909357000784e+00
1.160484395989298312e+00
1.232227554699745875e+00
1.301923501438487341e+00
1.368269275109583738e+00
1.430304674966197842e+00
1.487284119987656084e+00
1.538585996475272166e+00
1.583775182642912505e+00
1.622674663716486387e+00
1.655291291545210042e+00
1.681682689249300200e+00
1.701956483944765175e+00
1.716307294050376520e+00
1.725026237746634550e+00
1.728433642025297257e+00
1.726830953245941380e+00
1.720524154902614455e+00
1.709851267678533127e+00
1.695163046803273899e+00
1.676783404032257563e+00
1.655013529282557627e+00
1.630150456846823248e+00
1.602496198940627226e+00
1.572339516558753481e+00
1.539943491057538694e+00
1.505557898262485539e+00
1.469432487160250655e+00
1.431812468375216252e+00
1.392926678152184738e+00
1.352991906150658119e+00
1.312221869467905533e+00
1.270831464349563955e+00
1.229075968422953968e+00
1.187609604774797711e+00
1.147009959315357985e+00
1.107286536210262629e+00
1.067749048861591721e+00
1.027693677937062455e+00
9.871166602926103595e-01
9.462202133970515350e-01
9.052288222536819529e-01
8.643560511322637696e-01
8.238076214126290875e-01
7.837613806436880548e-01
7.444003031482796517e-01
7.059373354297799885e-01
6.685873233330970056e-01
6.325494569652472254e-01
5.980336733644567859e-01
5.652804846412112783e-01
5.345124115672189591e-01
5.059453731934328014e-01
4.797984275542130361e-01
4.562805680711658485e-01
4.355796199886378117e-01
4.178496532054416512e-01
4.032551135002940823e-01
3.920439959648140404e-01
3.842283932814667402e-01
3.795564836084632798e-01
3.777760543121969627e-01
3.786103664897207954e-01
3.817768264039299586e-01
3.870013407928141191e-01
3.940288622891289783e-01
4.026293466530098675e-01
4.125992089115778083e-01
4.237596960327318918e-01
4.359544485752552823e-01
4.490469469511163547e-01
4.629175817718285124e-01
4.774603753144135432e-01
4.925803329725809143e-01
5.081917387507564055e-01
5.242167298908011475e-01
5.405836659469489547e-01
5.572258632987165949e-01
5.740810795265163247e-01
5.910911382880373877e-01
6.082012885288508031e-01
6.253596565681103225e-01
6.425171719694123817e-01
6.596275672899080122e-01
6.766471428642466535e-01
6.935344972719890144e-01
7.102505448120612908e-01
7.267586061632358430e-01
7.430243054265563973e-01
7.590153868412917726e-01
7.747017259812688517e-01
7.900554204087594234e-01
8.050507276209215579e-01
8.196639149483735398e-01
8.338732519861288273e-01
8.476590825468690582e-01
8.610037684761190357e-01
8.738915506658999632e-01
8.863085301454779463e-01
8.982427257792929831e-01
9.096840175631777381e-01
9.206240193431594054e-01
9.310560612592230223e-01
9.409752392042548541e-01
9.503783530037602789e-01
9.592637893737586685e-01
9.676315130744737036e-01
9.754831103429044692e-01
9.828217204685283370e-01
9.896519313002736240e-01
9.959797820825129211e-01
1.001812797018522661e+00
1.007159898191863245e+00
1.012031302168422187e+00
1.016438529559605231e+00
1.020394417481606864e+00
1.023913007917033324e+00
1.027009440809545815e+00
1.029699959045550228e+00
1.032001870414356093e+00
1.033933416990774123e+00
1.035513672087484904e+00
1.036762513586820367e+00
1.037700528444148285e+00
1.038348860934928730e+00
1.038729112149636924e+00
1.038863277868607105e+00
1.038773594337718098e+00
1.038482366394614109e+00
1.038011873617604941e+00
1.037384266934823884e+00
1.036621389349936528e+00
1.035744618730218836e+00
1.034774783420589817e+00
1.033732029982274758e+00
1.032635669018090452e+00
1.031504079430785481e+00
1.030354649373304010e+00
1.029203666919097593e+00
1.028066236219456808e+00
1.026956274772560018e+00
1.025886497961912669e+00
1.024868404823598755e+00
1.023912315058163491e+00
1.023027443277148008e+00
1.022221959446441231e+00
1.021503073245461080e+00
1.020877164524989000e+00
1.020349904318637702e+00
1.019926374797625490e+00
1.019611203407675637e+00
1.019408688567549293e+00
1.029016240830642692e+00
1.000000000000000000e+00
