1.000000000000000000e+00
9.876383804764442553e-01
9.784351757997030719e-01
9.674217140613359245e-01
9.551611992001137752e-01
9.423593383038669780e-01
9.293542333994093685e-01
9.162643914397919920e-01
9.031190848938851490e-01
8.899170044452934247e-01
8.766477912664394356e-01
8.632991551324247226e-01
8.498589122447880451e-01
8.363153716843866325e-01
8.226573356223026989e-01
8.088742458456165130e-01
7.949567928372759384e-01
7.808982743602213006e-01
7.666970293677806136e-01
7.523603317538016810e-01
7.379101782250319097e-01
7.233914159342217376e-01
7.088825878770946831e-01
6.945096666972868649e-01
6.804624159783214665e-01
6.670123528217468678e-01
6.545301127317436629e-01
6.434984584852084799e-01
6.345154364873279995e-01
6.282808708310041457e-01
6.255595370257752696e-01
6.271174637402452401e-01
6.336345165604841956e-01
6.456052852434419620e-01
6.632474695442912571e-01
6.864388276458546212e-01
7.146989665097754907e-01
7.472213958362907693e-01
7.829492760862150069e-01
8.206778283120707007e-01
8.591650196036245690e-01
8.972356439778471637e-01
9.338649834522581017e-01
9.682324057584797972e-01
9.997420242269374757e-01
1.028017698059950469e+00
1.052881186427753635e+00
1.074320041661403158e+00
1.092447804781848886e+00
1.107463785290732527e+00
1.119621043902381041e+00
1.129201499750028370e+00
1.136496425886362571e+00
1.141790361723741931e+00
1.145350709943696366e+00
1.147423389368035007e+00
1.148231523848609159e+00
1.147974145233980892e+00
1.146825447537046294e+00
1.144936685636139373e+00
1.142438964264382850e+00
1.139445730227572673e+00
1.136054109404618595e+00
1.132346439425579776e+00
1.128392671086925647e+00
1.124252578466961028e+00
1.119977011286416912e+00
1.115608663722129856e+00
1.111183352790727108e+00
1.106731328547426063e+00
1.102278258012172607e+00
1.097845641254015403e+00
1.093451238010276994e+00
1.089109795648510959e+00
1.084833685974362139e+00
1.080633173853941642e+00
1.076516530148047934e+00
1.072490366377848447e+00
1.068559990251162661e+00
1.064729639509134573e+00
1.061029402637044816e+00
1.057722365147857113e+00
1.055006411211247386e+00
1.052743804178740028e+00
1.050423091534149034e+00
1.047694747499652079e+00
1.044830752240029526e+00
1.042056548672583238e+00
1.039373667445173677e+00
1.036783115461711313e+00
1.034285427843210314e+00
1.031880757091141909e+00
1.029568947955173064e+00
1.027349548071931684e+00
1.025221814872557147e+00
1.023184772142359700e+00
1.021237261376353400e+00
1.019377958602724066e+00
1.017605374467626778e+00
1.015917879868395213e+00
1.014313739889302513e+00
1.012791134098595558e+00
1.011348156194324721e+00
1.009982821462720226e+00
1.008693089810017263e+00
1.007476885812558898e+00
1.006332098120886087e+00
1.005256577958866915e+00
1.004248155124785491e+00
1.003304652714961831e+00
1.002423889619811881e+00
1.001603678401935760e+00
1.000841833255672331e+00
1.000136180483522708e+00
9.994845627350041894e-01
9.988848371615632882e-01
9.983348782999427184e-01
9.978325856587358933e-01
9.973758884691601434e-01
9.969627439356095744e-01
9.965911372480625863e-01
9.962590871757240896e-01
9.959646507739869925e-01
9.957059217653387861e-01
9.954810290344636714e-01
9.952881408296205823e-01
9.951254686391364235e-01
9.949912660797086694e-01
9.948838270543101103e-01
9.948014884607384589e-01
9.947426331623316909e-01
9.947056894194777898e-01
9.946891291820552095e-01
9.946914695998396727e-01
9.947112753392772788e-01
9.947471582518722100e-01
9.947977757329471427e-01
9.948618314883942437e-01
9.949380773670939426e-01
9.950253131482571511e-01
9.951223850346239130e-01
9.952281859978988621e-01
9.953416572229745185e-01
9.954617878014633270e-01
9.955876132081005192e-01
9.957182153640965483e-01
9.958527237492673656e-01
9.959903149021975821e-01
9.961302108582886783e-01
9.962716790474869244e-01
9.964140330930816303e-01
9.965566320064795924e-01
9.966988785276198470e-01
9.968402189162760552e-01
9.969801434303061649e-01
9.971181851785083650e-01
9.972539183966179221e-01
9.973869581759781111e-01
9.975169605769381720e-01
9.976436210009633765e-01
9.977666722838072211e-01
9.978858843352662600e-01
9.980010637842473553e-01
9.981120518616884985e-01
9.982187223293090828e-01
9.983209809542851199e-01
9.984187643728610340e-01
9.985120376714236023e-01
9.986007923611329717e-01
9.986850454181710468e-01
9.987648373913683431e-01
9.988402297687474229e-01
9.989113030804108728e-01
9.989781555516299427e-01
9.990409005389033759e-01
9.990996637739985031e-01
9.991545816979280348e-01
9.992057996894381233e-01
9.992534693073559238e-01
9.992977458571555838e-01
9.993387869313936633e-01
9.993767503096750993e-01
9.994117915636250293e-01
9.994440624046228017e-01
9.994737094600262273e-01
9.995008723393429273e-01
9.995256819701310302e-01
9.995482598935209184e-01
9.995687172976461810e-01
9.995871539719157761e-01
9.996036578119743554e-01
9.996183046879827394e-01
9.996311580431160859e-01
9.996422687101811366e-01
9.996516752275788065e-01
9.996594039824746591e-01
9.996654693124780167e-01
9.996698737761082754e-01
9.996726083413494113e-01
9.994911861652333585e-01
1.000000000000000000e+00
