1.000000000000000000e+00
9.856367737112590177e-01
9.749264001449713390e-01
9.620931414006080873e-01
9.477872620601939246e-01
9.328284217506409570e-01
9.176094820109120809e-01
9.022675402566662228e-01
8.868355064312445357e-01
8.713104650621298353e-01
8.556788785000222219e-01
8.399250674497419356e-01
8.240338816197879668e-01
8.079916110072684621e-01
7.917866765023082731e-01
7.754107907267042687e-01
7.588610291807458275e-01
7.421432115862179879e-01
7.252770215331644232e-01
7.083033269363997464e-01
6.912941608373098790e-01
6.743657346579369216e-01
6.576946303201972599e-01
6.415368751731103103e-01
6.262488461036146425e-01
6.123077113824787476e-01
6.003274880181913575e-01
5.910650839182420846e-01
5.854092666861818728e-01
5.843452395477997108e-01
5.888893076986002617e-01
5.999945024554972361e-01
6.184380305278377454e-01
6.447098099282020378e-01
6.789212938676900677e-01
7.207495217736807902e-01
7.694301783075074841e-01
8.238051726194447477e-01
8.824191732966361057e-01
9.436338730559326038e-01
1.005744088976313177e+00
1.067103738649517686e+00
1.126245062068010894e+00
1.181960405095376254e+00
1.233324206996734729e+00
1.279687446049462718e+00
1.320669437081024800e+00
1.356143769387832210e+00
1.386180892369082596e+00
1.410971526490517158e+00
1.430789795982385870e+00
1.445974182137366837e+00
1.456906650047365082e+00
1.463974085200355546e+00
1.467542856865690970e+00
1.467960777134693640e+00
1.465565404982649200e+00
1.460675348375277460e+00
1.453575012859142923e+00
1.444518756942016147e+00
1.433740736661212045e+00
1.421460712397286663e+00
1.407878268948996592e+00
1.393169555037785834e+00
1.377494232742178637e+00
1.361002509158547147e+00
1.343834422610331147e+00
1.326115709022839706e+00
1.307960269582706836e+00
1.289474548199702530e+00
1.270760027136018877e+00
1.251911029691775035e+00
1.233013437435797055e+00
1.214147350766653588e+00
1.195389654808297619e+00
1.176813417633042924e+00
1.158486077492727251e+00
1.140470348190471439e+00
1.122825777078903409e+00
1.105609375829979424e+00
1.088912044846589211e+00
1.073150515166932273e+00
1.058655747519274160e+00
1.045284754385166437e+00
1.032353856406272419e+00
1.019211136769640813e+00
1.005777410297987284e+00
9.921335928840806506e-01
9.783720456655506936e-01
9.645721935334712338e-01
9.508029157647553964e-01
9.371068441658847448e-01
9.235229236063516867e-01
9.101037897201513793e-01
8.968967086790528009e-01
8.839312971894278670e-01
8.712999126157381369e-01
8.593049681826390174e-01
8.481527671249138312e-01
8.378289069468339845e-01
8.283182061999423418e-01
8.196045849214538270e-01
8.116707654000194783e-01
8.044981374319618572e-01
7.980668805933566201e-01
7.923561044341469461e-01
7.873437756388858011e-01
7.830066740398247127e-01
7.793206034743035415e-01
7.762606130871942955e-01
7.738010845138934002e-01
7.719157772354311442e-01
7.705780124254232311e-01
7.697608933067388026e-01
7.694374476719776368e-01
7.695806932713636916e-01
7.701637596074890624e-01
7.711600616018864374e-01
7.725434287713938142e-01
7.742881453684515858e-01
7.763690047242605141e-01
7.787614227485262219e-01
7.814415298235994900e-01
7.843861766965714022e-01
7.875729352954975448e-01
7.909801611633303642e-01
7.945870439259704598e-01
7.983735920201456837e-01
8.023206050599551720e-01
8.064096961325764035e-01
8.106233126805731937e-01
8.149447128292650611e-01
8.193579271825742749e-01
8.238477566577045996e-01
8.283997778253557875e-01
8.330003168722671658e-01
8.376364089214590747e-01
8.422957850259480406e-01
8.469668709828580555e-01
8.516387633130285684e-01
8.563011917972030984e-01
8.609445036780150051e-01
8.655596605698639978e-01
8.701382167467602846e-01
8.746722853642939777e-01
8.791545233033287721e-01
8.835781282382836332e-01
8.879368190890030155e-01
8.922248062976340099e-01
8.964367790389698998e-01
9.005679029223152554e-01
9.046138014260848292e-01
9.085705294249251107e-01
9.124345631858897798e-01
9.162027983798700648e-01
9.198725317449147898e-01
9.234414377064373847e-01
9.269075611033777973e-01
9.302693145636687921e-01
9.335254584106218445e-01
9.366750785226043430e-01
9.397175809238370592e-01
9.426526869189717495e-01
9.454804105826876137e-01
9.482010373810473292e-01
9.508151191793881019e-01
9.533234633201449482e-01
9.557271089567129785e-01
9.580273078268297660e-01
9.602255161774714276e-01
9.623233773518632406e-01
9.643226970243988783e-01
9.662254260702539677e-01
9.680336490445341502e-01
9.697495602629770950e-01
9.713754378824185354e-01
9.729136288792383791e-01
9.743665327042795310e-01
9.757365746503143811e-01
9.770261821401543534e-01
9.782377704060944978e-01
9.793737211553136257e-01
9.804363576535247704e-01
9.814279266399077439e-01
9.823505838257504674e-01
9.832063714038419278e-01
9.839971974078722816e-01
9.847248238519920038e-01
9.853908512584148571e-01
9.859967013802100055e-01
9.865436044795002912e-01
9.870325892749753915e-01
9.874644691424550036e-01
9.878398295352615044e-01
9.881590195465025372e-01
9.884221408408406795e-01
9.886290353546296483e-01
9.887792740006982051e-01
9.888721439185499396e-01
9.833105006536784209e-01
1.000000000000000000e+00
