1.000000000000000000e+00
9.861704895202361154e-01
9.758624638340955837e-01
9.635154708063637941e-01
9.497566985550494056e-01
9.353754562917495630e-01
9.207500310068271743e-01
9.060126107344780300e-01
8.911952035547719975e-01
8.762954081037104270e-01
8.613006383271900601e-01
8.461962442164364662e-01
8.309680205843765766e-01
8.156029895733371005e-01
8.000899242029780867e-01
7.844202638635834335e-01
7.685898317656277845e-01
7.526017279091379297e-01
7.364708032295522733e-01
7.202301625538876095e-01
7.039401564653259280e-01
6.877002625487000920e-01
6.716640731012879506e-01
6.560572237916031391e-01
6.411974189087725762e-01
6.275145864837126108e-01
6.155676602488101556e-01
6.060527533337423112e-01
5.997958919002884803e-01
5.977228492165469476e-01
6.007999859454485891e-01
6.099455617155671305e-01
6.259203223092896229e-01
6.492152078799402481e-01
6.799566482739299866e-01
7.178473328579624280e-01
7.621570665530527089e-01
8.117686523189556747e-01
8.652723457081659131e-01
9.210826076408005214e-01
9.775600067881887734e-01
1.033137007453533762e+00
1.086430814190134431e+00
1.136319408579345769e+00
1.181965276493096351e+00
1.222809649545107735e+00
1.258556342276624829e+00
1.289146394238260829e+00
1.314702375845000937e+00
1.335461080676409784e+00
1.351734629793831743e+00
1.363886096885047472e+00
1.372306943563540882e+00
1.377385714094602198e+00
1.379487763938825884e+00
1.378954685535255242e+00
1.376109053394347193e+00
1.371248795150537880e+00
1.364637870787469787e+00
1.356510045469788706e+00
1.347076471612126625e+00
1.336530572414602158e+00
1.325045242744478102e+00
1.312771693312132060e+00
1.299844926898250819e+00
1.286389111377030714e+00
1.272517713631498459e+00
1.258331326859689847e+00
1.243919792251982237e+00
1.229365479065600342e+00
1.214745232541314168e+00
1.200129185480655725e+00
1.185580160830574714e+00
1.171155625945093259e+00
1.156909528868784731e+00
1.142892029863655567e+00
1.129148447480986084e+00
1.115719974015864091e+00
1.102644792361115345e+00
1.089958572828362726e+00
1.077727996893445006e+00
1.066315288521914484e+00
1.056001624304753639e+00
1.046638316632419796e+00
1.037592353052857463e+00
1.028266179035467243e+00
1.018582072430712193e+00
1.008606983660916168e+00
9.984180631481639479e-01
9.880808507210419034e-01
9.776514715494499796e-01
9.671626761427069008e-01
9.566439321726082357e-01
9.462770412858689806e-01
9.363718556731909226e-01
9.270715852552596781e-01
9.183630104327208388e-01
9.102330899830389788e-01
9.026686404426901289e-01
8.956562606970853713e-01
8.891823677300356721e-01
8.832331722652075889e-01
8.777945344551227880e-01
8.728519078613764526e-01
8.683904262515367289e-01
8.643949895987016463e-01
8.608502124399034505e-01
8.577403808243501127e-01
8.550495538933190476e-01
8.527616654436027677e-01
8.508605408753029398e-01
8.493298859010413038e-01
8.481533561208639549e-01
8.473146483151784425e-01
8.467975464188355339e-01
8.465859231676844399e-01
8.466637779915959783e-01
8.470153095402427335e-01
8.476249656560465029e-01
8.484774437725012275e-01
8.495577035440716740e-01
8.508510192048717169e-01
8.523430230653205042e-01
8.540197004743810272e-01
8.558673844793577290e-01
8.578727907626682025e-01
8.600230480925847854e-01
8.623056907508670488e-01
8.647086447652116981e-01
8.672202460686567749e-01
8.698292590977010352e-01
8.725248687797232394e-01
8.752966638475639938e-01
8.781346426903082758e-01
8.810292241625864440e-01
8.839712389533159742e-01
8.869519115514954422e-01
8.899628591759677354e-01
8.929960979123102716e-01
8.960440342645158429e-01
8.990994477856739664e-01
9.021554868598189447e-01
9.052056721486096968e-01
9.082438879235946727e-01
9.112643652859248045e-01
9.142616767163077585e-01
9.172307380420972045e-01
9.201667995258091537e-01
9.230654300783759370e-01
9.259225118830510803e-01
9.287342414415356018e-01
9.314971199804986668e-01
9.342079384948448473e-01
9.368637730542718201e-01
9.394619850526656490e-01
9.420002107926455093e-01
9.444763476107386202e-01
9.468885501598699461e-01
9.492352295536626849e-01
9.515150411436498201e-01
9.537268708196535716e-01
9.558698319655759557e-01
9.579432626849379018e-01
9.599467115547658524e-01
9.618799239988230498e-01
9.637428391628947155e-01
9.655355829045415561e-01
9.672584524782112947e-01
9.689119040161758845e-01
9.704965471683946188e-01
9.720131336542711109e-01
9.734625409976055410e-01
9.748457611464729222e-01
9.761638926768259061e-01
9.774181249131788096e-01
9.786097206898878298e-01
9.797400061106616986e-01
9.808103593860897362e-01
9.818221929304389306e-01
9.827769372686042670e-01
9.836760309417965642e-01
9.845209057703745437e-01
9.853129696892508615e-01
9.860535938962966540e-01
9.867441021986201877e-01
9.873857550507669778e-01
9.879797346562100291e-01
9.885271356133298326e-01
9.890289530748418434e-01
9.894860695949969642e-01
9.898992447845237352e-01
9.902691065549776850e-01
9.905961398147798969e-01
9.908806758471335741e-01
9.911228842728898591e-01
9.913227632449826965e-01
9.914801288086152464e-01
9.915946049001274076e-01
9.916656124300879949e-01
9.874964845012966785e-01
1.000000000000000000e+00
