1.000000000000000000e+00
9.870057391613653586e-01
9.773266884258574594e-01
9.657391843506183404e-01
9.528340991058995568e-01
9.393531939117056861e-01
9.256519107667254831e-01
9.118546998913016344e-01
8.979921083419456496e-01
8.840625472195479118e-01
8.700550732040264190e-01
8.559570836788340520e-01
8.417567667669663134e-01
8.274439272674083412e-01
8.130105132117393385e-01
7.984513654706629771e-01
7.837654407628968922e-01
7.689576715333645840e-01
7.540416041698375649e-01
7.390429557148880946e-01
7.240042186259342261e-01
7.089903991930749383e-01
6.940959179996892825e-01
6.794526163315594003e-01
6.652386509936416559e-01
6.516873494575092796e-01
6.390943242688051917e-01
6.278210515622061338e-01
6.182929502988756543e-01
6.109895226490786868e-01
6.064216829989546031e-01
6.050962429769584094e-01
6.074787021903796935e-01
6.139705707627544085e-01
6.248987418656304360e-01
6.405042230085397081e-01
6.609485144446248794e-01
6.863546666296956866e-01
7.168765199168826152e-01
7.526766316695993053e-01
7.938103764338477752e-01
8.401686337619831413e-01
8.914896301899853936e-01
9.473464392745136742e-01
1.007030189977597301e+00
1.069511858747247413e+00
1.133574996928200962e+00
1.198030556568767002e+00
1.261739841313620492e+00
1.323534042248001530e+00
1.382313582696547805e+00
1.437182414308096012e+00
1.487506279531609188e+00
1.532818799413636413e+00
1.572752380838915442e+00
1.607079064933195411e+00
1.635759238860100551e+00
1.658886570688636430e+00
1.676590488541938706e+00
1.689033794847849101e+00
1.696438176984680579e+00
1.699090523294680910e+00
1.697294051171783780e+00
1.691333441799789616e+00
1.681491971440716826e+00
1.668071825466217240e+00
1.651380320284724812e+00
1.631701337242800420e+00
1.609298805415704914e+00
1.584430790401657685e+00
1.557356586402128373e+00
1.528323484595696113e+00
1.497557864295554264e+00
1.465274709407994091e+00
1.431687734259912581e+00
1.397006105115522034e+00
1.361425673896327515e+00
1.325132366024705632e+00
1.288309012642109952e+00
1.251138553113705365e+00
1.213844732663632797e+00
1.177051092201930382e+00
1.141302124909689519e+00
1.106572051997285255e+00
1.072137668273740907e+00
1.037266538493624823e+00
1.001925451235005537e+00
9.662844797476091152e-01
9.305330227640526974e-01
8.948472005133238927e-01
8.593927947440842541e-01
8.243044839427958737e-01
7.897176518184744198e-01
7.557931572848685109e-01
7.226900028260707654e-01
6.905476015642408871e-01
6.595117947813697867e-01
6.297557351409859283e-01
6.014342177919221877e-01
5.746978486309184397e-01
5.497068798214482799e-01
5.266240827964503435e-01
5.056115915041120568e-01
4.868264827223188207e-01
4.704446247958127270e-01
4.567425176861818481e-01
4.458738726028603216e-01
4.377686551190546060e-01
4.323143075450269213e-01
4.293621601764288642e-01
4.287356618991736146e-01
4.302396286587054086e-01
4.336704091443775444e-01
4.388250330951139477e-01
4.455078700977858630e-01
4.535347064348432822e-01
4.627353690585013224e-01
4.729551788462577067e-01
4.840550076018111936e-01
4.959101093846062791e-01
5.084087480147554405e-01
5.214510883477657677e-01
5.349479742895340006e-01
5.488193303132173906e-01
5.629927525768461116e-01
5.774026660155038293e-01
5.919895885117338885e-01
6.066992000915527594e-01
6.214815235008198657e-01
6.362905272804937340e-01
6.510838281412527628e-01
6.658222457272471306e-01
6.804693692733118082e-01
6.949913871593967896e-01
7.093570034994546303e-01
7.235372277100472482e-01
7.375051245051340576e-01
7.512357367191123680e-01
7.647060860685563899e-01
7.778950678629064086e-01
7.907832891220666349e-01
8.033530275266220766e-01
8.155882593254918378e-01
8.274745938797620770e-01
8.389991496939614990e-01
8.501505274584636451e-01
8.609188447808343581e-01
8.712956850754498550e-01
8.812739944815146664e-01
8.908480643832102919e-01
9.000135656725275490e-01
9.087674984449894966e-01
9.171081003130817644e-01
9.250348373323235007e-01
9.325484342149817918e-01
9.396508194593138352e-01
9.463450433121205485e-01
9.526352766718737541e-01
9.585268324918477800e-01
9.640260959666011598e-01
9.691404425502615494e-01
9.738782405778748652e-01
9.782488554640015321e-01
9.822625609163786464e-01
9.859304540091049507e-01
9.892644536993715487e-01
9.922772670797207484e-01
9.949822871040000516e-01
9.973935113750971304e-01
9.995255178404470753e-01
1.001393389860689043e+00
1.003012600506769436e+00
1.004398935523301173e+00
1.005568445140301970e+00
1.006537328925783292e+00
1.007321808825880627e+00
1.007938060341097009e+00
1.008402137370053353e+00
1.008729842445726499e+00
1.008936614018925981e+00
1.009037467348767425e+00
1.009046900839422944e+00
1.008978786787207094e+00
1.008846304591697773e+00
1.008661900149851132e+00
1.008437208262052298e+00
1.008182992762430397e+00
1.007909144095638254e+00
1.007624666247461942e+00
1.007337663027821018e+00
1.007055359557404772e+00
1.006784148670525569e+00
1.006529625537472716e+00
1.006296637719928277e+00
1.006089366655238182e+00
1.005911400897421260e+00
1.005765807454946259e+00
1.005655212481438410e+00
1.005581875483540610e+00
1.008323942730955158e+00
1.000000000000000000e+00
