4.683539162763135269e-18
5.967019171598275148e-12
8.427743271230067612e-02
8.256449722574960885e-06
1.713570057298325899e-01
1.673704036397302401e-05
2.613313201035248334e-01
2.549479963321204886e-05
3.542952528801761591e-01
3.454459321052762882e-05
4.503453807194753855e-01
4.389684600985515592e-05
5.495791327905635848e-01
5.356136422749005780e-05
6.520935950853016250e-01
6.354810465925502623e-05
7.579838717271103476e-01
7.386736460839024901e-05
8.673408910437128139e-01
8.452982992248467471e-05
9.802485263633108348e-01
9.554658573665230606e-05
1.096779885935580623e+00
1.069291191124057219e-04
1.216992616779655201e+00
1.186893222854358619e-04
1.340923069307750737e+00
1.308394991159382212e-04
1.468579191437850762e+00
1.433923754555415200e-04
1.599932073547910338e+00
1.563611135706829578e-04
1.734906162502388050e+00
1.697593305339020460e-04
1.873368318651435604e+00
1.836011202558992118e-04
2.015116116463648410e+00
1.979010784311388365e-04
2.159866091317538928e+00
2.126743290511404650e-04
2.307242998624331687e+00
2.279365503287956172e-04
2.456771535205850121e+00
2.437039970119128152e-04
2.607872297181587751e+00
2.599935154239505657e-04
2.759863895018838331e+00
2.768225475661894664e-04
2.911972973769076933e+00
2.942091216973739950e-04
3.063353272427150387e+00
3.121718292511410382e-04
3.213113760722901002e+00
3.307297915795940116e-04
3.360354422349788095e+00
3.499026239772566626e-04
3.504206695466972388e+00
3.697104073138063633e-04
3.643874348606682023e+00
3.901736778954711005e-04
3.778670073220770309e+00
4.113134431480549918e-04
3.908043545583398171e+00
4.331512250164773481e-04
4.031598081388417576e+00
4.557091265453474399e-04
4.149094910584993912e+00
4.790099122696136048e-04
4.260446019256664663e+00
5.030770913431599186e-04
4.365697973027124590e+00
5.279349938476450002e-04
4.465009895409180807e+00
5.536088342859292162e-04
4.558628819647912778e+00
5.801247602613216750e-04
4.646865146202444841e+00
6.075098875132623182e-04
4.730070176719424424e+00
6.357923242781159025e-04
4.808616891412608396e+00
6.650011884629998971e-04
4.882884445345910152e+00
6.951666207852480678e-04
4.953246351006260539e+00
7.263197963051327369e-04
5.020061995966027979e+00
7.584929360066395339e-04
5.083670984719540265e+00
7.917193194408078715e-04
5.144389748878991142e+00
8.260332989916124987e-04
5.202509897308029707e+00
8.614703160361318656e-04
5.258297843493374479e+00
8.980669191023884796e-04
5.311995327755458796e+00
9.358607840336280069e-04
5.363820532058009682e+00
9.748907361126356481e-04
5.413969557289299850e+00
1.015196774063095199e-03
5.462618093638318406e+00
1.056820095816655806e-03
5.509923163539689028e+00
1.099803125910550541e-03
5.556024854560516424e+00
1.144189544360865729e-03
5.601047988147197287e+00
1.190024316841463686e-03
5.645103691090231024e+00
1.237353725988648385e-03
5.688290851540684478e+00
1.286225403646831670e-03
5.730697451838623557e+00
1.336688363870107811e-03
5.772401777450291149e+00
1.388793036497747461e-03
5.813473505871936453e+00
1.442591301126987073e-03
5.853974682146750652e+00
1.498136521312919004e-03
5.893960589185718746e+00
1.555483578831772743e-03
5.933480521773784488e+00
1.614688907849531202e-03
5.972578473263123300e+00
1.675810528842072798e-03
6.011293743708952420e+00
1.738908082115456092e-03
6.049661477733253356e+00
1.804042860775307211e-03
6.087713139807628515e+00
1.871277842992509531e-03
6.125476933995742890e+00
1.940677723408483534e-03
6.162978174533224163e+00
2.012308943517429963e-03
6.200239612977174630e+00
2.086239720855073698e-03
6.237281727046052993e+00
2.162540076813880899e-03
6.274122975703171790e+00
2.241281862893609346e-03
6.310780024517956832e+00
2.322538785183472787e-03
6.347267944869282807e+00
2.406386426858457810e-03
6.383600390133526759e+00
2.492902268457438102e-03
6.419789751623751428e+00
2.582165705694928690e-03
6.455847296712489580e+00
2.674258064541718861e-03
6.491783291275180723e+00
2.769262613292360672e-03
6.527607108330789387e+00
2.867264571319710301e-03
6.563327324526856188e+00
2.968351114198578260e-03
6.598951805914784252e+00
3.072611374862149400e-03
6.634487784284371692e+00
3.180136440436434359e-03
6.669941925171595010e+00
3.291019344379662002e-03
6.705320388517804986e+00
3.405355053535509026e-03
6.740628882839449609e+00
3.523240449691561298e-03
6.775872713663193103e+00
3.644774305217600256e-03
6.811056826889896776e+00
3.770057252342529086e-03
6.846185847670892777e+00
3.899191745614170000e-03
6.881264115309710050e+00
4.032282017073190832e-03
6.916295714640864567e+00
4.169434023661222795e-03
6.951284504283200327e+00
4.310755386374261894e-03
6.986234142117780266e+00
4.456355320665976796e-03
7.021148108298515211e+00
4.606344557601991553e-03
7.056029726066973318e+00
4.760835255265861987e-03
7.090882180610361907e+00
4.919940899920783976e-03
7.125708536173101848e+00
5.083776196438333402e-03
7.160511751607167241e+00
5.252456947517156714e-03
7.195294694523977519e+00
5.426099921230807983e-03
7.230060154190899091e+00
5.604822706465078033e-03
7.264810853297801962e+00
5.788743555831590663e-03
7.299549458703562976e+00
5.977981215676092704e-03
7.334278591258488689e+00
6.172654742836993814e-03
7.369000834786302079e+00
6.372883307852263840e-03
7.403718744298252830e+00
6.578785984360505622e-03
7.438434853502066346e+00
6.790481524494902492e-03
7.473151681659606638e+00
7.008088120126014162e-03
7.507871739839185210e+00
7.231723149870816943e-03
7.542597536601384434e+00
7.461502911849935901e-03
7.577331583150828997e+00
7.697542342241917891e-03
7.612076397980665377e+00
7.939954719751346132e-03
7.646834511031331161e+00
8.188851356175445503e-03
7.681608467380593552e+00
8.444341273319845229e-03
7.716400830477711636e+00
8.706530866576793481e-03
7.751214184930867113e+00
8.975523555536475337e-03
7.786051138853724574e+00
9.251419422052166094e-03
7.820914325774056763e+00
9.534314836220724940e-03
7.855806406104772321e+00
9.824302070769359158e-03
7.890730068175431988e+00
1.012146890435559887e-02
7.925688028820298214e+00
1.042589821428799128e-02
7.960683033517296892e+00
1.073766755915851918e-02
7.995717856070709395e+00
1.105684875184248690e-02
8.030795297829147472e+00
1.138350742326648714e-02
8.065918186429255954e+00
1.171770257726914045e-02
8.101089374054614822e+00
1.205948613678242513e-02
8.136311735198438200e+00
1.240890248144348867e-02
8.171588163917942182e+00
1.276598797660894943e-02
8.206921570567516255e+00
1.313077049358712424e-02
8.242314877997058531e+00
1.350326892073013853e-02
8.277771017201136061e+00
1.388349266484073183e-02
8.313292922403743290e+00
1.427144114215038451e-02
8.348883525562365904e+00
1.466710325792042018e-02
8.384545750273987963e+00
1.507045687351003631e-02
8.420282505064049516e+00
1.548146825954938542e-02
8.456096676037743620e+00
1.590009153365698827e-02
8.491991118870792832e+00
1.632626808095345022e-02
8.527968650114287286e+00
1.675992595545304151e-02
8.564032037785077378e+00
1.720097926026559892e-02
8.600183991209535250e+00
1.764932750441809001e-02
8.636427150084179161e+00
1.810485493401164242e-02
8.672764072711684591e+00
1.856742983536968997e-02
8.709197223364922635e+00
1.903690380780844252e-02
8.745728958725059954e+00
1.951311100367455684e-02
8.782361513332126890e+00
1.999586733334733288e-02
8.819096983977791737e+00
2.048496963299558521e-02
8.855937312960355356e+00
2.098019479301121981e-02
8.892884270110949174e+00
2.148129884521313149e-02
8.929939433487597000e+00
2.198801600712465068e-02
8.967104168619968618e+00
2.250005768187427618e-02
9.004379606172213002e+00
2.301711141255240525e-02
9.041766617874012368e+00
2.353883979017457051e-02
9.079265790550707038e+00
2.406487931475466413e-02
9.116877398061864923e+00
2.459483920938034668e-02
9.154601370933630022e+00
2.512830018760895540e-02
9.192437263443297368e+00
2.566481317496963760e-02
9.230384217884440190e+00
2.620389798587138136e-02
9.268440925707130518e+00
2.674504195778509147e-02
9.306605585189766217e+00
2.728769854520222624e-02
9.344875855256136177e+00
2.783128587658646735e-02
9.383248805002949666e+00
2.837518527834828608e-02
9.421720858448139779e+00
2.891873977080812105e-02
9.460287733947902566e+00
2.946125254220242906e-02
9.498944377659459093e+00
3.000198540806586767e-02
9.537684890345399680e+00
3.054015726483796239e-02
9.576502446722630069e+00
3.107494254835162228e-02
9.615389206452467974e+00
3.160546971003415362e-02
9.654336215745738414e+00
3.213081972627701566e-02
9.693333298415430122e+00
3.265002465961594491e-02
9.732368935045993652e+00
3.316206629424395258e-02
9.771430128759014622e+00
3.366587487312294041e-02
9.810502255835135799e+00
3.416032796977607616e-02
9.849568899196317062e+00
3.464424953499591758e-02
9.888611662454305673e+00
3.511640916752626490e-02
9.927609961882895462e+00
3.557552166869149685e-02
9.966540793264130116e+00
3.602024695449505820e-02
1.000537847008117609e+01
3.644919041557960482e-02
1.004409432897052312e+01
3.686090383652657065e-02
1.008265639768838362e+01
3.725388701242807188e-02
1.012102902007329064e+01
3.762659023399574781e-02
1.015917243157836580e+01
3.797741785466078601e-02
1.019704227787956086e+01
3.830473320678547816e-02
1.023458906781402078e+01
3.860686520274318051e-02
1.027175755043720429e+01
3.888211704493121923e-02
1.030848600427877315e+01
3.912877758314911580e-02
1.034470542489745348e+01
3.934513600699050123e-02
1.038033859456171193e+01
3.952950075721935186e-02
1.041529901530831914e+01
3.968022380092054574e-02
1.044948968377532594e+01
3.979573176572524101e-02
1.048280168314174432e+01
3.987456590607661722e-02
1.051511256439746234e+01
3.991543353688295492e-02
1.054628448633245874e+01
3.991727450915415198e-02
1.057616208165504368e+01
3.987934767360138549e-02
1.060457001653823639e+01
3.980134436020976024e-02
1.063131021438021229e+01
3.968353923316084858e-02
1.065615872455503421e+01
3.952699460079759503e-02
1.067886223827190051e+01
3.933384505295563216e-02
1.069913429442687125e+01
3.910771237377787951e-02
1.071665129191211463e+01
3.885435909097279678e-02
1.073104855237595956e+01
3.858287737072531309e-02
1.074191687492752045e+01
3.830860520185974671e-02
1.074879993808430712e+01
3.806769099094121228e-02
1.075119643827680704e+01
3.798381104683832415e-02
3.571150296794686227e-36
1.298367496440944929e-11
2.192471310645064882e-10
1.180351236351688377e-09
3.978279278642317995e-09
1.037183494552890482e-08
2.298502940029939616e-08
4.553277036567602907e-08
8.308958364212581167e-08
1.424074341089373295e-07
2.322889333424130870e-07
3.640222295222075503e-07
5.518835571553260711e-07
8.137126391435253284e-07
1.171564711880634036e-06
1.652440682915676316e-06
2.289093595107895464e-06
3.120904896806250878e-06
4.194817720531608001e-06
5.566306170425721839e-06
7.300349272325903781e-06
9.472365633502680482e-06
1.216905013541419164e-05
1.548903775446416707e-05
1.954330321879014300e-05
2.445519098807985911e-05
3.035996135917755587e-05
3.740373946778261438e-05
4.574176865709988533e-05
5.553590104944613180e-05
6.695130692319931564e-05
8.015244868102518237e-05
9.529844020505358305e-05
1.125379914564144957e-04
1.320042126533545526e-04
1.538096120088711571e-04
1.780416547265337699e-04
2.047592485894685315e-04
2.339904765519821759e-04
2.657318091892681166e-04
2.999489075600731227e-04
3.365789852770358775e-04
3.755345573358071843e-04
4.167082830238015068e-04
4.599785276397220547e-04
5.052152322290975450e-04
5.522856928919991091e-04
6.010599043773094024e-04
6.514152040964280412e-04
7.032400475532746276e-04
7.564368404892347214e-04
8.109238358213810343e-04
8.666361678946832379e-04
9.235261400226548551e-04
9.815629045209696858e-04
1.040731680505168092e-03
1.101032647832737377e-03
1.162479640123750347e-03
1.225098739742518745e-03
1.288926856115466197e-03
1.354010348045172436e-03
1.420403732163561536e-03
1.488168504062842463e-03
1.557372086153256631e-03
1.628086906782978942e-03
1.700389608280609760e-03
1.774360376917123597e-03
1.850082384887945372e-03
1.927641332872155524e-03
2.007125081172933187e-03
2.088623357581825216e-03
2.172227530701765184e-03
2.258030438328615438e-03
2.346126261495001461e-03
2.436610435829019653e-03
2.529579592910388870e-03
2.625131525277426322e-03
2.723365169626628009e-03
2.824380603541530154e-03
2.928279051786269495e-03
3.035162898804487103e-03
3.145135704582177616e-03
3.258302221471504577e-03
3.374768409940378296e-03
3.494641451518443014e-03
3.618029757462602226e-03
3.745042971872190873e-03
3.875791968152583235e-03
4.010388837862943236e-03
4.148946871094448020e-03
4.291580527614894183e-03
4.438405398088179042e-03
4.589538154736718875e-03
4.745096490864451379e-03
4.905199048700544309e-03
5.069965335061551483e-03
5.239515624364701578e-03
5.413970848558722140e-03
5.593452473572698910e-03
5.778082361919081866e-03
5.967982621124880843e-03
6.163275437706174434e-03
6.364082896445792670e-03
6.570526784782476995e-03
6.782728382172395314e-03
7.000808234340084521e-03
7.224885912395583032e-03
7.455079756856952851e-03
7.691506606681898159e-03
7.934281513477534423e-03
8.183517441122519984e-03
8.439324951099063873e-03
8.701811873892215804e-03
8.971082966868559189e-03
9.247239559093874475e-03
9.530379183587678327e-03
9.820595197539486176e-03
1.011797639102547143e-02
1.042260658476251364e-02
1.073456421741815839e-02
1.105392192295778786e-02
1.138074609845332770e-02
1.171509646270035669e-02
1.205702560589180447e-02
1.240657853047725037e-02
1.276379218319739425e-02
1.312869497812556123e-02
1.350130631037329762e-02
1.388163605992902630e-02
1.426968408489932144e-02
1.466543970321661575e-02
1.506888116166843830e-02
1.547997509089671896e-02
1.589867594481598340e-02
1.632492542271140462e-02
1.675865187210640039e-02
1.719976967034000243e-02
1.764817858267028403e-02
1.810376309462628439e-02
1.856639171627015930e-02
1.903591625600627862e-02
1.951217106158751116e-02
1.999497222602071231e-02
2.048411675616610556e-02
2.097938170195669597e-02
2.148052324433521662e-02
2.198727574021532016e-02
2.249935072302009301e-02
2.301643585763367764e-02
2.353819384891930183e-02
2.406426130330987026e-02
2.459424754336569929e-02
2.512773337562001011e-02
2.566426981250002903e-02
2.620337674962521304e-02
2.674454160035270173e-02
2.728721789007398923e-02
2.783082381348105441e-02
2.837474075883307176e-02
2.891831180419076816e-02
2.946084019167404325e-02
3.000158778707700744e-02
3.053977353369002196e-02
3.107457191098693741e-02
3.160511141100902366e-02
3.213047304790271619e-02
3.264968891925334321e-02
3.316174084173806325e-02
3.366555908836434824e-02
3.416002126037644832e-02
3.464395133406543426e-02
3.511611893154104047e-02
3.557523887543945912e-02
3.601997110108889899e-02
3.644892101652581762e-02
3.686064042183983397e-02
3.725362912578045194e-02
3.762633743089083965e-02
3.797716970062340464e-02
3.830448927555865635e-02
3.860662507448554825e-02
3.888188030441044885e-02
3.912854381793039876e-02
3.934490480562448378e-02
3.952927170744182511e-02
3.967999648788804457e-02
3.979550577032836545e-02
3.987434080339868209e-02
3.991520889491032703e-02
3.991704988790171355e-02
3.987912262490202198e-02
3.980111842854543863e-02
3.968331195810900769e-02
3.952676552197424004e-02
3.933361371883704188e-02
3.910747835666029265e-02
3.885412201207461697e-02
3.858263694379156922e-02
3.830836131994012211e-02
3.806744401243428860e-02
3.798356297632858591e-02
