1.000000000000000000e+00
1.000000159774342645e+00
1.000000821743067592e+00
1.000006124808290764e+00
1.000029377252195317e+00
1.000101753240062674e+00
1.000289136218506680e+00
1.000724384767128994e+00
1.001666081471160652e+00
1.003598607897579598e+00
1.007390540991004446e+00
1.014524731195559193e+00
1.027396282287821982e+00
1.049632815637046468e+00
1.086316020252483527e+00
1.143881822474891230e+00
1.229403814500005909e+00
1.349035479073420030e+00
1.505735490547423838e+00
1.697087762952552925e+00
1.914646749619004495e+00
2.146456683552467215e+00
2.383034659343688855e+00
2.624452204362787811e+00
2.883430686487924444e+00
3.178990196654192246e+00
3.522717504507209441e+00
3.906661164475754067e+00
4.303006032173879447e+00
4.675008883827972639e+00
4.987711465591498694e+00
5.214573736593392184e+00
5.337256512453643964e+00
5.344256425689445145e+00
5.229846897207765188e+00
4.993114493168699930e+00
4.639562591007685199e+00
4.180399333990484578e+00
3.633337643038747622e+00
3.021356723124962063e+00
2.371278040325979219e+00
1.711899526936489613e+00
1.070533871477066246e+00
4.710047701236192985e-01
-6.854186635267858763e-02
-5.360514801336285773e-01
-9.253978145350061357e-01
-1.235466989880368516e+00
-1.468652007683471927e+00
-1.629859669471796613e+00
-1.725294898355037132e+00
-1.761803739531731861e+00
-1.746292345796189416e+00
-1.685368584579445939e+00
-1.585280024131509258e+00
-1.451777983297640295e+00
-1.290162513039933678e+00
-1.105231964023364100e+00
-9.012867918184842564e-01
-6.821406908285529980e-01
-4.510967880720913037e-01
-2.110082935498910350e-01
3.571219386834222076e-02
2.870323084139352332e-01
5.412613872728982978e-01
7.970168388850644714e-01
1.053146382384434476e+00
1.308687001842266939e+00
1.562798394912728428e+00
1.814723482252257547e+00
2.063752827593000383e+00
2.309174301644305594e+00
2.550247249247999282e+00
2.786163068386114716e+00
3.016027556339472060e+00
3.238846213379977801e+00
3.453507409617055490e+00
3.658783877991528488e+00
3.853328831428807000e+00
4.035692033119528510e+00
4.204341616450814278e+00
4.357690549572651229e+00
4.494139477694568896e+00
4.612117349703891200e+00
4.710137531014487955e+00
4.786854681371481846e+00
4.841117303266952554e+00
4.872022313724786002e+00
4.878953901497334655e+00
4.861618645030477026e+00
4.820065716910671760e+00
4.754687962346023866e+00
4.666213122822282067e+00
4.555674762968947356e+00
4.424377061440413428e+00
4.273850294815636275e+00
4.105795412304715342e+00
3.922031700865643344e+00
3.724442253350823240e+00
3.514926093609787028e+00
3.295357352689376462e+00
3.067547616439019187e+00
2.833219958601490340e+00
2.593988603628044398e+00
2.351345211319839201e+00
2.106653073607099191e+00
1.861143006874876438e+00
1.615916445194701234e+00
1.371951236021181852e+00
1.130107054668490374e+00
8.911349208991837800e-01
6.556860285677563738e-01
4.243214190067517433e-01
1.975224791396212043e-01
-2.430117834285370343e-02
-2.408022625917190240e-01
-4.516872713475052481e-01
-6.567103196047014979e-01
-8.556658352256379940e-01
-1.048382911277083274e+00
-1.234720397389559965e+00
-1.414561931159787900e+00
-1.587813100825510748e+00
-1.754398043840979637e+00
-1.914256317236512350e+00
-2.067341635168181480e+00
-2.213619499565016024e+00
-2.353065454465891992e+00
-2.485664724423169769e+00
-2.611411149333333626e+00
-2.730306869401015746e+00
-2.842362498182157360e+00
-2.947596778288875452e+00
-3.046036817337562486e+00
-3.137718203296622210e+00
-3.222684664561875412e+00
-3.300988351031501455e+00
-3.372689762140448355e+00
-3.437857461631486533e+00
-3.496568551457731822e+00
-3.548908714591426428e+00
-3.594972125202603674e+00
-3.634861993899447530e+00
-3.668690593600099081e+00
-3.696579147328836967e+00
-3.718658269873019506e+00
-3.735067897728532316e+00
-3.745957071015829420e+00
-3.751484214362923453e+00
-3.751817040060529962e+00
-3.747132324721052399e+00
-3.737616092160194192e+00
-3.723463507421988172e+00
-3.704878575473217417e+00
-3.682074160049396916e+00
-3.655271897754356125e+00
-3.624701851350277337e+00
-3.590602360760636103e+00
-3.553219956662820866e+00
-3.512808923857461796e+00
-3.469630998883745931e+00
-3.423955401307695823e+00
-3.376058481711792680e+00
-3.326223471166012580e+00
-3.274740753629247880e+00
-3.221907981825741896e+00
-3.168030250630663236e+00
-3.113420733244895100e+00
-3.058401559281089366e+00
-3.003304743493322881e+00
-2.948473551063320652e+00
-2.894264496861304714e+00
-2.841049631694706701e+00
-2.789219316271224880e+00
-2.739185917155459116e+00
-2.691388506442070838e+00
-2.646298429674811548e+00
-2.604426264737055075e+00
-2.566330721992481578e+00
-2.532629472555085304e+00
-2.504012131799244312e+00
-2.481255979453039995e+00
-2.465244580137774033e+00
-2.456988248342268921e+00
-2.457643613022015394e+00
-2.468525479573570269e+00
-2.491093826650962573e+00
-2.526874254138028686e+00
-2.577211522830787693e+00
-2.642608115454621043e+00
-2.721010091268519115e+00
-2.803324915324140409e+00
-2.861294940123400021e+00
-2.812500419133688645e+00
-2.402399381299685555e+00
-6.812319845541913166e-01
3.363407865658520013e+00
1.682456483741340270e+00
1.000069277029650872e+00
1.000000000000000000e+00
1.000000000000000000e+00
