1.000000000000000000e+00
1.000000019562764075e+00
1.000000103584460787e+00
1.000000774489889777e+00
1.000003710893628606e+00
1.000012858313606978e+00
1.000036600516997165e+00
1.000091974901831993e+00
1.000212503223089300e+00
1.000461940317005638e+00
1.000957044990351097e+00
1.001903023958388594e+00
1.003644823569036060e+00
1.006734481084224697e+00
1.012007197973305628e+00
1.020644610489323867e+00
1.034184422401189130e+00
1.054420903845237234e+00
1.083153902671316171e+00
1.121822203570552512e+00
1.171189672936040926e+00
1.231392414035784144e+00
1.302529930394772828e+00
1.385482667782420796e+00
1.482026759354569290e+00
1.593260008435196662e+00
1.716894581252248697e+00
1.845375713126083728e+00
1.966913581907764552e+00
2.069190253151394820e+00
2.142976577820942197e+00
2.184165574323564396e+00
2.193416459136306784e+00
2.174739019130966788e+00
2.133856833982133772e+00
2.076827282931984264e+00
2.009378694757963491e+00
1.936366080855868699e+00
1.861716460226632286e+00
1.788405530585867709e+00
1.718595438242694451e+00
1.653831459887490141e+00
1.595127553479725790e+00
1.543132652988508324e+00
1.498189163041059091e+00
1.460430137285033458e+00
1.429828926594941541e+00
1.406240894046214995e+00
1.389456555186189268e+00
1.379200979132671590e+00
1.375161628845637862e+00
1.376987159179291487e+00
1.384301122719507449e+00
1.396713719216324368e+00
1.413817296587854155e+00
1.435195837605374169e+00
1.460419224777074643e+00
1.489048542407495734e+00
1.520636153827862991e+00
1.554725595459236720e+00
1.590856365307368625e+00
1.628560311051561849e+00
1.667365399884790822e+00
1.706794813754161755e+00
1.746370036962562988e+00
1.785615604809570600e+00
1.824059089675689194e+00
1.861236101935909826e+00
1.896692180641856185e+00
1.929988115657960135e+00
1.960705450888828194e+00
1.988449604062009435e+00
2.012855478520001906e+00
2.033590447204751683e+00
2.050359132861748535e+00
2.062907279121310111e+00
2.071023906274667592e+00
2.074544153643935740e+00
2.073349619047586856e+00
2.067369282979004907e+00
2.056579113099883838e+00
2.041000269800686162e+00
2.020697460283894742e+00
1.995775413441285062e+00
1.966375964024347667e+00
1.932674399349525451e+00
1.894875015029583887e+00
1.853207182643485273e+00
1.807920429472020363e+00
1.759280404059034852e+00
1.707564834901295514e+00
1.653059263248324973e+00
1.596053679783519197e+00
1.536838826080755505e+00
1.475703506509214336e+00
1.412932247430809696e+00
1.348802742370981189e+00
1.283584218988373493e+00
1.217535782018252855e+00
1.150905369937653910e+00
1.083929138365274936e+00
1.016830680103737894e+00
9.498209137762538834e-01
8.830979704696757526e-01
8.168472001349251777e-01
7.512415044163197608e-01
6.864413986305912818e-01
6.225954817858301293e-01
5.598409270508239999e-01
4.983037269206766484e-01
4.380992526855413960e-01
3.793326687638892691e-01
3.220994085770885196e-01
2.664857508551325416e-01
2.125691389661199804e-01
1.604187170170462973e-01
1.100958255357821214e-01
6.165429477442968542e-02
1.514092410113531025e-02
-2.940416024112261356e-02
-7.194717464086936021e-02
-1.124602872940839021e-01
-1.509214181826133705e-01
-1.873139355493881053e-01
-2.216263431815322371e-01
-2.538521454252592457e-01
-2.839895601170154271e-01
-3.120412750622111875e-01
-3.380143408222923140e-01
-3.619199666873982313e-01
-3.837733860972490363e-01
-4.035937658976528897e-01
-4.214040463544199699e-01
-4.372308381835329771e-01
-4.511042990062467672e-01
-4.630579512725939706e-01
-4.731285660060402520e-01
-4.813560026378420620e-01
-4.877830210600540561e-01
-4.924551790086922343e-01
-4.954206795067739311e-01
-4.967302027394091546e-01
-4.964368119587169725e-01
-4.945958015055217927e-01
-4.912645309399249482e-01
-4.865023261589825343e-01
-4.803703254141218348e-01
-4.729313123934554830e-01
-4.642496120890208799e-01
-4.543909489595988616e-01
-4.434222968048237012e-01
-4.314117828591536030e-01
-4.184285664672942051e-01
-4.045427036605903637e-01
-3.898250581687511263e-01
-3.743472105305331032e-01
-3.581813479177270443e-01
-3.414001887115116762e-01
-3.240769272391371691e-01
-3.062851517954857106e-01
-2.880987932948066987e-01
-2.695921291921939411e-01
-2.508397610144693091e-01
-2.319166234878657917e-01
-2.128980764539013248e-01
-1.938600031895784948e-01
-1.748789428802666190e-01
-1.560323078953831932e-01
-1.373986644445412963e-01
-1.190580593576429785e-01
-1.010924437376802404e-01
-8.358622344637187118e-02
-6.662690416093357271e-02
-5.030586340993711825e-02
-3.471930993514100311e-02
-1.996944966666227422e-02
-6.165850447582610361e-03
6.572931382917474377e-03
1.811740888795300777e-02
2.832494543826235417e-02
3.703732292082839717e-02
4.407822682066548509e-02
4.925103701521196115e-02
5.233787581953108087e-02
5.310191593817012445e-02
5.129720082485991761e-02
4.669524901367903824e-02
3.914906701856521454e-02
2.874187124025012405e-02
1.613405285735560260e-02
3.397105993089991408e-03
-3.877304279365880943e-03
9.156369199699259873e-03
8.377903829095066646e-02
3.462888301935113655e-01
1.230957966223565014e+00
1.928734410146244471e+00
1.011440899137128646e+00
1.000000081401481999e+00
1.000000000000000000e+00
1.000000000000000000e+00
