1.000000000000000000e+00
1.000000222457654520e+00
1.000001136160901360e+00
1.000008461756394018e+00
1.000040596666474935e+00
1.000140599891663928e+00
1.000399348930613108e+00
1.000999744957419280e+00
1.002296768997054999e+00
1.004952728045832133e+00
1.010148610131000879e+00
1.019884972132312440e+00
1.037358501946528122e+00
1.067339256053417618e+00
1.116371234612491881e+00
1.192495415473441733e+00
1.304136467479465100e+00
1.457952440930658344e+00
1.655951155964668020e+00
1.893014436161373215e+00
2.156558889250717925e+00
2.430124721716187874e+00
2.700998646785772728e+00
2.969026706580023767e+00
3.250661735066543212e+00
3.571532252710709621e+00
3.949720855212809578e+00
4.380653547896780964e+00
4.836258021455454248e+00
5.277695808412650180e+00
5.667414970262568019e+00
5.976018998459450060e+00
6.181100381341908978e+00
6.265357525034061403e+00
6.215713749871168758e+00
6.022817466059971814e+00
5.684092836211979360e+00
5.203898958785875273e+00
4.596000739399970669e+00
3.883395049372200258e+00
3.097613262617674224e+00
2.276655944613470428e+00
1.459616669440726433e+00
6.827443648851579949e-01
-2.495919455226857167e-02
-6.433008393812552628e-01
-1.161283385867883045e+00
-1.576009518990168390e+00
-1.890370621829801090e+00
-2.111292664999862900e+00
-2.247613512946445624e+00
-2.308906410006081433e+00
-2.304566614108474187e+00
-2.243342132371052955e+00
-2.133350294730741670e+00
-1.981987516676914751e+00
-1.796073467552341762e+00
-1.581820246017083154e+00
-1.344844806939110349e+00
-1.090168040322746279e+00
-8.221524456723648955e-01
-5.445569561385357193e-01
-2.605242052749526249e-01
2.735387560065592402e-02
3.169930888977685601e-01
6.067743711339279589e-01
8.954367399762206414e-01
1.182018266013070695e+00
1.465761944075929746e+00
1.746058330557703542e+00
2.022394173134571815e+00
2.294282183757403892e+00
2.561224211137322460e+00
2.822656501491286996e+00
3.077923354891119789e+00
3.326253576242966581e+00
3.566732231385389085e+00
3.798294355100502617e+00
4.019708793286576487e+00
4.229585701076707061e+00
4.426389259464287740e+00
4.608454751379719383e+00
4.774026837359574671e+00
4.921295619785854392e+00
5.048455868961694293e+00
5.153771484555968563e+00
5.235639731006994424e+00
5.292664955930877824e+00
5.323718176648435829e+00
5.327998475040218729e+00
5.305079951105651226e+00
5.254936634454820066e+00
5.177955924063835980e+00
5.074923957601861879e+00
4.947000425279687086e+00
4.795676926428871667e+00
4.622715647462864119e+00
4.430087446515936556e+00
4.219902230943604948e+00
3.994344602670188316e+00
3.755616179151832323e+00
3.505880108778197002e+00
3.247220536889472431e+00
2.981609268120418932e+00
2.710881585458260190e+00
2.436723397066920427e+00
2.160661251012341744e+00
1.884063042312061231e+00
1.608143096011917406e+00
1.333967288642760041e+00
1.062464392646559341e+00
7.944368379921260548e-01
5.305729591434896752e-01
2.714606057161969010e-01
1.759725794500409737e-02
-2.305975347436627909e-01
-4.727709233817147250e-01
-7.086287496663868923e-01
-9.379258965464039033e-01
-1.160458907090746949e+00
-1.376059585022601395e+00
-1.584588476819970726e+00
-1.785931284040082279e+00
-1.979994450873967526e+00
-2.166701105557923945e+00
-2.345989566611689447e+00
-2.517810282120689802e+00
-2.682123619197877229e+00
-2.838899551205768645e+00
-2.988116348547499523e+00
-3.129760295881406584e+00
-3.263826069206600344e+00
-3.390316384503027969e+00
-3.509242442372412008e+00
-3.620624197746356021e+00
-3.724489997031899424e+00
-3.820877073545424718e+00
-3.909831553101334567e+00
-3.991408167386544914e+00
-4.065671018410574433e+00
-4.132693747958794184e+00
-4.192559527641988915e+00
-4.245361928723895950e+00
-4.291205076622776282e+00
-4.330203618932722875e+00
-4.362483460706317651e+00
-4.388181795292327436e+00
-4.407446933989211502e+00
-4.420438825593952181e+00
-4.427329055032724447e+00
-4.428300667940321844e+00
-4.423548554271165223e+00
-4.413279430876663412e+00
-4.397711551672537134e+00
-4.377074854508208546e+00
-4.351610957080825237e+00
-4.321572785675819262e+00
-4.287224467095812841e+00
-4.248841295231339465e+00
-4.206709201526330766e+00
-4.161124394958179984e+00
-4.112393443209096944e+00
-4.060832804217278991e+00
-4.006768473188750512e+00
-3.950536321300071929e+00
-3.892482185478511880e+00
-3.832961999211947024e+00
-3.772342516263174517e+00
-3.711002315454924538e+00
-3.649332814346230247e+00
-3.587739812715443399e+00
-3.526645824497013137e+00
-3.466492704562985860e+00
-3.407744827916078467e+00
-3.350893396283649572e+00
-3.296461957191031189e+00
-3.245012917284805454e+00
-3.197155734458051679e+00
-3.153557510067937386e+00
-3.114955933298341861e+00
-3.082174882887534384e+00
-3.056143535577873216e+00
-3.037919384461236660e+00
-3.028714172740297084e+00
-3.029920031650625845e+00
-3.043128845818059425e+00
-3.070126527679842177e+00
-3.112816787768089011e+00
-3.172964071432256450e+00
-3.251481997371024057e+00
-3.346566374146341616e+00
-3.448818995283697397e+00
-3.528294822473813319e+00
-3.498586187154998139e+00
-3.099514545684496358e+00
-1.341708769574525340e+00
3.176042183382604023e+00
1.999319335018943988e+00
1.000216119105630685e+00
1.000000000000000000e+00
1.000000000000000000e+00
