1.000000000000000000e+00
1.000000002794664944e+00
1.000000015024327338e+00
1.000000112509938699e+00
1.000000538779894921e+00
1.000001867212173323e+00
1.000005319413199922e+00
1.000013387098970474e+00
1.000030997666021326e+00
1.000067587458216334e+00
1.000140600957057924e+00
1.000281089571908755e+00
1.000542157134820753e+00
1.001010814306156016e+00
1.001823078542881662e+00
1.003180550700988105e+00
1.005364202597879508e+00
1.008738633840720045e+00
1.013740244014863068e+00
1.020850482409676241e+00
1.030570198014176597e+00
1.043427495100569979e+00
1.060032260947574967e+00
1.081115946922151849e+00
1.107406361306741527e+00
1.139198012423208839e+00
1.175760241204597767e+00
1.214992764500794076e+00
1.253740961122828290e+00
1.288704607270327429e+00
1.317348050033902984e+00
1.338418491981700376e+00
1.351892199588141885e+00
1.358619871535884593e+00
1.359898748411771052e+00
1.357117196118588609e+00
1.351565055432233597e+00
1.344313993935436047e+00
1.336204494249087160e+00
1.327855051552050192e+00
1.319700547674049540e+00
1.312038105133370269e+00
1.305054657479759905e+00
1.298861837728113144e+00
1.293512924939780318e+00
1.289022214875358507e+00
1.285375934691183719e+00
1.282540604221873659e+00
1.280471735166264668e+00
1.279114900088312412e+00
1.278410008732640435e+00
1.278291621470887929e+00
1.278691013556566336e+00
1.279537902220061030e+00
1.280760144197666817e+00
1.282285191631202137e+00
1.284039706206165921e+00
1.285950570749615940e+00
1.287945285148914154e+00
1.289952359755567990e+00
1.291902293091438114e+00
1.293727521618698306e+00
1.295363217054083638e+00
1.296747469944996123e+00
1.297821874088770810e+00
1.298532213545824154e+00
1.298828494341180306e+00
1.298665460476980060e+00
1.298002644849614251e+00
1.296804717528885931e+00
1.295041761169286154e+00
1.292689195053740248e+00
1.289727923724432124e+00
1.286144145561530117e+00
1.281929345359616779e+00
1.277080185505108822e+00
1.271598226201438919e+00
1.265489764526464445e+00
1.258765449883954668e+00
1.251440033226512982e+00
1.243532045350095094e+00
1.235063398193165130e+00
1.226059081145483454e+00
1.216546722257621393e+00
1.206556282543505887e+00
1.196119725266170830e+00
1.185270642288305032e+00
1.174043970691400540e+00
1.162475622007122178e+00
1.150602220031397227e+00
1.138460840000861340e+00
1.126088715907405557e+00
1.113523034956460656e+00
1.100800677382747450e+00
1.087958046953800606e+00
1.075030918214693321e+00
1.062054236986432088e+00
1.049062000801022743e+00
1.036087116049930534e+00
1.023161304241652747e+00
1.010315039682669447e+00
9.975774550648415229e-01
9.849763101398881782e-01
9.725379516851835326e-01
9.602872802485477033e-01
9.482477491873267939e-01
9.364413309860635248e-01
9.248885282305615574e-01
9.136083876596137188e-01
9.026184882238112994e-01
8.919349668483312898e-01
8.815725311510426154e-01
8.715444826425960967e-01
8.618627553066803282e-01
8.525379293915028578e-01
8.435792737802402241e-01
8.349947881318741105e-01
8.267912262158336745e-01
8.189741441656347432e-01
8.115479387558807156e-01
8.045158860219118191e-01
7.978801899385027374e-01
7.916420124002282455e-01
7.858015175139907438e-01
7.803579193269399861e-01
7.753095114368455665e-01
7.706537156302697422e-01
7.663871271470511504e-01
7.625055457119800373e-01
7.590040185884684432e-01
7.558768765555761160e-01
7.531177654801751720e-01
7.507196861718032910e-01
7.486750279817372400e-01
7.469756048006830351e-01
7.456126976419321650e-01
7.445770895021698310e-01
7.438591048612694934e-01
7.434486518761618257e-01
7.433352542599096502e-01
7.435080881633067129e-01
7.439560200630943587e-01
7.446676353587227126e-01
7.456312726538243396e-01
7.468350586534030500e-01
7.482669343987452537e-01
7.499146867257662219e-01
7.517659801042025913e-01
7.538083801884299939e-01
7.560293805230506869e-01
7.584164290291993682e-01
7.609569471247037420e-01
7.636383505557747808e-01
7.664480706390592868e-01
7.693735689985503612e-01
7.724023513065784163e-01
7.755219820028422806e-01
7.787200938123650662e-01
7.819843937128735378e-01
7.853026706776462529e-01
7.886627986185795747e-01
7.920527316809481411e-01
7.954605011561987071e-01
7.988742073278046751e-01
8.022820003308079873e-01
8.056720586394685579e-01
8.090325618927052265e-01
8.123516521360464315e-01
8.156173857590842680e-01
8.188176779108273795e-01
8.219402334103859120e-01
8.249724605575528003e-01
8.279013713918887962e-01
8.307134646932223809e-01
8.333945850822779278e-01
8.359297567349364133e-01
8.383029941815409725e-01
8.404970861358762590e-01
8.424933521933981595e-01
8.442713878050337462e-01
8.458088250573999600e-01
8.470811611414363895e-01
8.480617675956987345e-01
8.487223180780972820e-01
8.490341111074375391e-01
8.489712614594497886e-01
8.485178116612962507e-01
8.476832166920852396e-01
8.465362441371274693e-01
8.452810940292984077e-01
8.444357238241361197e-01
8.452751939017402183e-01
8.510241301246042056e-01
8.704088910077312224e-01
9.296728487852647937e-01
1.113206817706233975e+00
1.135850862675175321e+00
1.000255177483095670e+00
1.000000001185009202e+00
1.000000000000000000e+00
1.000000000000000000e+00
