1.000000000000000000e+00
1.000000012271077932e+00
1.000000065265062466e+00
1.000000488203782512e+00
1.000002338798120283e+00
1.000008104408184106e+00
1.000023074579160731e+00
1.000058010630881400e+00
1.000134118521716076e+00
1.000291815495234049e+00
1.000605336139769985e+00
1.001205667637007357e+00
1.002314187373849474e+00
1.004287814375548926e+00
1.007672160357711455e+00
1.013250673483331532e+00
1.022065668407583061e+00
1.035376851741392601e+00
1.054528284858086806e+00
1.080739198265100898e+00
1.114913940500594780e+00
1.157654663214509050e+00
1.209586758212806812e+00
1.271791653696028312e+00
1.345749385865516512e+00
1.432165956037290577e+00
1.529088608753212952e+00
1.630666420050725707e+00
1.727985727102979485e+00
1.811797384209612671e+00
1.875186341301166681e+00
1.915060328018001190e+00
1.931887486287115818e+00
1.928618065898284772e+00
1.909436810630971149e+00
1.878728463439984786e+00
1.840570693645571465e+00
1.798361534012429930e+00
1.754793569762524985e+00
1.711864391391978657e+00
1.670991572607845255e+00
1.633160360184531923e+00
1.598996725343879044e+00
1.568884470058392600e+00
1.543010891884448066e+00
1.521432435928549376e+00
1.504108363249922142e+00
1.490927712048734310e+00
1.481741958548823845e+00
1.476364227014566710e+00
1.474585491713652496e+00
1.476173003279012574e+00
1.480877838214424091e+00
1.488441383561523779e+00
1.498592196299663559e+00
1.511051579689757896e+00
1.525530206386308318e+00
1.541731671356393107e+00
1.559353109786796754e+00
1.578085911730060520e+00
1.597619539288545720e+00
1.617640406539395448e+00
1.637835270035326696e+00
1.657891824364601252e+00
1.677501654863771341e+00
1.696364077511865354e+00
1.714186981013197331e+00
1.730690470172921547e+00
1.745608417815082358e+00
1.758691798797304306e+00
1.769711847638745450e+00
1.778461522766324299e+00
1.784758187897351078e+00
1.788444504896410381e+00
1.789390200813026910e+00
1.787493159112445440e+00
1.782679420419563510e+00
1.774903570976974709e+00
1.764147698312501733e+00
1.750420784041296640e+00
1.733757457427039128e+00
1.714216095398738648e+00
1.691877198106037650e+00
1.666840857975405266e+00
1.639224776470449507e+00
1.609162027336076273e+00
1.576798512939667329e+00
1.542290851439741761e+00
1.505803788233403662e+00
1.467508197664772363e+00
1.427579126793456776e+00
1.386193726361156120e+00
1.343529708800993649e+00
1.299763591358910952e+00
1.255069497047780036e+00
1.209618118667840969e+00
1.163575510589599959e+00
1.117102370764612829e+00
1.070353260562363573e+00
1.023476137240377337e+00
9.766120948875296470e-01
9.298949722880349711e-01
8.834513201428335627e-01
8.374003410027388572e-01
7.918538776054085959e-01
7.469165762877814085e-01
7.026858793629089384e-01
6.592522482149826279e-01
6.166993939771546751e-01
5.751043618056355111e-01
5.345377997299310957e-01
4.950641443983011536e-01
4.567418461821937670e-01
4.196236579683426116e-01
3.837567779997482220e-01
3.491831256801973260e-01
3.159395997578094417e-01
2.840582232414808339e-01
2.535664036802491861e-01
2.244871276470405685e-01
1.968391445100629578e-01
1.706371909308545265e-01
1.458921076805812789e-01
1.226110217356023574e-01
1.007975378962368412e-01
8.045182918219694057e-02
6.157082009486911089e-02
4.414834715733132603e-02
2.817524149600027228e-02
1.363947067399443047e-02
5.262414015619748531e-04
-1.118192213814412674e-02
-2.150505784460252437e-02
-3.046567791769169697e-02
-3.808866820538087811e-02
-4.440115245767284335e-02
-4.943239515133981271e-02
-5.321367830934613935e-02
-5.577816200593119916e-02
-5.716079558283370526e-02
-5.739819985137466218e-02
-5.652854072136802299e-02
-5.459144735897341477e-02
-5.162789706983247212e-02
-4.768009300882303930e-02
-4.279138263725861674e-02
-3.700614488658076490e-02
-3.036967103341654123e-02
-2.292808413433774367e-02
-1.472823771313416276e-02
-5.817611157371017569e-03
3.755761154936251150e-03
1.394337400219484643e-02
2.469634198610114184e-02
3.596546087130200742e-02
4.770126810263407985e-02
5.985411270710264131e-02
7.237420256095787596e-02
8.521163756196335759e-02
9.831645631605251401e-02
1.116386623240005899e-01
1.251282149680154887e-01
1.387350334040453048e-01
1.524089788835824022e-01
1.660997850121428143e-01
1.797569808108464284e-01
1.933297898365307632e-01
2.067669750184199795e-01
2.200166413981633762e-01
2.330260064171402745e-01
2.457411071242759093e-01
2.581064259080200762e-01
2.700644531046945129e-01
2.815551666680433662e-01
2.925153927944588172e-01
3.028780361861283521e-01
3.125711857520023229e-01
3.215170617005275178e-01
3.296307795392225404e-01
3.368189683849070470e-01
3.429783100561860643e-01
3.479941300191802256e-01
3.517393740154177162e-01
3.540747327620121232e-01
3.548514889506271253e-01
3.539203800022981405e-01
3.511535603370364855e-01
3.464952722474731739e-01
3.400767980121724987e-01
3.324806841584317940e-01
3.253696631890480306e-01
3.230672205693375099e-01
3.368382389104551122e-01
3.976907426110964372e-01
5.999204534282938095e-01
1.262562892959285588e+00
1.617027838941944573e+00
1.003873546707132247e+00
1.000000022957874268e+00
1.000000000000000000e+00
1.000000000000000000e+00
