1.000000000000000000e+00
1.000000007259382873e+00
1.000000038782518974e+00
1.000000290238195699e+00
1.000001390192309714e+00
1.000004817547092362e+00
1.000013719750307839e+00
1.000034507078050527e+00
1.000079830216427768e+00
1.000173849573361862e+00
1.000361063345824197e+00
1.000720282867556765e+00
1.001385382084433395e+00
1.002573704490183903e+00
1.004620717506387040e+00
1.008014792607225374e+00
1.013419011524430591e+00
1.021660482577033457e+00
1.033669445579979307e+00
1.050374041603754360e+00
1.072600745419484358e+00
1.101080264431405498e+00
1.136614814305529020e+00
1.180274691386055563e+00
1.233259498206515703e+00
1.296056371865396795e+00
1.367180245293939889e+00
1.442392630540096032e+00
1.515326356845980271e+00
1.579382055521711514e+00
1.629595129868789627e+00
1.663678890960774703e+00
1.681859349746772203e+00
1.686118951830764656e+00
1.679312032032381552e+00
1.664435047344853924e+00
1.644257995728112265e+00
1.621074315045913261e+00
1.596683704895591305e+00
1.572408759682979662e+00
1.549177845239787965e+00
1.527626350828293011e+00
1.508151437702952347e+00
1.490989832123814640e+00
1.476251143700958002e+00
1.463960823648255749e+00
1.454082872587237452e+00
1.446537547486207442e+00
1.441221536283299409e+00
1.438008288620492792e+00
1.436757857055332099e+00
1.437316324578969740e+00
1.439520401821782203e+00
1.443201363554786454e+00
1.448183495664865594e+00
1.454287560176568128e+00
1.461329197635638621e+00
1.469121321797780766e+00
1.477474869860861739e+00
1.486199625570807648e+00
1.495106789982985518e+00
1.504008735426208165e+00
1.512721263159371832e+00
1.521064218326886763e+00
1.528863349096350577e+00
1.535952561020790030e+00
1.542174382208320260e+00
1.547381888675008810e+00
1.551439350286153873e+00
1.554223770877238620e+00
1.555626238686230289e+00
1.555552261481270238e+00
1.553922729049007856e+00
1.550673853654653822e+00
1.545757591402671327e+00
1.539141706176232027e+00
1.530809267070811996e+00
1.520758415946789510e+00
1.509001410237962526e+00
1.495563983582142376e+00
1.480484433667081934e+00
1.463812428485179451e+00
1.445608040407196038e+00
1.425940348260251733e+00
1.404886399745380210e+00
1.382530082307508401e+00
1.358960860689866212e+00
1.334272777071871641e+00
1.308563203220560300e+00
1.281931922138291879e+00
1.254480229890015286e+00
1.226309964799498609e+00
1.197522812111683654e+00
1.168219471708607404e+00
1.138499112407428626e+00
1.108458895379371478e+00
1.078193381155922781e+00
1.047794186780881542e+00
1.017349590185347319e+00
9.869442902860249278e-01
9.566592682134035242e-01
9.265715630254823809e-01
8.967542362078984031e-01
8.672763139212797956e-01
8.382027504813329699e-01
8.095944852106560230e-01
7.815084027314705972e-01
7.539974201482808613e-01
7.271105792000367440e-01
7.008930587279194047e-01
6.753862914759681813e-01
6.506280376811170996e-01
6.266524835295244067e-01
6.034903783998867288e-01
5.811690947447422095e-01
5.597127652244082707e-01
5.391424137549475359e-01
5.194760271579844657e-01
5.007286941324041729e-01
4.829127109239434446e-01
4.660376839668279314e-01
4.501106578920253676e-01
4.351361862311016182e-01
4.211164405879755934e-01
4.080513271590582303e-01
3.959385487845591967e-01
3.847737201334569535e-01
3.745504716336605089e-01
3.652605111771986546e-01
3.568937196686260971e-01
3.494382255639744694e-01
3.428804663902367267e-01
3.372052740731920628e-01
3.323959423444323713e-01
3.284343013966011249e-01
3.253008120302001149e-01
3.229746381926180687e-01
3.214337337082727175e-01
3.206549377135967105e-01
3.206140414044291176e-01
3.212858703596859766e-01
3.226443709972323104e-01
3.246626715407178176e-01
3.273131607266580589e-01
3.305675696777049533e-01
3.343970302252535776e-01
3.387721497292557338e-01
3.436630884463103830e-01
3.490396144561159208e-01
3.548711691258945033e-01
3.611269333761233380e-01
3.677758741262411868e-01
3.747867970640629820e-01
3.821284019651078889e-01
3.897693205980091169e-01
3.976781530665325359e-01
4.058235082516510883e-01
4.141740305139250400e-01
4.226984173863696514e-01
4.313654435915820762e-01
4.401439724129798670e-01
4.490029461925353349e-01
4.579113826644453655e-01
4.668383578583967797e-01
4.757529585112245107e-01
4.846242288391108266e-01
4.934211022098936028e-01
5.021123006662299160e-01
5.106662088896046781e-01
5.190507277520236551e-01
5.272330901758626176e-01
5.351796288294987658e-01
5.428555056621416908e-01
5.502243921347568234e-01
5.572480801485220070e-01
5.638860178722637784e-01
5.700947749585929536e-01
5.758274208821096973e-01
5.810328080285451779e-01
5.856547902638252756e-01
5.896314324255435002e-01
5.928943179321437551e-01
5.953682042399734975e-01
5.969715713745981089e-01
5.976191728440714002e-01
5.972288830068381849e-01
5.957377240300772980e-01
5.931377524656807898e-01
5.895560201336775830e-01
5.854362422111629716e-01
5.819678439951093685e-01
5.821585692663910905e-01
5.937298200233658285e-01
6.377593638717445890e-01
7.780112739528390886e-01
1.226065061041137438e+00
1.374539857707009149e+00
1.001310083229243864e+00
1.000000006818271947e+00
1.000000000000000000e+00
1.000000000000000000e+00
