1.000000000000000000e+00
1.000000030955788155e+00
1.000000163124069141e+00
1.000001219049325041e+00
1.000005841985522226e+00
1.000020241382121755e+00
1.000057600111022627e+00
1.000144675282475193e+00
1.000334022117032040e+00
1.000725356630588703e+00
1.001500696144940417e+00
1.002978504074243826e+00
1.005690822669083273e+00
1.010481924325491443e+00
1.018614108873480806e+00
1.031843156920388305e+00
1.052396309816932662e+00
1.082766952258261028e+00
1.125270264792062269e+00
1.181438924777955535e+00
1.251549314701875026e+00
1.334773916812955541e+00
1.430233046635553729e+00
1.538436810576070402e+00
1.661688940069913523e+00
1.801941380141506954e+00
1.956879138611623770e+00
2.117047695018993814e+00
2.267041099793019931e+00
2.390453858014402133e+00
2.474728803186046378e+00
2.513963323754988544e+00
2.508529112295528662e+00
2.463348925102248455e+00
2.385862104233984482e+00
2.284239010960550154e+00
2.166527601685991566e+00
2.039824255447601598e+00
1.910124454624356538e+00
1.782181202901433670e+00
1.659619100561499527e+00
1.545162180597658086e+00
1.440703252531336132e+00
1.347529048616352476e+00
1.266387892653832781e+00
1.197636416069234988e+00
1.141318709138892773e+00
1.097239319799889090e+00
1.065059164996395635e+00
1.044304248659807310e+00
1.034421726798173236e+00
1.034787347721266348e+00
1.044736323317021487e+00
1.063589485104617038e+00
1.090651059489957220e+00
1.125227961459448922e+00
1.166622594832266824e+00
1.214142484828966806e+00
1.267100159131236081e+00
1.324811674272613926e+00
1.386602295012488995e+00
1.451797619214286073e+00
1.519726185047360678e+00
1.589713919817778764e+00
1.661084775270379232e+00
1.733163918242289103e+00
1.805273059154247184e+00
1.876734169576198763e+00
1.946868413954725430e+00
2.015001243312401158e+00
2.080468504801753937e+00
2.142619467911468956e+00
2.200824950646011136e+00
2.254482155702854929e+00
2.303023565558276697e+00
2.345925387502250548e+00
2.382714095157434375e+00
2.412974906267361774e+00
2.436356675280853423e+00
2.452578112871992122e+00
2.461431904361147449e+00
2.462786343735694050e+00
2.456586853157501249e+00
2.442853804135514117e+00
2.421680686294362950e+00
2.393230281209918431e+00
2.357728727424741599e+00
2.315459692630724930e+00
2.266756192907934064e+00
2.211993317033162043e+00
2.151580461910369557e+00
2.085952836999933169e+00
2.015564264235088388e+00
1.940879293391592819e+00
1.862367005832646027e+00
1.780495459183948359e+00
1.695725889650686824e+00
1.608508630790598692e+00
1.519279174041453517e+00
1.428455460731517412e+00
1.336436083254682883e+00
1.243598391724803243e+00
1.150297893954402406e+00
1.056867794449396492e+00
9.636188593486938458e-01
8.708399317386285032e-01
7.787980709491768572e-01
6.877394421204279240e-01
5.978902827732297531e-01
5.094574873488973976e-01
4.226297389108187863e-01
3.375784036861486093e-01
2.544585294840080447e-01
1.734100055005957930e-01
9.455827919887961619e-02
1.801542346138092221e-02
-5.611888187805450651e-02
-1.277567256227091774e-01
-1.968210467723440493e-01
-2.632449389985493382e-01
-3.269710183962840633e-01
-3.879507075536692828e-01
-4.461438554876558937e-01
-5.015181988261815382e-01
-5.540488219513171053e-01
-6.037179272635718741e-01
-6.505143621773741280e-01
-6.944332297948490051e-01
-7.354757366694221199e-01
-7.736488866561334055e-01
-8.089652981618595806e-01
-8.414431007007874275e-01
-8.711057210208376089e-01
-8.979817691211540165e-01
-9.221048936016212894e-01
-9.435135424269678328e-01
-9.622508361592930770e-01
-9.783643696261618006e-01
-9.919059685267230808e-01
-1.002931589184893557e+00
-1.011501134975151928e+00
-1.017678246439125633e+00
-1.021530214110295764e+00
-1.023127793384746020e+00
-1.022544994556515041e+00
-1.019858982542982684e+00
-1.015149882172549534e+00
-1.008500559121354279e+00
-9.999965024667849534e-01
-9.897256408581098786e-01
-9.777781411237125297e-01
-9.642462932833489875e-01
-9.492243488148325303e-01
-9.328083308083410241e-01
-9.150959166985815907e-01
-8.961863126497601195e-01
-8.761800903110094074e-01
-8.551790757638789708e-01
-8.332862659694385554e-01
-8.106056941526286197e-01
-7.872423393408225500e-01
-7.633021206447564433e-01
-7.388918395024861585e-01
-7.141191659226093780e-01
-6.890927532913118103e-01
-6.639223533846322356e-01
-6.387189767217185121e-01
-6.135951813689440870e-01
-5.886654528459555058e-01
-5.640466444429736992e-01
-5.398585603673833333e-01
-5.162247291518128334e-01
-4.932733107052675869e-01
-4.711381881172463371e-01
-4.499603421144934279e-01
-4.298895384201432690e-01
-4.110863150509190267e-01
-3.937243794238515227e-01
-3.779935182954214934e-01
-3.641029870266195845e-01
-3.522853346984661238e-01
-3.428005759969261490e-01
-3.359403104903833093e-01
-3.320306907965983600e-01
-3.314318674927398400e-01
-3.345287729459883175e-01
-3.417018341758316646e-01
-3.532519160375381384e-01
-3.692200893319557142e-01
-3.889588336926184664e-01
-4.100886544655568677e-01
-4.258391013181446749e-01
-4.177902795316445483e-01
-3.340851018542946860e-01
-1.494501294678513177e-02
1.097043713003559740e+00
2.326489539302112330e+00
1.034552311596926399e+00
1.000000321890070154e+00
1.000000000000000000e+00
1.000000000000000000e+00
