1.000000000000000000e+00
1.000000129928692916e+00
1.000000670898532507e+00
1.000005002686261246e+00
1.000023991616821428e+00
1.000083103738255152e+00
1.000236199888731470e+00
1.000592013056548213e+00
1.001362499558039687e+00
1.002945573201269758e+00
1.006056956058319685e+00
1.011923758435020027e+00
1.022539700111807504e+00
1.040949123017824052e+00
1.071465453975919413e+00
1.119642188873092081e+00
1.191741638487356925e+00
1.293482511223092768e+00
1.428117106953717741e+00
1.594476981140981797e+00
1.786219057791494036e+00
1.993782319297528138e+00
2.209418362719448137e+00
2.433248966771419664e+00
2.675835167512671919e+00
2.952495038719425313e+00
3.271291508948028781e+00
3.622619013999826443e+00
3.979216432001762005e+00
4.306174367095226607e+00
4.570894148502675058e+00
4.749446685146970992e+00
4.826675465226235140e+00
4.794928759285215669e+00
4.652770977416986753e+00
4.403672132178717114e+00
4.056777386613440228e+00
3.625731257383199235e+00
3.128737520985452214e+00
2.587068409632507393e+00
2.023664074374586175e+00
1.461691913791835828e+00
9.221345640690503664e-01
4.226548858124963282e-01
-2.369580391558209764e-02
-4.085038443088088722e-01
-7.277099172755487899e-01
-9.808730974434450856e-01
-1.170068641638524642e+00
-1.299220445844864180e+00
-1.373251268968150862e+00
-1.397629355455054956e+00
-1.377932368598566271e+00
-1.319554829291461617e+00
-1.227635217023083758e+00
-1.106923888648231102e+00
-9.618015669129720280e-01
-7.962308479794671934e-01
-6.137592074410814780e-01
-4.175332008902938874e-01
-2.102867755674379668e-01
5.601966075090309728e-03
2.280971751640853973e-01
4.554520117522342093e-01
6.861754269586858301e-01
9.190047540088229772e-01
1.152843037793852776e+00
1.386727291465531753e+00
1.619775786451528976e+00
1.851157840436599589e+00
2.080066753646568234e+00
2.305680341598523864e+00
2.527141962687873722e+00
2.743530405694520891e+00
2.953848483686810411e+00
3.157014754453345784e+00
3.351854290305612771e+00
3.537105671397910989e+00
3.711424296213936991e+00
3.873402994423711831e+00
4.021597629934667850e+00
4.154556289722561857e+00
4.270861199758194893e+00
4.369167244557644381e+00
4.448251228154013859e+00
4.507059155016903240e+00
4.544747123898638108e+00
4.560721135078612321e+00
4.554661524615609025e+00
4.526542532665096097e+00
4.476638599317423584e+00
4.405514851137993126e+00
4.314010237431920913e+00
4.203205461600893145e+00
4.074387760945149317e+00
3.929010147036049894e+00
3.768643773566348720e+00
3.594934616122926752e+00
3.409559791295647901e+00
3.214190299663702177e+00
3.010460110503460740e+00
2.799938075378170410e+00
2.584109312820364934e+00
2.364360957008944109e+00
2.141972954591447653e+00
1.918114916869490871e+00
1.693843978106383208e+00
1.470108162220367776e+00
1.247751671644158566e+00
1.027519645334179721e+00
8.100660895028832797e-01
5.959611469832045705e-01
3.856989853597830864e-01
1.797063269315979372e-01
-2.165116028255923211e-02
-2.180611917658754895e-01
-4.092579264721920573e-01
-5.950169351087088998e-01
-7.751492305234763958e-01
-9.494966289988648889e-01
-1.117927701600929469e+00
-1.280333664052506482e+00
-1.436625994908531601e+00
-1.586733589768921870e+00
-1.730600130527266467e+00
-1.868182975802022971e+00
-1.999451148348996954e+00
-2.124383829002996382e+00
-2.242969982178378174e+00
-2.355207409017852527e+00
-2.461102414285939677e+00
-2.560669874994925710e+00
-2.653932888391322464e+00
-2.740922895545252924e+00
-2.821679708332608616e+00
-2.896251164714140458e+00
-2.964693292199036989e+00
-3.027070183361836975e+00
-3.083453696508250186e+00
-3.133923777540493116e+00
-3.178568429582051547e+00
-3.217483573655294915e+00
-3.250773429269329551e+00
-3.278550470212321155e+00
-3.300935266979629912e+00
-3.318056782913966440e+00
-3.330052251843281574e+00
-3.337066934633250437e+00
-3.339254285125353938e+00
-3.336775807840708818e+00
-3.329800813171143847e+00
-3.318506507035649200e+00
-3.303077846078326996e+00
-3.283707235181810624e+00
-3.260594490226576436e+00
-3.233946718591062197e+00
-3.203977989911066082e+00
-3.170909173446347928e+00
-3.134967832133007892e+00
-3.096387835667129718e+00
-3.055409090425773577e+00
-3.012277550793868386e+00
-2.967244925295764890e+00
-2.920568475960847454e+00
-2.872511257976720245e+00
-2.823342244340741214e+00
-2.773336512788965091e+00
-2.722775829594031638e+00
-2.671949451951785015e+00
-2.621154995385796216e+00
-2.570699686465556688e+00
-2.520902167531304361e+00
-2.472094574670589573e+00
-2.424625060321747405e+00
-2.378861124737437827e+00
-2.335193832817871851e+00
-2.294042815820036996e+00
-2.255862497567223457e+00
-2.221150006266217503e+00
-2.190454766004038323e+00
-2.164389945914038993e+00
-2.143646205870736843e+00
-2.129007771477712918e+00
-2.121369735818204649e+00
-2.121753815337340310e+00
-2.131315849450545308e+00
-2.151328499982223530e+00
-2.183099467891244316e+00
-2.227730252453627546e+00
-2.285481346877671793e+00
-2.354141532283072991e+00
-2.424769967536158255e+00
-2.470098550803653037e+00
-2.410536774743097688e+00
-1.998452882912576722e+00
-3.206309121587883615e-01
3.387800123281301090e+00
1.521222498083405483e+00
1.000033916346460217e+00
1.000000000000000000e+00
1.000000000000000000e+00
