1.000000000000000000e+00
1.000000307522373566e+00
1.000001558607188867e+00
1.000011598117084954e+00
1.000055659728600554e+00
1.000192747521988945e+00
1.000547203424329901e+00
1.001368727447094154e+00
1.003140404832806976e+00
1.006759459753624908e+00
1.013815532175065037e+00
1.026977422806696350e+00
1.050457048202359855e+00
1.090432317953662134e+00
1.155176994302812732e+00
1.254507241000394346e+00
1.398140567916260624e+00
1.592853546367300144e+00
1.839005952165477797e+00
2.127933670877214301e+00
2.442143607796443572e+00
2.760102964731341757e+00
3.065494369269284203e+00
3.357744651689365423e+00
3.657135694746062704e+00
3.996365627531047959e+00
4.400652211091132138e+00
4.869301062302152872e+00
5.374419492319124636e+00
5.875910545358823178e+00
6.335122625409686847e+00
6.721739750143863823e+00
7.011105151096622912e+00
7.181317805043549996e+00
7.212241945366275608e+00
7.085318328817574951e+00
6.788110207965552867e+00
6.315302785182520751e+00
5.673119260465955271e+00
4.880793231547110089e+00
3.971660533308682961e+00
2.991954884641898182e+00
1.993645035298953649e+00
1.028032029354186028e+00
1.380613738601466078e-01
-6.451153505464939375e-01
-1.303603040337462327e+00
-1.831771939404065019e+00
-2.233068116821731230e+00
-2.517209680293953422e+00
-2.696637569458870232e+00
-2.784482667306919623e+00
-2.793153140073310059e+00
-2.733754219912128747e+00
-2.616291103650982386e+00
-2.449717138653202841e+00
-2.242277820855368198e+00
-2.001546513351521117e+00
-1.734465866554323110e+00
-1.447329041820484941e+00
-1.145651014703878756e+00
-8.341998291607826133e-01
-5.169387257616526732e-01
-1.970883569434928595e-01
1.228311833063230468e-01
4.409497733536342223e-01
7.559027609725172958e-01
1.066749800193206088e+00
1.372845801599680282e+00
1.673762462864839762e+00
1.969219293132962401e+00
2.258991111044686750e+00
2.542861631313063864e+00
2.820554148433948694e+00
3.091700005795751771e+00
3.355810121191422191e+00
3.612238743085594450e+00
3.860173879678213904e+00
4.098611516557967072e+00
4.326357240699286066e+00
4.542030619865744079e+00
4.744071013160017003e+00
4.930767629281890052e+00
5.100283586233184785e+00
5.250709176449012361e+00
5.380122486814027383e+00
5.486652126812655794e+00
5.568557474980043054e+00
5.624296720488095147e+00
5.652605816288274632e+00
5.652567252294538491e+00
5.623657971245896725e+00
5.565789623484702631e+00
5.479316380370597983e+00
5.365031737778013010e+00
5.224143530348093201e+00
5.058220097690989014e+00
4.869131901142547569e+00
4.658977389788501178e+00
4.430010488592388107e+00
4.184571713576487717e+00
3.925017232237796527e+00
3.653664480846346763e+00
3.372744485977795303e+00
3.084364591763499863e+00
2.790485454255902553e+00
2.492901217906184019e+00
2.193234374786439123e+00
1.892936846124681827e+00
1.593291518683598751e+00
1.295423000733675778e+00
1.000308126563492994e+00
7.087891073986041235e-01
4.215890901635838683e-01
1.393233058623036258e-01
-1.374861242322502064e-01
-4.083967300143286350e-01
-6.730364016437805352e-01
-9.310915402512546235e-01
-1.182298137474378841e+00
-1.426434004844342018e+00
-1.663310662124484640e+00
-1.892769138413991081e+00
-2.114674480808211410e+00
-2.328910645813398794e+00
-2.535378845860964958e+00
-2.733993632490571368e+00
-2.924680097477568630e+00
-3.107373640640681334e+00
-3.282018306339583802e+00
-3.448566504779768227e+00
-3.606979610744773357e+00
-3.757227530491626055e+00
-3.899289353458786245e+00
-4.033153748508188308e+00
-4.158818482701476249e+00
-4.276291125151601591e+00
-4.385589074792701325e+00
-4.486739192137710219e+00
-4.579778887160655287e+00
-4.664756391935521052e+00
-4.741730796185834151e+00
-4.810773303840566228e+00
-4.871967511600279188e+00
-4.925409441830590040e+00
-4.971208641185937971e+00
-5.009488317020370118e+00
-5.040385206678374530e+00
-5.064050403767103248e+00
-5.080649473045278697e+00
-5.090362331852500866e+00
-5.093383904219190406e+00
-5.089924224737178093e+00
-5.080208168764379195e+00
-5.064475781876859095e+00
-5.042982397729031341e+00
-5.015998245600068906e+00
-4.983808412001439869e+00
-4.946712893865105265e+00
-4.905025956313178170e+00
-4.859075707243993847e+00
-4.809204257750111289e+00
-4.755767102783548417e+00
-4.699132632337081894e+00
-4.639682558886521591e+00
-4.577811962555342618e+00
-4.513929345972190532e+00
-4.448457448455876317e+00
-4.381834380998173017e+00
-4.314514696592630649e+00
-4.246971097354742319e+00
-4.179697115876847668e+00
-4.113210071633337073e+00
-4.048054630565940393e+00
-3.984807725637146802e+00
-3.924084916401353595e+00
-3.866547841797066898e+00
-3.812913652269344311e+00
-3.763967350523007571e+00
-3.720576912999994157e+00
-3.683711561584974703e+00
-3.654464345448111384e+00
-3.634079692273588069e+00
-3.623984931742707527e+00
-3.625823025565159341e+00
-3.641479190666081500e+00
-3.673081472373145751e+00
-3.722924908185331283e+00
-3.793196081012651266e+00
-3.885192071452482132e+00
-3.997255952134288748e+00
-4.119423814323774913e+00
-4.219627484929163508e+00
-4.207827437324758613e+00
-3.825728899317266229e+00
-2.077663489937884744e+00
2.811963786211303162e+00
2.382606330993288335e+00
1.000639990726844175e+00
1.000000000000188738e+00
1.000000000000000000e+00
