1.000000000000000000e+00
1.000000026224901140e+00
1.000000138442010522e+00
1.000001034791163868e+00
1.000004958650681841e+00
1.000017181178249670e+00
1.000048896868574788e+00
1.000122837539759724e+00
1.000283680939297204e+00
1.000616272894588654e+00
1.001275679348870407e+00
1.002533669687146967e+00
1.004845332753079301e+00
1.008935142175747757e+00
1.015891138905806956e+00
1.027236475128148863e+00
1.044922063349402519e+00
1.071166665878864332e+00
1.108093219726402845e+00
1.157221137108642273e+00
1.219053745337849604e+00
1.293180325749194282e+00
1.379132039864616521e+00
1.477564038494127985e+00
1.590539568645010560e+00
1.719617484376597671e+00
1.862431500046286992e+00
2.010229645023519307e+00
2.149016409944926931e+00
2.264020901927719542e+00
2.344060538141820693e+00
2.384032282877507569e+00
2.384524696351018491e+00
2.350193565208226865e+00
2.287865287993811503e+00
2.204902250764519511e+00
2.108421416537915594e+00
2.004586037119264308e+00
1.898502912968913492e+00
1.794140001028850406e+00
1.694459774334256652e+00
1.601641648634185788e+00
1.517164176667343822e+00
1.442008967055132374e+00
1.376726481617657649e+00
1.321562157696028583e+00
1.276522468093982399e+00
1.241433404710822419e+00
1.216016676046939526e+00
1.199892874190512382e+00
1.192624022323829358e+00
1.193715980401198307e+00
1.202640886909742468e+00
1.218856299040973035e+00
1.241801293384156901e+00
1.270911104353932064e+00
1.305610174344449037e+00
1.345319737572308716e+00
1.389457662528733595e+00
1.437437520757697484e+00
1.488673940502889481e+00
1.542576037771804742e+00
1.598550676541561577e+00
1.655999074457674247e+00
1.714318735905591806e+00
1.772907619771806331e+00
1.831161782113872150e+00
1.888480050376365238e+00
1.944264642962633349e+00
1.997926841725569114e+00
2.048893338949070220e+00
2.096609777280443065e+00
2.140548268562810108e+00
2.180211834957415107e+00
2.215141883988130278e+00
2.244924936965738027e+00
2.269197414691981773e+00
2.287651716479522257e+00
2.300039045333030607e+00
2.306173144412270837e+00
2.305932170782891699e+00
2.299258476634969295e+00
2.286158353524970988e+00
2.266698835163881043e+00
2.241004981459145728e+00
2.209255740127376910e+00
2.171678314794036169e+00
2.128542884070085073e+00
2.080155617561470383e+00
2.026852664946096283e+00
1.968993927442050929e+00
1.906956368965834425e+00
1.841128505287552342e+00
1.771904389031556892e+00
1.699679019786382250e+00
1.624844282245627269e+00
1.547784654589323239e+00
1.468874293124295294e+00
1.388474177238131935e+00
1.306930211043158430e+00
1.224572014768371631e+00
1.141711575284249491e+00
1.058642910827990447e+00
9.756418002163359526e-01
8.929657376580872885e-01
8.108543903109657336e-01
7.295297142408223579e-01
6.491966691467384587e-01
5.700439805073264088e-01
4.922445725654149840e-01
4.159564476841350888e-01
3.413233652536847851e-01
2.684756056376405575e-01
1.975308697146739845e-01
1.285948137021847570e-01
6.176187889642600903e-02
-2.883944231429646544e-03
-6.526864312463059870e-02
-1.253274602155396988e-01
-1.830043491687436130e-01
-2.382514780761243456e-01
-2.910286574909544122e-01
-3.413030424081385239e-01
-3.890486975599545816e-01
-4.342461571990603453e-01
-4.768822386606982322e-01
-5.169496499876814477e-01
-5.544466636271456750e-01
-5.893769843674245834e-01
-6.217494866433666001e-01
-6.515780521068198494e-01
-6.788814711913419009e-01
-7.036832510417512232e-01
-7.260115050109621215e-01
-7.458988153761236806e-01
-7.633820162346600657e-01
-7.785020690928179388e-01
-7.913038782273091876e-01
-8.018360680025845566e-01
-8.101508789999621873e-01
-8.163039946485918241e-01
-8.203543459245078440e-01
-8.223640183339302467e-01
-8.223980776415066307e-01
-8.205243753012442243e-01
-8.168134457253384273e-01
-8.113383255732580235e-01
-8.041743534926882875e-01
-7.953990553097989302e-01
-7.850919749023954619e-01
-7.733344914828392813e-01
-7.602097099598835728e-01
-7.458023136094599215e-01
-7.301983946483732169e-01
-7.134853466464382565e-01
-6.957517514903279743e-01
-6.770872366067419712e-01
-6.575823773404961825e-01
-6.373286240410597214e-01
-6.164181885579556042e-01
-5.949439695691236540e-01
-5.729995507027817458e-01
-5.506791577353825629e-01
-5.280776550480854592e-01
-5.052906520166916549e-01
-4.824146127454576050e-01
-4.595470070843679644e-01
-4.367865725627911866e-01
-4.142336566411840559e-01
-3.919906143178062408e-01
-3.701623304192898645e-01
-3.488569068765642878e-01
-3.281864687387071600e-01
-3.082681324517725918e-01
-2.892252188770807475e-01
-2.711887370012588394e-01
-2.542991277797648775e-01
-2.387083586639161537e-01
-2.245824512411739304e-01
-2.121044059796402259e-01
-2.014774705800510268e-01
-1.929286427317523644e-01
-1.867120052626565774e-01
-1.831108417605269989e-01
-1.824362840536245811e-01
-1.850176591078594446e-01
-1.911738815034655092e-01
-2.011420120003672984e-01
-2.149079499622327249e-01
-2.318067078901202838e-01
-2.495543852954420494e-01
-2.617883364059236939e-01
-2.513622383615498612e-01
-1.702304860398384245e-01
1.292522603562017702e-01
1.159539646881569519e+00
2.173805191075510290e+00
1.023236032504214243e+00
1.000000193935251858e+00
1.000000000000000000e+00
1.000000000000000000e+00
