1.000000000000000000e+00
1.000000006957849852e+00
1.000000037183946811e+00
1.000000278284314037e+00
1.000001332918983410e+00
1.000004619090775426e+00
1.000013154813269134e+00
1.000033087238346940e+00
1.000076549090731293e+00
1.000166714985677219e+00
1.000346276028733605e+00
1.000690863386285878e+00
1.001328995866259675e+00
1.002469426898788374e+00
1.004434587855945527e+00
1.007694333242752593e+00
1.012887523700986225e+00
1.020812820211379313e+00
1.032371699981354807e+00
1.048469133609185810e+00
1.069919396276613144e+00
1.097451953454116502e+00
1.131870132769372761e+00
1.174234949789597415e+00
1.225723634943568507e+00
1.286810791069498361e+00
1.356049226978607081e+00
1.429317134049778115e+00
1.500426818551243713e+00
1.562964281656569199e+00
1.612101102301353617e+00
1.645607219349980888e+00
1.663692401560014300e+00
1.668272743228347510e+00
1.662111816362976890e+00
1.648112149778043989e+00
1.628956501552873082e+00
1.606865637453953166e+00
1.583581487841750901e+00
1.560383709640045691e+00
1.538170131161912924e+00
1.517554787222349599e+00
1.498921241856076003e+00
1.482497795857889988e+00
1.468389914608558833e+00
1.456621739615446831e+00
1.447158093825406722e+00
1.439921616416938832e+00
1.434812193706883621e+00
1.431707362904875769e+00
1.430471787866982813e+00
1.430956757561444359e+00
1.433004618757044879e+00
1.436452569288160896e+00
1.441131200991881967e+00
1.446867837981933080e+00
1.453485036087746041e+00
1.460802896960899488e+00
1.468639809398227136e+00
1.476813258449942046e+00
1.485142300443504926e+00
1.493447343830439866e+00
1.501552316123712094e+00
1.509285256564622202e+00
1.516480090382100077e+00
1.522978773439827238e+00
1.528631722632131762e+00
1.533299633888119962e+00
1.536854073843969326e+00
1.539178920298675424e+00
1.540171618275946175e+00
1.539743465456132832e+00
1.537820495510432206e+00
1.534343387258431335e+00
1.529267834442361140e+00
1.522564577587981471e+00
1.514218899396413409e+00
1.504230382185009818e+00
1.492611978974594411e+00
1.479389392466029296e+00
1.464600198632801220e+00
1.448292706146682152e+00
1.430525036904194414e+00
1.411363797928044894e+00
1.390883099402043355e+00
1.369163487381651167e+00
1.346290750636151001e+00
1.322354978503739620e+00
1.297449382421085540e+00
1.271669431212730350e+00
1.245112004930129412e+00
1.217874478417162898e+00
1.190054066321243775e+00
1.161747036233654606e+00
1.133048193700706863e+00
1.104050431850227554e+00
1.074844168745370032e+00
1.045517022081297043e+00
1.016153432529032452e+00
9.868344346528418187e-01
9.576375235319227741e-01
9.286364392328286810e-01
8.999011308387551145e-01
8.714976989441249877e-01
8.434883581776871919e-01
8.159314886702355718e-01
7.888815954210549597e-01
7.623893887269926894e-01
7.365018694868125104e-01
7.112623386738926579e-01
6.867105065203072956e-01
6.628825607298676204e-01
6.398112586584366879e-01
6.175260567601774664e-01
5.960531665147937863e-01
5.754156843039717195e-01
5.556337157514567027e-01
5.367244436552184306e-01
5.187022603731361592e-01
5.015788686696315279e-01
4.853633798794376175e-01
4.700624364602662419e-01
4.556802800537432252e-01
4.422188563933950878e-01
4.296779273610212835e-01
4.180551312004552877e-01
4.073460935188439880e-01
3.975445276387864491e-01
3.886422947377565218e-01
3.806294963274509113e-01
3.734945467320505141e-01
3.672242331733998055e-01
3.618037985856179528e-01
3.572170073388920564e-01
3.534462178731584969e-01
3.504724739134523204e-01
3.482755750486807855e-01
3.468341608184410396e-01
3.461258030671856556e-01
3.461270708854495282e-01
3.468136103613536081e-01
3.481602282196848974e-01
3.501409510842429240e-01
3.527291016021422698e-01
3.558973775228582159e-01
3.596179082402871097e-01
3.638623270031528523e-01
3.686018454841817338e-01
3.738073068652094100e-01
3.794492489014228420e-01
3.854979676747947726e-01
3.919235623626409204e-01
3.986959859635461068e-01
4.057850983800803668e-01
4.131607028118584046e-01
4.207925805811379427e-01
4.286505297938916770e-01
4.367043908160142540e-01
4.449240630769494276e-01
4.532795278287495289e-01
4.617408587605109638e-01
4.702782126167236454e-01
4.788618252985689661e-01
4.874619950632291809e-01
4.960490365395322510e-01
5.045932292639423444e-01
5.130647517038228189e-01
5.214335844938449149e-01
5.296693891629346007e-01
5.377413672511685006e-01
5.456180833203125857e-01
5.532672418574832163e-01
5.606554276096391565e-01
5.677477987207912857e-01
5.745077136129569384e-01
5.808962861313743398e-01
5.868718733479734162e-01
5.923894807197954693e-01
5.974000770190515119e-01
6.018498490889396813e-01
6.056794506630400754e-01
6.088233499725522746e-01
6.112095189256988581e-01
6.127599925212695586e-01
6.133933730851865995e-01
6.130314999521612185e-01
6.116150082596418791e-01
6.091381031502974830e-01
6.057259542006924180e-01
6.018104013469518510e-01
5.985447098699183677e-01
5.988400917145769720e-01
6.101630150592556312e-01
6.528842281414770632e-01
7.886072101743112350e-01
1.221421708390046934e+00
1.359150851613719846e+00
1.001208357830833062e+00
1.000000006239657457e+00
1.000000000000000000e+00
1.000000000000000000e+00
