1.000000000000000000e+00
1.000000021063744970e+00
1.000000111449115048e+00
1.000000833228738673e+00
1.000003992444345124e+00
1.000013833766716376e+00
1.000039375419798926e+00
1.000098940675343107e+00
1.000228571813883249e+00
1.000496792467967078e+00
1.001029032045069656e+00
1.002045585298724228e+00
1.003916415301243870e+00
1.007232834612721950e+00
1.012887861646351251e+00
1.022141681185831485e+00
1.036627897163121315e+00
1.058240885392902841e+00
1.088859632659674448e+00
1.129948897277682107e+00
1.182221836919566060e+00
1.245697723953002711e+00
1.320351333063986221e+00
1.407012143316735520e+00
1.507517000608664670e+00
1.623058412832423025e+00
1.751314294882732048e+00
1.884436019884193181e+00
2.010110161823324137e+00
2.115446142373718974e+00
2.190769115311041126e+00
2.231758499892148695e+00
2.239080273608168525e+00
2.216916724656595505e+00
2.171264011288773332e+00
2.108490353160217268e+00
2.034644798360934814e+00
1.954876766555907475e+00
1.873372421742089511e+00
1.793320483850776359e+00
1.717051209275677337e+00
1.646240560301976741e+00
1.581996334087125256e+00
1.525033598529826229e+00
1.475735229728582398e+00
1.434255584651872084e+00
1.400573658578874836e+00
1.374538249052267513e+00
1.355925867587904676e+00
1.344440632389162227e+00
1.339745029737923199e+00
1.341459208322174357e+00
1.349176359288377647e+00
1.362475890743154006e+00
1.380918891091643008e+00
1.404058631992562756e+00
1.431434469139755361e+00
1.462577591919845155e+00
1.497011015235407250e+00
1.534249281167226808e+00
1.573803388005493797e+00
1.615176550507655628e+00
1.657867908137831137e+00
1.701371132097112104e+00
1.745177340481179895e+00
1.788779817656517945e+00
1.831673588440615452e+00
1.873360469368141823e+00
1.913350803677821954e+00
1.951168992944731118e+00
1.986359315537182368e+00
2.018489255861326992e+00
2.047155641926968528e+00
2.071988031316873702e+00
2.092654143271401868e+00
2.108864387054755429e+00
2.120374592309850925e+00
2.126989530977891896e+00
2.128563740806449278e+00
2.125002984201425971e+00
2.116264249988538015e+00
2.102354192710380154e+00
2.083327677742038642e+00
2.059284215811340246e+00
2.030364989659725339e+00
1.996749006318048858e+00
1.958648320493491468e+00
1.916303753862877324e+00
1.869979486768822641e+00
1.819958573166320148e+00
1.766538417466111399e+00
1.710025986019567457e+00
1.650733992970004893e+00
1.588976719714963570e+00
1.525066940465090060e+00
1.459313236358254606e+00
1.392017091066708900e+00
1.323471006736113065e+00
1.253956611167563961e+00
1.183743450815017084e+00
1.113088264679797934e+00
1.042234095539874117e+00
9.714101425172451121e-01
9.008316227834360923e-01
8.306997733007294160e-01
7.612022154693215414e-01
6.925130309385040261e-01
6.247932860419416201e-01
5.581915813383286906e-01
4.928443361644886389e-01
4.288764161570874367e-01
3.664016029072778013e-01
3.055231301419915058e-01
2.463343281186541056e-01
1.889189871335868465e-01
1.333519553455039253e-01
7.969969081861252858e-02
2.802059168116845245e-02
-2.163447309759441300e-02
-6.922176705342020231e-02
-1.147043209180950984e-01
-1.580515033657111379e-01
-1.992388007920036230e-01
-2.382474859321245808e-01
-2.750642778396517052e-01
-3.096811963098884402e-01
-3.420952520049621581e-01
-3.723081849386757902e-01
-4.003263520075533988e-01
-4.261605100101422683e-01
-4.498256748373214431e-01
-4.713410288674802495e-01
-4.907297535648466047e-01
-5.080189244643021906e-01
-5.232393841075571039e-01
-5.364255516164432303e-01
-5.476153040080381507e-01
-5.568498098995692258e-01
-5.641733330875744468e-01
-5.696331288824567629e-01
-5.732792861062204759e-01
-5.751645520736753392e-01
-5.753442378880684327e-01
-5.738760606277083509e-01
-5.708199702052274560e-01
-5.662380487604549151e-01
-5.601943498562015344e-01
-5.527547232761264029e-01
-5.439867076854503214e-01
-5.339593819068544356e-01
-5.227432067561527118e-01
-5.104099253448494133e-01
-4.970324352696714465e-01
-4.826846449674537243e-01
-4.674413799986976703e-01
-4.513782867004049182e-01
-4.345717142867225324e-01
-4.170986340979589424e-01
-3.990365801065667850e-01
-3.804635596996503444e-01
-3.614579970193145253e-01
-3.420987355905967808e-01
-3.224650114317937355e-01
-3.026364596003346397e-01
-2.826932097290003609e-01
-2.627159874429710884e-01
-2.427862517001641296e-01
-2.229864229656634000e-01
-2.034001787777091896e-01
-1.841127977618028655e-01
-1.652116070288422445e-01
-1.467865652732804338e-01
-1.289309462433176068e-01
-1.117421575369818565e-01
-9.532276008163725889e-02
-7.978170914684382109e-02
-6.523580849414803429e-02
-5.181144694122268718e-02
-3.964667739928869755e-02
-2.889360025136067725e-02
-1.972098871455959385e-02
-1.231703008059183320e-02
-6.891788746959963755e-03
-3.678412312696743326e-03
-2.931013340759985875e-03
-4.914824402720731691e-03
-9.879003036148713279e-03
-1.799064113257374531e-02
-2.918073849686674340e-02
-4.278385155147314961e-02
-5.667042994003842343e-02
-6.504991753685268607e-02
-5.249434447044951796e-02
2.397607238811177641e-02
2.959987604546854834e-01
1.217299228153227775e+00
1.987161954379232265e+00
1.013672965093826761e+00
1.000000100901388800e+00
1.000000000000000000e+00
1.000000000000000000e+00
