1.000000000000000000e+00
1.000000024186802117e+00
1.000000127791498938e+00
1.000000955268259606e+00
1.000004577439645548e+00
1.000015860491077602e+00
1.000045140461082172e+00
1.000113410545503845e+00
1.000261943933539621e+00
1.000569154188073906e+00
1.001178435162686675e+00
1.002341300470270369e+00
1.004479380125732790e+00
1.008264893519764449e+00
1.014709528338928246e+00
1.025233830850566630e+00
1.041665562081091956e+00
1.066098786070420745e+00
1.100564874658920500e+00
1.146567405671018225e+00
1.204698237614953538e+00
1.274720628743267081e+00
1.356342563723134553e+00
1.450286914429905316e+00
1.558523610803008497e+00
1.682459153860550005e+00
1.819731669608732894e+00
1.961927515524693799e+00
2.095695631674091786e+00
2.206993524676673424e+00
2.285231364120813957e+00
2.325625279473521712e+00
2.328813706006274575e+00
2.299287843700139167e+00
2.243566068426252613e+00
2.168631900772120424e+00
2.081186842111749424e+00
1.986993178233077639e+00
1.890788215079442391e+00
1.796222958955582039e+00
1.705999556850414933e+00
1.622087961142234525e+00
1.545810835997879717e+00
1.478036816993248737e+00
1.419244584050408431e+00
1.369640100846993613e+00
1.329217415373351585e+00
1.297811593891867954e+00
1.275167326196382289e+00
1.260940483286451919e+00
1.254735667574231384e+00
1.256107113174671719e+00
1.264578085618819348e+00
1.279657461707764066e+00
1.300835432114439749e+00
1.327596386753205682e+00
1.359412225741384983e+00
1.395749164613647286e+00
1.436067608674362228e+00
1.479821464982233881e+00
1.526463336894317013e+00
1.575438901705669803e+00
1.626190385921649773e+00
1.678154013450807724e+00
1.730762390461576983e+00
1.783448966221312215e+00
1.835646525196227730e+00
1.886792105042722323e+00
1.936328158352717210e+00
1.983708274150367767e+00
2.028403419433515875e+00
2.069905493651759798e+00
2.107734388316794494e+00
2.141442081910673867e+00
2.170619357733217125e+00
2.194901689013677437e+00
2.213973213007576657e+00
2.227571774042512498e+00
2.235490908670836774e+00
2.237582612332140286e+00
2.233758388199186040e+00
2.223988403650556389e+00
2.208300662524277591e+00
2.186777567504948561e+00
2.159553015085794225e+00
2.126808297021402172e+00
2.088766746775300387e+00
2.045688810439516114e+00
1.997865659304146835e+00
1.945613771025148875e+00
1.889269378096128937e+00
1.829182544749404782e+00
1.765712349659336766e+00
1.699221625325993523e+00
1.630072999357846664e+00
1.558625409829297093e+00
1.485230394994440317e+00
1.410229616063034541e+00
1.333952410175217373e+00
1.256714189098800727e+00
1.178815441152829102e+00
1.100540580037981941e+00
1.022157696002095717e+00
9.439183464226179598e-01
8.660575352301616014e-01
7.887941371834514825e-01
7.123309995922778581e-01
6.368555815776199003e-01
5.625406307307134757e-01
4.895445552229530373e-01
4.180122005869270074e-01
3.480754425940643659e-01
2.798538576023201219e-01
2.134555175764775992e-01
1.489774537399627674e-01
8.650639119294481483e-02
2.611942598228914406e-02
-3.211556127410815364e-02
-8.813926112061765128e-02
-1.419004520135877523e-01
-1.933555575758265088e-01
-2.424681328878889319e-01
-2.892085987164794703e-01
-3.335538489728928080e-01
-3.754868512004455039e-01
-4.149964770993787577e-01
-4.520771434687095858e-01
-4.867285120218775019e-01
-5.189553653655850640e-01
-5.487673625848026315e-01
-5.761788854135010407e-01
-6.012089420342842105e-01
-6.238809846255203295e-01
-6.442228007822009550e-01
-6.622663799621947289e-01
-6.780477065749760390e-01
-6.916066373933995592e-01
-7.029867236953428744e-01
-7.122349984579335880e-01
-7.194018719923509497e-01
-7.245409640671111040e-01
-7.277089160252740996e-01
-7.289652964554120818e-01
-7.283724327947337374e-01
-7.259952245990569653e-01
-7.219010409937572925e-01
-7.161595472025936715e-01
-7.088425135789863107e-01
-7.000237031257807718e-01
-6.897787098455721022e-01
-6.781847851690528950e-01
-6.653207316951056383e-01
-6.512667630706107103e-01
-6.361043442927908353e-01
-6.199160891680377539e-01
-6.027856534857614079e-01
-5.847976017491006706e-01
-5.660373159409330945e-01
-5.465909276907247039e-01
-5.265452142263783442e-01
-5.059875307434908986e-01
-4.850058102928130888e-01
-4.636885273551272224e-01
-4.421246984628764420e-01
-4.204039845590303304e-01
-3.986167978268767009e-01
-3.768544478136027220e-01
-3.552093906608197460e-01
-3.337755537026423913e-01
-3.126487128806513249e-01
-2.919269866279513570e-01
-2.717114833939917040e-01
-2.521070609354296166e-01
-2.332232375503531518e-01
-2.151753309992191499e-01
-1.980858491014746148e-01
-1.820861223640867776e-01
-1.673182607976955727e-01
-1.539375084755929823e-01
-1.421149588787009310e-01
-1.320405736968718602e-01
-1.239263884247732705e-01
-1.180095042472610878e-01
-1.145538398956011811e-01
-1.138484596367424911e-01
-1.161978007184264194e-01
-1.218935236858928600e-01
-1.311450026964027793e-01
-1.439155645685245843e-01
-1.595372086877445139e-01
-1.757796112825707469e-01
-1.864876012633985558e-01
-1.751461790921604589e-01
-9.558065545276128727e-02
1.939267820807661080e-01
1.184010117663590433e+00
2.102691078514520751e+00
1.019108314585611019e+00
1.000000151982947560e+00
1.000000000000000000e+00
1.000000000000000000e+00
