1.000000000000000000e+00
1.000000230210147611e+00
1.000001174848974772e+00
1.000008749145071762e+00
1.000041976655040132e+00
1.000145377682711390e+00
1.000412899681277556e+00
1.001033580952593871e+00
1.002374197937986100e+00
1.005118757366182392e+00
1.010486169430190095e+00
1.020539411615653647e+00
1.038570896828246770e+00
1.069485233122714041e+00
1.119995114181083107e+00
1.198320514605497822e+00
1.313026454219270667e+00
1.470804303793346257e+00
1.673523923977910943e+00
1.915734885007291943e+00
2.184372625860159012e+00
2.462468375572543167e+00
2.736945845971608282e+00
3.007616283177978911e+00
3.291332087861811750e+00
3.614445502530554410e+00
3.995762175197328681e+00
4.431097636574127030e+00
4.892385332547060983e+00
5.340621817444218600e+00
5.738072374504872286e+00
6.055151275125335353e+00
6.269124182659824740e+00
6.362142895077200322e+00
6.320367107339467161e+00
6.133504244579738085e+00
5.798014081976825551e+00
5.317358581158545761e+00
4.704668717091537999e+00
3.982722336212066505e+00
3.183385627006434238e+00
2.345581565406627433e+00
1.509712979822468437e+00
7.134887636339661832e-01
-1.276973457310848388e-02
-6.478515589440531075e-01
-1.180131626085623386e+00
-1.606470415042868138e+00
-1.929811734845193971e+00
-2.157331764991398337e+00
-2.298193873676924071e+00
-2.362300113523930101e+00
-2.359334067042992977e+00
-2.298279680135535852e+00
-2.187451644608961132e+00
-2.034414893140869207e+00
-1.846144512662711623e+00
-1.628999435595636758e+00
-1.388736777511609288e+00
-1.130509264681521131e+00
-8.587973327914115718e-01
-5.774623153535130005e-01
-2.897300966931015132e-01
1.743292803643438707e-03
2.948286048572323348e-01
5.878799389202620240e-01
8.796242227674584413e-01
1.169100082342405811e+00
1.455560422873081627e+00
1.738412995378366244e+00
2.017167245346903837e+00
2.291361848849578831e+00
2.560526782591753925e+00
2.824127001020733552e+00
3.081535351480733542e+00
3.332008290438951192e+00
3.574656606288272975e+00
3.808438521679641031e+00
4.032142347715542030e+00
4.244393164761387283e+00
4.443664543260939404e+00
4.628294435271335772e+00
4.796522663425249355e+00
4.946525996290263905e+00
5.076477114893519271e+00
5.184609187069964875e+00
5.269280596755942625e+00
5.329050025408018421e+00
5.362737649278243701e+00
5.369488974042233131e+00
5.348824523838535683e+00
5.300667422973232235e+00
5.225359619668004107e+00
5.123649375707846509e+00
4.996667897100933509e+00
4.845888792048631544e+00
4.673066845668597757e+00
4.480175742493596402e+00
4.269337326871248450e+00
4.042755840363562392e+00
3.802658645855570896e+00
3.551238877411601269e+00
3.290613310810206471e+00
3.022787507296317511e+00
2.749630335026070682e+00
2.472860173363407910e+00
2.194034082974702038e+00
1.914548076337864169e+00
1.635641960782317827e+00
1.358404271826332721e+00
1.083783701845848269e+00
8.125999704412465441e-01
5.455562742410575705e-01
2.832531817891206227e-01
2.619893736831972395e-02
-2.251778052287686516e-01
-4.705164818252830505e-01
-7.095164341467923297e-01
-9.419270137883039018e-01
-1.167540022686624823e+00
-1.386183158202808352e+00
-1.597713326290227442e+00
-1.802012979168191142e+00
-1.998985591003969109e+00
-2.188551493986523599e+00
-2.370646362942390173e+00
-2.545218072971360268e+00
-2.712224433510422195e+00
-2.871632882369024475e+00
-3.023419145485213289e+00
-3.167566956499947128e+00
-3.304068456719789104e+00
-3.432923839794721932e+00
-3.554141818865528712e+00
-3.667739911754839266e+00
-3.773744071500681585e+00
-3.872189204699785225e+00
-3.963119183077942420e+00
-4.046586553245210105e+00
-4.122653333984387380e+00
-4.191391198395774786e+00
-4.252881471124408286e+00
-4.307216036004345661e+00
-4.354497504323251000e+00
-4.394839190925215355e+00
-4.428365884335937253e+00
-4.455213888811883294e+00
-4.475530858923406186e+00
-4.489476347977801929e+00
-4.497221818014106809e+00
-4.498950470105499200e+00
-4.494857652850011931e+00
-4.485150856107344097e+00
-4.470049422953510820e+00
-4.449784712925890950e+00
-4.424600108692319012e+00
-4.394750642455083955e+00
-4.360502893710272332e+00
-4.322134963149692588e+00
-4.279935932361937034e+00
-4.234205497358291659e+00
-4.185254056487639041e+00
-4.133402227959650510e+00
-4.078980484343982305e+00
-4.022329499362452765e+00
-3.963800233938961526e+00
-3.903754060782199886e+00
-3.842563497418593599e+00
-3.780613224448333476e+00
-3.718301106680472312e+00
-3.656039754598081615e+00
-3.594258892147262685e+00
-3.533408018806794448e+00
-3.473959630195483150e+00
-3.416413589176152676e+00
-3.361302732374334745e+00
-3.309199482907357215e+00
-3.260724172968497037e+00
-3.216555817494850089e+00
-3.177445285079445014e+00
-3.144231178983370789e+00
-3.117859308182436617e+00
-3.099406177998889511e+00
-3.090105509616729584e+00
-3.091375077309358677e+00
-3.104836861979796137e+00
-3.132312060930743769e+00
-3.175745094029272853e+00
-3.236945096688768064e+00
-3.316868236479987964e+00
-3.413732665621927342e+00
-3.518097286752520425e+00
-3.599822606278532344e+00
-3.572113013171077434e+00
-3.174628965742284148e+00
-1.415598061416636577e+00
3.146009756433338467e+00
2.036377948023869067e+00
1.000242826354643899e+00
1.000000000000008882e+00
1.000000000000000000e+00
