1.000000000000000000e+00
1.000000116760488389e+00
1.000000604070486521e+00
1.000004505328903281e+00
1.000021604910653839e+00
1.000074838515278453e+00
1.000212733135920296e+00
1.000533305624192515e+00
1.001227765939764591e+00
1.002655458331041194e+00
1.005463681401585374e+00
1.010764493825041299e+00
1.020369765103081194e+00
1.037056911407731929e+00
1.064782577190644952e+00
1.108680941161476419e+00
1.174612108532870902e+00
1.268048340393936435e+00
1.392320362567377900e+00
1.546784176013729750e+00
1.726039686559106778e+00
1.921630698140922355e+00
2.126614820044569587e+00
2.341118768302195008e+00
2.574656918997925814e+00
2.840787247328905973e+00
3.145939808475190169e+00
3.479822306325702996e+00
3.815606723022344493e+00
4.119499227714615408e+00
4.360320158159065151e+00
4.515679889630590083e+00
4.572172774644841731e+00
4.524102588526662139e+00
4.372050871216999646e+00
4.121383867496694720e+00
3.782633614502151076e+00
3.370137044855388009e+00
2.901826592823733009e+00
2.397724155174814076e+00
1.878648633224173192e+00
1.365024897170714846e+00
8.749399067929231055e-01
4.233556363910208620e-01
2.115895266205955125e-02
-3.247411181136184433e-01
-6.111117256511526818e-01
-8.377546856750577309e-01
-1.006577860762088106e+00
-1.121057868597412632e+00
-1.185535671739742281e+00
-1.204844000448614949e+00
-1.183933270784991221e+00
-1.127611812325575391e+00
-1.040474665674373966e+00
-9.267790625314585862e-01
-7.904556298934882763e-01
-6.350627836517349634e-01
-4.637895719443426157e-01
-2.794701391603820473e-01
-8.457561670864914560e-02
1.187326185632216202e-01
3.285890597688888026e-01
5.433751795900364501e-01
7.616893774771820169e-01
9.823228121032302473e-01
1.204203698058768923e+00
1.426369851415657752e+00
1.647922280710525378e+00
1.867999270512152643e+00
2.085753344178904900e+00
2.300316978661518519e+00
2.510787091722063380e+00
2.716199562811773660e+00
2.915521093156453691e+00
3.107644238594281294e+00
3.291381935881902532e+00
3.465477132603373533e+00
3.628609274074207303e+00
3.779416599772933427e+00
3.916522770692781652e+00
4.038566286621654733e+00
4.144240703636698164e+00
4.232330732770402726e+00
4.301756864770706734e+00
4.351616855876614842e+00
4.381220126948039528e+00
4.390120042006884660e+00
4.378131429754732906e+00
4.345343239131863378e+00
4.292119145560071125e+00
4.219084237585796870e+00
4.127105759834826415e+00
4.017261066142491899e+00
3.890803758217100672e+00
3.749125850491330514e+00
3.593714657968201553e+00
3.426114297940634046e+00
3.247887393427506542e+00
3.060582866527592927e+00
2.865709564192534309e+00
2.664712407827644736e+00
2.458956928439568479e+00
2.249717536819356489e+00
2.038170110722709261e+00
1.825389806351215505e+00
1.612349575634938414e+00
1.399923461816216630e+00
1.188891492324505972e+00
9.799439954048246859e-01
7.736887003934479479e-01
5.706572048940073971e-01
3.713119770608596659e-01
1.760539317545408156e-01
-1.477191064698386500e-02
-2.008696045055193280e-01
-3.819860991054809807e-01
-5.579067598272172690e-01
-7.284500304540358906e-01
-8.934632770208711383e-01
-1.052819150385275515e+00
-1.206411881789006602e+00
-1.354155124658705356e+00
-1.495979372389057094e+00
-1.631829562867573635e+00
-1.761664048451602849e+00
-1.885452750109345876e+00
-2.003175764367226552e+00
-2.114822988341006571e+00
-2.220393228654611306e+00
-2.319893862587743882e+00
-2.413340861596778630e+00
-2.500758436018908348e+00
-2.582179108485598285e+00
-2.657643700777827966e+00
-2.727200985645967801e+00
-2.790907796768044236e+00
-2.848828879436284822e+00
-2.901036583466503949e+00
-2.947611116367400808e+00
-2.988640479258958038e+00
-3.024220304558134398e+00
-3.054454162815440910e+00
-3.079453486838858112e+00
-3.099337393705902777e+00
-3.114232916414366947e+00
-3.124274858569618729e+00
-3.129605540236308769e+00
-3.130374913764006450e+00
-3.126740402398253682e+00
-3.118866647256720359e+00
-3.106925557179915032e+00
-3.091096148385337194e+00
-3.071564243271957650e+00
-3.048522410241988556e+00
-3.022169831274656548e+00
-2.992711982407733728e+00
-2.960360467003705143e+00
-2.925332902977499483e+00
-2.887852559592450685e+00
-2.848148103156380895e+00
-2.806453600636928947e+00
-2.763008252304048451e+00
-2.718056213467180182e+00
-2.671846819245131677e+00
-2.624634711996924441e+00
-2.576680032258638953e+00
-2.528248976249971580e+00
-2.479614560339262308e+00
-2.431057455361675945e+00
-2.382867181683244073e+00
-2.335343817687421275e+00
-2.288799972714902431e+00
-2.243563182234841413e+00
-2.199979057675695682e+00
-2.158415264179288418e+00
-2.119266240129879630e+00
-2.082959059761789522e+00
-2.049960858556637344e+00
-2.020787816427093375e+00
-1.996015852187282169e+00
-1.976293401918596926e+00
-1.962356252830456782e+00
-1.955043307584081624e+00
-1.955310496110299834e+00
-1.964236177653125193e+00
-1.983001801971691513e+00
-2.012809137466711640e+00
-2.054641744647292878e+00
-2.108643481268344555e+00
-2.172529377865684452e+00
-2.237441210306154282e+00
-2.276631985384879098e+00
-2.212100991992671961e+00
-1.800662127664699241e+00
-1.505884030290413622e-01
3.373843087171172872e+00
1.448560581384312318e+00
1.000023486496238068e+00
1.000000000000000000e+00
1.000000000000000000e+00
