1.000000000000000000e+00
1.000000033222401719e+00
1.000000174930939290e+00
1.000001307175706344e+00
1.000006264487699470e+00
1.000021705057217547e+00
1.000061762424295564e+00
1.000155117436664076e+00
1.000358087837769361e+00
1.000777486224697199e+00
1.001608177251519960e+00
1.003190847194071145e+00
1.006094081524316897e+00
1.011218867092489537e+00
1.019909641013819535e+00
1.034031133898636989e+00
1.055938709005938669e+00
1.088250770632470221e+00
1.133365819536567676e+00
1.192813081375850182e+00
1.266751895858255761e+00
1.354151133065180757e+00
1.453936339258977473e+00
1.566555837499787662e+00
1.694441316378670903e+00
1.839752544560130154e+00
2.000228260132611791e+00
2.166115614809779544e+00
2.321371608829023714e+00
2.448832015844019772e+00
2.535279553314972567e+00
2.574398560386586876e+00
2.566406491240884158e+00
2.516296470663149432e+00
2.431749637825156185e+00
2.321286049023487230e+00
2.193380952699031106e+00
2.055577148993947834e+00
1.914310214216192518e+00
1.774733594792027525e+00
1.640818455864017311e+00
1.515579882220492225e+00
1.401136491596195910e+00
1.298943737780913210e+00
1.209861238514378767e+00
1.134309270535721614e+00
1.072354637316299319e+00
1.023791492948596726e+00
9.882478171404009970e-01
9.651977765096363404e-01
9.540252838689516901e-01
9.540346614835116812e-01
9.644862521808852396e-01
9.846264711469882025e-01
1.013686746602240563e+00
1.050905313857147361e+00
1.095520051212286239e+00
1.146779190643607560e+00
1.203941254862643140e+00
1.266273322382494904e+00
1.333056834425685677e+00
1.403577564918447651e+00
1.477127848559275591e+00
1.552999916518979173e+00
1.630485812659423717e+00
1.708880000698158819e+00
1.787473452908989735e+00
1.865556754721882537e+00
1.942418055409572464e+00
2.017347689549191081e+00
2.089643962793435339e+00
2.158615714909045025e+00
2.223590517314895987e+00
2.283919491782628430e+00
2.338986699445642969e+00
2.388218257264054234e+00
2.431089615798079251e+00
2.467135133646998657e+00
2.495953966756447873e+00
2.517217540259785391e+00
2.530674858368143099e+00
2.536155186208576495e+00
2.533570611533464856e+00
2.522914563521278186e+00
2.504260617981010739e+00
2.477759022974188152e+00
2.443630798628219303e+00
2.402161796500407842e+00
2.353694058388720034e+00
2.298618009833045761e+00
2.237363997995225784e+00
2.170392935606845874e+00
2.098188269157253760e+00
2.021247154372845412e+00
1.940073431665343850e+00
1.855171287841167915e+00
1.767038665916410123e+00
1.676162555933139231e+00
1.583014470960544484e+00
1.488047293418276240e+00
1.391693143998247839e+00
1.294361186873559832e+00
1.196436870971698152e+00
1.098281353972207386e+00
1.000231307664814828e+00
9.025994507956004442e-01
8.056746944427287671e-01
7.097231146751384889e-01
6.149890195323217679e-01
5.216956109061822167e-01
4.300462436659145959e-01
3.402254309539360366e-01
2.523999629601597072e-01
1.667201995859865782e-01
8.332088245473057153e-02
2.322323461859819756e-03
-7.616850243414410859e-02
-1.520572537821043013e-01
-2.252612046670915691e-01
-2.957084713342028048e-01
-3.633373105539998704e-01
-4.280953308452702943e-01
-4.899390698661285071e-01
-5.488334029810001402e-01
-6.047509534486432692e-01
-6.576718402069917646e-01
-7.075831648720810607e-01
-7.544785912405672645e-01
-7.983581827462514768e-01
-8.392280751132047412e-01
-8.771002837557899667e-01
-9.119925980337704186e-01
-9.439283572153557289e-01
-9.729363352850806113e-01
-9.990505933619457934e-01
-1.022310230586991997e+00
-1.042759257071986800e+00
-1.060446389943628054e+00
-1.075424801049922774e+00
-1.087752019543340332e+00
-1.097489744562669456e+00
-1.104703629556157196e+00
-1.109463199130637179e+00
-1.111841659967781171e+00
-1.111915684748363553e+00
-1.109765314323018615e+00
-1.105473757556745706e+00
-1.099127164512712529e+00
-1.090814508976242658e+00
-1.080627398787300519e+00
-1.068659866671576530e+00
-1.055008253813784380e+00
-1.039771042295186021e+00
-1.023048656477971718e+00
-1.004943342041107579e+00
-9.855590352019978351e-01
-9.650011904443973609e-01
-9.433766637122122933e-01
-9.207936243326262371e-01
-8.973614107453639077e-01
-8.731904328058581743e-01
-8.483921644094545300e-01
-8.230790786002466497e-01
-7.973646287756490647e-01
-7.713633671805326664e-01
-7.451910618862432889e-01
-7.189648608091463444e-01
-6.928035922980565475e-01
-6.668281616702917969e-01
-6.411620102169803825e-01
-6.159317253062492892e-01
-5.912678523623975391e-01
-5.673058470569212197e-01
-5.441872223571210254e-01
-5.220609956069655055e-01
-5.010854678250896699e-01
-4.814303209768289182e-01
-4.632791522290520825e-01
-4.468325580102575079e-01
-4.323117356455457583e-01
-4.199625642714170937e-01
-4.100600866071056894e-01
-4.029129958125498012e-01
-3.988670116936640642e-01
-3.983047256688419524e-01
-4.016366530979002536e-01
-4.092717696536679051e-01
-4.215410689351483664e-01
-4.385128864936750359e-01
-4.595519972280023291e-01
-4.822444901894281100e-01
-4.996544299467949313e-01
-4.928305230967162665e-01
-4.083096685074427135e-01
-8.117762257699291661e-02
1.065143130426342788e+00
2.393834603034100006e+00
1.040799307318782230e+00
1.000000400305672388e+00
1.000000000000000000e+00
1.000000000000000000e+00
