1.000000000000000000e+00
1.000000045551301620e+00
1.000000238964614097e+00
1.000001784968428176e+00
1.000008555396069365e+00
1.000029641133342695e+00
1.000084326612037167e+00
1.000211707700938923e+00
1.000488449911806521e+00
1.001059685248638198e+00
1.002189501704761732e+00
1.004337971089791726e+00
1.008269192025351924e+00
1.015185854518316111e+00
1.026865818356626603e+00
1.045741950816972743e+00
1.074825408548247374e+00
1.117352944244700552e+00
1.176096521732834299e+00
1.252482991644408905e+00
1.345973594233035531e+00
1.454416983057805091e+00
1.575725993504174083e+00
1.710110304331120989e+00
1.860838397970276059e+00
2.031405175275210695e+00
2.220143311520824447e+00
2.416073368216906214e+00
2.600092921819921798e+00
2.751178497863520978e+00
2.852529921740809105e+00
2.895294707997175365e+00
2.878329901428910986e+00
2.806382297066250420e+00
2.687844135416925351e+00
2.532660928591501825e+00
2.351344780685936442e+00
2.153781158405575713e+00
1.948895371951790967e+00
1.744248629570808617e+00
1.546005160300181425e+00
1.359097547918475035e+00
1.187186604263161360e+00
1.032910059897484967e+00
8.979295774603467395e-01
7.831371514538200129e-01
6.887820888152589305e-01
6.146049771156016917e-01
5.600154098672878167e-01
5.241364271731384639e-01
5.059210480030870150e-01
5.041899064221595506e-01
5.177003599473990469e-01
5.452032315934598472e-01
5.854515275494531767e-01
6.372381117931157357e-01
6.993898203079028653e-01
7.707845127311244715e-01
8.503512813779212642e-01
9.370669758369050140e-01
1.029962209620441271e+00
1.128104509365222441e+00
1.230597870693165952e+00
1.336569448461161658e+00
1.445164891557280784e+00
1.555547020854072260e+00
1.666882387143608257e+00
1.778340049575104498e+00
1.889083077283762124e+00
1.998269226880885929e+00
2.105053379537014102e+00
2.208585838760976472e+00
2.308018965263055389e+00
2.402509906448255794e+00
2.491230643850628201e+00
2.573378871624409481e+00
2.648187660043975988e+00
2.714939727129556335e+00
2.772977987546199508e+00
2.821719594472663850e+00
2.860668069308945682e+00
2.889422575986844155e+00
2.907687509004374782e+00
2.915276546481418318e+00
2.912116871699995446e+00
2.898249653883149701e+00
2.873826320518026112e+00
2.839103790726372090e+00
2.794434838678240940e+00
2.740258553951540499e+00
2.677088867403904171e+00
2.605500933981757861e+00
2.526118661917617025e+00
2.439600587663278919e+00
2.346627943488813983e+00
2.247893513235311946e+00
2.144090105754718589e+00
2.035901776874376345e+00
1.923995492771985338e+00
1.809014970309930748e+00
1.691576229069783555e+00
1.572263332775188482e+00
1.451626429440451727e+00
1.330180295947626545e+00
1.208403642455777360e+00
1.086739629467059487e+00
9.655959916885723526e-01
8.453464520020371742e-01
7.263323572898430225e-01
6.088638094402730738e-01
4.932216817163613820e-01
3.796593007562264477e-01
2.684042988888382109e-01
1.596607080865281858e-01
5.361036649987670905e-02
-4.958516092196600666e-02
-1.497828190295359130e-01
-2.468568695354202147e-01
-3.406972798955210102e-01
-4.312084814484003492e-01
-5.183082519273616295e-01
-6.019264989063489724e-01
-6.820045791426011528e-01
-7.584944001081938003e-01
-8.313575426897541476e-01
-9.005648740858819279e-01
-9.660958092203557612e-01
-1.027937715855676171e+00
-1.086085693009337438e+00
-1.140542128330108040e+00
-1.191316453594946534e+00
-1.238425029494953478e+00
-1.281890871329165460e+00
-1.321743533142157867e+00
-1.358018951300139943e+00
-1.390759150168536573e+00
-1.420012122361975493e+00
-1.445831604020853867e+00
-1.468276784760640608e+00
-1.487412236098234919e+00
-1.503307714941787276e+00
-1.516037928016547243e+00
-1.525682481826766246e+00
-1.532325683866537336e+00
-1.536056305332657912e+00
-1.536967508088827872e+00
-1.535156626794768053e+00
-1.530724911852118453e+00
-1.523777423021506428e+00
-1.514422819350007110e+00
-1.502773118878331760e+00
-1.488943584773557038e+00
-1.473052536273149915e+00
-1.455221112272517381e+00
-1.435573139260158060e+00
-1.414234980901831085e+00
-1.391335324651898464e+00
-1.367005040634869939e+00
-1.341377074981903617e+00
-1.314586258436906352e+00
-1.286769173481329798e+00
-1.258064140573705858e+00
-1.228611116135496450e+00
-1.198551646462587605e+00
-1.168029004193474440e+00
-1.137188312213997188e+00
-1.106176721702505583e+00
-1.075143768056489924e+00
-1.044241846178666000e+00
-1.013626756277305141e+00
-9.834584417059099026e-01
-9.539019870229071829e-01
-9.251287868264115311e-01
-8.973179582018525613e-01
-8.706581400902444479e-01
-8.453497210810754225e-01
-8.216074733630179816e-01
-7.996637598058908836e-01
-7.797724788274863483e-01
-7.622137217745091897e-01
-7.472991345739568025e-01
-7.353779692852193683e-01
-7.268434655660970245e-01
-7.221383901039205577e-01
-7.217571313466125682e-01
-7.262385912143247690e-01
-7.361368274353988772e-01
-7.519396776329937415e-01
-7.738660083548614121e-01
-8.013732862895732723e-01
-8.319444773826067951e-01
-8.579746164534280961e-01
-8.582461219193825430e-01
-7.723336209013653697e-01
-4.129095114043098702e-01
8.814105290747730193e-01
2.702626257458422554e+00
1.082925433310860441e+00
1.000001070751909360e+00
1.000000000000000000e+00
1.000000000000000000e+00
