1.000000000000000000e+00
1.000000029195365459e+00
1.000000153945855841e+00
1.000001150536615313e+00
1.000005513527066014e+00
1.000019103489140138e+00
1.000054364067129775e+00
1.000136556144669786e+00
1.000315307590968539e+00
1.000684810505842570e+00
1.001417075475706797e+00
1.002813241073198025e+00
1.005376825209186364e+00
1.009907754304693484e+00
1.017603946012141547e+00
1.030135474565309295e+00
1.049628223318013420e+00
1.078475651615199427e+00
1.118924466323372613e+00
1.172505878817723168e+00
1.239583755387668962e+00
1.319487277346119258e+00
1.411489228464574364e+00
1.516151333122189859e+00
1.635683720451142964e+00
1.771885604928788105e+00
1.922413118942155164e+00
2.078060223222489178e+00
2.223932642717514341e+00
2.344224745518756592e+00
2.426891209920710946e+00
2.466336839906730471e+00
2.463030674920059226e+00
2.421815063618422137e+00
2.349918172123325544e+00
2.255221708470464215e+00
2.145432992374752157e+00
2.027301043591858143e+00
1.906485701087984319e+00
1.787439730169785745e+00
1.673531704794215536e+00
1.567273185671071545e+00
1.470393977184668799e+00
1.384059997959896871e+00
1.308940633815707910e+00
1.245347807434449505e+00
1.193310111656884942e+00
1.152640127943477033e+00
1.123022644215026844e+00
1.104020994145968881e+00
1.095127765328985259e+00
1.095770104526163191e+00
1.105337223306960492e+00
1.123203766650753943e+00
1.148726843248360607e+00
1.181263494289374494e+00
1.220163531943303292e+00
1.264778374018866280e+00
1.314460895331061696e+00
1.368564154330804250e+00
1.426446959427659422e+00
1.487465868783991674e+00
1.550978063493299919e+00
1.616336627843665941e+00
1.682891703066584865e+00
1.749994083919777843e+00
1.816991456872853128e+00
1.883232530196605303e+00
1.948066656493872228e+00
2.010849211466919417e+00
2.070947865752397199e+00
2.127745877549781728e+00
2.180650067200750275e+00
2.229095574892900000e+00
2.272554287074968205e+00
2.310542688939098088e+00
2.342627782067202791e+00
2.368434680479445387e+00
2.387650724801322788e+00
2.400030749808978570e+00
2.405400322438184801e+00
2.403656627619616515e+00
2.394769259240231651e+00
2.378777590037815859e+00
2.355788539303649287e+00
2.325972563553514671e+00
2.289557775910634252e+00
2.246824274407755340e+00
2.198096371826642859e+00
2.143735768621013449e+00
2.084134350109688061e+00
2.019706364255884790e+00
1.950881859964992859e+00
1.878099514831830241e+00
1.801801057655194160e+00
1.722426292396850522e+00
1.640407885342791028e+00
1.556167741290374495e+00
1.470113489537891560e+00
1.382636096538611081e+00
1.294108303197752052e+00
1.204882947512974534e+00
1.115292473608246571e+00
1.025648549390984376e+00
9.362419703727257181e-01
8.473431567942312226e-01
7.592022858981742894e-01
6.720501166016692451e-01
5.860988791254543306e-01
5.015428015352453306e-01
4.185591453206543022e-01
3.373090171791022773e-01
2.579382774674763290e-01
1.805786003840849363e-01
1.053481204287556733e-01
3.235240860208259128e-02
-3.831462939366212656e-02
-1.065701873093345825e-01
-1.723417146769003205e-01
-2.355662795266308118e-01
-2.961899880894732218e-01
-3.541673237850133660e-01
-4.094607988067711091e-01
-4.620404550043004099e-01
-5.118833618875344715e-01
-5.589734036103034542e-01
-6.033008364617467034e-01
-6.448619233479089274e-01
-6.836587892933717603e-01
-7.196991316085535884e-01
-7.529960447520449573e-01
-7.835679187228501430e-01
-8.114382332136170772e-01
-8.366354447709892783e-01
-8.591928446862600044e-01
-8.791483277535785401e-01
-8.965442660912531503e-01
-9.114273155878966914e-01
-9.238481798693287672e-01
-9.338615083258122729e-01
-9.415257159429942790e-01
-9.469027784367162193e-01
-9.500581424789459328e-01
-9.510605441801458504e-01
-9.499818044198430345e-01
-9.468967272182925443e-01
-9.418829098000933708e-01
-9.350205300984153478e-01
-9.263922298636494412e-01
-9.160829358920314913e-01
-9.041796651826546904e-01
-8.907714115540252831e-01
-8.759489889052216594e-01
-8.598048486255372991e-01
-8.424329656083084927e-01
-8.239287170247165948e-01
-8.043887264356656130e-01
-7.839107575098623881e-01
-7.625936342401832269e-01
-7.405371140370381466e-01
-7.178418030403063144e-01
-6.946091517757403411e-01
-6.709414029670468516e-01
-6.469415816436198119e-01
-6.227136069451567613e-01
-5.983624053766597450e-01
-5.739940679800639156e-01
-5.497161295269963333e-01
-5.256379349105596566e-01
-5.018710641940288264e-01
-4.785298938816364700e-01
-4.557323392130734896e-01
-4.336007247522066788e-01
-4.122628315902556739e-01
-3.918532133592558808e-01
-3.725148097481980614e-01
-3.544008454966168231e-01
-3.376771175822432247e-01
-3.225247659769509001e-01
-3.091434934990525130e-01
-2.977551874100608509e-01
-2.886078458036152039e-01
-2.819794075673182632e-01
-2.781804029045851778e-01
-2.775530943621488666e-01
-2.804620760083585962e-01
-2.872651847353607790e-01
-2.982396635235881610e-01
-3.134057109356109261e-01
-3.321078497418852860e-01
-3.519980288195525553e-01
-3.664468114641480367e-01
-3.574800822428629843e-01
-2.745807453731822778e-01
3.775526861649558530e-02
1.121054229277118397e+00
2.271638399332517544e+00
1.030063357647673206e+00
1.000000268924948088e+00
1.000000000000000000e+00
1.000000000000000000e+00
