1.000000000000000000e+00
1.000000260963307186e+00
1.000001327933452089e+00
1.000009885988227598e+00
1.000047436099537279e+00
1.000164278667106776e+00
1.000466497883979899e+00
1.001167375875783305e+00
1.002680232445254171e+00
1.005774557946088610e+00
1.011818298690482898e+00
1.023118919349363054e+00
1.043341958739852693e+00
1.077912845056103075e+00
1.134190457780605676e+00
1.221068704856486997e+00
1.347621479631596619e+00
1.520623344531945476e+00
1.741368188219661217e+00
2.003102989249011312e+00
2.290922220842146917e+00
2.585934453489463269e+00
2.873695244692239026e+00
3.153869303290703474e+00
3.444785187993018027e+00
3.775496597554125255e+00
4.167524073981944355e+00
4.618156578849477611e+00
5.099381917825933641e+00
5.571662244322287627e+00
5.996729318564904432e+00
6.344487345038398729e+00
6.591179056129707448e+00
6.717069488303892832e+00
6.705550112245854066e+00
6.542810254231951284e+00
6.221612469082767660e+00
5.741869739612495138e+00
5.114051821471098158e+00
4.359769358407728390e+00
3.511828103153661118e+00
2.612431662358314810e+00
1.706887082579836568e+00
8.385149557584981039e-01
4.278069711467697572e-02
-6.550923650076638793e-01
-1.240973703897012559e+00
-1.710740281381130101e+00
-2.067535377293467924e+00
-2.319534310103397612e+00
-2.477196588488715712e+00
-2.551718271422745765e+00
-2.553896672655403322e+00
-2.493605323899613424e+00
-2.379885957817097886e+00
-2.220913153224073788e+00
-2.024222396965993820e+00
-1.796705287811060980e+00
-1.544633138893217739e+00
-1.273647896408443003e+00
-9.886710214499825344e-01
-6.939489408118536540e-01
-3.930211262028995289e-01
-8.878485296045159070e-02
2.164618637289040526e-01
5.209738504047304319e-01
8.234346826342534564e-01
1.122887418084113520e+00
1.418624355367670065e+00
1.710119681493021071e+00
1.996969609072489327e+00
2.278811463043306063e+00
2.555281852005171661e+00
2.825954605683971277e+00
3.090311326306230733e+00
3.347714810245051353e+00
3.597376334265420361e+00
3.838347017743379386e+00
4.069496426861802796e+00
4.289516595045403946e+00
4.496930254020252704e+00
4.690102292931689121e+00
4.867274107692562524e+00
5.026594406931336856e+00
5.166176405679931527e+00
5.284161721990533245e+00
5.378785598802541479e+00
5.448455669734737050e+00
5.491817723886522451e+00
5.507827461517485368e+00
5.495809540038751884e+00
5.455494678353574045e+00
5.387046387413610304e+00
5.291056910972064209e+00
5.168531647817380836e+00
5.020854017285053317e+00
4.849725966820047418e+00
4.657105760099573111e+00
4.445134302311822161e+00
4.216065158317464423e+00
3.972200091351318019e+00
3.715825196876898495e+00
3.449163064231433040e+00
3.174332265357645344e+00
2.893316882881950658e+00
2.607948959471269923e+00
2.319894170307182701e+00
2.030650134842924448e+00
1.741550032919933599e+00
1.453766497060217766e+00
1.168323088122886100e+00
8.861053257133646444e-01
6.078736976527194802e-01
3.342784666769420543e-01
6.587053173262627515e-02
-1.968848268732126539e-01
-4.535955089209024460e-01
-7.039338353223705269e-01
-9.476257663439903167e-01
-1.184442710826244527e+00
-1.414194415715319453e+00
-1.636721656558679294e+00
-1.851892316926210480e+00
-2.059596447374669737e+00
-2.259741702916806538e+00
-2.452251755879883532e+00
-2.637062836840518898e+00
-2.814121252415742180e+00
-2.983383107255546562e+00
-3.144812838087582829e+00
-3.298382938564989431e+00
-3.444074444494044762e+00
-3.581876555722951050e+00
-3.711787185186230520e+00
-3.833813297514684582e+00
-3.947970504928314472e+00
-4.054283668549885533e+00
-4.152786925735393986e+00
-4.243523377812877584e+00
-4.326546010865257585e+00
-4.401917921633678787e+00
-4.469712337166654059e+00
-4.530013667326315385e+00
-4.582917722769193070e+00
-4.628531718824141272e+00
-4.666975180414678626e+00
-4.698380025481936784e+00
-4.722890416588621854e+00
-4.740663422125462212e+00
-4.751869069962082470e+00
-4.756690199497207061e+00
-4.755322968502778913e+00
-4.747976891052058335e+00
-4.734874556789349320e+00
-4.716251859794408752e+00
-4.692358048767584222e+00
-4.663455345119772666e+00
-4.629818865027236718e+00
-4.591736623655273242e+00
-4.549508953265183564e+00
-4.503448112221484223e+00
-4.453878400670817861e+00
-4.401135623021342980e+00
-4.345566673085007992e+00
-4.287529912900483353e+00
-4.227395243220253285e+00
-4.165544201848560668e+00
-4.102370731248699443e+00
-4.038282246688541299e+00
-3.973700681935885992e+00
-3.909064115343753976e+00
-3.844829271097082835e+00
-3.781474309838450676e+00
-3.719502198902673307e+00
-3.659445320745120966e+00
-3.601871402821967827e+00
-3.547390494812480810e+00
-3.496663770996109921e+00
-3.450414975994217759e+00
-3.409444433724178047e+00
-3.374645958961867365e+00
-3.347027667946618656e+00
-3.327737215893372902e+00
-3.318090477519439752e+00
-3.319600949777963717e+00
-3.334002766354638769e+00
-3.363248291698117232e+00
-3.409432662063349717e+00
-3.474529115291282722e+00
-3.559646703708312820e+00
-3.663074018137696175e+00
-3.775183361666372583e+00
-3.865070731843537555e+00
-3.844536770899920519e+00
-3.453370578204587815e+00
-1.694306068635589746e+00
3.018968444295167419e+00
2.179016217370594699e+00
1.000370844665062764e+00
1.000000000000084377e+00
1.000000000000000000e+00
