1.000000000000000000e+00
1.000000125278303731e+00
1.000000647318376901e+00
1.000004827211544267e+00
1.000023149526139576e+00
1.000080187592970349e+00
1.000227920769251710e+00
1.000571302934472495e+00
1.001314976714881455e+00
1.002843266061228755e+00
1.005847801966437416e+00
1.011515228428552016e+00
1.021775397862886736e+00
1.039579101059829203e+00
1.069115102722410393e+00
1.115791084126661614e+00
1.185730709723616716e+00
1.284569933972105060e+00
1.415592930781233605e+00
1.577818917455325209e+00
1.765237242822881081e+00
1.968673904362904015e+00
2.180662339286216334e+00
2.401327370857803789e+00
2.640867159270221087e+00
2.913987041658870680e+00
3.228177870535578364e+00
3.573586228148233790e+00
3.923086915391990726e+00
4.242138278830751119e+00
4.498611503114418930e+00
4.669090239984369894e+00
4.739010064794908494e+00
4.701392321060835933e+00
4.555508084926898960e+00
4.305505012408638699e+00
3.961040355367981824e+00
3.536037087273329771e+00
3.048643141853489169e+00
2.519727428375792666e+00
1.971510429304905276e+00
1.426207915639758461e+00
9.037848280294672465e-01
4.209464233483012352e-01
-1.002842791677322279e-02
-3.812661434477094269e-01
-6.890062043351197207e-01
-9.328977244981406791e-01
-1.114959098059170373e+00
-1.238957525666008808e+00
-1.309611738815318560e+00
-1.332167771636409981e+00
-1.311984897245264570e+00
-1.254254366068696003e+00
-1.163926642710189752e+00
-1.045581590346089218e+00
-9.034440906042112696e-01
-7.413364446551203857e-01
-5.626813240677706052e-01
-3.705161534552675606e-01
-1.674828189805569190e-01
4.411667357688499325e-02
2.623063876509474368e-01
4.853846607781163169e-01
7.118919447305951387e-01
9.405845051556485092e-01
1.170374188046146235e+00
1.400298176802203365e+00
1.629468491678865094e+00
1.857043278533822006e+00
2.082201145676004117e+00
2.304103496342987611e+00
2.521876745174917556e+00
2.734583802914604789e+00
2.941213787911180599e+00
3.140674884860185756e+00
3.331786418404262928e+00
3.513286772370654454e+00
3.683837835058591637e+00
3.842046246265569120e+00
3.986489426865029717e+00
4.115744936935204379e+00
4.228431901557397232e+00
4.323248795482566464e+00
4.399021189920547137e+00
4.454747099033323998e+00
4.489635669736414592e+00
4.503144388660064834e+00
4.495001094996880830e+00
4.465221089075663841e+00
4.414111364566672968e+00
4.342259670604372346e+00
4.250516703174730182e+00
4.139963937795264393e+00
4.011878787015114689e+00
3.867694783290789307e+00
3.708955469880965694e+00
3.537272729769388668e+00
3.354284971400360860e+00
3.161621636978079852e+00
2.960873885976455622e+00
2.753568009598126309e+00
2.541147939344588380e+00
2.324961901072807535e+00
2.106253860326701144e+00
1.886160729330973229e+00
1.665710472939496034e+00
1.445825463413407341e+00
1.227327640921046292e+00
1.010943125508909857e+00
7.973098628858560355e-01
5.869846176557038664e-01
3.804505547642301200e-01
1.781254380035494633e-01
-1.963223279649960878e-02
-2.125158473568606321e-01
-4.002640096426166583e-01
-5.826556980768079486e-01
-7.595045161690942015e-01
-9.306542216347198915e-01
-1.095974820718761844e+00
-1.255358599383033846e+00
-1.408717818781070941e+00
-1.555981961144709436e+00
-1.697095180925966895e+00
-1.832015222345834138e+00
-1.960711464892398226e+00
-2.083163456520940926e+00
-2.199360538498485340e+00
-2.309300917871365044e+00
-2.412991332058930460e+00
-2.510447101379749579e+00
-2.601691775768914194e+00
-2.686757240600651020e+00
-2.765683729495818532e+00
-2.838519478391358319e+00
-2.905320870150974066e+00
-2.966152301360794663e+00
-3.021085880297091908e+00
-3.070201724590109649e+00
-3.113587918989678460e+00
-3.151340367950639543e+00
-3.183563150208855497e+00
-3.210368463395682603e+00
-3.231876459238187671e+00
-3.248215516906408418e+00
-3.259522112495394364e+00
-3.265940571722360186e+00
-3.267623218089759529e+00
-3.264730223741159509e+00
-3.257429361624993192e+00
-3.245896080968059039e+00
-3.230313356838752981e+00
-3.210871387954659983e+00
-3.187767551184835568e+00
-3.161206277322797131e+00
-3.131398725108240466e+00
-3.098562616985671703e+00
-3.062922130598343617e+00
-3.024707520098151026e+00
-2.984154851512460738e+00
-2.941506011259570563e+00
-2.897008421571424019e+00
-2.850914847729503432e+00
-2.803483632498194655e+00
-2.754978821844852099e+00
-2.705670353440291720e+00
-2.655834631426280623e+00
-2.605755315770606817e+00
-2.555724178464866547e+00
-2.506042336514685775e+00
-2.457022023502036134e+00
-2.408988631505106337e+00
-2.362283189999875521e+00
-2.317265634816423781e+00
-2.274318942585359160e+00
-2.233854035327459631e+00
-2.196315881406107451e+00
-2.162191239487797123e+00
-2.132018040073700771e+00
-2.106396574147751277e+00
-2.086002904644246314e+00
-2.071604512111880236e+00
-2.064077064161454533e+00
-2.064419532095441046e+00
-2.073760961765396260e+00
-2.093342461447860181e+00
-2.124435064093430192e+00
-2.168099401204873544e+00
-2.224555451589137700e+00
-2.291566089196680256e+00
-2.360217972195387315e+00
-2.403419361728806436e+00
-2.342111833570480250e+00
-1.930117623539236327e+00
-2.613743289852359930e-01
3.385010631088097188e+00
1.495634939836417932e+00
1.000029914950472554e+00
1.000000000000000000e+00
1.000000000000000000e+00
