1.000000000000000000e+00
1.000000122641999445e+00
1.000000633941031225e+00
1.000004727654209224e+00
1.000022671770515181e+00
1.000078533116463220e+00
1.000223223392204375e+00
1.000559551547832049e+00
1.001288007872420893e+00
1.002785197316644394e+00
1.005729058696239964e+00
1.011283216769872650e+00
1.021341148029056622e+00
1.038800266798621141e+00
1.067778027050038991e+00
1.113598363657696488e+00
1.182304724603054691e+00
1.279484119162151101e+00
1.408436822480023221e+00
1.568287310348799757e+00
1.753213719962340322e+00
1.954263002746545075e+00
2.164129736507380386e+00
2.382939842890345883e+00
2.620682498233092961e+00
2.891711364995185551e+00
3.203190652778391101e+00
3.545128768686146348e+00
3.890485431742390254e+00
4.204939703639431592e+00
4.456643836408646919e+00
4.622486817400244696e+00
4.688252466593481493e+00
4.647352304857547800e+00
4.499461146764798691e+00
4.249107516939385043e+00
3.906228852826062692e+00
3.484890210421190737e+00
3.003188988474498000e+00
2.481747171937345176e+00
1.942362994452623282e+00
1.406704390469578181e+00
8.941567360465770831e-01
4.208839983564226506e-01
-1.269153173175595686e-03
-3.647312278523160423e-01
-6.659078218270022553e-01
-9.044970487749970367e-01
-1.082484008041402879e+00
-1.203546485987385672e+00
-1.272286880917743224e+00
-1.293824199761847149e+00
-1.273392411434546068e+00
-1.216065725928857422e+00
-1.126686133126029166e+00
-1.009735069106322713e+00
-8.693475550116626094e-01
-7.092651672753005343e-01
-5.328389574199478007e-01
-3.430438956806337036e-01
-1.424693075156689137e-01
6.662615881654175565e-02
2.823006526033505770e-01
5.028781898755908530e-01
7.269171221740227118e-01
9.531844820755805969e-01
1.180597142386671017e+00
1.408192430558196540e+00
1.635078888063804747e+00
1.860408417572144035e+00
2.083351423891553367e+00
2.303060181118833594e+00
2.518651738840951726e+00
2.729180331112372127e+00
2.933627739025300496e+00
3.130896810396491592e+00
3.319804284256586246e+00
3.499089238617381081e+00
3.667418174198772807e+00
3.823406603532078396e+00
3.965645292853555492e+00
4.092729675153350399e+00
4.203300946645588176e+00
4.296083377865689279e+00
4.369931143027223186e+00
4.423872515427409446e+00
4.457147263503288492e+00
4.469242353844455451e+00
4.459912579758182005e+00
4.429196282194578949e+00
4.377418436274399305e+00
4.305178944010454423e+00
4.213334336924202894e+00
4.102965603425177576e+00
3.975343609567088432e+00
3.831889860049956464e+00
3.674131288407507245e+00
3.503659547492112392e+00
3.322090271006484574e+00
3.131028592107698572e+00
2.932040736288647587e+00
2.726628284829542892e+00
2.516211315431788886e+00
2.302115562588040287e+00
2.085564222844868532e+00
1.867675355237981449e+00
1.649460120393435592e+00
1.431826122106724108e+00
1.215582489434269053e+00
1.001444401017371311e+00
7.900405652018281932e-01
5.819200531739113780e-01
3.775597034889686121e-01
1.773721300008034019e-01
-1.828828719493295202e-02
-2.091181974240383934e-01
-3.948587560437830102e-01
-5.752908950933320886e-01
-7.502297002039264306e-01
-9.195200361174159509e-01
-1.083032723151576171e+00
-1.240660649439399466e+00
-1.392316511028363735e+00
-1.537930110407168982e+00
-1.677445854638815348e+00
-1.810821688741713009e+00
-1.938027174487374715e+00
-2.059042046156793759e+00
-2.173855835237834544e+00
-2.282466954013946836e+00
-2.384882358973255734e+00
-2.481117594279688365e+00
-2.571196437813328295e+00
-2.655150996934273255e+00
-2.733021713247329121e+00
-2.804857015971035761e+00
-2.870713455832311745e+00
-2.930655566887479857e+00
-2.984755562933260720e+00
-3.033093621416360186e+00
-3.075757834448611394e+00
-3.112844056785819991e+00
-3.144456245636536806e+00
-3.170706398931877334e+00
-3.191714386431940831e+00
-3.207608210156482009e+00
-3.218523869263521409e+00
-3.224605110593425472e+00
-3.226003566789197752e+00
-3.222878603317270052e+00
-3.215397068972230876e+00
-3.203733363367422982e+00
-3.188069283370762008e+00
-3.168593721153924569e+00
-3.145502614086529647e+00
-3.118998817904952148e+00
-3.089291782663298402e+00
-3.056597387655400677e+00
-3.021137831527960671e+00
-2.983141258323214196e+00
-2.942841495991788126e+00
-2.900478063355909075e+00
-2.856295890832654116e+00
-2.810545132145633840e+00
-2.763481395782184435e+00
-2.715365871277985566e+00
-2.666465518534500756e+00
-2.617053637346796080e+00
-2.567410649200445150e+00
-2.517824946889909654e+00
-2.468594116025240481e+00
-2.420026687404131405e+00
-2.372444157999532344e+00
-2.326183444469547279e+00
-2.281600115901957437e+00
-2.239072480585372560e+00
-2.199006434339097371e+00
-2.161841488961045776e+00
-2.128058419165560267e+00
-2.098188522773232645e+00
-2.072824658812569165e+00
-2.052634465992680735e+00
-2.038375760693526217e+00
-2.030912999553160514e+00
-2.031232027934448237e+00
-2.040446431802306115e+00
-2.059779118016424437e+00
-2.090479977610712137e+00
-2.133586097892940181e+00
-2.189294159766668635e+00
-2.255352264961075992e+00
-2.322863413227004070e+00
-2.364839383253426686e+00
-2.302537070893542204e+00
-1.890657413623672678e+00
-2.273984735885670738e-01
3.382432780788656057e+00
1.481089974519007146e+00
1.000027804375125839e+00
1.000000000000000000e+00
1.000000000000000000e+00
