1.000000000000000000e+00
1.000000039866038692e+00
1.000000209474332102e+00
1.000001564955309119e+00
1.000007500434933805e+00
1.000025986643073628e+00
1.000073936808734132e+00
1.000185653904202221e+00
1.000428444081477242e+00
1.000929825436321696e+00
1.001922096595853295e+00
1.003810575426656415e+00
1.007269854045423685e+00
1.013364850448251753e+00
1.023676213183202011e+00
1.040379668802140500e+00
1.066192050994017038e+00
1.104076986745914146e+00
1.156649525146463908e+00
1.225399341033997391e+00
1.310120335495232435e+00
1.409178565419133555e+00
1.520943158936291395e+00
1.645713746396908705e+00
1.786344902624957598e+00
1.945675309565238154e+00
2.121703481141482328e+00
2.303935451054087924e+00
2.474595928810317425e+00
2.614383155977669571e+00
2.708142018839653886e+00
2.748242779093034827e+00
2.734271571127855349e+00
2.671216126712431471e+00
2.567267402354751926e+00
2.431817891188161607e+00
2.274508138705567450e+00
2.104169904536068003e+00
1.928568390875813332e+00
1.754112812767084195e+00
1.585895942376269740e+00
1.427898596127184172e+00
1.283005788614720366e+00
1.153254937127024204e+00
1.039896520178818839e+00
9.435783905262655757e-01
8.644529151639627207e-01
8.022841984372718338e-01
7.565900100832924080e-01
7.266688153504208270e-01
7.116893149650843631e-01
7.107136939616707227e-01
7.227497326627447816e-01
7.467941737251696521e-01
7.818362969396657203e-01
8.268878770505494469e-01
8.809765483956633059e-01
9.431598873480612211e-01
1.012525539741779834e+00
1.088188636660685438e+00
1.169297822313057011e+00
1.255021656707318689e+00
1.344549518431659596e+00
1.437081458424310343e+00
1.531825754601203071e+00
1.627999517879604507e+00
1.724818834536247847e+00
1.821499687474829710e+00
1.917252596669315912e+00
2.011285331962175960e+00
2.102807154559975356e+00
2.191029377330895755e+00
2.275173068312295488e+00
2.354473112953069602e+00
2.428188353291446333e+00
2.495612041441248152e+00
2.556080755850982822e+00
2.608986809189770550e+00
2.653786863306972332e+00
2.690013062740203242e+00
2.717282027560599111e+00
2.735300981134203280e+00
2.743873890186199205e+00
2.742902666951963830e+00
2.732388535756605119e+00
2.712430297883920538e+00
2.683219205403785779e+00
2.645033282668535435e+00
2.598227823319508190e+00
2.543226389852715652e+00
2.480510540081240833e+00
2.410608059286751370e+00
2.334082490752625194e+00
2.251521467627867423e+00
2.163527104409621149e+00
2.070707163202178069e+00
1.973665917402622538e+00
1.872997373285327560e+00
1.769278813357734848e+00
1.663066136587955102e+00
1.554890579526160499e+00
1.445255493517568768e+00
1.334635006264678347e+00
1.223473022713996050e+00
1.112182795844576910e+00
1.001147473329126569e+00
8.907202420734263715e-01
7.812255408501533882e-01
6.729604293206153942e-01
5.661954929800936398e-01
4.611764977337849403e-01
3.581257452446175438e-01
2.572435716253290705e-01
1.587100567598702938e-01
6.268614183074487645e-02
-3.068480120356955471e-02
-1.212755276881793826e-01
-2.089739642093765282e-01
-2.936818804086624990e-01
-3.753138712674154442e-01
-4.537964381886883114e-01
-5.290669751082857086e-01
-6.010732113869076132e-01
-6.697724582986925856e-01
-7.351308666964214700e-01
-7.971231040238351273e-01
-8.557317207180517027e-01
-9.109466361449677363e-01
-9.627649444066201934e-01
-1.011190524442510119e+00
-1.056233818790528023e+00
-1.097911721872666391e+00
-1.136247327619855474e+00
-1.171269812568524582e+00
-1.203014281957295983e+00
-1.231521494421135010e+00
-1.256837737050011228e+00
-1.279014608230464756e+00
-1.298108742842129182e+00
-1.314181726716906251e+00
-1.327299902167109025e+00
-1.337534139307462899e+00
-1.344959768603807282e+00
-1.349656384278876242e+00
-1.351707614482137831e+00
-1.351201034647540933e+00
-1.348227955510817644e+00
-1.342883177703114717e+00
-1.335264878125725030e+00
-1.325474407114982878e+00
-1.313616060353730797e+00
-1.299796961854492450e+00
-1.284126882854800700e+00
-1.266718020914304965e+00
-1.247684871239968185e+00
-1.227144083690030030e+00
-1.205214266771780007e+00
-1.182015856359320827e+00
-1.157671016406514042e+00
-1.132303468173340377e+00
-1.106038372695158367e+00
-1.079002319399321452e+00
-1.051323240781775636e+00
-1.023130378771394788e+00
-9.945544132209563903e-01
-9.657275832249450076e-01
-9.367838596981323818e-01
-9.078592773427573981e-01
-8.790923757388040549e-01
-8.506247078178370558e-01
-8.226015222697679041e-01
-7.951726802009795314e-01
-7.684937294424331045e-01
-7.427272011648118344e-01
-7.180442548259254876e-01
-6.946267088894276798e-01
-6.726694389406870922e-01
-6.523832884316664860e-01
-6.339986331500000460e-01
-6.177695709756942932e-01
-6.039787145854904615e-01
-5.929425422868396245e-01
-5.850169278298378295e-01
-5.806016967305431820e-01
-5.801416762713699216e-01
-5.841186793169531599e-01
-5.930219183388458770e-01
-6.072684546255322502e-01
-6.270077137260726685e-01
-6.516502866028081042e-01
-6.787122898223135747e-01
-7.008567464216400866e-01
-6.978003397737579938e-01
-6.120107651782763503e-01
-2.655016211137262716e-01
9.675062835894054913e-01
2.571512827170642890e+00
1.061918000407852780e+00
1.000000705361169917e+00
1.000000000000000000e+00
1.000000000000000000e+00
