1.000000000000000000e+00
1.000000334477424202e+00
1.000001691601349219e+00
1.000012584775369806e+00
1.000060399571322645e+00
1.000209155094740954e+00
1.000593704218484259e+00
1.001484685570775301e+00
1.003405219641625212e+00
1.007325626104345728e+00
1.014961895222019406e+00
1.029187568342218251e+00
1.054521568221130634e+00
1.097559476297595538e+00
1.167073466949043015e+00
1.273366213451897044e+00
1.426468315551808530e+00
1.633102556236419867e+00
1.893066289097618426e+00
2.196628091565977048e+00
2.524900335007167929e+00
2.854953805076221318e+00
3.169483271850568329e+00
3.467773510474580156e+00
3.771109359736604549e+00
4.114092965777826905e+00
4.523887353900924779e+00
5.000855819071812647e+00
5.517172173320940232e+00
6.032502003473871000e+00
6.508131753681722920e+00
6.913835637369066589e+00
7.224702646326613298e+00
7.417871476308009804e+00
7.471456594716575417e+00
7.364415937709081206e+00
7.081504973646557843e+00
6.614494863094706467e+00
5.967123137109862974e+00
5.157051588888935001e+00
4.217583765478737590e+00
3.196896227738985630e+00
2.150473716868784191e+00
1.133988057886438972e+00
1.945436304522444593e-01
-6.333842847831487877e-01
-1.329773185045451500e+00
-1.888140556660922176e+00
-2.312125199057555758e+00
-2.612361567928335404e+00
-2.802449527521273964e+00
-2.896628224961739662e+00
-2.908202895954879796e+00
-2.848940310025588118e+00
-2.729344390000527198e+00
-2.558758693472130030e+00
-2.345781948177258602e+00
-2.098329651886630565e+00
-1.823686806899410984e+00
-1.528483332598764566e+00
-1.218542582719926770e+00
-8.989036427806884610e-01
-5.737478729267240229e-01
-2.464596439111397252e-01
8.033198921475909193e-02
4.047000952738906143e-01
7.252633785886672957e-01
1.041098233133988415e+00
1.351599067024297440e+00
1.656393849143017016e+00
1.955270412725977680e+00
2.248077860074147782e+00
2.534678156838992003e+00
2.814873299601070578e+00
3.088373273201799218e+00
3.354767186634490805e+00
3.613485720742398932e+00
3.863791770170549977e+00
4.104752904785653023e+00
4.335242376619437898e+00
4.553941998611100495e+00
4.759345309287406955e+00
4.949785572568499603e+00
5.123456082389360233e+00
5.278460919904552462e+00
5.412873004161756540e+00
5.524794231492326624e+00
5.612434975920749913e+00
5.674181479207539347e+00
5.708676776254762331e+00
5.714892894472379581e+00
5.692183042401178561e+00
5.640328146936008480e+00
5.559550597426053287e+00
5.450517968873841212e+00
5.314324359238942641e+00
5.152440884233286056e+00
4.966661026887986274e+00
4.759028019634998330e+00
4.531762722716042191e+00
4.287193931309892569e+00
4.027684854951428584e+00
3.755576159974758355e+00
3.473135020528843153e+00
3.182514465759029854e+00
2.885727490621459612e+00
2.584624081898194259e+00
2.280883936042360283e+00
1.976015805099316847e+00
1.671357322102400067e+00
1.368084967038765365e+00
1.067223889583425178e+00
7.696607863526888638e-01
4.761595733485197157e-01
1.873724120272028670e-01
-9.614511528328979761e-02
-3.739201654202816694e-01
-6.455532136429794621e-01
-9.107057302312985270e-01
-1.169090956923788394e+00
-1.420465850046300105e+00
-1.664622579225935484e+00
-1.901384227823315509e+00
-2.130599026560271447e+00
-2.352134960143532183e+00
-2.565878098948019659e+00
-2.771728429694568341e+00
-2.969596879922665078e+00
-3.159405115250701002e+00
-3.341083758563584194e+00
-3.514572104038433675e+00
-3.679818774191129016e+00
-3.836781244759125187e+00
-3.985426545216326222e+00
-4.125731676632161005e+00
-4.257683073135286378e+00
-4.381277353320630397e+00
-4.496521336156934723e+00
-4.603431628519399688e+00
-4.702035799526186111e+00
-4.792372670009958924e+00
-4.874492347745865040e+00
-4.948457594131570936e+00
-5.014344129998965727e+00
-5.072240678278145509e+00
-5.122250169186535196e+00
-5.164489902005807487e+00
-5.199091420072681657e+00
-5.226201429391572617e+00
-5.245981946107916016e+00
-5.258610192729132216e+00
-5.264279336332931436e+00
-5.263198629757076752e+00
-5.255593147675718058e+00
-5.241704174607887623e+00
-5.221789362560892656e+00
-5.196122333180664299e+00
-5.164992663400225226e+00
-5.128705968307086138e+00
-5.087583225070269499e+00
-5.041960328788051449e+00
-4.992188280107697551e+00
-4.938632519209095406e+00
-4.881672394550045091e+00
-4.821701618683785995e+00
-4.759128298089929210e+00
-4.694374961289408787e+00
-4.627879397601561529e+00
-4.560095827125244305e+00
-4.491495979849422504e+00
-4.422570842329045959e+00
-4.353833433692638089e+00
-4.285821845235977534e+00
-4.219102893050137304e+00
-4.154277198213666367e+00
-4.091985768326301454e+00
-4.032917691305352825e+00
-3.977819888474301013e+00
-3.927509918080380746e+00
-3.882891669904891874e+00
-3.844974333114586695e+00
-3.814895885780294815e+00
-3.793951832849384420e+00
-3.783628175814026662e+00
-3.785635806246590018e+00
-3.801938870481051946e+00
-3.834756604942363367e+00
-3.886486663802711572e+00
-3.959422613668701185e+00
-4.054949415695481285e+00
-4.171415365000422426e+00
-4.298632093329477932e+00
-4.403843487340279417e+00
-4.396046788190483667e+00
-4.018709622339825316e+00
-2.281323180766766434e+00
2.688142194722802358e+00
2.494287729248352292e+00
1.000842378424577905e+00
1.000000000000274447e+00
1.000000000000000000e+00
