1.000000000000000000e+00
1.000000240804019613e+00
1.000001227652085545e+00
1.000009141331285711e+00
1.000043859950876302e+00
1.000151897907971543e+00
1.000431390863677938e+00
1.001079746622377309e+00
1.002479818805675604e+00
1.005345167349496416e+00
1.010946290019435700e+00
1.021430939504363478e+00
1.040221232146475883e+00
1.072403473405592722e+00
1.124917010557960673e+00
1.206220320961447712e+00
1.325062084220864689e+00
1.488170794283516063e+00
1.697222692503096653e+00
1.946315610030292742e+00
2.221738632397196156e+00
2.505843582570011385e+00
2.785070173737331345e+00
3.059180549955407447e+00
3.345554540669436250e+00
3.671504564068665655e+00
4.056798442924842263e+00
4.497772266983676381e+00
4.966373534698049319e+00
5.423394933449835698e+00
5.830885927662603052e+00
6.159044497827027342e+00
6.384737380260146367e+00
6.489418089308025550e+00
6.458247458172424516e+00
6.279683133494594394e+00
5.948887592336745023e+00
5.468096251837963884e+00
4.849545945029789529e+00
4.115661621220948696e+00
3.298698988117578779e+00
2.438776471948247426e+00
1.578037095340192542e+00
7.561551428298783906e-01
5.241043079593258117e-03
-6.521063755699422204e-01
-1.203400495332352493e+00
-1.645166372591237991e+00
-1.980417711949622905e+00
-2.216673550651031555e+00
-2.363542782513186946e+00
-2.431374937243318879e+00
-2.430242393620072772e+00
-2.369443495250036058e+00
-2.257552974162796655e+00
-2.102355887798645462e+00
-1.911030043999317529e+00
-1.690126491233454153e+00
-1.445586757200880035e+00
-1.182738021634736958e+00
-9.062173996496225570e-01
-6.200226698677451243e-01
-3.274907657960630658e-01
-3.136321482217713924e-02
2.661707514622648207e-01
5.634296845930041320e-01
8.591246973532091769e-01
1.152295496687094412e+00
1.442208507492513725e+00
1.728294658073841195e+00
2.010093853407943332e+00
2.287179525447085471e+00
2.559119276506102381e+00
2.825416484622139901e+00
3.085482304346380822e+00
3.338610485240770309e+00
3.583946796261397338e+00
3.820481413376109803e+00
4.047030062369279868e+00
4.262239679231085709e+00
4.464598843882785495e+00
4.652452091373274534e+00
4.824036313263758480e+00
4.977514411739423217e+00
5.111033773223361720e+00
5.222790794354399857e+00
5.311096027713835710e+00
5.374450827494091421e+00
5.411610437649719607e+00
5.421650866836421834e+00
5.404022071839161612e+00
5.358579020769697721e+00
5.285601646552631649e+00
5.185785257585285635e+00
5.060219765217912169e+00
4.910350834488045990e+00
4.737919027021395557e+00
4.544897285867593340e+00
4.333418921394665446e+00
4.105710151472949043e+00
3.864028831568018241e+00
3.610604697834921328e+00
3.347595155314861959e+00
3.077048402661652471e+00
2.800876201264643317e+00
2.520838784914002595e+00
2.238532848160510902e+00
1.955391180339324464e+00
1.672687133511661095e+00
1.391539248953513663e+00
1.112922752871274845e+00
8.376805302327847702e-01
5.665358111529315011e-01
3.001064185216967828e-01
3.891529789850720761e-02
-2.165963716663101557e-01
-4.660573294314656612e-01
-7.091578305040193708e-01
-9.456394280737780988e-01
-1.175287182718010914e+00
-1.397922905143629935e+00
-1.613398246345333575e+00
-1.821590939520047137e+00
-2.022400127344831766e+00
-2.215742057289491473e+00
-2.401548538998910853e+00
-2.579763691548566662e+00
-2.750341602386896067e+00
-2.913246030834689915e+00
-3.068449025006057429e+00
-3.215930643933644806e+00
-3.355679387886380205e+00
-3.487691836466647821e+00
-3.611973145292952214e+00
-3.728537351027298108e+00
-3.837406991486590702e+00
-3.938613653985814977e+00
-4.032197993768424915e+00
-4.118209437554469332e+00
-4.196707024585528245e+00
-4.267759605027936942e+00
-4.331445846013777690e+00
-4.387855190113739035e+00
-4.437088041608759248e+00
-4.479255752936134094e+00
-4.514481441868208655e+00
-4.542900048378623268e+00
-4.564658175553329755e+00
-4.579914677188829941e+00
-4.588840683091690131e+00
-4.591619437055705966e+00
-4.588446739304939292e+00
-4.579530955479214072e+00
-4.565092731081287880e+00
-4.545365177219586883e+00
-4.520593892126608004e+00
-4.491036584540059273e+00
-4.456962979633111388e+00
-4.418654803148949206e+00
-4.376405226585099228e+00
-4.330518492086757654e+00
-4.281310009748884760e+00
-4.229105856073930525e+00
-4.174242391419553222e+00
-4.117066617830881015e+00
-4.057936259858896832e+00
-3.997219880366456035e+00
-3.935297625880161299e+00
-3.872562262640971920e+00
-3.809420207065737696e+00
-3.746293110629458578e+00
-3.683620275138357325e+00
-3.621861361057788553e+00
-3.561499662197157079e+00
-3.503046561780005952e+00
-3.447047254424199458e+00
-3.394087489599100671e+00
-3.344802066025652110e+00
-3.299885845133300410e+00
-3.260107221185724047e+00
-3.226324370731419755e+00
-3.199505202287335148e+00
-3.180751470790017077e+00
-3.171326069919559121e+00
-3.172680789613390395e+00
-3.186477501897980957e+00
-3.214584119917849758e+00
-3.258998860525046393e+00
-3.321589695298388101e+00
-3.403368258784320144e+00
-3.502580215759113269e+00
-3.609723241556792139e+00
-3.694393730719890634e+00
-3.669290199426586518e+00
-3.273988574986747224e+00
-1.514131931536955022e+00
3.103518464878472383e+00
2.086290620015192054e+00
1.000282834747612482e+00
1.000000000000035527e+00
1.000000000000000000e+00
