1.000000000000000000e+00
1.000000000899514907e+00
1.000000004858105029e+00
1.000000036396820668e+00
1.000000174265449626e+00
1.000000603971803459e+00
1.000001721066300142e+00
1.000004333267646706e+00
1.000010040352652396e+00
1.000021912621799958e+00
1.000045642625105202e+00
1.000091403255805700e+00
1.000176684717913433e+00
1.000330351244917537e+00
1.000597969830572920e+00
1.001048010956446577e+00
1.001777789130289475e+00
1.002917255749069536e+00
1.004628758464280791e+00
1.007103075368034562e+00
1.010556323340817242e+00
1.015236695590441940e+00
1.021442879651237368e+00
1.029530723406589798e+00
1.039855029194665992e+00
1.052599442156554765e+00
1.067545846141731758e+00
1.083934762938022045e+00
1.100570675605114568e+00
1.116155062401599674e+00
1.129638421036446072e+00
1.140433848438601405e+00
1.148420691711568242e+00
1.153825976524270658e+00
1.157069210426427075e+00
1.158628818596137089e+00
1.158964567309777038e+00
1.158469287212976262e+00
1.157458457648066430e+00
1.156170768331928222e+00
1.154779567086174463e+00
1.153407544600228984e+00
1.152136573183501822e+00
1.151019535790767767e+00
1.150086839413195339e+00
1.149353304221171213e+00
1.148822381185569119e+00
1.148489399175350645e+00
1.148344685528737807e+00
1.148374398964219223e+00
1.148562122625898185e+00
1.148889262846422898e+00
1.149335856578646009e+00
1.149881226617518015e+00
1.150504037958307801e+00
1.151182803139427335e+00
1.151895859611349771e+00
1.152621708546646806e+00
1.153339169399734798e+00
1.154027520510306548e+00
1.154666786050022376e+00
1.155237735238223706e+00
1.155722102178413202e+00
1.156102633025026361e+00
1.156363234993186717e+00
1.156489147572568044e+00
1.156466934095803145e+00
1.156284600458038936e+00
1.155931587664851046e+00
1.155398843090714056e+00
1.154678872247083321e+00
1.153765697705179116e+00
1.152654879422068790e+00
1.151343446563049433e+00
1.149829880601441756e+00
1.148114073990007089e+00
1.146197246012516491e+00
1.144081892741215079e+00
1.141771680065838623e+00
1.139271374313996166e+00
1.136586755926970005e+00
1.133724514214850654e+00
1.130692168427782862e+00
1.127497953852293566e+00
1.124150743564189980e+00
1.120659963735129105e+00
1.117035497442201430e+00
1.113287612025004369e+00
1.109426862812743719e+00
1.105464024897328201e+00
1.101410024555692146e+00
1.097275861448455458e+00
1.093072553076782860e+00
1.088811064025752229e+00
1.084502258455950496e+00
1.080156856403283294e+00
1.075785377143920307e+00
1.071398103234355359e+00
1.067005038034316788e+00
1.062615875951713695e+00
1.058239980861274354e+00
1.053886355969251287e+00
1.049563630402570835e+00
1.045280043617663912e+00
1.041043431783049922e+00
1.036861222964522877e+00
1.032740423942995145e+00
1.028687619189692315e+00
1.024708971035342309e+00
1.020810213339218731e+00
1.016996655548303874e+00
1.013273183712785297e+00
1.009644264684578019e+00
1.006113954798403709e+00
1.002685902372289384e+00
9.993633581563208246e-01
9.961491860812961008e-01
9.930458693524158997e-01
9.900555234602033128e-01
9.871799068323759974e-01
9.844204318334980330e-01
9.817781786661007315e-01
9.792539045163823896e-01
9.768480566747136384e-01
9.745607867235749344e-01
9.723919600468542423e-01
9.703411704943778471e-01
9.684077542374287528e-01
9.665907999099671022e-01
9.648891619854019774e-01
9.633014723029152959e-01
9.618261504355529734e-01
9.604614162546912803e-01
9.592053008187764185e-01
9.580556578723999905e-01
9.570101770581996847e-01
9.560663950340678729e-01
9.552217077704721060e-01
9.544733835060021931e-01
9.538185729017811809e-01
9.532543204586536589e-01
9.527775761340327998e-01
9.523852044222614888e-01
9.520739948754560755e-01
9.518406727196450090e-01
9.516819071037727618e-01
9.515943206719239544e-01
9.515744991761234672e-01
9.516189988314676107e-01
9.517243544577789205e-01
9.518870875174787471e-01
9.521037121582006657e-01
9.523707416786098001e-01
9.526846950801928227e-01
9.530421018776845665e-01
9.534395066418551723e-01
9.538734738105544286e-01
9.543405911399935881e-01
9.548374722494568090e-01
9.553607596907141009e-01
9.559071268148279232e-01
9.564732777019153698e-01
9.570559476402697996e-01
9.576519024088533394e-01
9.582579348259270269e-01
9.588708608926085342e-01
9.594875147059086506e-01
9.601047406265738049e-01
9.607193833761851209e-01
9.613282766196431517e-01
9.619282285436370206e-01
9.625160035955363513e-01
9.630883014672589892e-01
9.636417325076996887e-01
9.641727879959307579e-01
9.646778051019164746e-01
9.651529274282121262e-01
9.655940602830488384e-01
9.659968208015735636e-01
9.663564869742033991e-01
9.666679524169478066e-01
9.669256992294670283e-01
9.671238155397920977e-01
9.672561132867109057e-01
9.673164564934448872e-01
9.672995238747555957e-01
9.672024755612856906e-01
9.670285406257194127e-01
9.667948122927090271e-01
9.665496612653913244e-01
9.664133826246660286e-01
9.666789984386986445e-01
9.680829456279835821e-01
9.726106571444103066e-01
9.862158336895506805e-01
1.027675824034270935e+00
1.029139146429314033e+00
1.000041428688115852e+00
1.000000000184578131e+00
1.000000000000000000e+00
1.000000000000000000e+00
