1.000000000000000000e+00
1.000000235469927112e+00
1.000001201074536050e+00
1.000008943938709427e+00
1.000042912050224553e+00
1.000148616163835102e+00
1.000422084133495870e+00
1.001056512074027571e+00
1.002426664529091571e+00
1.005231235394262734e+00
1.010714780996835982e+00
1.020982443650334304e+00
1.039391190541739451e+00
1.070936149662030656e+00
1.122443095811196834e+00
1.202251282201165505e+00
1.319018061388452567e+00
1.479454412931322294e+00
1.685334763969090099e+00
1.930984044013562162e+00
2.203015172534307453e+00
2.484119759039109976e+00
2.760979498550436340e+00
3.033381466598175091e+00
3.318442541147726299e+00
3.642995746665802059e+00
4.026328113240068340e+00
4.464515328444893960e+00
4.929497028648848200e+00
5.382165627989198953e+00
5.784674612697513041e+00
6.107325047036543886e+00
6.327177925591693786e+00
6.426031570313657681e+00
6.389543476972618485e+00
6.206795427327679526e+00
5.873600060767071973e+00
5.392810213874257741e+00
4.777116553460148296e+00
4.049128986994416479e+00
3.240916500000711853e+00
2.392004711817177220e+00
1.543667379900367731e+00
7.345934797209539013e-01
-4.005253880317464175e-03
-6.502282515196927681e-01
-1.192023081267002071e+00
-1.626084260098625389e+00
-1.955390518532942101e+00
-2.187288112678132279e+00
-2.331161497342250755e+00
-2.397135144014214347e+00
-2.395086391846840357e+00
-2.334156398826792156e+00
-2.222790310740760500e+00
-2.068663768224542565e+00
-1.878853859101534240e+00
-1.659816097980354233e+00
-1.417400163425255100e+00
-1.156846205104383296e+00
-8.827130889163148364e-01
-5.989303943811515873e-01
-3.087795352146392447e-01
-1.495929745918387829e-02
2.803710560032940391e-01
5.755478075226114765e-01
8.692899260500490666e-01
1.160636523574385848e+00
1.448847217710089064e+00
1.733341310413319292e+00
2.013643448890170884e+00
2.289309669174872663e+00
2.559888746528453218e+00
2.824864830943261573e+00
3.083629894492576184e+00
3.335458986940091464e+00
3.579480297960814905e+00
3.814667888711730015e+00
4.039823579749825200e+00
4.253583111333283817e+00
4.454427214317473904e+00
4.640696710922037838e+00
4.810629464521984922e+00
4.962394758110748150e+00
5.094152034403839124e+00
5.204115473643226686e+00
5.290618965229612058e+00
5.352192007367861493e+00
5.387621886929443882e+00
5.396019065570472506e+00
5.376868639173001618e+00
5.330059673175232327e+00
5.255903290302423869e+00
5.155121608802856414e+00
5.028825647740827520e+00
4.878475599990762746e+00
4.705819757073835596e+00
4.512832077506232942e+00
4.301640778593498027e+00
4.074461698625366779e+00
3.833538003711717934e+00
3.581081621825747963e+00
3.319230064931827151e+00
3.050010561752681149e+00
2.775313705748322590e+00
2.496879017208115670e+00
2.216283530274027580e+00
1.934941752955065652e+00
1.654110330547690078e+00
1.374892833686108373e+00
1.098251227157133192e+00
8.250167981018763363e-01
5.559027291089607692e-01
2.915181733625666349e-01
3.237867521579378127e-02
-2.210809050440848411e-01
-4.684947146594462541e-01
-7.095576133594708734e-01
-9.440151153912242910e-01
-1.171655713404324173e+00
-1.392304221622127747e+00
-1.605814977160156642e+00
-1.812068129256983795e+00
-2.010965040632341161e+00
-2.202424053217008293e+00
-2.386378958915154946e+00
-2.562775802266870517e+00
-2.731570577132340638e+00
-2.892728925404339790e+00
-3.046224775559052578e+00
-3.192040063594278276e+00
-3.330165148193843461e+00
-3.460598452306364869e+00
-3.583346945132303674e+00
-3.698426437353858454e+00
-3.805861206693840426e+00
-3.905684531341708787e+00
-3.997938705119187031e+00
-4.082674744335564654e+00
-4.159953206961840344e+00
-4.229844383004075503e+00
-4.292428296250180964e+00
-4.347795637272546365e+00
-4.396047940748705862e+00
-4.437297566800985749e+00
-4.471668494564419838e+00
-4.499296371665774785e+00
-4.520328352008218253e+00
-4.534923663685962225e+00
-4.543253626611114093e+00
-4.545501486648708678e+00
-4.541862840972216375e+00
-4.532545639372501434e+00
-4.517769897444124716e+00
-4.497767870984199945e+00
-4.472784070013321234e+00
-4.443074883655551588e+00
-4.408908481926373746e+00
-4.370564794685203758e+00
-4.328334964102274363e+00
-4.282520973872437686e+00
-4.233435741766495397e+00
-4.181402627674013495e+00
-4.126755059629901190e+00
-4.069836886089541750e+00
-4.011002459399794162e+00
-3.950616756061306578e+00
-3.889056115935408009e+00
-3.826709269420477622e+00
-3.763978363338522204e+00
-3.701280534188201798e+00
-3.639050299720132831e+00
-3.577742244248135250e+00
-3.517834266457930958e+00
-3.459831993142629791e+00
-3.404274443612331336e+00
-3.351740708045405803e+00
-3.302858356283787433e+00
-3.258314331700075339e+00
-3.218868272122878516e+00
-3.185368575631773336e+00
-3.158772111614236433e+00
-3.140168024155308935e+00
-3.130804639143185852e+00
-3.132116763405122128e+00
-3.145746357124060033e+00
-3.173538022845569184e+00
-3.217463148473065360e+00
-3.279360396680302436e+00
-3.360213854015591473e+00
-3.458255765690885664e+00
-3.564015022820597789e+00
-3.647220820705977307e+00
-3.620823098472088386e+00
-3.224421753187462603e+00
-1.464864088304099310e+00
3.125106794783803821e+00
2.061263341670033888e+00
1.000262172712147679e+00
1.000000000000022204e+00
1.000000000000000000e+00
