1.000000000000000000e+00
1.000000112881627157e+00
1.000000584350614341e+00
1.000004358537838867e+00
1.000020900539399848e+00
1.000072399198858264e+00
1.000205806626027316e+00
1.000515973991566776e+00
1.001187978022478609e+00
1.002569748674244643e+00
1.005288305032802976e+00
1.010421534674297517e+00
1.019727136033014681e+00
1.035902675329816836e+00
1.062797408232708740e+00
1.105418091743938458e+00
1.169500481406866799e+00
1.260436772592784971e+00
1.381573380526107675e+00
1.532416218903840388e+00
1.707843565017464371e+00
1.899729735555678145e+00
2.101374407241714426e+00
2.312903571631399036e+00
2.543512012861348204e+00
2.806224718031130827e+00
3.106984045715660780e+00
3.435306306656131348e+00
3.764522539387739730e+00
4.061214913359513901e+00
4.294677399828059627e+00
4.443027902919769012e+00
4.493421148861163950e+00
4.440765088204545741e+00
4.286241913856076557e+00
4.035758517901276043e+00
3.700212837936029064e+00
3.294084040000056834e+00
2.835154151835040270e+00
2.343011127069881017e+00
1.837799886444956510e+00
1.339110568593232964e+00
8.641708903826142985e-01
4.271555133055623954e-01
3.832880065025590088e-02
-2.958277919772210884e-01
-5.723126476365123505e-01
-7.909915157344814540e-01
-9.537189406939120540e-01
-1.063837473681374490e+00
-1.125514120456517775e+00
-1.143390552494720103e+00
-1.122227106076052916e+00
-1.066653138585367477e+00
-9.810970947745732973e-01
-8.696648783543473593e-01
-7.361493921843463850e-01
-5.839859794905425394e-01
-4.162552060580651525e-01
-2.356972468263810738e-01
-4.470460556728945989e-02
1.546258825338568677e-01
3.604792751870467549e-01
5.712750635716473679e-01
7.856381523295863367e-01
1.002375707727214849e+00
1.220423547333680192e+00
1.438819973806234165e+00
1.656661250166392652e+00
1.873076977588936876e+00
2.087208281897638518e+00
2.298175107660055616e+00
2.505061780775197366e+00
2.706892960170381279e+00
2.902626518678716128e+00
3.091149600871107683e+00
3.271274288232275396e+00
3.441748005571663604e+00
3.601260910493934375e+00
3.748468605948294563e+00
3.882018946432022055e+00
4.000581360289362287e+00
4.102886371306216695e+00
4.187760774998125157e+00
4.254170688022444580e+00
4.301261141135198862e+00
4.328388422712758477e+00
4.335150053727091723e+00
4.321400255074724583e+00
4.287260614308975981e+00
4.233119122723051575e+00
4.159615894273236414e+00
4.067623380426399926e+00
3.958214513843147930e+00
3.832629420546549870e+00
3.692238596244606263e+00
3.538501244665168244e+00
3.372928284642239927e+00
3.197045692436878195e+00
3.012363807885900080e+00
2.820352301193775446e+00
2.622417558196506793e+00
2.419888121696129879e+00
2.214003677492909272e+00
2.005908140665912498e+00
1.796647722382896273e+00
1.587169616432623664e+00
1.378325252213463914e+00
1.170875052379368064e+00
9.654926037232802738e-01
7.627714996107898271e-01
5.632315595529892027e-01
3.673255608499160219e-01
1.754465252835582800e-01
-1.206684530048998151e-02
-1.949236066144287294e-01
-3.728746220857641069e-01
-5.457082522911678168e-01
-7.132452082090106060e-01
-8.753345415081891234e-01
-1.031850132018999666e+00
-1.182687106113979869e+00
-1.327759747241991972e+00
-1.466998993788988681e+00
-1.600350115006452967e+00
-1.727771706146574271e+00
-1.849233893156001285e+00
-1.964716974107105996e+00
-2.074211045009831889e+00
-2.177715125890141934e+00
-2.275236820790925929e+00
-2.366792328377164356e+00
-2.452406085941293945e+00
-2.532110828190021756e+00
-2.605947562356587976e+00
-2.673965219051182896e+00
-2.736220746447592500e+00
-2.792778953634790895e+00
-2.843712201229759096e+00
-2.889100634260746592e+00
-2.929032108130373846e+00
-2.963602019528676301e+00
-2.992913591527262440e+00
-3.017077788404905814e+00
-3.036213131714977198e+00
-3.050445913003382525e+00
-3.059910041855696594e+00
-3.064746788759557194e+00
-3.065104886328456679e+00
-3.061140362496205913e+00
-3.053016285315400591e+00
-3.040902801319118165e+00
-3.024976970867053083e+00
-3.005422467628602323e+00
-2.982429511933655686e+00
-2.956194734832874538e+00
-2.926920861752610570e+00
-2.894816544840606021e+00
-2.860096248448882328e+00
-2.822979893179733413e+00
-2.783692606452377039e+00
-2.742464724002848797e+00
-2.699531530463656015e+00
-2.655133087745953802e+00
-2.609514455360762319e+00
-2.562925818515855880e+00
-2.515622679959277797e+00
-2.467866409293347107e+00
-2.419924995635112097e+00
-2.372073871349936081e+00
-2.324597089022379048e+00
-2.277789000147896203e+00
-2.231956195315063951e+00
-2.187419859562334423e+00
-2.144518865842532485e+00
-2.103613678777949580e+00
-2.065090986646111126e+00
-2.029369451388685519e+00
-1.996906983889133791e+00
-1.968209539510286321e+00
-1.943841579834125088e+00
-1.924438553297245669e+00
-1.910721347969118522e+00
-1.903511584771352405e+00
-1.903744965812941947e+00
-1.912476038773589959e+00
-1.930858245550961083e+00
-1.960060872921132624e+00
-2.001031411155680395e+00
-2.053878256129838764e+00
-2.116294630087367512e+00
-2.179449920950065511e+00
-2.216764839841831147e+00
-2.150760259125551244e+00
-1.739767231412423065e+00
-9.916147331136045129e-02
3.365845927853378328e+00
1.427065995501018758e+00
1.000020919443849854e+00
1.000000000000000000e+00
1.000000000000000000e+00
