1.000000000000000000e+00
1.000000003984543362e+00
1.000000021377517090e+00
1.000000160052787690e+00
1.000000766506924821e+00
1.000002656368071063e+00
1.000007566755823252e+00
1.000019039163768220e+00
1.000044072325585454e+00
1.000096057392303672e+00
1.000199720070739318e+00
1.000399001151014211e+00
1.000768883890280625e+00
1.001431864904940960e+00
1.002578654717735773e+00
1.004490300779578904e+00
1.007555262016387010e+00
1.012271407062257378e+00
1.019223367915796485e+00
1.029037293360110406e+00
1.042337260900930263e+00
1.059752483604962547e+00
1.081998452099595553e+00
1.109950214148356595e+00
1.144499201653174314e+00
1.185994258098582499e+00
1.233454016100829387e+00
1.284101943980106020e+00
1.333783244907547072e+00
1.378174601022750467e+00
1.413985789748542388e+00
1.439637255198910060e+00
1.455173468737690934e+00
1.461784765613010517e+00
1.461238253254553809e+00
1.455407239547341858e+00
1.446025308860708902e+00
1.434528217036987519e+00
1.422039843845172236e+00
1.409384903344038653e+00
1.397141295876365374e+00
1.385702696179748949e+00
1.375314913360319968e+00
1.366123418412123147e+00
1.358195489433813075e+00
1.351546455291960935e+00
1.346154139332620181e+00
1.341969964906664092e+00
1.338930862793401788e+00
1.336960252794090920e+00
1.335973865440716724e+00
1.335879876742791739e+00
1.336581685709441469e+00
1.337980261860155506e+00
1.339973554704440240e+00
1.342458518098561537e+00
1.345330451088096568e+00
1.348484416024863464e+00
1.351815770434405151e+00
1.355220713111799036e+00
1.358597711190796531e+00
1.361847426446596510e+00
1.364873909913672634e+00
1.367584904559880910e+00
1.369892755104748394e+00
1.371715482845364376e+00
1.372976899686690455e+00
1.373607447110655633e+00
1.373544350005265535e+00
1.372732213560786674e+00
1.371123511293277808e+00
1.368678547787339106e+00
1.365365749118268690e+00
1.361161440176027027e+00
1.356049886479755884e+00
1.350023175196821024e+00
1.343080831560961030e+00
1.335229601687470735e+00
1.326482892782876011e+00
1.316860403507803312e+00
1.306387640764631097e+00
1.295095315319483520e+00
1.283018873614976352e+00
1.270197824606760673e+00
1.256675262442043195e+00
1.242497350626079244e+00
1.227712742303270543e+00
1.212372135903281523e+00
1.196527702409703187e+00
1.180232676792454694e+00
1.163540954198716282e+00
1.146506641844224683e+00
1.129183743864313749e+00
1.111625767988219993e+00
1.093885470362142120e+00
1.076014628055330880e+00
1.058063744589542665e+00
1.040081876724936905e+00
1.022116428469883376e+00
1.004213019751652114e+00
9.864154029695217929e-01
9.687653326292164913e-01
9.513025293523857950e-01
9.340646310992553047e-01
9.170871544383961682e-01
9.004035035480832949e-01
8.840449300807819988e-01
8.680405588261314032e-01
8.524174171618132956e-01
8.372004250241786849e-01
8.224124400251936473e-01
8.080742822094751920e-01
7.942047734244153112e-01
7.808207985573033527e-01
7.679373289688652404e-01
7.555674874700317734e-01
7.437226120456609246e-01
7.324122907943821925e-01
7.216444331033353699e-01
7.114253252632561919e-01
7.017596859303749657e-01
6.926507359263502916e-01
6.841002397305089300e-01
6.761085677671860861e-01
6.686747633864993379e-01
6.617965825986431572e-01
6.554705617882315982e-01
6.496920801903339759e-01
6.444554010640450858e-01
6.397537306010774305e-01
6.355792662538710669e-01
6.319232384967591321e-01
6.287759648963734405e-01
6.261268949398467454e-01
6.239646585035775184e-01
6.222771242060978203e-01
6.210514464287999470e-01
6.202741193800722641e-01
6.199310353342601942e-01
6.200075277501234661e-01
6.204884220225780345e-01
6.213580879463120876e-01
6.226004786122592005e-01
6.241991779755851066e-01
6.261374495742165758e-01
6.283982726268272367e-01
6.309643861236358120e-01
6.338183337202251133e-01
6.369424965620767987e-01
6.403191310225336830e-01
6.439304063405796308e-01
6.477584315424121941e-01
6.517852851149434912e-01
6.559930454921408804e-01
6.603638120795488620e-01
6.648797249860107783e-01
6.695229863838179085e-01
6.742758743148410394e-01
6.791207513825258113e-01
6.840400762264970957e-01
6.890164080089158372e-01
6.940323996728413602e-01
6.990707937180458131e-01
7.041144105595910085e-01
7.091461206687351693e-01
7.141488132711164560e-01
7.191053567024831006e-01
7.239985416122142192e-01
7.288110103736131773e-01
7.335251753155979104e-01
7.381231168503278317e-01
7.425864560958675975e-01
7.468962071712303974e-01
7.510326035249714760e-01
7.549748882317058873e-01
7.587010657335618857e-01
7.621876182038269665e-01
7.654091797325276447e-01
7.683381668411491949e-01
7.709443861496380057e-01
7.731946566537021281e-01
7.750525178254294989e-01
7.764781813051004900e-01
7.774290610664739143e-01
7.778615560806987350e-01
7.777354676221200913e-01
7.770239714684111787e-01
7.757354973497226913e-01
7.739618628640836384e-01
7.719867101690572886e-01
7.705401194505652196e-01
7.714326170087535406e-01
7.792622064313386998e-01
8.065023918673958070e-01
8.907309485316534658e-01
1.154049564933443905e+00
1.201897353697487958e+00
1.000451929393882500e+00
1.000000002161653967e+00
1.000000000000000000e+00
1.000000000000000000e+00
