1.000000000000000000e+00
1.000000087773047275e+00
1.000000456280787153e+00
1.000003404860399181e+00
1.000016324906539689e+00
1.000056552532375909e+00
1.000160800388768312e+00
1.000403318019551735e+00
1.000929214649676657e+00
1.002011895569287825e+00
1.004145613116763647e+00
1.008183684243216138e+00
1.015525873639502530e+00
1.028338080581763903e+00
1.049746488141411138e+00
1.083884911433374620e+00
1.135610477719313227e+00
1.209700617655421029e+00
1.309502351355752436e+00
1.435420168391579487e+00
1.584122945440533448e+00
1.749670913892050095e+00
1.926981153859610885e+00
2.116154964324380661e+00
2.324202227247117669e+00
2.560560809341437150e+00
2.827998159279641932e+00
3.115014734189227585e+00
3.396464336581062948e+00
3.642048340460346534e+00
3.824882199957363227e+00
3.927048420742060397e+00
3.939821659614948679e+00
3.862240308742070471e+00
3.699272891415737785e+00
3.459898719774014531e+00
3.156670444838819201e+00
2.804098169520881090e+00
2.418079200650223637e+00
2.014624005775605742e+00
1.609004636624230100e+00
1.215191020353270757e+00
8.448755005912640392e-01
5.073169668628224604e-01
2.089854468488120676e-01
-4.618715881911542032e-02
-2.565347290954566040e-01
-4.222383767981109925e-01
-5.447536377085417936e-01
-6.265227472097443240e-01
-6.705533166863638650e-01
-6.802052147897075240e-01
-6.589496927869239462e-01
-6.101901372127158663e-01
-5.372082385345353650e-01
-4.430676718404874537e-01
-3.306175364757960033e-01
-2.024562684583580685e-01
-6.093358829863230325e-02
9.183745521863388717e-02
2.539848973597634840e-01
4.238364365224762120e-01
5.999084758334674028e-01
7.808695558935137004e-01
9.655191274716223848e-01
1.152771661810185533e+00
1.341617104386272130e+00
1.531103383235272508e+00
1.720304490859544178e+00
1.908304643829460856e+00
2.094184888368186837e+00
2.277001278787967653e+00
2.455778044644639557e+00
2.629493508194066465e+00
2.797080094310596454e+00
2.957427335877182539e+00
3.109384922724661049e+00
3.251777659048585178e+00
3.383417766370237612e+00
3.503128773734681900e+00
3.609771487711525673e+00
3.702270335075592556e+00
3.779645772603538401e+00
3.841040931916850365e+00
3.885752131513385610e+00
3.913254387068839879e+00
3.923219321128992298e+00
3.915529891837325582e+00
3.890283077537104006e+00
3.847788913412977685e+00
3.788561203420808710e+00
3.713299174253258617e+00
3.622866582843182304e+00
3.518263313114999846e+00
3.400597739261297381e+00
3.271058005554129622e+00
3.130880883741915088e+00
2.981325231095986794e+00
2.823646283219490627e+00
2.659074803086466599e+00
2.488800570511156884e+00
2.313957479390783778e+00
2.135614493329808017e+00
1.954768899045819408e+00
1.772342276790089155e+00
1.589179911514576160e+00
1.406050313638705695e+00
1.223647982365841491e+00
1.042597114783527568e+00
8.634546950724240055e-01
6.867155560365993949e-01
5.128169029976427096e-01
3.421432145213537668e-01
1.750315849015002256e-01
1.177565109548804785e-02
-1.473695697911232838e-01
-3.021832751804640615e-01
-4.524757073130608043e-01
-5.980842912973515224e-01
-7.388706187765167188e-01
-8.747177855541613534e-01
-1.005527643607789567e+00
-1.131219190822490894e+00
-1.251726618103554900e+00
-1.366997475407978779e+00
-1.476991853369146623e+00
-1.581680936433486950e+00
-1.681045886007223711e+00
-1.775077486265107751e+00
-1.863775394384436401e+00
-1.947147803750258976e+00
-2.025211379271099066e+00
-2.097990904041583171e+00
-2.165519248926576878e+00
-2.227837276109807974e+00
-2.284993487787492228e+00
-2.337044021264147009e+00
-2.384052447653368656e+00
-2.426089450463071895e+00
-2.463232929096249801e+00
-2.495567862578991658e+00
-2.523186099046735631e+00
-2.546186501921468004e+00
-2.564674806989046374e+00
-2.578763402812084937e+00
-2.588571423328572596e+00
-2.594224556094494538e+00
-2.595854769424081887e+00
-2.593600322400578584e+00
-2.587605566922312583e+00
-2.578020682682825804e+00
-2.565001645134692421e+00
-2.548710037344479762e+00
-2.529312758577512810e+00
-2.506981920117217211e+00
-2.481894690992823893e+00
-2.454233006778148152e+00
-2.424183400158917312e+00
-2.391936878927632293e+00
-2.357688620798933599e+00
-2.321637758705896282e+00
-2.283987370782774473e+00
-2.244944274197892664e+00
-2.204718897410471889e+00
-2.163525470824084529e+00
-2.121582157205299524e+00
-2.079111245806107622e+00
-2.036339642667714944e+00
-1.993499538423476825e+00
-1.950829152441843739e+00
-1.908573778010164368e+00
-1.866987249037410646e+00
-1.826333644297434056e+00
-1.786889355232239796e+00
-1.748945777089760956e+00
-1.712812687038648862e+00
-1.678822252051479058e+00
-1.647333978986155412e+00
-1.618740930033451209e+00
-1.593477195322945184e+00
-1.572026715875492808e+00
-1.554933676456029090e+00
-1.542814300267444594e+00
-1.536368873624476272e+00
-1.536391215589864023e+00
-1.543769117222970833e+00
-1.559460380165012872e+00
-1.584408371953167860e+00
-1.619311682373000272e+00
-1.664038567507856614e+00
-1.716147908561112434e+00
-1.767047888557297997e+00
-1.791470257918231779e+00
-1.716105330911895654e+00
-1.312052221655655604e+00
2.486266208087368756e-01
3.256810162469130798e+00
1.288628978392439173e+00
1.000008920535836898e+00
1.000000000000000000e+00
1.000000000000000000e+00
