1.000000000000000000e+00
1.000000167080841162e+00
1.000000858550565308e+00
1.000006398516444017e+00
1.000030691078528822e+00
1.000106302576208694e+00
1.000302046774953268e+00
1.000756656823114321e+00
1.001740052897128530e+00
1.003757599558098290e+00
1.007714860066591278e+00
1.015156314208902621e+00
1.028573235105628925e+00
1.051731842108443393e+00
1.089894162686224188e+00
1.149699293496128982e+00
1.238400829203680997e+00
1.362236476849719935e+00
1.524073618906521821e+00
1.721183431326892110e+00
1.944616706723927502e+00
2.181855927024420883e+00
2.423013271172937078e+00
2.668140960843897513e+00
2.930447502401007043e+00
3.229800397697456305e+00
3.578606682095635261e+00
3.969323649798575548e+00
4.374061047166072136e+00
4.755734687051249132e+00
5.078948746318554974e+00
5.316674946436117821e+00
5.449939359506182690e+00
5.466414883137989733e+00
5.359401151601686841e+00
5.126931519589740915e+00
4.773566690264284595e+00
4.309795631425821227e+00
3.753030899100625373e+00
3.126467018544407672e+00
2.457693599852416089e+00
1.776758504350413048e+00
1.112458778082516364e+00
4.901142281061607875e-01
-7.086111721640744876e-02
-5.574867819147721892e-01
-9.630981339298330113e-01
-1.286395225614668458e+00
-1.529838760954839838e+00
-1.698572289407251024e+00
-1.799109744493249119e+00
-1.838624162196489609e+00
-1.824329997616693566e+00
-1.763110166861842076e+00
-1.661459626720054095e+00
-1.525351228604959308e+00
-1.360289338258947378e+00
-1.171260020952474168e+00
-9.627352748968772689e-01
-7.386830261185111102e-01
-5.025396177623053795e-01
-2.572706430373617459e-01
-5.378500010638494026e-03
2.510360128766822574e-01
5.102342285543181033e-01
7.708046759484948884e-01
1.031581756000055083e+00
1.291602497900148361e+00
1.550036696678535053e+00
1.806145232890105756e+00
2.059242516719316907e+00
2.308643648079422128e+00
2.553637085888359692e+00
2.793443174045009858e+00
3.027195189330520453e+00
3.253923308522403524e+00
3.472536133698964189e+00
3.681821000354398965e+00
3.880438428625648140e+00
4.066937058861905818e+00
4.239774395159913389e+00
4.397342311262535830e+00
4.538009677731960956e+00
4.660162944689858477e+00
4.762263276132461698e+00
4.842905089400417751e+00
4.900870801655548448e+00
4.935188455748301450e+00
4.945173710276843160e+00
4.930468562741212146e+00
4.891064976414639887e+00
4.827308777044380328e+00
4.739893251160935073e+00
4.629831320869475242e+00
4.498420908969340992e+00
4.347200074904621125e+00
4.177890204092811643e+00
3.992341905102922084e+00
3.792478159810942273e+00
3.580244084977848740e+00
3.357563824433427158e+00
3.126300616631539242e+00
2.888229028603064297e+00
2.645013084835105666e+00
2.398191374820783039e+00
2.149170512219977347e+00
1.899220452347587740e+00
1.649477427390343420e+00
1.400949780732640315e+00
1.154523464341420169e+00
9.109718751086112176e-01
6.709650060445303543e-01
4.350795042798554779e-01
2.038096055190883327e-01
-2.242466101593252117e-02
-2.432676179611708567e-01
-4.584190459194335543e-01
-6.676277584682357435e-01
-8.706839922222033845e-01
-1.067413530230186369e+00
-1.257672597784805113e+00
-1.441342695956399300e+00
-1.618327662883392026e+00
-1.788550144202795567e+00
-1.951948347478724255e+00
-2.108474747115097969e+00
-2.258093631017514369e+00
-2.400779298684424745e+00
-2.536515704316147701e+00
-2.665295363421098962e+00
-2.787119042402696145e+00
-2.901995956853818281e+00
-3.009943428453904612e+00
-3.110987147476826031e+00
-3.205161308612850757e+00
-3.292508270973238726e+00
-3.373078866674048548e+00
-3.446932340435462816e+00
-3.514136066590150875e+00
-3.574766059041699862e+00
-3.628907030914588994e+00
-3.676652315914024527e+00
-3.718104453031233714e+00
-3.753375228874191727e+00
-3.782585576041721520e+00
-3.805866049987200572e+00
-3.823356771519449193e+00
-3.835207214846970025e+00
-3.841576516622392301e+00
-3.842633390395133741e+00
-3.838555908834841102e+00
-3.829531709819077534e+00
-3.815757900457386942e+00
-3.797440756669298700e+00
-3.774795756391137402e+00
-3.748047502578539802e+00
-3.717429372945609156e+00
-3.683183375018300953e+00
-3.645560065190710741e+00
-3.604818100588376151e+00
-3.561223929353853457e+00
-3.515051827255573080e+00
-3.466583531766746162e+00
-3.416107979453638421e+00
-3.363921586237403005e+00
-3.310328360691150884e+00
-3.255640073326110606e+00
-3.200176904334121719e+00
-3.144268338412905539e+00
-3.088254106095758011e+00
-3.032485573395348410e+00
-2.977327784518672082e+00
-2.923161793805498121e+00
-2.870387494540288742e+00
-2.819427395708401729e+00
-2.770731429295930415e+00
-2.724782643623130607e+00
-2.682104325097478537e+00
-2.643269119631977304e+00
-2.608910137844351773e+00
-2.579734281904786375e+00
-2.556538408695981701e+00
-2.540228523543305972e+00
-2.531840958422110432e+00
-2.532562796201022870e+00
-2.543744718940607275e+00
-2.566888977634141256e+00
-2.603570343139658405e+00
-2.655188450393496158e+00
-2.722300289710418486e+00
-2.802887156616725051e+00
-2.887822487000540228e+00
-2.948633142369784021e+00
-2.902326715411739588e+00
-2.493189250441377069e+00
-7.645960697176907850e-01
3.348898933190657345e+00
1.720978039798138015e+00
1.000080851059578668e+00
1.000000000000000000e+00
1.000000000000000000e+00
