1.000000000000000000e+00
1.000000007865914586e+00
1.000000041995962263e+00
1.000000314266240142e+00
1.000001505318004247e+00
1.000005216463113245e+00
1.000014855286067705e+00
1.000037360805028586e+00
1.000086424307292665e+00
1.000188186086660380e+00
1.000390772224212022e+00
1.000779374863314253e+00
1.001498604329617459e+00
1.002783007561462103e+00
1.004994119827723909e+00
1.008657258743949736e+00
1.014483670579691799e+00
1.023356718917722175e+00
1.036262936734672069e+00
1.054174746199784130e+00
1.077940003770146538e+00
1.108288043605618389e+00
1.146014618989584788e+00
1.192204764458983934e+00
1.248100466369743033e+00
1.314214153069736213e+00
1.388988668082833389e+00
1.467959294296735662e+00
1.544409240161048524e+00
1.611377609091120489e+00
1.663634250330579656e+00
1.698782394094955128e+00
1.717080308850145842e+00
1.720640644523943719e+00
1.712495813092884456e+00
1.695826731583528479e+00
1.673575090699752188e+00
1.648177659036964782e+00
1.621548384687472089e+00
1.595095012003669988e+00
1.569806655847606480e+00
1.546361354432587598e+00
1.525183554635222816e+00
1.506527011292251750e+00
1.490509832698513781e+00
1.477160309298090057e+00
1.466441011030106711e+00
1.458267632771417910e+00
1.452530661675246026e+00
1.449095558475171241e+00
1.447813335667169632e+00
1.448519842534551572e+00
1.451040694643586093e+00
1.455195499188891572e+00
1.460796106605265932e+00
1.467650328518390390e+00
1.475560139568030671e+00
1.484324229012054630e+00
1.493738762037363221e+00
1.503598223404746470e+00
1.513698173700523952e+00
1.523834940850788078e+00
1.533808053644389657e+00
1.543420895037237450e+00
1.552482727596473433e+00
1.560811166188354804e+00
1.568232711656239564e+00
1.574584893700264887e+00
1.579717028937442258e+00
1.583491967140072898e+00
1.585787638936279054e+00
1.586497499207643713e+00
1.585531658744256722e+00
1.582816897608272155e+00
1.578297200861726424e+00
1.571933897209260245e+00
1.563705169702074071e+00
1.553605852091513251e+00
1.541646421426659197e+00
1.527852327346976402e+00
1.512263011881120223e+00
1.494930610884037447e+00
1.475918895577813528e+00
1.455301733409378517e+00
1.433161937016488752e+00
1.409590008105678693e+00
1.384682732198027733e+00
1.358542058949383291e+00
1.331273710489534690e+00
1.302986151076368282e+00
1.273789580232997487e+00
1.243794848591743607e+00
1.213112677887552726e+00
1.181852733974187331e+00
1.150123016620881788e+00
1.118029327908447002e+00
1.085674616149772342e+00
1.053158596283097603e+00
1.020577314901036203e+00
9.880228878306607232e-01
9.555833500961512517e-01
9.233424137422638900e-01
8.913794333526791069e-01
8.597693479895914814e-01
8.285826469160034735e-01
7.978854377484406735e-01
7.677394090515089475e-01
7.382019316791976760e-01
7.093261652821221119e-01
6.811610773068494940e-01
6.537515756892646746e-01
6.271385937638875863e-01
6.013592018303832720e-01
5.764467605524941085e-01
5.524309891549717966e-01
5.293381175323519372e-01
5.071910311101258673e-01
4.860093501977403307e-01
4.658095824399013929e-01
4.466052383472156051e-01
4.284069430605110251e-01
4.112225754283070911e-01
3.950573440410551918e-01
3.799139049908571986e-01
3.657924873566545387e-01
3.526909588690301245e-01
3.406049494451672266e-01
3.295279622203478032e-01
3.194514382565751820e-01
3.103648581288891983e-01
3.022558204448655972e-01
2.951101060646256768e-01
2.889117683093448408e-01
2.836432035597961088e-01
2.792852297852150834e-01
2.758171864064357104e-01
2.732170105810068916e-01
2.714613290654994682e-01
2.705255596720682609e-01
2.703839814564217847e-01
2.710098220404869029e-01
2.723753495695065419e-01
2.744519369319960989e-01
2.772101455092915168e-01
2.806198125292884704e-01
2.846501128242048262e-01
2.892696387771390154e-01
2.944464832127713927e-01
3.001482979170033705e-01
3.063423638405455285e-01
3.129956623444954955e-01
3.200749249463339385e-01
3.275466901467488645e-01
3.353773632127146631e-01
3.435332570933001817e-01
3.519806317959757180e-01
3.606857384156246793e-01
3.696148483155432540e-01
3.787342726330537590e-01
3.880103888753217434e-01
3.974096538718159266e-01
4.068985940941532986e-01
4.164438025488814143e-01
4.260119211912512527e-01
4.355695902199665515e-01
4.450833914353645726e-01
4.545197753367968829e-01
4.638449533414030768e-01
4.730247623519094891e-01
4.820245073264037283e-01
4.908087629873245650e-01
4.993411232458829230e-01
5.075839092950688025e-01
5.154978241886933876e-01
5.230415320053718453e-01
5.301711551499410646e-01
5.368396944647253477e-01
5.429963539010252971e-01
5.485857597183526613e-01
5.535471061816200633e-01
5.578132853964961058e-01
5.613101130228428381e-01
5.639559127954394402e-01
5.656620369701558237e-01
5.663354990992619520e-01
5.658861555603589277e-01
5.642436288135550537e-01
5.613953408994192262e-01
5.574714500179791532e-01
5.529381098914553094e-01
5.490543521252708725e-01
5.490150637129381783e-01
5.610376250544542032e-01
6.075779531403615596e-01
7.566164264664756445e-01
1.234396969382541620e+00
1.405205295731117188e+00
1.001530584817390990e+00
1.000000008092775117e+00
1.000000000000000000e+00
1.000000000000000000e+00
