1.000000000000000000e+00
1.000000179051158122e+00
1.000000918757381063e+00
1.000006846147496686e+00
1.000032839880368396e+00
1.000113742982505771e+00
1.000323159781304261e+00
1.000809422818954353e+00
1.001860965901854028e+00
1.004017383746941050e+00
1.008244491241657492e+00
1.016186962884106482e+00
1.030491976773951324e+00
1.055149527907533358e+00
1.095711068766005880e+00
1.159138662190716484e+00
1.252966756857593733e+00
1.383554806607210308e+00
1.553607416240902594e+00
1.759880335609038005e+00
1.992610549626529837e+00
2.238381435968246791e+00
2.486658399098123695e+00
2.737457210854304712e+00
3.004752055813201483e+00
3.309751680864454038e+00
3.666169989735773793e+00
4.067128793705456324e+00
4.484649345869159198e+00
4.881157253407257812e+00
5.220632716945549312e+00
5.475351800288593473e+00
5.625405515398576917e+00
5.657210327217862655e+00
5.562539672455051765e+00
5.337735750324534401e+00
4.985801404147681914e+00
4.515980931812155319e+00
3.945079210646131429e+00
3.296500149478773789e+00
2.598952361769936825e+00
1.884424486082855399e+00
1.184083012474824947e+00
5.256769610322989950e-01
-6.929647851254723545e-02
-5.863203103142914374e-01
-1.017826561236787830e+00
-1.362195579797096601e+00
-1.621992291521318075e+00
-1.802746443291865619e+00
-1.911475968865992359e+00
-1.955883037531932045e+00
-1.943675139197780233e+00
-1.882169356622796608e+00
-1.778247367184497385e+00
-1.638226449818408481e+00
-1.467929038131252195e+00
-1.272634890571360033e+00
-1.057086314445758068e+00
-8.254960707951271015e-01
-5.815132662731478108e-01
-3.282839175451792157e-01
-6.845510696671752715e-02
1.957618253468982328e-01
4.625505509617360289e-01
7.304528497485546223e-01
9.982815454811014844e-01
1.265073723309315001e+00
1.530015501286807300e+00
1.792396825428516305e+00
2.051570758419222873e+00
2.306896653346779846e+00
2.557710504524256745e+00
2.803280279261592955e+00
3.042785017776451717e+00
3.275296799125017255e+00
3.499759765151257973e+00
3.714988645958870350e+00
3.919660604690596184e+00
4.112328363327926617e+00
4.291439146638366786e+00
4.455358479251323445e+00
4.602412205161380498e+00
4.730926639870017603e+00
4.839286922760246412e+00
4.925997766567017599e+00
4.989741279725016021e+00
5.029439105257920595e+00
5.044299144813000346e+00
5.033859919100069469e+00
4.998019693453883860e+00
4.937045050426007720e+00
4.851568588193138076e+00
4.742563470726651964e+00
4.611310141532971585e+00
4.459351329208292469e+00
4.288433394797202425e+00
4.100449714104367871e+00
3.897380343695302507e+00
3.681238146533543087e+00
3.454022102073923239e+00
3.217673728938747590e+00
2.974046405430086359e+00
2.724880975128646465e+00
2.471788884662958541e+00
2.216244373690186897e+00
1.959578779019455208e+00
1.702983137090463117e+00
1.447514009412234071e+00
1.194099048086626924e+00
9.435472953032150167e-01
6.965588071111152857e-01
4.537352942116281707e-01
2.155917302297357951e-01
-1.743494710530421946e-02
-2.449753526596252506e-01
-4.667181951695491549e-01
-6.824034588930575351e-01
-8.918143113959492441e-01
-1.094770867256866786e+00
-1.291124776061568280e+00
-1.480753741842058435e+00
-1.663558426442997673e+00
-1.839458716165335517e+00
-2.008390290931574729e+00
-2.170303279238595895e+00
-2.325159669460595158e+00
-2.472931417248534380e+00
-2.613600097146219881e+00
-2.747155763066594147e+00
-2.873596645162792562e+00
-2.992929388826051529e+00
-3.105168712552713206e+00
-3.210337712827015633e+00
-3.308468032194098019e+00
-3.399599517787907033e+00
-3.483780573641233502e+00
-3.561068117888642082e+00
-3.631527302167830928e+00
-3.695232079471090003e+00
-3.752265290278036680e+00
-3.802718601245483665e+00
-3.846693153698651724e+00
-3.884299632163759508e+00
-3.915658179449809317e+00
-3.940898930694984426e+00
-3.960161976061181477e+00
-3.973597158579794897e+00
-3.981364429208938294e+00
-3.983633779780628270e+00
-3.980585034439266146e+00
-3.972408093932766615e+00
-3.959302856285618510e+00
-3.941478918171458456e+00
-3.919155632045529192e+00
-3.892562044172274138e+00
-3.861936539022160275e+00
-3.827526701443265456e+00
-3.789589245138383689e+00
-3.748389546130165950e+00
-3.704201321440351968e+00
-3.657306674729423168e+00
-3.607995707808232311e+00
-3.556566238321781537e+00
-3.503324092790516264e+00
-3.448583215377014177e+00
-3.392665829894969676e+00
-3.335903105612425534e+00
-3.278636078220548811e+00
-3.221216610066044428e+00
-3.164008817389697636e+00
-3.107391181220790610e+00
-3.051758950322963848e+00
-2.997527054993394113e+00
-2.945134010041840611e+00
-2.895046890682024365e+00
-2.847767221644211588e+00
-2.803838353598997024e+00
-2.763854931839234030e+00
-2.728474436018278215e+00
-2.698431045430470299e+00
-2.674552497830807951e+00
-2.657780184388711220e+00
-2.649191449443041524e+00
-2.650021365966027442e+00
-2.661677132973852000e+00
-2.685727568093620565e+00
-2.723824825034205421e+00
-2.777454786815968912e+00
-2.847259829566084033e+00
-2.931275657025170123e+00
-3.020320204261899288e+00
-3.085582193422782282e+00
-3.043207114358816412e+00
-2.635910282082340128e+00
-8.972870354456177200e-01
3.319842134531818090e+00
1.783195928659180973e+00
1.000102657597548017e+00
1.000000000000000000e+00
1.000000000000000000e+00
