1.000000000000000000e+00
1.000000059987843137e+00
1.000000313586098866e+00
1.000002341466392108e+00
1.000011224131256427e+00
1.000038885438321978e+00
1.000110602817111394e+00
1.000277574321404739e+00
1.000640066760387414e+00
1.001387546189532740e+00
1.002863906766829682e+00
1.005666183904566413e+00
1.010781254107005811e+00
1.019752327261511660e+00
1.034839873475335459e+00
1.059096869347813108e+00
1.096227808024306638e+00
1.150084310466799487e+00
1.223739621182731385e+00
1.318366807500855442e+00
1.432524766996875254e+00
1.562755435594606723e+00
1.705886653154750077e+00
1.862018490952010774e+00
2.035625591588029693e+00
2.232101715464053004e+00
2.451002954193985950e+00
2.680655734625541520e+00
2.899201240121423329e+00
3.081747109395062800e+00
3.207530162333284807e+00
3.264418885038226303e+00
3.248882550057430318e+00
3.164270061497900688e+00
3.018604854975564855e+00
2.822415478014001611e+00
2.587789596535120751e+00
2.326906068624953416e+00
2.051529751207647134e+00
1.772282264292594611e+00
1.498358729551139357e+00
1.237514488357485787e+00
9.958003632919606440e-01
7.777543694570099309e-01
5.863741658027578074e-01
4.233670170280594558e-01
2.893308707453079998e-01
1.839718133926362131e-01
1.063940306693222093e-01
5.520725610739439515e-02
2.872950313343517609e-02
2.507376064358801671e-02
4.226940948961940836e-02
7.835847397378317702e-02
1.314200458753613798e-01
1.996288175969674061e-01
2.812511657132305554e-01
3.746693886434883658e-01
4.783815061153077197e-01
5.909948557015877180e-01
7.112313821233576805e-01
8.379020403134144201e-01
9.699024650990710761e-01
1.106191347597487606e+00
1.245779849042994325e+00
1.387725102663477594e+00
1.531107524671977860e+00
1.675023839775508394e+00
1.818570298717488987e+00
1.960837598721553166e+00
2.100907913533436311e+00
2.237846410336442826e+00
2.370703723772856097e+00
2.498513608118661633e+00
2.620300681092991635e+00
2.735090108427772115e+00
2.841916826567866927e+00
2.939842213323123232e+00
3.027967500080213981e+00
3.105453502248948006e+00
3.171539591469811015e+00
3.225560516552703927e+00
3.266964988758625843e+00
3.295327945232626288e+00
3.310363564812499604e+00
3.311933398672572082e+00
3.300048514631125141e+00
3.274869440060444781e+00
3.236698502563973623e+00
3.185970959842426176e+00
3.123242144895312045e+00
3.049170387466925813e+00
2.964500226236427061e+00
2.870042390526128528e+00
2.766655931055735262e+00
2.655230882335838150e+00
2.536670145724230885e+00
2.411874986104886709e+00
2.281731235161670313e+00
2.147098649862972053e+00
2.008802880353972142e+00
1.867628058824948090e+00
1.724312834691549057e+00
1.579547438184434549e+00
1.433972083804311959e+00
1.288177270207574443e+00
1.142703785481724132e+00
9.980446190032549181e-01
8.546473029705871083e-01
7.129156787707929821e-01
5.732129078873560157e-01
4.358640701964887620e-01
3.011590030307678134e-01
1.693554561553429205e-01
4.068131388700779033e-02
-8.466252203158375345e-02
-2.064994916601076147e-01
-3.246755282122683606e-01
-4.390566867343382307e-01
-5.495272990746078445e-01
-6.559883260850507547e-01
-7.583556090753340584e-01
-8.565588617373562919e-01
-9.505403970342642950e-01
-1.040253905882603913e+00
-1.125663906990451713e+00
-1.206744747106768489e+00
-1.283479808540233469e+00
-1.355861225351419508e+00
-1.423889317393375986e+00
-1.487572297399267773e+00
-1.546926157587554140e+00
-1.601974352256609446e+00
-1.652747696659968568e+00
-1.699284216927135605e+00
-1.741628821556608253e+00
-1.779833207944698126e+00
-1.813955632413327468e+00
-1.844060596032619070e+00
-1.870218821511631768e+00
-1.892507065361950902e+00
-1.911007878939780857e+00
-1.925809615249985729e+00
-1.937006238175898565e+00
-1.944697080045250548e+00
-1.948986815508164661e+00
-1.949985241975764616e+00
-1.947807006379264960e+00
-1.942571529161151389e+00
-1.934402788321968325e+00
-1.923429060587274808e+00
-1.909782826654166987e+00
-1.893600573249078378e+00
-1.875022528594245674e+00
-1.854192531700243229e+00
-1.831257872676180565e+00
-1.806369044673594271e+00
-1.779679586054027984e+00
-1.751345962253165078e+00
-1.721527329160774888e+00
-1.690385367075762257e+00
-1.658084264762981430e+00
-1.624790578518362949e+00
-1.590673156268347155e+00
-1.555903293270964438e+00
-1.520654860128024310e+00
-1.485104490091203600e+00
-1.449431987811829137e+00
-1.413820880230301391e+00
-1.378459042777634647e+00
-1.343539559054910848e+00
-1.309261901078075274e+00
-1.275833308148760059e+00
-1.243470456648110289e+00
-1.212401605902725166e+00
-1.182869270565650055e+00
-1.155133386342739099e+00
-1.129475188579702305e+00
-1.106202025540722556e+00
-1.085653088385014398e+00
-1.068206085525152060e+00
-1.054284927003009908e+00
-1.044368118665355283e+00
-1.038996674574029777e+00
-1.038778835243461263e+00
-1.044385479217804669e+00
-1.056522137578542742e+00
-1.075845109928100118e+00
-1.102745482792006015e+00
-1.136815398491584306e+00
-1.175520167897143198e+00
-1.210772698944998949e+00
-1.219541792756239529e+00
-1.135692191403195661e+00
-7.533885841109555503e-01
6.608115804367945545e-01
2.964276758781290155e+00
1.145632097797401938e+00
1.000002563518386456e+00
1.000000000000000000e+00
1.000000000000000000e+00
