1.000000000000000000e+00
1.000000210711523341e+00
1.000001077464525823e+00
1.000008025673412071e+00
1.000038502781986471e+00
1.000133350314114100e+00
1.000378785946033799e+00
1.000948391645106073e+00
1.002179226453739025e+00
1.004700598128882794e+00
1.009635753700274030e+00
1.018890038091842642e+00
1.035513756322708145e+00
1.064070453859429000e+00
1.110843798048968711e+00
1.183596045810800579e+00
1.290529097767253441e+00
1.438239874592528444e+00
1.628938432857656826e+00
1.858012169660131274e+00
2.113619899203545760e+00
2.380092491662538556e+00
2.645281301988938516e+00
2.909082934350056604e+00
3.187321542312135492e+00
3.504493303280702854e+00
3.877553517110825521e+00
4.301324487406176900e+00
4.747734773613089487e+00
5.178225353704444700e+00
5.555566547260695209e+00
5.850704179348271694e+00
6.041787770028649085e+00
6.112406059581357631e+00
6.050695267152504719e+00
5.848773185476443537e+00
5.505547512289116874e+00
5.026730606179654615e+00
4.427006702018188911e+00
3.729631908556537034e+00
2.965541997469154811e+00
2.171258043028895468e+00
1.383830056387943541e+00
6.372601682182085225e-01
-4.146402050386716748e-02
-6.336924071997955821e-01
-1.129372867532578928e+00
-1.525968485060313906e+00
-1.826288520244883085e+00
-2.036880684306842326e+00
-2.166090288732783531e+00
-2.222989850104849285e+00
-2.216531033304570908e+00
-2.155094081552406227e+00
-2.046484955609285894e+00
-1.897831828361154161e+00
-1.715706681246752074e+00
-1.506088438896958204e+00
-1.274372858222925009e+00
-1.025374095096405869e+00
-7.632705613824886104e-01
-4.916619224460299087e-01
-2.135615378100089168e-01
6.853815154260436970e-02
3.526229563453689431e-01
6.371156933237061004e-01
9.207744344389062752e-01
1.202636708918024766e+00
1.481930407209842038e+00
1.758019613594960617e+00
2.030356004017465299e+00
2.298412094651278270e+00
2.561646182901319513e+00
2.819450123114219053e+00
3.071124229787557169e+00
3.315854975962926776e+00
3.552688457911766573e+00
3.780525161260331668e+00
3.998105739922876989e+00
4.204019865843268811e+00
4.396720534752505571e+00
4.574542968424308853e+00
4.735744045796759671e+00
4.878539754683932195e+00
5.001164614383753815e+00
5.101935691471909173e+00
5.179315748467437253e+00
5.231984517663148537e+00
5.258895463897480305e+00
5.259333131675881567e+00
5.232955675545631458e+00
5.179815549622449389e+00
5.100368671542975463e+00
4.995456642496955091e+00
4.866278978960806079e+00
4.714350054388901867e+00
4.541437934757233563e+00
4.349503332842617809e+00
4.140631984775627217e+00
3.916972698085925408e+00
3.680682310561668391e+00
3.433873193406701940e+00
3.178575241376505822e+00
2.916704893000591881e+00
2.650042931595701035e+00
2.380223044666679222e+00
2.108723079700590919e+00
1.836866360839304990e+00
1.565827076793273154e+00
1.296635626424226917e+00
1.030189777472028112e+00
7.672652093504763737e-01
5.085274044592809073e-01
2.545447858593449797e-01
5.798510251100734599e-03
-2.373055719127762087e-01
-4.744261224336157601e-01
-7.052785914959057711e-01
-9.296259600328974360e-01
-1.147271643860647394e+00
-1.358053341723220342e+00
-1.561836782676832902e+00
-1.758512258960002184e+00
-1.947990388385680838e+00
-2.130198219167507290e+00
-2.305077771688026189e+00
-2.472583102933833210e+00
-2.632678180613858387e+00
-2.785336560261149952e+00
-2.930540122566084094e+00
-3.068278786234138078e+00
-3.198550849344860225e+00
-3.321362642625820705e+00
-3.436728938553494039e+00
-3.544673196042337882e+00
-3.645227205974288509e+00
-3.738431550377468771e+00
-3.824335597401036679e+00
-3.902997218687963343e+00
-3.974483502748723751e+00
-4.038870903907401555e+00
-4.096245220307623391e+00
-4.146702405442405315e+00
-4.190348700866408649e+00
-4.227300591157874265e+00
-4.257685485758619492e+00
-4.281641732246028731e+00
-4.299318438054474889e+00
-4.310875945959364408e+00
-4.316485815246322133e+00
-4.316330637471692988e+00
-4.310604382344691565e+00
-4.299512363421150063e+00
-4.283270945649700678e+00
-4.262107667596755078e+00
-4.236261221270699373e+00
-4.205981084630980860e+00
-4.171527404948091267e+00
-4.133170954541484754e+00
-4.091192617805624820e+00
-4.045883041208446329e+00
-3.997542704459647211e+00
-3.946481473448908872e+00
-3.893018266274994588e+00
-3.837481379665507397e+00
-3.780208584234141078e+00
-3.721547264382625730e+00
-3.661855127361542728e+00
-3.601501186858571568e+00
-3.540866764271530798e+00
-3.480347003476127465e+00
-3.420353146523325893e+00
-3.361315104465377068e+00
-3.303684570616903127e+00
-3.247939225375119587e+00
-3.194588117703512253e+00
-3.144178021392864064e+00
-3.097301421383880538e+00
-3.054606820779833143e+00
-3.016811328917039514e+00
-2.984715823360889253e+00
-2.959223487856393220e+00
-2.941362088152276844e+00
-2.932308983877488284e+00
-2.933416163211812311e+00
-2.946228359134654085e+00
-2.972476142537511468e+00
-3.013999257863400949e+00
-3.072491672237381177e+00
-3.148799261459917176e+00
-3.241080378287583219e+00
-3.339998943740504433e+00
-3.415907556659088851e+00
-3.383019407450665206e+00
-2.981579346543518305e+00
-1.226746479670308032e+00
3.219500439455877050e+00
1.942293883721594172e+00
1.000179592640216830e+00
1.000000000000000000e+00
1.000000000000000000e+00
