1.000000000000000000e+00
1.000000004575920975e+00
1.000000024528469256e+00
1.000000183627256067e+00
1.000000879435759771e+00
1.000003047697627157e+00
1.000008681047850123e+00
1.000021841045933835e+00
1.000050551887011085e+00
1.000110160851704455e+00
1.000228990649858263e+00
1.000457338948694375e+00
1.000880955248980575e+00
1.001639743622277701e+00
1.002951127719026392e+00
1.005134716666930439e+00
1.008630656598877628e+00
1.013999964487265038e+00
1.021895779032412133e+00
1.033008113722329258e+00
1.048010713820977102e+00
1.067567877057366887e+00
1.092429849662344354e+00
1.123525450828962491e+00
1.161814758680554283e+00
1.207672379041275779e+00
1.260008409687345399e+00
1.315744893371075364e+00
1.370276878615190652e+00
1.418819416758904772e+00
1.457742187194069228e+00
1.485319964088060107e+00
1.501630677741144115e+00
1.508021182225721901e+00
1.506474285875360808e+00
1.499085932485942685e+00
1.487794107533273014e+00
1.474202842300873506e+00
1.459567652661901693e+00
1.444809520550978110e+00
1.430573519965585572e+00
1.417299088545854291e+00
1.405260257012465042e+00
1.394619064180918411e+00
1.385450011396712977e+00
1.377769525526768790e+00
1.371552025403415254e+00
1.366742302988997793e+00
1.363268970247877077e+00
1.361045357590319416e+00
1.359976078915307474e+00
1.359957056201723358e+00
1.360878636876141856e+00
1.362628238201621933e+00
1.365089599429573086e+00
1.368145079013315391e+00
1.371674846217227683e+00
1.375558492181748527e+00
1.379675620088209431e+00
1.383906459593305938e+00
1.388133514127070089e+00
1.392241471687708287e+00
1.396118599229958512e+00
1.399657107945109447e+00
1.402754233310572030e+00
1.405313515189728912e+00
1.407244965614220300e+00
1.408466085932696732e+00
1.408902089447706008e+00
1.408486642474195083e+00
1.407162479119584031e+00
1.404881402639190702e+00
1.401604666195625404e+00
1.397302751423104672e+00
1.391955450660357529e+00
1.385551756062154416e+00
1.378089434094665222e+00
1.369574788036105106e+00
1.360022014745583929e+00
1.349452777785798752e+00
1.337895642940913898e+00
1.325385368057843349e+00
1.311962348302219583e+00
1.297671819483526834e+00
1.282563288159575432e+00
1.266689915656855625e+00
1.250107827195678478e+00
1.232875579265411581e+00
1.215053477928869086e+00
1.196703089983271573e+00
1.177886761120803483e+00
1.158667084109670897e+00
1.139106523963054229e+00
1.119266953686213428e+00
1.099209353075882190e+00
1.078993541456325200e+00
1.058677833809078539e+00
1.038318839781988023e+00
1.017971225612634090e+00
9.976875641634019853e-01
9.775182415637417854e-01
9.575113096828464787e-01
9.377124491033745901e-01
9.181649173720093371e-01
8.989095090473555594e-01
8.799845713534251157e-01
8.614259623391009590e-01
8.432670855325468118e-01
8.255389286536516380e-01
8.082700558894682086e-01
7.914866640523118280e-01
7.752126145204546459e-01
7.594694817444520574e-01
7.442766267593778906e-01
7.296512261316840942e-01
7.156083488820460525e-01
7.021610314847426260e-01
6.893203188784405855e-01
6.770953473228480402e-01
6.654934087357380346e-01
6.545200145109175693e-01
6.441789757396494398e-01
6.344724501535459193e-01
6.254010130685393465e-01
6.169637335849397219e-01
6.091582188456445834e-01
6.019806907616773728e-01
5.954260565069821043e-01
5.894879540885927804e-01
5.841588185217987395e-01
5.794299356271453982e-01
5.752914881513780943e-01
5.717326162336100470e-01
5.687414671146793221e-01
5.663052491228761642e-01
5.644102972275146790e-01
5.630421254457680380e-01
5.621854875327267909e-01
5.618244426215451837e-01
5.619424033344687652e-01
5.625221928925393522e-01
5.635461043289015093e-01
5.649959440035867697e-01
5.668530853428588312e-01
5.690985240405751489e-01
5.717129186737596180e-01
5.746766407580038427e-01
5.779698258636963848e-01
5.815724107904116646e-01
5.854641765913222162e-01
5.896247916031177594e-01
5.940338421067024033e-01
5.986708663129400865e-01
6.035153894111603412e-01
6.085469477027216634e-01
6.137451113373938449e-01
6.190895090544764612e-01
6.245598442240229975e-01
6.301359050289605523e-01
6.357975779894851076e-01
6.415248534401798430e-01
6.472978180166159001e-01
6.530966501705981475e-01
6.589016071351057047e-01
6.646929930816479759e-01
6.704511233596422981e-01
6.761562791082851298e-01
6.817886419737149151e-01
6.873282128463956697e-01
6.927547176647775862e-01
6.980474898775337333e-01
7.031853232576092960e-01
7.081463010792444779e-01
7.129075950426615460e-01
7.174452221370064553e-01
7.217337563655512600e-01
7.257459988039326459e-01
7.294525976671366596e-01
7.328216159621471215e-01
7.358180698206953085e-01
7.384034791259896924e-01
7.405355098279358117e-01
7.421678853580386814e-01
7.432509455960136791e-01
7.437336166739819676e-01
7.435683593109800871e-01
7.427224125472858818e-01
7.412025553407929346e-01
7.391097103906323351e-01
7.367621520964232618e-01
7.349851212612968920e-01
7.358325333573928484e-01
7.445310885016035440e-01
7.752765868755162604e-01
8.708702225052178392e-01
1.171017287767930126e+00
1.234019675242025160e+00
1.000570074529413489e+00
1.000000002768009155e+00
1.000000000000000000e+00
1.000000000000000000e+00
