1.000000000000000000e+00
1.000000018462324336e+00
1.000000097813947608e+00
1.000000731387957531e+00
1.000003504300721824e+00
1.000012142549984384e+00
1.000034564266172765e+00
1.000086862927680675e+00
1.000200709499035057e+00
1.000436355681880496e+00
1.000904187188365713e+00
1.001798311736456615e+00
1.003445252495476669e+00
1.006368078205230887e+00
1.011359252182610025e+00
1.019542160360565886e+00
1.032383029493290083e+00
1.051600851738790254e+00
1.078934720581715689e+00
1.115800905947132327e+00
1.162996701223925511e+00
1.220740553256215666e+00
1.289221179625405389e+00
1.369355568983343430e+00
1.462876187039497955e+00
1.570814647229995087e+00
1.690914912028001593e+00
1.815847962259822479e+00
1.934219748172108844e+00
2.034141785541898173e+00
2.106715650168041964e+00
2.147988222860226060e+00
2.158605998434004469e+00
2.142442483179518575e+00
2.105012385081082904e+00
2.052138710947575273e+00
1.989311386441791507e+00
1.921169255541439913e+00
1.851451281371609303e+00
1.782980301523782618e+00
1.717799133561829894e+00
1.657361186124639119e+00
1.602615135080393438e+00
1.554164297620201252e+00
1.512323498051147741e+00
1.477211494723625451e+00
1.448798115822611976e+00
1.426943551250315467e+00
1.411448132473093420e+00
1.402051486960058657e+00
1.398458365462566855e+00
1.400337179710686275e+00
1.407332579365323078e+00
1.419076238670134327e+00
1.435182444247515399e+00
1.455256887700243196e+00
1.478891228824285253e+00
1.505668092907794131e+00
1.535161220917949265e+00
1.566935504603931273e+00
1.600551664125729578e+00
1.635563077517581343e+00
1.671519570892239237e+00
1.707966838374558982e+00
1.744449617319391743e+00
1.780516414740107134e+00
1.815719746441482929e+00
1.849621050970201797e+00
1.881792643308428215e+00
1.911822835044691526e+00
1.939321162756637129e+00
1.963921316668584716e+00
1.985286339233707897e+00
2.003111296747055459e+00
2.017127576544810452e+00
2.027106283373472984e+00
2.032859992498015522e+00
2.034245123517798515e+00
2.031161962479201666e+00
2.023555238169560067e+00
2.011413482503035421e+00
1.994767111930271009e+00
1.973686686768632015e+00
1.948279455760592027e+00
1.918686516737231784e+00
1.885079332577256350e+00
1.847655549073241366e+00
1.806635328955861430e+00
1.762256792511525338e+00
1.714772310655561238e+00
1.664444808676074583e+00
1.611543868788209322e+00
1.556342682540248212e+00
1.499114688915127003e+00
1.440131152673760351e+00
1.379659060058996412e+00
1.317958804428910335e+00
1.255282723267786338e+00
1.191873601509810587e+00
1.127963737819898338e+00
1.063774399871589393e+00
9.995151173377696541e-01
9.353835920960076322e-01
8.715655996440146991e-01
8.082349966812111264e-01
7.455540295629046188e-01
6.836733857505257195e-01
6.227326244397314303e-01
5.628606247111705985e-01
5.041758030306975336e-01
4.467866244568621248e-01
3.907919781034969731e-01
3.362816105948870371e-01
2.833366542996975657e-01
2.320299159373145903e-01
1.824263691402008281e-01
1.345836103978181597e-01
8.855212670399292829e-02
4.437573861594885927e-02
2.091930641930322791e-03
-3.826784278317926086e-02
-7.667779373709485147e-02
-1.131176149013099902e-01
-1.475721958195833072e-01
-1.800313296622928494e-01
-2.104895856534830800e-01
-2.389460383808927890e-01
-2.654040372317988949e-01
-2.898711029367205816e-01
-3.123587329602533491e-01
-3.328822715052462411e-01
-3.514608202217432975e-01
-3.681170837597378953e-01
-3.828772684705968321e-01
-3.957709616405565289e-01
-4.068309557408516519e-01
-4.160931342178623149e-01
-4.235963160889294477e-01
-4.293820744838973691e-01
-4.334946351285539623e-01
-4.359807281003501567e-01
-4.368894250806021340e-01
-4.362720460680732382e-01
-4.341820120161680729e-01
-4.306746846254264072e-01
-4.258072690830991824e-01
-4.196386654074157341e-01
-4.122293079143594108e-01
-4.036410637624585074e-01
-3.939370964594776647e-01
-3.831817219036997568e-01
-3.714403155355366359e-01
-3.587791960120218504e-01
-3.452654960235621573e-01
-3.309670769779946009e-01
-3.159524422874778748e-01
-3.002906329883212599e-01
-2.840511563364459535e-01
-2.673039337294536022e-01
-2.501192240655198407e-01
-2.325675762874355179e-01
-2.147198342255998704e-01
-1.966471172772442377e-01
-1.784208312889915826e-01
-1.601127576513192707e-01
-1.417951491109224194e-01
-1.235408583709651370e-01
-1.054235470175086953e-01
-8.751795480897846258e-02
-6.990021328651149779e-02
-5.264825138889860090e-02
-3.584232129746894174e-02
-1.956561445899812970e-02
-3.904998315180136566e-03
1.104806959082393208e-02
2.519643200957008902e-02
3.843593438263994549e-02
5.065388063413192588e-02
6.172719333240472145e-02
7.152031694027308206e-02
7.988292962590201607e-02
8.664759520475776022e-02
9.162773914253692642e-02
9.461687813783840884e-02
9.539105426524967235e-02
9.371860769181522555e-02
8.938628365894170369e-02
8.226165778594063394e-02
7.243767083415218744e-02
6.056911429923850232e-02
4.868027249486246710e-02
4.220573442526100172e-02
5.553573567334647160e-02
1.286290088915262586e-01
3.836379829051667079e-01
1.239774961842954548e+00
1.884676949099261645e+00
1.009958092734306812e+00
1.000000068963665889e+00
1.000000000000000000e+00
1.000000000000000000e+00
