1.000000000000000000e+00
1.000000208242155075e+00
1.000001065112588794e+00
1.000007933894792034e+00
1.000038062116988868e+00
1.000131824594518992e+00
1.000374458059402727e+00
1.000937582091040667e+00
1.002154480147841031e+00
1.004647503638602890e+00
1.009527716354103655e+00
1.018680347229912631e+00
1.035124716109162790e+00
1.063380537655569391e+00
1.109676002226235747e+00
1.181713580479027526e+00
1.287646726013486953e+00
1.434057787654034799e+00
1.623198199492988270e+00
1.850561906368811460e+00
2.104465766930820880e+00
2.369409911180651029e+00
2.633366690778172092e+00
2.896242967408330315e+00
3.173726996207824946e+00
3.490071199108552680e+00
3.861988877241121276e+00
4.284173404410148045e+00
4.728555296149531628e+00
5.156639316565336806e+00
5.531271152264999102e+00
5.823477850205668993e+00
6.011536207406160237e+00
6.079232235808851748e+00
6.014966077191752802e+00
5.811171204949893365e+00
5.467070324287532479e+00
4.988658639015867813e+00
4.390806277221391163e+00
3.696811554492522855e+00
2.937470528927869751e+00
2.148980097536479228e+00
1.367951264772567788e+00
6.279085667269116433e-01
-4.458585375874977996e-02
-6.312061255418747185e-01
-1.122097576188269885e+00
-1.514797891473419700e+00
-1.812098582546687986e+00
-2.020467935558415196e+00
-2.148147779276546210e+00
-2.204104924434486801e+00
-2.197196668697826372e+00
-2.135724261751067665e+00
-2.027426200274245360e+00
-1.879372174861991374e+00
-1.698080130349136851e+00
-1.489478259596133336e+00
-1.258914414902343015e+00
-1.011158193012007711e+00
-7.503484674417401079e-01
-4.800507913566821605e-01
-2.032508752426321619e-01
7.758010639576350120e-02
3.604429366268765977e-01
6.437694104034965559e-01
9.263217071977153383e-01
1.207137279512501715e+00
1.485440822314259002e+00
1.760590786260056939e+00
2.032031368231356439e+00
2.299226504169202823e+00
2.561625197435368317e+00
2.818609841783369596e+00
3.069471406622028109e+00
3.313387419266669021e+00
3.549395811787536825e+00
3.776389931889051699e+00
3.993104750405342518e+00
4.198126012309874255e+00
4.389904887838510739e+00
4.566777261551617784e+00
4.727003397888418057e+00
4.868805663944539397e+00
4.990427959043158168e+00
5.090199590438707844e+00
5.166598137706262861e+00
5.218320151412417118e+00
5.244337261771899072e+00
5.243952620839986700e+00
5.216842461799359398e+00
5.163075876817439180e+00
5.083123077183222982e+00
4.977836965378078737e+00
4.848424854464139067e+00
4.696405155038290147e+00
4.523546293454084655e+00
4.331805900004778387e+00
4.123263653597146750e+00
3.900059876261443126e+00
3.664341079492624775e+00
3.418208119292485581e+00
3.163678732197868548e+00
2.902657058800008905e+00
2.636911862810544793e+00
2.368065384159342646e+00
2.097584849062166246e+00
1.826783906391042267e+00
1.556828070292063160e+00
1.288740103321378339e+00
1.023411127097070494e+00
7.616111107337292241e-01
5.040006799387911629e-01
2.511441487452661936e-01
3.519238995874396456e-03
-2.384710649197720744e-01
-4.744878178726542051e-01
-7.042484536757320779e-01
-9.275176125997783849e-01
-1.144100107783124098e+00
-1.353834827157172072e+00
-1.556588538040772907e+00
-1.752252446501695315e+00
-1.940737997331120512e+00
-2.121973013817388232e+00
-2.295900247414659923e+00
-2.462474468717395393e+00
-2.621660359492391734e+00
-2.773432187688277040e+00
-2.917772554483769376e+00
-3.054672106112742647e+00
-3.184129867551157567e+00
-3.306152896557165821e+00
-3.420756685080767578e+00
-3.527965398454772306e+00
-3.627811522437376368e+00
-3.720336314532591171e+00
-3.805589796496639643e+00
-3.883630472324483218e+00
-3.954526030683347848e+00
-4.018353489352457508e+00
-4.075199170518970071e+00
-4.125159499899219817e+00
-4.168341134727946873e+00
-4.204860915851577730e+00
-4.234846538234530833e+00
-4.258436560451785979e+00
-4.275780224674296193e+00
-4.287037922843104809e+00
-4.292381174133153898e+00
-4.291992438840265045e+00
-4.286065456329495760e+00
-4.274805207186425982e+00
-4.258427620229232602e+00
-4.237159689581489808e+00
-4.211239451148656165e+00
-4.180915615957904841e+00
-4.146447451760405301e+00
-4.108104736536871471e+00
-4.066167249046448440e+00
-4.020924420970409585e+00
-3.972675406011828780e+00
-3.921728637351548752e+00
-3.868401497684704538e+00
-3.813020643053062653e+00
-3.755922099224868305e+00
-3.697451403452192142e+00
-3.637964310363692277e+00
-3.577827770968492249e+00
-3.517420931142741125e+00
-3.457136640122158600e+00
-3.397383714065134619e+00
-3.338589494712482786e+00
-3.281202948273153730e+00
-3.225698848197189772e+00
-3.172583126911029172e+00
-3.122399198019604416e+00
-3.075735898051788375e+00
-3.033237731858974939e+00
-2.995617383685564405e+00
-2.963670784058166419e+00
-2.938295524414667792e+00
-2.920512972517143702e+00
-2.911493085035173678e+00
-2.912579203338950151e+00
-2.925305898490623946e+00
-2.951391805551506042e+00
-2.992662856114695291e+00
-3.050797760906254652e+00
-3.126627638503929330e+00
-3.218302412222720399e+00
-3.316498658119779286e+00
-3.391632154827655565e+00
-3.358052260445002268e+00
-2.956122818045912926e+00
-1.202100727539989533e+00
3.228280059838624982e+00
1.930169397996261305e+00
1.000172494575035431e+00
1.000000000000000000e+00
1.000000000000000000e+00
