1.000000000000000000e+00
1.000000173021184713e+00
1.000000888443095315e+00
1.000006620776208832e+00
1.000031757991594272e+00
1.000109996877604157e+00
1.000312530101951536e+00
1.000782858378631346e+00
1.001800098667474437e+00
1.003886624796185290e+00
1.007977952636454511e+00
1.015668402094158429e+00
1.029526866474687274e+00
1.053431115824293496e+00
1.092787721361167419e+00
1.154397550549695284e+00
1.245655689101802022e+00
1.372862686976805913e+00
1.538807082535729620e+00
1.740504638331591636e+00
1.968600471240429917e+00
2.210127583860257872e+00
2.454874625941277699e+00
2.702876434047497334e+00
2.967726386509949243e+00
3.269964750617647464e+00
3.622652826766708856e+00
4.018578713206760078e+00
4.429803415168036551e+00
4.818989640042786959e+00
5.150418396987480385e+00
5.396700875759432137e+00
5.538383546915788713e+00
5.562501753984160580e+00
5.461587028376360564e+00
5.232827707357567526e+00
4.880012569793906962e+00
4.413021946382623462e+00
3.848983403980449580e+00
3.211216494502769248e+00
2.527887098792665377e+00
1.830022598138589585e+00
1.147605723694120172e+00
5.071655493211414401e-01
-7.085056270423074898e-02
-5.727023065153196146e-01
-9.912798332236980592e-01
-1.325126724046693960e+00
-1.576756377162343181e+00
-1.751504200763390973e+00
-1.856134527363898279e+00
-1.898083920025873450e+00
-1.884813286005757371e+00
-1.823423458439257017e+00
-1.720604104508270948e+00
-1.582501803395934603e+00
-1.414781300500900674e+00
-1.222576526284268716e+00
-1.010495273482965528e+00
-7.826281855070842397e-01
-5.425180496345543002e-01
-2.932205810874663476e-01
-3.731037031336240789e-02
2.230566697451819569e-01
4.861031678977320580e-01
7.503943575417496570e-01
1.014753889389351293e+00
1.278218822093564411e+00
1.539967088025692377e+00
1.799274054252953947e+00
2.055473388365013587e+00
2.307902222960760863e+00
2.555872654024934132e+00
2.798628656373155721e+00
3.035326137872162988e+00
3.265015884832269677e+00
3.486623817133533976e+00
3.698950386764234377e+00
3.900663715491404115e+00
4.090313622701213347e+00
4.266351478602377512e+00
4.427154879885569549e+00
4.571070010677166451e+00
4.696452062859644450e+00
4.801723041403842984e+00
4.885431476786417093e+00
4.946308777419003100e+00
4.983329170875888892e+00
4.995754106445009946e+00
4.983173820495475859e+00
4.945533713005048071e+00
4.883140560306248545e+00
4.796658120308355144e+00
4.687080438996260590e+00
4.555697824869690216e+00
4.404051854187228443e+00
4.233877580929529039e+00
4.047048126843177052e+00
3.845516053271842871e+00
3.631261280584569651e+00
3.406246176561475103e+00
3.172373799717622678e+00
2.931458680873061162e+00
2.685203700345487832e+00
2.435184223560167283e+00
2.182840939197105978e+00
1.929474684521526484e+00
1.676249226732169362e+00
1.424197103997679514e+00
1.174225167167902484e+00
9.271246554323634426e-01
6.835805905232874569e-01
4.441821313545839534e-01
2.094338493011198288e-01
-2.023581497644483251e-02
-2.444643801750139012e-01
-4.629461460900401448e-01
-6.754255699509325028e-01
-8.816894143014742946e-01
-1.081560689510470130e+00
-1.274893394883850783e+00
-1.461567194775795109e+00
-1.641484400253435449e+00
-1.814566337458888290e+00
-1.980750009394239175e+00
-2.139986775514023165e+00
-2.292239830886529717e+00
-2.437482359070861193e+00
-2.575697179339350829e+00
-2.706875630390077170e+00
-2.831017263607161993e+00
-2.948130061669713253e+00
-3.058230096094304074e+00
-3.161341810957904119e+00
-3.257498174933917578e+00
-3.346740340783842527e+00
-3.429117975855768830e+00
-3.504689210635030694e+00
-3.573520357144387649e+00
-3.635686447820229983e+00
-3.691271308482321434e+00
-3.740367488452617462e+00
-3.783076877054029730e+00
-3.819510759067352712e+00
-3.849789721498353856e+00
-3.874044158900050938e+00
-3.892414225958169993e+00
-3.905049630441663755e+00
-3.912109965105047937e+00
-3.913764631326303256e+00
-3.910192625893273544e+00
-3.901582766025910143e+00
-3.888133601625948454e+00
-3.870053115696820978e+00
-3.847558769366451248e+00
-3.820877432282431485e+00
-3.790245029630993745e+00
-3.755906400652121668e+00
-3.718115222301745959e+00
-3.677133551918435828e+00
-3.633231511689909876e+00
-3.586687329696566895e+00
-3.537786962758400211e+00
-3.486823824031362484e+00
-3.434099069625085043e+00
-3.379921709696764864e+00
-3.324608774209300677e+00
-3.268485969768558874e+00
-3.211888587612644397e+00
-3.155162454581201814e+00
-3.098665341759895053e+00
-3.042769041478356584e+00
-2.987861735060141744e+00
-2.934350864537332626e+00
-2.882666972964152308e+00
-2.833268596536835826e+00
-2.786648056532429862e+00
-2.743338709261611275e+00
-2.703924242103241227e+00
-2.669049997217509684e+00
-2.639436569205219296e+00
-2.615896318035641155e+00
-2.599353015714033877e+00
-2.590863588158092590e+00
-2.591639218671005551e+00
-2.603058975230050365e+00
-2.626658547041297087e+00
-2.664051585382621212e+00
-2.716681080386723401e+00
-2.785146996700384570e+00
-2.867458159598572198e+00
-2.954460497368451843e+00
-3.017511007574066983e+00
-2.973178506804946331e+00
-2.564918499670921559e+00
-8.310356822752394956e-01
3.335234598966729802e+00
1.751994289573778341e+00
1.000091215908151199e+00
1.000000000000000000e+00
1.000000000000000000e+00
