1.000000000000000000e+00
1.000000145591277034e+00
1.000000750161784913e+00
1.000005592405034616e+00
1.000026821841241365e+00
1.000092904483804279e+00
1.000264021411960025e+00
1.000661593129851701e+00
1.001522109863170584e+00
1.003289019028023477e+00
1.006758625747695257e+00
1.013293076656667457e+00
1.025098504832283375e+00
1.045528908203608331e+00
1.079307476079402806e+00
1.132461794617866779e+00
1.211695976065390035e+00
1.322976314033544210e+00
1.469418474161765964e+00
1.649206795815193027e+00
1.854886858244287451e+00
2.075621170659741388e+00
2.302734963497352627e+00
2.536329858755611344e+00
2.788135993127071721e+00
3.075463427174331521e+00
3.408258109248620826e+00
3.777774872675572215e+00
4.156403698652720635e+00
4.508172856507620452e+00
4.799118108676891481e+00
5.003805405180303367e+00
5.105282045182456763e+00
5.093774796230037261e+00
4.965536947131632850e+00
4.721731840287585413e+00
4.369650943920768249e+00
3.921779213689216448e+00
3.396227751034865960e+00
2.815342892735602121e+00
2.204256484544063088e+00
1.589195705818676752e+00
9.945144027370685924e-01
4.411125077743675571e-01
-5.530809060596481724e-02
-4.844558969331344556e-01
-8.412161839828583565e-01
-1.124813804339590995e+00
-1.337499920175257095e+00
-1.483718225306223326e+00
-1.569069242257756569e+00
-1.599753700593844474e+00
-1.582061293903872512e+00
-1.522042206455972435e+00
-1.425437444775992990e+00
-1.297542433170544962e+00
-1.143237640682393863e+00
-9.669382075065957594e-01
-7.725972252981304633e-01
-5.637186932344140367e-01
-3.433401152864865025e-01
-1.140919673078229502e-01
1.217903604463940886e-01
3.624091225569033847e-01
6.061679035692133510e-01
8.517407565082596443e-01
1.098001500555315868e+00
1.343987028480515766e+00
1.588837265450892655e+00
1.831760016973107641e+00
2.071999341185784882e+00
2.308790240567995866e+00
2.541335931958085492e+00
2.768772654563639080e+00
2.990154789359659837e+00
3.204443018056092995e+00
3.410490927327619826e+00
3.607048997635418530e+00
3.792764085442401623e+00
3.966197707489422353e+00
4.125849828288711052e+00
4.270186911886090897e+00
4.397684742310858041e+00
4.506868559634500393e+00
4.596366496720386330e+00
4.664962486363088523e+00
4.711643814063890545e+00
4.735649117095219296e+00
4.736500677689406302e+00
4.714032265117579001e+00
4.668402655629781961e+00
4.600091430848173069e+00
4.509885978415283603e+00
4.398850528439023577e+00
4.268290439977084461e+00
4.119708985784533262e+00
3.954755199844547597e+00
3.775175474786879093e+00
3.582763924182925663e+00
3.379319378612901215e+00
3.166609173576966363e+00
2.946336010080165213e+00
2.720115495932751148e+00
2.489458748578416536e+00
2.255760891790060896e+00
2.020296591427842348e+00
1.784216961420444836e+00
1.548552862416099574e+00
1.314220526186980820e+00
1.082026720626862337e+00
8.526775672432557185e-01
6.267866771711202434e-01
4.048840175865046076e-01
1.874255104694665108e-01
-2.519976339413141850e-02
-2.326609316945226769e-01
-4.346775309551595967e-01
-6.310138563969663883e-01
-8.214722746551694765e-01
-1.005888040832776831e+00
-1.184124786194582502e+00
-1.356069947282219523e+00
-1.521632136545126190e+00
-1.680737998236858433e+00
-1.833329310469278495e+00
-1.979361791203768650e+00
-2.118802895374186424e+00
-2.251630180804638393e+00
-2.377830938944709871e+00
-2.497401185046908001e+00
-2.610345334137189610e+00
-2.716676324477429905e+00
-2.816415269963658652e+00
-2.909591643274037409e+00
-2.996243350005006967e+00
-3.076416387322197910e+00
-3.150165070057508565e+00
-3.217551934709449224e+00
-3.278647448375858087e+00
-3.333530411254835180e+00
-3.382287965448544931e+00
-3.425015482280950430e+00
-3.461817029899272313e+00
-3.492805366321579008e+00
-3.518101806013538724e+00
-3.537836592658671453e+00
-3.552148804364700041e+00
-3.561186123504366918e+00
-3.565105062882399256e+00
-3.564070847069818804e+00
-3.558257178524461661e+00
-3.547846375784589057e+00
-3.533029248561601054e+00
-3.514004795307163587e+00
-3.490980194821243998e+00
-3.464170703762343262e+00
-3.433799317574722121e+00
-3.400096614367564385e+00
-3.363300658611679594e+00
-3.323656587534448370e+00
-3.281416323568908666e+00
-3.236838595774145677e+00
-3.190188615164603725e+00
-3.141737847772775538e+00
-3.091764271632745587e+00
-3.040552497208634186e+00
-2.988393947907352022e+00
-2.935587472473633941e+00
-2.882440188685601701e+00
-2.829268385064276359e+00
-2.776398835479428229e+00
-2.724170709630139964e+00
-2.672937764965964025e+00
-2.623071007056518411e+00
-2.574962219716550482e+00
-2.529028444476435489e+00
-2.485717290954028602e+00
-2.445513561956679460e+00
-2.408947701961996479e+00
-2.376606060121581265e+00
-2.349143172623868736e+00
-2.327296579352807981e+00
-2.311904277776856365e+00
-2.303923737016484452e+00
-2.304449714042458019e+00
-2.314724110215320874e+00
-2.336120988090874651e+00
-2.370065983249406649e+00
-2.417792224525741940e+00
-2.479691098221262102e+00
-2.553636287364838608e+00
-2.630603555064377819e+00
-2.682779619448998787e+00
-2.628978158727136361e+00
-2.217470645006379915e+00
-5.140126678077432398e-01
3.382967737304979572e+00
1.606560165700083864e+00
1.000050239548191389e+00
1.000000000000000000e+00
1.000000000000000000e+00
