1.000000000000000000e+00
1.000000063769861169e+00
1.000000333077152970e+00
1.000002486774925314e+00
1.000011921044583474e+00
1.000041299393775063e+00
1.000117463059387646e+00
1.000294765492675486e+00
1.000679620093046562e+00
1.001473020646065137e+00
1.003039566291903384e+00
1.006011716287600333e+00
1.011433717123277010e+00
1.020935938966620826e+00
1.036901313373784994e+00
1.062538142787027740e+00
1.101720952988592961e+00
1.158445795417482715e+00
1.235844705858999193e+00
1.335005342864090672e+00
1.454239326497245299e+00
1.589748240379364796e+00
1.738089190972364584e+00
1.899352686365578524e+00
2.078352287210961880e+00
2.281016335098144054e+00
2.507289661118955681e+00
2.745425117706083107e+00
2.972976400399112151e+00
3.164162980375289091e+00
3.297261629439329766e+00
3.359285844034480828e+00
3.346005534539319815e+00
3.260265839901685503e+00
3.109818517087023171e+00
2.905162687886035044e+00
2.658638704934070951e+00
2.382910109206226590e+00
2.090425453691193258e+00
1.792603065019580333e+00
1.499471866009386867e+00
1.219595422005677721e+00
9.597299103114540486e-01
7.249865151731221813e-01
5.187738964988736212e-01
3.430555298953302246e-01
1.985450248349287794e-01
8.494852185403047040e-02
1.288556806564158507e-03
-5.396805564263026239e-02
-8.268133777957496766e-02
-8.693626418731051353e-02
-6.890609904360071869e-02
-3.074501840821354179e-02
2.544064688062816493e-02
9.765643221866861234e-02
1.840162098083619191e-01
2.827681826648319463e-01
3.922944624552059945e-01
5.111038168404768989e-01
6.378367107968004879e-01
7.712374008320864727e-01
9.101485697637473615e-01
1.053487540062286287e+00
1.200234144928535196e+00
1.349422880871610664e+00
1.500117834451366594e+00
1.651404211977175018e+00
1.802369410785624071e+00
1.952096413022994970e+00
2.099659346682841932e+00
2.244113143192441484e+00
2.384494758996783759e+00
2.519819282763700485e+00
2.649086768483174037e+00
2.771291232566115426e+00
2.885429336454381044e+00
2.990517215671332441e+00
3.085604181674407531e+00
3.169793504369933679e+00
3.242262814448989783e+00
3.302282648284091682e+00
3.349237262251825165e+00
3.382639071218743965e+00
3.402144127180008581e+00
3.407562542064442646e+00
3.398862558882292717e+00
3.376172173704565349e+00
3.339772464083204717e+00
3.290089340281630470e+00
3.227680723634408277e+00
3.153218882412966551e+00
3.067472743635929255e+00
2.971286474133957523e+00
2.865560113876788773e+00
2.751230604279923941e+00
2.629251882358769610e+00
2.500578778296410842e+00
2.366151671889845876e+00
2.226884555507282482e+00
2.083655947695933985e+00
1.937300555889618137e+00
1.788604702761460663e+00
1.638302937952635041e+00
1.487076160487830201e+00
1.335551832836608055e+00
1.184303941192161203e+00
1.033855034048996480e+00
8.846787528951450819e-01
7.372017756082270834e-01
5.918071009233262236e-01
4.488369015994896905e-01
3.085956368117000470e-01
1.713534986751512890e-01
3.734886088770499740e-02
-9.320857586902046854e-02
-2.201349048540793552e-01
-3.432699857024839596e-01
-4.624748692614056300e-01
-5.776297912494640086e-01
-6.886323836276205812e-01
-7.953957863203631184e-01
-8.978475534573131522e-01
-9.959282833982668892e-01
-1.089590309370324084e+00
-1.178797108583511832e+00
-1.263522236973716240e+00
-1.343748488063884139e+00
-1.419467595646912050e+00
-1.490679638761150505e+00
-1.557392739158582895e+00
-1.619622951271476152e+00
-1.677393936634097305e+00
-1.730736869484057028e+00
-1.779690291218989140e+00
-1.824299775982556326e+00
-1.864617846814326407e+00
-1.900703747138355659e+00
-1.932623123162740209e+00
-1.960448015966716140e+00
-1.984256678567641652e+00
-2.004133338726330038e+00
-2.020168222942032799e+00
-2.032457370263865748e+00
-2.041102391013548178e+00
-2.046210455145983875e+00
-2.047894074622424565e+00
-2.046270828333417224e+00
-2.041463296158177343e+00
-2.033598843699056857e+00
-2.022809360822019897e+00
-2.009231173874544751e+00
-1.993004847438460514e+00
-1.974274914465538266e+00
-1.953189747712153146e+00
-1.929901399349685631e+00
-1.904565345568191903e+00
-1.877340325881857286e+00
-1.848388223326765889e+00
-1.817873817343433895e+00
-1.785964610149865406e+00
-1.752830810967058506e+00
-1.718645185592541758e+00
-1.683582973095532287e+00
-1.647822046418103259e+00
-1.611543041081171745e+00
-1.574929544144376692e+00
-1.538168515377368761e+00
-1.501450855941921958e+00
-1.464972053070255464e+00
-1.428933068223829261e+00
-1.393541560564945048e+00
-1.359013315332720184e+00
-1.325573974261414767e+00
-1.293461263742789358e+00
-1.262927773249317820e+00
-1.234244247799440863e+00
-1.207703627194135043e+00
-1.183626068265473341e+00
-1.162364933828147207e+00
-1.144313785292109475e+00
-1.129914465721332473e+00
-1.119665990321001114e+00
-1.114133052295395832e+00
-1.113951413776790744e+00
-1.119824001089357202e+00
-1.132493395945179726e+00
-1.152657632047165981e+00
-1.180751602703811409e+00
-1.216404610894981753e+00
-1.257087660534484952e+00
-1.294619915795847787e+00
-1.305589333076603298e+00
-1.222646800923064214e+00
-8.360223216200713958e-01
6.033893596111047364e-01
3.018507815961001928e+00
1.163766735284035958e+00
1.000003120866899131e+00
1.000000000000000000e+00
1.000000000000000000e+00
