1.000000000000000000e+00
1.000000238127980001e+00
1.000001214320813014e+00
1.000009042321302832e+00
1.000043384490977960e+00
1.000150251813688662e+00
1.000426722741065921e+00
1.001068092739236581e+00
1.002453158736267946e+00
1.005288026159139037e+00
1.010830186688285171e+00
1.021206034735653301e+00
1.039805041816805442e+00
1.071667848450377658e+00
1.123676962071920027e+00
1.204231263445415756e+00
1.322033901465524464e+00
1.483804876436001896e+00
1.691269859205596138e+00
1.938640519268492124e+00
2.212367997608273740e+00
2.494974004675246437e+00
2.773019221491236586e+00
3.046278350352475517e+00
3.331999953555645266e+00
3.657256959508801586e+00
4.041576903938866927e+00
4.481165669145194208e+00
4.947966625057333090e+00
5.402821777720183682e+00
5.807831637589903728e+00
6.133244466651166071e+00
6.356022824570169760e+00
6.457791527067574755e+00
6.423959012288626091e+00
6.243294756294120340e+00
5.911286635106958620e+00
5.430479743860766817e+00
4.813339460124545610e+00
4.082385299404241330e+00
3.269781615646153217e+00
2.415351699707113831e+00
1.560804214172324622e+00
7.453202110420025228e-01
5.598056208800181047e-04
-6.512283250067594231e-01
-1.197775472575935085e+00
-1.635691844298838404e+00
-1.967973649190913665e+00
-2.202053202629747020e+00
-2.347426770400505180e+00
-2.414331034701099554e+00
-2.412740704582591267e+00
-2.351875542695623711e+00
-2.240245603517071693e+00
-2.085581403720430327e+00
-1.895010557432944998e+00
-1.675036483632091899e+00
-1.431554881342179897e+00
-1.169849471202538238e+00
-8.945182729135233712e-01
-6.095249775708454498e-01
-3.181787654597719728e-01
-2.319979971928116946e-02
2.732376630004228479e-01
5.694610261903733095e-01
8.641853161537413897e-01
1.156449927873364647e+00
1.445517870598474142e+00
1.730814250502066720e+00
2.011871337647089142e+00
2.288253862903235181e+00
2.559520013189566345e+00
2.825163550397328471e+00
3.084586032764140118e+00
3.337071848953096609e+00
3.581757958463745783e+00
3.817626447833136094e+00
4.043486043273134989e+00
4.257978018351701976e+00
4.459586944586564350e+00
4.646655397118683695e+00
4.817420631286194244e+00
4.970048602154953699e+00
5.102692576226761645e+00
5.213557690118791221e+00
5.300966017710961431e+00
5.363432851862690143e+00
5.399729347828725601e+00
5.408948661853961504e+00
5.390558278722254570e+00
5.344430214594347639e+00
5.270860037765442208e+00
5.170556540458738581e+00
5.044620299531564989e+00
4.894504380666829135e+00
4.721953363798434999e+00
4.528940860830950932e+00
4.317597796514066388e+00
4.090145352799830825e+00
3.848834182032816464e+00
3.595885242194188258e+00
3.333446100062182893e+00
3.063554559424394252e+00
2.788111870170747242e+00
2.508867965358101859e+00
2.227409750787590070e+00
1.945160903933078611e+00
1.663386441600122501e+00
1.383197429238241627e+00
1.105562464886307383e+00
8.313186317427726513e-01
5.611841291863531866e-01
2.957724351696913168e-01
3.560278240914430126e-02
-2.188868231761714189e-01
-4.673278395716805034e-01
-7.094128394076119060e-01
-9.448853718050590489e-01
-1.173532228704778912e+00
-1.395176737626192320e+00
-1.609671907308115379e+00
-1.816896693133788654e+00
-2.016751361411367238e+00
-2.209153219898406295e+00
-2.394035081812728283e+00
-2.571342040841914756e+00
-2.741029148999464038e+00
-2.903061117717212980e+00
-3.057410945633469712e+00
-3.204059640147387977e+00
-3.342996640167557487e+00
-3.474219455998406758e+00
-3.597734158694717799e+00
-3.713555680221862332e+00
-3.821707436350726628e+00
-3.922221867564715581e+00
-4.015140455900173322e+00
-4.100513430199733911e+00
-4.178400596225689156e+00
-4.248871531074342123e+00
-4.312005587099059234e+00
-4.367892837636032866e+00
-4.416634258814699621e+00
-4.458341713467788736e+00
-4.493138756485355323e+00
-4.521160687993670102e+00
-4.542554392713017641e+00
-4.557478917691584641e+00
-4.566105493764271550e+00
-4.568617371608116429e+00
-4.565210255614847057e+00
-4.556092309025675746e+00
-4.541483867744617875e+00
-4.521617620386233938e+00
-4.496738626027604546e+00
-4.467103938335720059e+00
-4.432982509412640049e+00
-4.394655171322885856e+00
-4.352414084924707716e+00
-4.306562366924467256e+00
-4.257414184789267253e+00
-4.205294260009777574e+00
-4.150537489850189665e+00
-4.093489302392861795e+00
-4.034505738692078403e+00
-3.973953570824926729e+00
-3.912211044174627173e+00
-3.849668909050254051e+00
-3.786731448883153828e+00
-3.723818059315118667e+00
-3.661365651635027252e+00
-3.599831349627976351e+00
-3.539695750864456869e+00
-3.481467361642920366e+00
-3.425688290228338317e+00
-3.372940957825203867e+00
-3.323856550256612419e+00
-3.279125971710211029e+00
-3.239513240375201608e+00
-3.205871646218406035e+00
-3.179163581543865913e+00
-3.160484500147041853e+00
-3.151090017354134964e+00
-3.152423438823943602e+00
-3.166136690399652842e+00
-3.194086043332397651e+00
-3.238256319283884910e+00
-3.300500864930016043e+00
-3.381817589751161979e+00
-3.480445535476551999e+00
-3.586898137484491933e+00
-3.670838375896401828e+00
-3.645090099575855280e+00
-3.249236688483186697e+00
-1.489501261067972093e+00
3.114395835477603125e+00
2.073761016679024127e+00
1.000272336087256964e+00
1.000000000000028866e+00
1.000000000000000000e+00
