1.000000000000000000e+00
1.000000050848721456e+00
1.000000266388882064e+00
1.000001989523090051e+00
1.000009536302510993e+00
1.000033038996262169e+00
1.000093985668695007e+00
1.000235924023117118e+00
1.000544206466663866e+00
1.001180296348851639e+00
1.002437713514058304e+00
1.004827121089216346e+00
1.009195088560985054e+00
1.016870753236235547e+00
1.029811972753831073e+00
1.050684396462575831e+00
1.082762166615625743e+00
1.129520043586935252e+00
1.193855676542321387e+00
1.277117223418221759e+00
1.378443328424693748e+00
1.495201711728077587e+00
1.624896007872426162e+00
1.767678833976412234e+00
1.927240002583287648e+00
2.107738347975759652e+00
2.307899622264568684e+00
2.516405875076022536e+00
2.713043756494688541e+00
2.875283120234233714e+00
2.984823570238508417e+00
3.031622461773124222e+00
3.013732145897513259e+00
2.935501998082159503e+00
2.805326002416965281e+00
2.633498374604336778e+00
2.431220657246395689e+00
2.209293738691047171e+00
1.977715325037312510e+00
1.745159922992659762e+00
1.518863496863100515e+00
1.304735686466673261e+00
1.107250743954691696e+00
9.296853255630113111e-01
7.741451777131543865e-01
6.417899664735552401e-01
5.329797380348847424e-01
4.474371045434715755e-01
3.844627573291733436e-01
3.430000526469059174e-01
3.217804264666648817e-01
3.193771522549597175e-01
3.342923298157338685e-01
3.650273872113212748e-01
4.100972662522431311e-01
4.680756438748922554e-01
5.375898171098613121e-01
6.173404752332104506e-01
7.061018592770622604e-01
8.027173042925502822e-01
9.061050653710845948e-01
1.015238307457523526e+00
1.129143281591450831e+00
1.246882981699963366e+00
1.367550324901967818e+00
1.490264946919007683e+00
1.614156359363831506e+00
1.738360632098790548e+00
1.862008864472089131e+00
1.984225797341266029e+00
2.104130344889213244e+00
2.220831511809783887e+00
2.333433673014925436e+00
2.441037652627244370e+00
2.542750205738389724e+00
2.637694782192101073e+00
2.725021377801180034e+00
2.803922054307209422e+00
2.873642881634814739e+00
2.933500373928032534e+00
2.982896362208971919e+00
3.021330173615082160e+00
3.048411553520737893e+00
3.063867646816717194e+00
3.067550263967806501e+00
3.059438898401404039e+00
3.039638820726822122e+00
3.008377680010427824e+00
2.965996229548796936e+00
2.912938701259742302e+00
2.849740542579127567e+00
2.777013309517561535e+00
2.695430464096499890e+00
2.605711005593578822e+00
2.508605341075221595e+00
2.404881899174168947e+00
2.295313250301551200e+00
2.180665316657129260e+00
2.061687130301526949e+00
1.939103127861296016e+00
1.813607479372916886e+00
1.685858751714825576e+00
1.556477278006961118e+00
1.426043207958566983e+00
1.295095516040532413e+00
1.164132460662755442e+00
1.033611674660820379e+00
9.039517641396215275e-01
7.755341991568337479e-01
6.487046687894485464e-01
5.237754513499622844e-01
4.010274199891329383e-01
2.807122443428316516e-01
1.630548619239313157e-01
4.825517252070433971e-02
-6.350969766781791592e-02
-1.720833187392528107e-01
-2.773285305540988399e-01
-3.791255577370932217e-01
-4.773705504135500877e-01
-5.719742748908233088e-01
-6.628607033712834440e-01
-7.499662141708119956e-01
-8.332385557691256439e-01
-9.126358425446289280e-01
-9.881261070663498458e-01
-1.059686464094020453e+00
-1.127302441359727680e+00
-1.190967733478543122e+00
-1.250683711963118894e+00
-1.306459160919384299e+00
-1.358310160531370103e+00
-1.406259794732362289e+00
-1.450338038684409359e+00
-1.490581602563664010e+00
-1.527033622401346102e+00
-1.559743547889034465e+00
-1.588766913536254544e+00
-1.614165037502040656e+00
-1.636004965825254009e+00
-1.654359277000029715e+00
-1.669305843035462145e+00
-1.680927798409106222e+00
-1.689313342207406032e+00
-1.694555496913292325e+00
-1.696752050785283128e+00
-1.696005337423168946e+00
-1.692421970810944032e+00
-1.686112748342985634e+00
-1.677192436770104544e+00
-1.665779523282453045e+00
-1.651996107044288120e+00
-1.635967705226309521e+00
-1.617823004620050131e+00
-1.597693728615512843e+00
-1.575714481978140347e+00
-1.552022523334181336e+00
-1.526757616695836317e+00
-1.500061919510027542e+00
-1.472079773591942864e+00
-1.442957559197876272e+00
-1.412843679875368963e+00
-1.381888445617512451e+00
-1.350244015526173902e+00
-1.318064541458152883e+00
-1.285506293757717966e+00
-1.252727843333806490e+00
-1.219890438112883446e+00
-1.187158507684342501e+00
-1.154700240678282697e+00
-1.122688370062836949e+00
-1.091301241641437603e+00
-1.060724064350798912e+00
-1.031150422537713718e+00
-1.002784209192147724e+00
-9.758420251283549396e-01
-9.505560179950087729e-01
-9.271773477865781210e-01
-9.059804649154293843e-01
-8.872681783872596872e-01
-8.713775190676600335e-01
-8.586864127652018563e-01
-8.496208236610991449e-01
-8.446611849158763841e-01
-8.443454642732807214e-01
-8.492629556947931535e-01
-8.600253210673921567e-01
-8.771840047079092484e-01
-9.010219061876424407e-01
-9.310440388565049963e-01
-9.647179447725447998e-01
-9.942343117931541352e-01
-9.976317179963241077e-01
-9.121577315584423751e-01
-5.429488233340876713e-01
8.004413237972011208e-01
2.809595726178201414e+00
1.104552332158352135e+00
1.000001514522784296e+00
1.000000000000000000e+00
1.000000000000000000e+00
