1.000000000000000000e+00
1.000000321334857833e+00
1.000001626805392618e+00
1.000012104107350419e+00
1.000058090405774536e+00
1.000201161709183495e+00
1.000571051226626818e+00
1.001428201211737923e+00
1.003276243163879977e+00
1.007049932316973040e+00
1.014403828938460927e+00
1.028112037796718115e+00
1.052544606205984223e+00
1.094095030476742503e+00
1.161295167145431906e+00
1.264214525671292444e+00
1.412736042461610442e+00
1.613613178114674307e+00
1.866918968148358005e+00
2.163438628221579840e+00
2.484955367324582109e+00
2.809209449887353660e+00
3.119369096228570282e+00
3.414788572690763413e+00
3.716274214217759830e+00
4.057516889365970769e+00
4.464747518964217399e+00
4.937823231790306799e+00
5.448886417932651050e+00
5.957712469092011354e+00
6.425606258410952343e+00
6.822281536017658077e+00
7.122930577803060714e+00
7.305137048485029538e+00
7.347845041826549739e+00
7.231201219535416058e+00
6.941312873628596947e+00
6.471361176840005669e+00
5.826295080753962630e+00
5.024555302236860754e+00
4.099485767098711264e+00
3.098345748792556531e+00
2.074932877591301406e+00
1.082808638580083249e+00
1.670649158450191463e-01
-6.394328036625164247e-01
-1.317693071242045599e+00
-1.861646039759186744e+00
-2.274834090588117252e+00
-2.567442421101790551e+00
-2.752504718929716265e+00
-2.843720873138098515e+00
-2.853961820559462570e+00
-2.794676067413519149e+00
-2.676129108265440149e+00
-2.507478990256397644e+00
-2.297156680679564467e+00
-2.052914920691257805e+00
-1.781875412325813368e+00
-1.490507106744956012e+00
-1.184485920014187732e+00
-8.687214414617733249e-01
-5.472910951452009121e-01
-2.235015666968997450e-01
1.000693902052280232e-01
4.215210681323293129e-01
7.394791884375302438e-01
1.053011259385434606e+00
1.361492061136719611e+00
1.664522070412535637e+00
1.961856016379510237e+00
2.253307202131509257e+00
2.538700012536789785e+00
2.817798738138992842e+00
3.090275723960823395e+00
3.355682637337980445e+00
3.613413494426750638e+00
3.862695137737900186e+00
4.102560490723263342e+00
4.331849802158019180e+00
4.549214194677599465e+00
4.753120063666670170e+00
4.941878037842521110e+00
5.113665091426264908e+00
5.266576529360959213e+00
5.398685330274259897e+00
5.508103626366132488e+00
5.593062685307781834e+00
5.651980770126589171e+00
5.683543279810788107e+00
5.686773463516991534e+00
5.661082701115065063e+00
5.606314122828838897e+00
5.522753561865546779e+00
5.411129948056191630e+00
5.272593547653658064e+00
5.108664279166410971e+00
4.921175130176489887e+00
4.712198658797053241e+00
4.483974527774754470e+00
4.238840054766677135e+00
3.979157815707564438e+00
3.707259831344006606e+00
3.425398129106932643e+00
3.135705682069593880e+00
2.840171894347073511e+00
2.540621153894972117e+00
2.238706601460939805e+00
1.935910342031827991e+00
1.633544131889780315e+00
1.332759760538857252e+00
1.034559237803809761e+00
7.398078351337341596e-01
4.492497306292828063e-01
1.635191200742033002e-01
-1.168447660646534519e-01
-3.913839901340478433e-01
-6.597125340514458092e-01
-9.215041942735903158e-01
-1.176483495381493549e+00
-1.424417764205763159e+00
-1.665108811805624978e+00
-1.898388677532444335e+00
-2.124113992802934892e+00
-2.342160723711970149e+00
-2.552422507760453652e+00
-2.754806606458028551e+00
-2.949231015260889155e+00
-3.135624246136001325e+00
-3.313923604145509128e+00
-3.484074905428004687e+00
-3.646033106416383340e+00
-3.799761850067225666e+00
-3.945234143484551037e+00
-4.082432766251739231e+00
-4.211349760943181586e+00
-4.331987162372835876e+00
-4.444357020348495446e+00
-4.548481009809386855e+00
-4.644391563913924159e+00
-4.732132156209037710e+00
-4.811757336861820278e+00
-4.883334046355642499e+00
-4.946941908717660041e+00
-5.002673270050681964e+00
-5.050634352264263605e+00
-5.090945402965956212e+00
-5.123740568088854808e+00
-5.149168765777881518e+00
-5.167393818244279124e+00
-5.178594340986565570e+00
-5.182964440110298554e+00
-5.180713835412994683e+00
-5.172067593654427142e+00
-5.157266487999558890e+00
-5.136567136224920560e+00
-5.110241605452012337e+00
-5.078577385985159509e+00
-5.041877459600749845e+00
-5.000459639890097563e+00
-4.954656137146818295e+00
-4.904813732612532284e+00
-4.851293135164733705e+00
-4.794468470718963538e+00
-4.734727724183742659e+00
-4.672472776816716689e+00
-4.608119447501033861e+00
-4.542098319707480236e+00
-4.474855894703107850e+00
-4.406855666820296058e+00
-4.338579851438783663e+00
-4.270532115618047797e+00
-4.203240578167823038e+00
-4.137261418260952617e+00
-4.073183879506096616e+00
-4.011636745445741781e+00
-3.953295918655129526e+00
-3.898894020912802461e+00
-3.849232975633551046e+00
-3.805199428871853140e+00
-3.767783385282672093e+00
-3.738101264822849767e+00
-3.717424074778330922e+00
-3.707209690971099203e+00
-3.709136462289636782e+00
-3.725130755762660062e+00
-3.757368216328950794e+00
-3.808197556555206642e+00
-3.879861567684038004e+00
-3.973704145199897564e+00
-4.088073320349303152e+00
-4.212892849863038691e+00
-4.315743617478346117e+00
-4.306085136829596927e+00
-3.926477703612583969e+00
-2.183561989005235571e+00
2.748729101784666451e+00
2.440370150025491736e+00
1.000739182912327108e+00
1.000000000000221156e+00
1.000000000000000000e+00
