1.000000000000000000e+00
1.000000172273840748e+00
1.000000884683958091e+00
1.000006592827237917e+00
1.000031623826070470e+00
1.000109532317823069e+00
1.000311211854959081e+00
1.000779563768849245e+00
1.001792549003054145e+00
1.003870403922134669e+00
1.007944881838412243e+00
1.015604045249591580e+00
1.029407049698743526e+00
1.053217686031335143e+00
1.092424440893613680e+00
1.153807993890270778e+00
1.244745862674932813e+00
1.371530958909360054e+00
1.536961955997537599e+00
1.738086795187483657e+00
1.965601436516999145e+00
2.206595073712919852e+00
2.450896780539886688e+00
2.698543659387582672e+00
2.963081206592697470e+00
3.264965834362772767e+00
3.617177152880309610e+00
4.012461742673068876e+00
4.422886190413342078e+00
4.811143939744471965e+00
5.141555145057931320e+00
5.386774649170257057e+00
5.527407535249012405e+00
5.550567811804277163e+00
5.448882479576888649e+00
5.219645581669818846e+00
4.866743184876616723e+00
4.400133236965843686e+00
3.836981027238202113e+00
3.200592728061421699e+00
2.519064029968052232e+00
1.823300872297482167e+00
1.143137876343814696e+00
5.049523689907410295e-01
-7.093835987247164299e-02
-5.708899066232216990e-01
-9.878487799283788284e-01
-1.320378489684139733e+00
-1.570985913686780311e+00
-1.744982347779341136e+00
-1.849100656522612240e+00
-1.890744355333047189e+00
-1.877343543620095367e+00
-1.815971910375663301e+00
-1.713294934555101623e+00
-1.575437646673974124e+00
-1.408044892762326139e+00
-1.216232231924305962e+00
-1.004590552686405625e+00
-7.771951915604744521e-01
-5.375756370007673812e-01
-2.887763289789261889e-01
-3.336281726535160475e-02
2.265158918856637060e-01
4.890872794217384634e-01
7.529194995849554095e-01
1.016837551253189753e+00
1.279878489657441110e+00
1.541219227323416208e+00
1.800133315262364642e+00
2.055952005999513776e+00
2.308009667214030891e+00
2.555615425182865774e+00
2.798010280044967324e+00
3.034347282067238805e+00
3.263674602439324612e+00
3.484915945049689601e+00
3.696870056766270896e+00
3.898204028233863028e+00
4.087467434970025515e+00
4.263112303021578953e+00
4.423517891191807827e+00
4.567033089541268076e+00
4.692016865932793657e+00
4.796895994380278694e+00
4.880224628342734405e+00
4.940740459846521659e+00
4.977424377662554633e+00
4.989544573137210115e+00
4.976697752682668785e+00
4.938835170428502508e+00
4.876268548865028585e+00
4.789665428313501394e+00
4.680022325712361209e+00
4.548630625717909659e+00
4.397031595113714886e+00
4.226958708846181523e+00
4.040282398098870686e+00
3.838951640539940424e+00
3.624942107469804053e+00
3.400211476375122555e+00
3.166657902156532867e+00
2.926090980777041661e+00
2.680208784040668313e+00
2.430582118130763636e+00
2.178647440875554064e+00
1.925701750180654370e+00
1.672905385967176972e+00
1.421287871574209438e+00
1.171753451033020532e+00
9.250911356419873055e-01
6.819840685134235247e-01
4.430198426938066203e-01
2.087017342587044466e-01
-2.054287194503628955e-02
-2.443523502778262302e-01
-4.624216913850800470e-01
-6.744959031525454840e-01
-8.803621887467830698e-01
-1.079843911624126518e+00
-1.272795355894185354e+00
-1.459096422067306609e+00
-1.638649618600144686e+00
-1.811376442996221803e+00
-1.977214055168811990e+00
-2.136113960160892500e+00
-2.288039495762075770e+00
-2.432963991050536734e+00
-2.570870413085408313e+00
-2.701750253498568011e+00
-2.825603221298449430e+00
-2.942437458935150296e+00
-3.052269199778918640e+00
-3.155123049193765183e+00
-3.251032134555873032e+00
-3.340037764833195144e+00
-3.422189758349874378e+00
-3.497546390233748248e+00
-3.566174110663232977e+00
-3.628148080125540353e+00
-3.683552240729651928e+00
-3.732479245240130528e+00
-3.775031069590883970e+00
-3.811319066703824365e+00
-3.841463872210820973e+00
-3.865595906204247090e+00
-3.883855324560337774e+00
-3.896391811276755490e+00
-3.903364907501571501e+00
-3.904943934016109175e+00
-3.901307777445927272e+00
-3.892645112898087234e+00
-3.879154315171768896e+00
-3.861043159066717578e+00
-3.838528862913050066e+00
-3.811838018029245045e+00
-3.781206236075606242e+00
-3.746878007125987065e+00
-3.709106622742821546e+00
-3.668153719793444179e+00
-3.624288965642086247e+00
-3.577790098630311721e+00
-3.528942552333360627e+00
-3.478039184386926053e+00
-3.425380562306832299e+00
-3.371275074865102805e+00
-3.316039098301180488e+00
-3.259997652029625659e+00
-3.203485304994312610e+00
-3.146847125453639649e+00
-3.090440087272616321e+00
-3.034635142657340356e+00
-2.979819585462969211e+00
-2.926399917591150146e+00
-2.874805681409054348e+00
-2.825494341325778258e+00
-2.778957063485689716e+00
-2.735725949793248013e+00
-2.696383312231393603e+00
-2.661572969400420430e+00
-2.632013810504799878e+00
-2.608516264777531735e+00
-2.592001891791327672e+00
-2.583525053199984267e+00
-2.584293931709556347e+00
-2.595684061480143967e+00
-2.619226969409803374e+00
-2.656531467924707623e+00
-2.709035153456386347e+00
-2.777332649640011919e+00
-2.859429374963841752e+00
-2.946174718434618534e+00
-3.008946811615436978e+00
-2.964368441324529257e+00
-2.555993902382603711e+00
-8.227417294038346096e-01
3.337038916337213834e+00
1.748107311674569342e+00
1.000089863274814306e+00
1.000000000000000000e+00
1.000000000000000000e+00
