1.000000000000000000e+00
1.000000141443668333e+00
1.000000729194707949e+00
1.000005436428743621e+00
1.000026073237487712e+00
1.000090312193809172e+00
1.000256663138057167e+00
1.000643192715371610e+00
1.001479908737174185e+00
1.003198235508383496e+00
1.006573220162562343e+00
1.012931433558290850e+00
1.024423152418652894e+00
1.044321164784530076e+00
1.077241617816758534e+00
1.129089014645381583e+00
1.206454089199368029e+00
1.315241996696824733e+00
1.458608656802764303e+00
1.634911738703380690e+00
1.836989624317383107e+00
2.054338683886891559e+00
2.278526003310339387e+00
2.509659964343150307e+00
2.759168933029445991e+00
3.043846197690879052e+00
3.373146045233248458e+00
3.738092801812613164e+00
4.111154497584349699e+00
4.456616808161977694e+00
4.740847166286020098e+00
4.938778858026242169e+00
5.033906314907500956e+00
5.016996231879208956e+00
4.884902141580269586e+00
4.639399154510948087e+00
4.288285326573330281e+00
3.844382076168534113e+00
3.325863927990376556e+00
2.754833445989901985e+00
2.155876332207343982e+00
1.554431835633350634e+00
9.739706976913232728e-01
4.345352220739800986e-01
-4.888074166926961034e-02
-4.664909282979741723e-01
-8.134669350619214701e-01
-1.089126482763874471e+00
-1.295676305890870905e+00
-1.437423474404002866e+00
-1.519790268671002975e+00
-1.548785668459068621e+00
-1.530514192691960096e+00
-1.470856626026036063e+00
-1.375398948342049676e+00
-1.249296577787655460e+00
-1.097301406074122632e+00
-9.237117449534094638e-01
-7.323755118213088888e-01
-5.267036025452175307e-01
-3.096541478507958134e-01
-8.379141312370959327e-02
1.487016891881854375e-01
3.859671693787212199e-01
6.264363971893300853e-01
8.688001132298770468e-01
1.111939828241836237e+00
1.354892426078882606e+00
1.596792048461442626e+00
1.836836234972626380e+00
2.074255482317588495e+00
2.308269451506255177e+00
2.538065197416139895e+00
2.762763278310974790e+00
2.981403752255873840e+00
3.192935237498277345e+00
3.396202583479412951e+00
3.589951633493976058e+00
3.772829714871472895e+00
3.943404559832967227e+00
4.100188620160731823e+00
4.241667493999106142e+00
4.366342607971544609e+00
4.472771045016418867e+00
4.559618007801918615e+00
4.625708367042983937e+00
4.670072567613464010e+00
4.691992549389238043e+00
4.691032013411740031e+00
4.667062086386743580e+00
4.620272899071077966e+00
4.551167912676059579e+00
4.460549803708220296e+00
4.349489098985872104e+00
4.219288480021196719e+00
4.071440111463214606e+00
3.907574593175727973e+00
3.729413829971208738e+00
3.538722918169493692e+00
3.337268629732005998e+00
3.126784585806784200e+00
2.908939451791647812e+00
2.685315502444507896e+00
2.457392070283606511e+00
2.226534667491623765e+00
1.993990887786408095e+00
1.760887582090567616e+00
1.528234191504561412e+00
1.296928297652657491e+00
1.067760693035851416e+00
8.414239750699830100e-01
6.185204625255731337e-01
3.995708114537249722e-01
1.850233383684516675e-01
-2.473898450105591063e-02
-2.293901455954792390e-01
-4.286535170810570339e-01
-6.222963641807561785e-01
-8.101233442761069936e-01
-9.919714649170108256e-01
-1.167705691626312436e+00
-1.337214496787562990e+00
-1.500407293954388432e+00
-1.657211371239376341e+00
-1.807569062900626466e+00
-1.951436576726333305e+00
-2.088781840821043456e+00
-2.219582902868151741e+00
-2.343827559089846524e+00
-2.461512360851509484e+00
-2.572642288088168083e+00
-2.677230858207042985e+00
-2.775299777349116592e+00
-2.866879107853155695e+00
-2.952007330035749444e+00
-3.030731000096632322e+00
-3.103104959795177642e+00
-3.169192233076433052e+00
-3.229063732971499512e+00
-3.282798642904307229e+00
-3.330484415262717768e+00
-3.372216651780896690e+00
-3.408099548210129282e+00
-3.438245877583255172e+00
-3.462776850449333477e+00
-3.481822467391481712e+00
-3.495521416939340043e+00
-3.504020841867022007e+00
-3.507476549374729302e+00
-3.506052886100100352e+00
-3.499922501254195240e+00
-3.489266471863547103e+00
-3.474274172474735689e+00
-3.455142972568757909e+00
-3.432078220389380263e+00
-3.405293135800786519e+00
-3.375008473660842778e+00
-3.341452365824589155e+00
-3.304860222144662352e+00
-3.265474323793263522e+00
-3.223543540217264081e+00
-3.179323347797990973e+00
-3.133075513269484969e+00
-3.085067873718491338e+00
-3.035574589013088520e+00
-2.984876263437386434e+00
-2.933260128061944805e+00
-2.881020645821665394e+00
-2.828460344636079427e+00
-2.775890710520713789e+00
-2.723633486448644003e+00
-2.672022555665203747e+00
-2.621406104497153500e+00
-2.572149247576840381e+00
-2.524637507043198337e+00
-2.479281224571254327e+00
-2.436520792629429000e+00
-2.396833177222267075e+00
-2.360740228345706626e+00
-2.328818770261304127e+00
-2.301712669551492674e+00
-2.280147376031062212e+00
-2.264947021156534568e+00
-2.257052990332418574e+00
-2.257541207117975901e+00
-2.267631380265595187e+00
-2.288671419585839750e+00
-2.322056533998282379e+00
-2.368985875060030555e+00
-2.429817006989176242e+00
-2.502401567510179614e+00
-2.577736319408741483e+00
-2.628145940222642807e+00
-2.572840114972616998e+00
-2.161064752679124457e+00
-4.637156976587373802e-01
3.386165824493242216e+00
1.584104695893379766e+00
1.000045464979273602e+00
1.000000000000000000e+00
1.000000000000000000e+00
