1.000000000000000000e+00
1.000000085920977888e+00
1.000000446803158916e+00
1.000003334259120136e+00
1.000015986210181396e+00
1.000055379480039752e+00
1.000157468122127469e+00
1.000394973990107239e+00
1.000910038659523549e+00
1.001970523462965224e+00
1.004060777920488867e+00
1.008017306363134136e+00
1.015212936583770986e+00
1.027773260389294396e+00
1.048769054167660419e+00
1.082266143159168692e+00
1.133051259245065667e+00
1.205849020849762976e+00
1.303998396933363280e+00
1.427963900916636497e+00
1.574544573411919002e+00
1.737964489176071714e+00
1.913263582273339480e+00
2.100540585526000203e+00
2.306637437569460047e+00
2.540720376917849244e+00
2.805325960103753236e+00
3.088902370210314441e+00
3.366459199535322799e+00
3.607984842077281762e+00
3.786936113111555535e+00
3.885737551946309765e+00
3.895998634472946254e+00
3.817068779954125635e+00
3.654175538473423135e+00
3.416479952224633632e+00
3.116592890835882201e+00
2.768954418172855814e+00
2.389254497128510124e+00
1.993186722244111087e+00
1.595632650162986721e+00
1.210138929429348531e+00
8.479979261951531289e-01
5.181239441412844871e-01
2.267274015274172994e-01
-2.243024476357630137e-02
-2.277688049679955085e-01
-3.894850892946210008e-01
-5.090010750634260672e-01
-5.886901702412052906e-01
-6.314721837694259321e-01
-6.406095327996027544e-01
-6.194746951549858771e-01
-5.713764336381769171e-01
-4.995076362047130569e-01
-4.068512615471216454e-01
-2.961836101029984847e-01
-1.700389545157147964e-01
-3.071138797355575309e-02
1.197334288654610945e-01
2.794626314164171399e-01
4.468356711719351226e-01
6.203937021144930730e-01
7.988239249640494144e-01
9.809390088301690458e-01
1.165661784755671171e+00
1.351986776745138119e+00
1.538963377341112881e+00
1.725664894054797616e+00
1.911173389638080700e+00
2.094566946926423423e+00
2.274898698304676614e+00
2.451190595981736386e+00
2.622420106779529192e+00
2.787520770243309354e+00
2.945385717482319698e+00
3.094871238161620131e+00
3.234812006567141296e+00
3.364033645130406924e+00
3.481376557503084612e+00
3.585721663012132243e+00
3.676016327350054347e+00
3.751306049400463305e+00
3.810760295584184831e+00
3.853701935496196995e+00
3.879631611109470857e+00
3.888244539380297571e+00
3.879444135579043884e+00
3.853343835166465503e+00
3.810265400027864846e+00
3.750729177514521950e+00
3.675435631609601739e+00
3.585244542758419861e+00
3.481147017027186763e+00
3.364238395931400838e+00
3.235690231140224693e+00
3.096719981999864313e+00
2.948565277979455779e+00
2.792459028052530101e+00
2.629609286132258195e+00
2.461183347556533896e+00
2.288293387438964377e+00
2.111987793361639554e+00
1.933244705225860560e+00
1.752968173391752815e+00
1.571987648040553465e+00
1.391057544847205341e+00
1.210859959386708207e+00
1.032008289230943898e+00
8.550502362680107993e-01
6.804727314528237203e-01
5.087063293622026139e-01
3.401299703108841554e-01
1.750761761580483800e-01
1.383486293521478047e-02
-1.433419519228381900e-01
-2.962358612440460504e-01
-4.446589855251688594e-01
-5.884502087590089969e-01
-7.274722383051921426e-01
-8.616090080337552859e-01
-9.907629945616555078e-01
-1.114853644819372658e+00
-1.233815466024905438e+00
-1.347596230064298295e+00
-1.456156170772604952e+00
-1.559466564563552149e+00
-1.657508633014925570e+00
-1.750273191488871616e+00
-1.837759909752310961e+00
-1.919976976455465723e+00
-1.996941029750601171e+00
-2.068676804933023305e+00
-2.135217098083534104e+00
-2.196602664896125212e+00
-2.252881869747678678e+00
-2.304110673913396745e+00
-2.350352431388061714e+00
-2.391677566993421600e+00
-2.428163670649781558e+00
-2.459895356847741965e+00
-2.486964051421375110e+00
-2.509468127753360367e+00
-2.527512759915625296e+00
-2.541209700797980808e+00
-2.550677366142001912e+00
-2.556040640201698633e+00
-2.557430602107184647e+00
-2.554984529487757783e+00
-2.548845698607339560e+00
-2.539163119030422244e+00
-2.526091496764579780e+00
-2.509791044785748770e+00
-2.490427192718946525e+00
-2.468170480274287648e+00
-2.443196402008030343e+00
-2.415685118375935136e+00
-2.385821286527712637e+00
-2.353793938072915370e+00
-2.319796177969202677e+00
-2.284024972652232144e+00
-2.246681139351124568e+00
-2.207969144012168705e+00
-2.168096976870941717e+00
-2.127276340849730829e+00
-2.085722781993883945e+00
-2.043655883482006885e+00
-2.001299751101877966e+00
-1.958883674123050644e+00
-1.916642862693876292e+00
-1.874819482144394867e+00
-1.833664102538381524e+00
-1.793437383629325810e+00
-1.754412119107874091e+00
-1.716875895120503870e+00
-1.681134425955881806e+00
-1.647515511408384148e+00
-1.616373922322466461e+00
-1.588097531028351828e+00
-1.563114678007062386e+00
-1.541902863823161773e+00
-1.524998975790383460e+00
-1.513010872285386110e+00
-1.506629150349761748e+00
-1.506636313223993273e+00
-1.513906878946553292e+00
-1.529383126871127097e+00
-1.553990595581745904e+00
-1.588408429198109317e+00
-1.632486582972248579e+00
-1.683775067001075154e+00
-1.733705486475761282e+00
-1.757126519740133341e+00
-1.681104396193892958e+00
-1.277926132391871361e+00
2.752820946144645675e-01
3.243927999440079368e+00
1.278592266096737928e+00
1.000008306580117745e+00
1.000000000000000000e+00
1.000000000000000000e+00
