1.000000000000000000e+00
1.000000063220322755e+00
1.000000330246465285e+00
1.000002465672934937e+00
1.000011819835653348e+00
1.000040948830658749e+00
1.000116466821225902e+00
1.000292269139742452e+00
1.000673876960307629e+00
1.001460611184106675e+00
1.003014067424751854e+00
1.005961568980324294e+00
1.011339050662997341e+00
1.020764268141147291e+00
1.036602455887360330e+00
1.062039520164792306e+00
1.100925560343881227e+00
1.157236039100889569e+00
1.234094923435530067e+00
1.332602717967487527e+00
1.451107214796919287e+00
1.585859404907389969e+00
1.733455459191413972e+00
1.893986939221940835e+00
2.072217809291583279e+00
2.273998098314377270e+00
2.499214778286170446e+00
2.736128993800533316e+00
2.962376612690268640e+00
3.152302940095909722e+00
3.284321879337211314e+00
3.345570357680395901e+00
3.331920899486620069e+00
3.246294468542989087e+00
3.096486075418963146e+00
2.893003397268945509e+00
2.648154152027003772e+00
2.374534728749855272e+00
2.084496392214326921e+00
1.789342432632851532e+00
1.498980176811680609e+00
1.221854481260791880e+00
9.646173751859371537e-01
7.322950858127148521e-01
5.282351454198571661e-01
3.543627818546646879e-01
2.113741820076411038e-01
9.897519939746092510e-02
1.620018793168526497e-02
-3.846317464839067030e-02
-6.684888325488980154e-02
-7.101297701669508078e-02
-5.309912115711202391e-02
-1.523285723124677936e-02
4.050652505646534784e-02
1.121492147414832469e-01
1.978312989150978751e-01
2.958205047125076481e-01
4.045158111021792124e-01
5.224403199520114560e-01
6.482463329313086220e-01
7.806877798813780522e-01
9.186150028126786049e-01
1.060951281957831283e+00
1.206680929814923919e+00
1.354841638792878999e+00
1.504499752752864961e+00
1.654742012975449539e+00
1.804656939786618342e+00
1.953328447409958368e+00
2.099831618223523488e+00
2.243222630720626665e+00
2.382540164911666647e+00
2.516801736954906055e+00
2.645010669701056027e+00
2.766165196588443731e+00
2.879267231208575861e+00
2.983339183477172085e+00
3.077437630044710826e+00
3.160673954867327939e+00
3.232234553672314270e+00
3.291399136393078351e+00
3.337561223179275061e+00
3.370242269062709184e+00
3.389106783743701001e+00
3.393972417000725716e+00
3.384813742656340718e+00
3.361763627411768152e+00
3.325106405334747439e+00
3.275269528335613245e+00
3.212810729933947229e+00
3.138400437805632048e+00
3.052804209936470503e+00
2.956861514704625105e+00
2.851466579333655549e+00
2.737549654929535059e+00
2.616057371212690885e+00
2.487936868119049905e+00
2.354120679248044024e+00
2.215514985562445194e+00
2.072990684655611648e+00
1.927375190237425429e+00
1.779447948826008430e+00
1.629937118591806344e+00
1.479517733656838807e+00
1.328811931318528039e+00
1.178388919225076048e+00
1.028766995670175488e+00
8.804160527525617397e-01
7.337594938642737485e-01
5.891774781728165156e-01
4.470097364814847318e-01
3.075586436364128873e-01
1.710926224489285330e-01
3.784855920288509451e-02
-9.196508925675773993e-02
-2.181654511972906385e-01
-3.405932385254012429e-01
-4.591102012856014269e-01
-5.735971447738873463e-01
-6.839521613604194750e-01
-7.900887624732291226e-01
-8.919347972430079485e-01
-9.894310965344339515e-01
-1.082530176295066759e+00
-1.171195652512844854e+00
-1.255401185386162410e+00
-1.335129645163569023e+00
-1.410372816708618249e+00
-1.481130808611026639e+00
-1.547411751972037619e+00
-1.609231689808770849e+00
-1.666614252586889000e+00
-1.719590562775706877e+00
-1.768199088578542355e+00
-1.812485310307464959e+00
-1.852501635073859010e+00
-1.888307168002329561e+00
-1.919967395064752891e+00
-1.947554172905971326e+00
-1.971145545142682032e+00
-1.990825504856991168e+00
-2.006684016046027086e+00
-2.018816826716413715e+00
-2.027325227387281714e+00
-2.032316037301861833e+00
-2.033901386470834183e+00
-2.032198440812679419e+00
-2.027329334707140163e+00
-2.019420955584037003e+00
-2.008604682799421060e+00
-1.995016298800255994e+00
-1.978795790879775529e+00
-1.960087082045323559e+00
-1.939037902104700617e+00
-1.915799627342171352e+00
-1.890527026152065249e+00
-1.863378098728192933e+00
-1.834513957475487844e+00
-1.804098581389040001e+00
-1.772298643505139770e+00
-1.739283495086456410e+00
-1.705225016559429374e+00
-1.670297535276346279e+00
-1.634677985407407164e+00
-1.598546036553938343e+00
-1.562084282484416109e+00
-1.525478660531388586e+00
-1.488919017731771710e+00
-1.452599752876434946e+00
-1.416720700605572869e+00
-1.381488348697382795e+00
-1.347117259371263032e+00
-1.313831791045823705e+00
-1.281868314729247560e+00
-1.251477977263564245e+00
-1.222929975651597223e+00
-1.196515573288510881e+00
-1.172553092258275864e+00
-1.151393865147555928e+00
-1.133429181993099943e+00
-1.119098316074837784e+00
-1.108897343011626457e+00
-1.103387561085445112e+00
-1.103200784882075070e+00
-1.109035340941214365e+00
-1.121628487571844968e+00
-1.141672251332982446e+00
-1.169595197012008425e+00
-1.205021202209154207e+00
-1.245420248423632970e+00
-1.282624473201075643e+00
-1.293275251347279386e+00
-1.210194005549402707e+00
-8.241632435420872538e-01
6.117140224234689505e-01
3.010955532407429303e+00
1.161096316128077177e+00
1.000003034920401879e+00
1.000000000000000000e+00
1.000000000000000000e+00
