1.000000000000000000e+00
1.000000042233592401e+00
1.000000221762725516e+00
1.000001656639474712e+00
1.000007940050218425e+00
1.000027509527261271e+00
1.000078266564860874e+00
1.000196512037067942e+00
1.000453454410549670e+00
1.000983958139020302e+00
1.002033586431086531e+00
1.004030518293112184e+00
1.007686749357184386e+00
1.014124840069074329e+00
1.025008091406163002e+00
1.042620270073916000e+00
1.069802364714796505e+00
1.109634081900708225e+00
1.164798756611720165e+00
1.236762833886303703e+00
1.325183586420242365e+00
1.428211540682990277e+00
1.544023549302275811e+00
1.672877830390355536e+00
1.817795954354359367e+00
1.981882074394918813e+00
2.163262041377565392e+00
2.351223678038134146e+00
2.527421833575539623e+00
2.671825154822820014e+00
2.768590537699222587e+00
2.809588036752517670e+00
2.794119326761338229e+00
2.727096907462775111e+00
2.616821504307545787e+00
2.472938240376119534e+00
2.305466127205973326e+00
2.123683092456332577e+00
1.935836813452550098e+00
1.748809169395683982e+00
1.568127829300536735e+00
1.398156737006570838e+00
1.242091034445526931e+00
1.102206937559219391e+00
9.799176793119551698e-01
8.759672633616640836e-01
7.905457049251682911e-01
7.234069308979512725e-01
6.740250038938638832e-01
6.416278596677863488e-01
6.252975638708514472e-01
6.239991623394600673e-01
6.366395688668712305e-01
6.621163026174399224e-01
6.993230931877374434e-01
7.471829881496465653e-01
8.046420098599884607e-01
8.706844746830235682e-01
9.443331691944817363e-01
1.024646415828094348e+00
1.110724115768061626e+00
1.201692817272693725e+00
1.296706078148530450e+00
1.394933017909383510e+00
1.495554964248864360e+00
1.597765272950392390e+00
1.700757991741864483e+00
1.803727909578753730e+00
1.905863912300521879e+00
2.006350879868325165e+00
2.104373216833791194e+00
2.199114518040308663e+00
2.289764886547184464e+00
2.375524506383895229e+00
2.455613817305712043e+00
2.529284220984092446e+00
2.595827381023759539e+00
2.654588473469155385e+00
2.704975659414611933e+00
2.746472466095264409e+00
2.778648101375208679e+00
2.801164884610992001e+00
2.813785794343095059e+00
2.816376809232617795e+00
2.808909400916711707e+00
2.791459648988252162e+00
2.764203620458092647e+00
2.727411996726581744e+00
2.681440447309486164e+00
2.626720348733147414e+00
2.563747968238274222e+00
2.493071897157080663e+00
2.415281733578265477e+00
2.330995388706035065e+00
2.240848518616934903e+00
2.145484743853145027e+00
2.045545537854291940e+00
1.941662638563543819e+00
1.834450831844784302e+00
1.724502688882733059e+00
1.612384819948475601e+00
1.498634236626125382e+00
1.383756767816681554e+00
1.268225880544166628e+00
1.152482146734567170e+00
1.036933781921941078e+00
9.219567832390390683e-01
8.078962263024109802e-01
6.950677444487851631e-01
5.837585258922943776e-01
4.742291165227894845e-01
3.667149084637993939e-01
2.614277830908332545e-01
1.585579776737947311e-01
5.827532046182356401e-02
-3.926905611242153399e-02
-1.339411418646506424e-01
-2.256229961720903343e-01
-3.142113036185536501e-01
-3.996162643426633410e-01
-4.817605935798801586e-01
-5.605784242509904702e-01
-6.360146991340458467e-01
-7.080243574849509614e-01
-7.765715368123881079e-01
-8.416292234360354119e-01
-9.031785752252828869e-01
-9.612083738408064848e-01
-1.015714819075021369e+00
-1.066701116822338813e+00
-1.114177247948265004e+00
-1.158159854889766027e+00
-1.198671979848369373e+00
-1.235742948016054887e+00
-1.269408212284555582e+00
-1.299709069631727054e+00
-1.326692537967733454e+00
-1.350411135417977082e+00
-1.370922598735377029e+00
-1.388289803175966952e+00
-1.402580566748793611e+00
-1.413867418223636374e+00
-1.422227536524719893e+00
-1.427742552786682051e+00
-1.430498316975411965e+00
-1.430584816505113821e+00
-1.428095961371685041e+00
-1.423129333460248391e+00
-1.415786075538763011e+00
-1.406170684999326514e+00
-1.394390780280742259e+00
-1.380556984795098030e+00
-1.364782742141673388e+00
-1.347184088379747235e+00
-1.327879521615587644e+00
-1.306989855605517281e+00
-1.284638016209761480e+00
-1.260948905749117444e+00
-1.236049300414592489e+00
-1.210067670685507801e+00
-1.183134057231286729e+00
-1.155380058421468847e+00
-1.126938737954654712e+00
-1.097944585994676148e+00
-1.068533651028948928e+00
-1.038843662360160014e+00
-1.009014205130135622e+00
-9.791870625408634066e-01
-9.495066715660226420e-01
-9.201206474553178527e-01
-8.911804898580124590e-01
-8.628425341905576751e-01
-8.352690662995568838e-01
-8.086296685246247007e-01
-7.831029304447322259e-01
-7.588785634839286809e-01
-7.361598994155909015e-01
-7.151669271291014596e-01
-6.961400186389979927e-01
-6.793443172336821601e-01
-6.650747712674335288e-01
-6.536617813249716580e-01
-6.454770891518177844e-01
-6.409387466718270421e-01
-6.405126007353799666e-01
-6.447046457438713185e-01
-6.540315027056921027e-01
-6.689400310115078963e-01
-6.896086315554650348e-01
-7.154667621477511785e-01
-7.440142792212309786e-01
-7.677955347784828355e-01
-7.661185834390270566e-01
-6.801897968865097122e-01
-3.279545519438059609e-01
9.318214401456269558e-01
2.628300263586936136e+00
1.070364528326889442e+00
1.000000844724939331e+00
1.000000000000000000e+00
1.000000000000000000e+00
