1.000000000000000000e+00
1.000000059459354773e+00
1.000000310860636787e+00
1.000002321146157724e+00
1.000011126675852458e+00
1.000038547870862216e+00
1.000109643441656759e+00
1.000275170037100425e+00
1.000634534403992637e+00
1.001375588989565024e+00
1.002839328264193197e+00
1.005617823072545436e+00
1.010689901665242862e+00
1.019586529428907262e+00
1.034550938388049790e+00
1.058614175653677325e+00
1.095456610755745075e+00
1.148909164687980322e+00
1.222036247683599752e+00
1.316022289850849791e+00
1.429460422828320754e+00
1.558940203510662537e+00
1.701327672839383798e+00
1.856724708088012266e+00
2.029559101517282915e+00
2.225150809827552312e+00
2.443003465733488255e+00
2.671456960278552284e+00
2.888738748409025892e+00
3.070084730745045398e+00
3.194868849180121817e+00
3.251079932937008365e+00
3.235283483541545824e+00
3.150895192818326862e+00
3.005971409678252382e+00
2.811039171589928998e+00
2.578145559054194624e+00
2.319397548262403852e+00
2.046461932373480064e+00
1.769848210491647533e+00
1.498635703082416226e+00
1.240468571003569886e+00
1.001301298985179722e+00
7.855940266435632591e-01
5.962888306206556299e-01
4.350585030625513383e-01
3.024856245712881364e-01
1.982766227554907945e-01
1.215471318346975221e-01
7.092670481571715368e-02
4.475799745590042927e-02
4.118140713213648552e-02
5.825439891925129898e-02
9.404621888220100756e-02
1.466617132131649015e-01
2.142990911904982809e-01
2.952459485933595640e-01
3.879032557774478307e-01
4.907851855117979500e-01
6.025128272695013942e-01
7.218195112415063397e-01
8.475255352912330897e-01
9.785339803496541089e-01
1.113809390835715618e+00
1.252367405397060152e+00
1.393268448450596830e+00
1.535595376348680041e+00
1.678446713169857496e+00
1.820920169978097469e+00
1.962107779359886006e+00
2.101093130744569937e+00
2.236943146493158618e+00
2.368710728086945494e+00
2.495432619856975176e+00
2.616137272846281725e+00
2.729854615923407390e+00
2.835625342447935626e+00
2.932517545238991108e+00
3.019640074268786556e+00
3.096162105877142690e+00
3.161331902418179407e+00
3.214493382242825437e+00
3.255104386804224870e+00
3.282748637924841173e+00
3.297148411446589211e+00
3.298172353880301166e+00
3.285837367407242304e+00
3.260308330523970621e+00
3.221890314512151132e+00
3.171019640207745294e+00
3.108251031255314878e+00
3.034240628174124765e+00
2.949729334582121165e+00
2.855523000223409102e+00
2.752474763895241594e+00
2.641467944852188054e+00
2.523398174778193059e+00
2.399159115553292310e+00
2.269628875613125540e+00
2.135659546106904561e+00
1.998069312822517318e+00
1.857635171554902875e+00
1.715089045891827535e+00
1.571114912032071764e+00
1.426347240144966166e+00
1.281371305352850820e+00
1.136723198839199034e+00
9.928917218453708893e-01
8.503207008511065590e-01
7.094107294660411123e-01
5.705221414415007075e-01
4.339775737309015669e-01
3.000647677340662622e-01
1.690396838680892078e-01
4.112869234321064188e-02
-8.346858040921160959e-02
-2.045766440847614220e-01
-3.220423207164450075e-01
-4.357324017643487979e-01
-5.455318255906748126e-01
-6.513420493420759572e-01
-7.530793199716084851e-01
-8.506736781871924169e-01
-9.440676989568961286e-01
-1.033215282593612061e+00
-1.118081110375861664e+00
-1.198639654065368099e+00
-1.274874390341306896e+00
-1.346777518983168553e+00
-1.414349401085431612e+00
-1.477598267593400516e+00
-1.536540105534470735e+00
-1.591198341854863418e+00
-1.641603741445329945e+00
-1.687794256516713665e+00
-1.729814699010444379e+00
-1.767716645864354064e+00
-1.801558208919444182e+00
-1.831403721304722065e+00
-1.857323712275802174e+00
-1.879394718767868122e+00
-1.897699046265952871e+00
-1.912324773270636102e+00
-1.923365559956549120e+00
-1.930920405646116000e+00
-1.935093620723929764e+00
-1.935994606870607759e+00
-1.933737584144877619e+00
-1.928441513625727355e+00
-1.920229881424567298e+00
-1.909230440280939467e+00
-1.895575113888967156e+00
-1.879399799053851794e+00
-1.860844101960001717e+00
-1.840051207213902584e+00
-1.817167718300401580e+00
-1.792343410601278331e+00
-1.765731074005433054e+00
-1.737486395043616572e+00
-1.707767721773705727e+00
-1.676735898826845039e+00
-1.644554251461805228e+00
-1.611388445976846828e+00
-1.577406414855748285e+00
-1.542778511780383166e+00
-1.507677639535349279e+00
-1.472279437061206009e+00
-1.436762686428104896e+00
-1.401309861181283312e+00
-1.366107749886589451e+00
-1.331348311731423095e+00
-1.297229850599370904e+00
-1.263958386863961225e+00
-1.231749318514481217e+00
-1.200829555276290428e+00
-1.171440175870758882e+00
-1.143839575665380304e+00
-1.118307322366237644e+00
-1.095148939552567535e+00
-1.074701599816474396e+00
-1.057340753888975193e+00
-1.043487758433658819e+00
-1.033618199922921477e+00
-1.028269723220446741e+00
-1.028046655249886587e+00
-1.033615321456268443e+00
-1.045675996614253922e+00
-1.064879074293021866e+00
-1.091609472990783702e+00
-1.125454180280234029e+00
-1.163877977363755756e+00
-1.198807744889212490e+00
-1.207268077282305452e+00
-1.123301147822075796e+00
-7.416470805012077561e-01
6.688579536883410004e-01
2.956268217984596713e+00
1.143145587777914196e+00
1.000002491806150307e+00
1.000000000000000000e+00
1.000000000000000000e+00
