1.000000000000000000e+00
1.000000318108812625e+00
1.000001610886233294e+00
1.000011986004377018e+00
1.000057523049633801e+00
1.000199197729462863e+00
1.000565485052677728e+00
1.001414320737041397e+00
1.003244543418302603e+00
1.006982156836666586e+00
1.014266591775218274e+00
1.027847432321853383e+00
1.052057947556239270e+00
1.093241578966970495e+00
1.159870417420752364e+00
1.261955575951582809e+00
1.409342314286432529e+00
1.608790354819158663e+00
1.860440001689954714e+00
2.155204384815822660e+00
2.475034007477618481e+00
2.797836738712347504e+00
3.106899369833782565e+00
3.401593165176421962e+00
3.702604001323952065e+00
4.043394177130345213e+00
4.449961128959973422e+00
4.922034995917657696e+00
5.431750135495962084e+00
5.938910550575214664e+00
6.404828943121288809e+00
6.799208868673499495e+00
7.097273807068100737e+00
7.276723244312672811e+00
7.316711610008581168e+00
7.197683585346171142e+00
6.906083209992623928e+00
6.435440906194990873e+00
5.791003249541223141e+00
4.991398724899415384e+00
4.069974285948713799e+00
3.073755586492695091e+00
2.056118414945669048e+00
1.070100320558408535e+00
1.602947868451342628e-01
-6.408310015735043663e-01
-1.314540550003258756e+00
-1.854866273319252246e+00
-2.265327639147819205e+00
-2.556000304305985349e+00
-2.739779305697966461e+00
-2.830231840197887205e+00
-2.840121346005596070e+00
-2.780816977909232435e+00
-2.662524355516387775e+00
-2.494354645211578791e+00
-2.284696373817837856e+00
-2.041261186052716337e+00
-1.771129675754613997e+00
-1.480730366269179754e+00
-1.175702149305838828e+00
-8.609220642240105192e-01
-5.404413253023904185e-01
-2.175469284104703804e-01
1.051964969008923334e-01
4.258951111036443637e-01
7.431766798947685437e-01
1.056106743921052304e+00
1.364055376222114813e+00
1.666616324755982870e+00
1.963536135446292574e+00
2.254619205274475124e+00
2.539680531062282309e+00
2.818474956622438299e+00
3.090665385204525162e+00
3.355794096289736128e+00
3.613245931034732905e+00
3.862238746695686675e+00
4.101796883864474275e+00
4.330752487224576619e+00
4.547749236225458347e+00
4.751247063036745821e+00
4.939551361521928641e+00
5.110835550215867329e+00
5.263193358092532748e+00
5.394698474150420253e+00
5.503466334725664488e+00
5.587734190644678023e+00
5.645929039506915714e+00
5.676747523419101604e+00
5.679226225641003545e+00
5.652791432287678219e+00
5.597301993470237491e+00
5.513059561109992401e+00
5.400808151537798807e+00
5.261711628054785983e+00
5.097301500549107800e+00
4.909419899440113255e+00
4.700145901031378415e+00
4.471723021064198278e+00
4.226489868001833905e+00
3.966808061115966844e+00
3.695006730172953002e+00
3.413333472627850362e+00
3.123915699876121721e+00
2.828736469455035429e+00
2.529613415611820848e+00
2.228192774506448259e+00
1.925949802763258445e+00
1.624189668274527376e+00
1.324057925455272233e+00
1.026550782624501279e+00
7.325281747749705641e-01
4.427293938007503260e-01
1.577842130765061968e-01
-1.217721406686093633e-01
-3.954853612993857737e-01
-6.629727062619448219e-01
-9.239109488545110827e-01
-1.178027328555136810e+00
-1.425091659785216125e+00
-1.664908060816638002e+00
-1.897310710127110500e+00
-2.122158243267558309e+00
-2.339328529689574498e+00
-2.548717011349108663e+00
-2.750232685586167403e+00
-2.943795236238490265e+00
-3.129334812699761326e+00
-3.306790320538702588e+00
-3.476109140337032777e+00
-3.637247749904661376e+00
-3.790171275501828418e+00
-3.934854163584028175e+00
-4.071280586504103738e+00
-4.199443939836101869e+00
-4.319347565888393525e+00
-4.431004777831869745e+00
-4.534438475085311282e+00
-4.629682266017054459e+00
-4.716780748060330097e+00
-4.795789543946328060e+00
-4.866776602189429646e+00
-4.929822487023057143e+00
-4.985020415734195076e+00
-5.032477399618339398e+00
-5.072314390813296825e+00
-5.104666154225737884e+00
-5.129682130352533953e+00
-5.147526563223100204e+00
-5.158378387840069301e+00
-5.162431917428359718e+00
-5.159896962048988733e+00
-5.150998561163438794e+00
-5.135977336068456189e+00
-5.115089623342248260e+00
-5.088607080225126644e+00
-5.056816655583423525e+00
-5.020020654650894087e+00
-4.978536083425159298e+00
-4.932694215801582516e+00
-4.882840764568087799e+00
-4.829335243682299605e+00
-4.772550462754047373e+00
-4.712872965605827247e+00
-4.650703069462479355e+00
-4.586454909423576254e+00
-4.520557262477794325e+00
-4.453454696511703226e+00
-4.385608644510592846e+00
-4.317499127783167800e+00
-4.249627475235250529e+00
-4.182519313443068931e+00
-4.116728164076832286e+00
-4.052840428799226125e+00
-3.991481838111191838e+00
-3.933325001494470730e+00
-3.879098969024741272e+00
-3.829601758237302089e+00
-3.785715706301608474e+00
-3.748426022361582177e+00
-3.718843735209615975e+00
-3.698233722765912557e+00
-3.688046819521257902e+00
-3.689953221065622291e+00
-3.705869819506784069e+00
-3.737961310498437939e+00
-3.788564080669888590e+00
-3.859908060105834426e+00
-3.953326552150260742e+00
-4.067166865763053529e+00
-4.191379503140059803e+00
-4.293627601095944435e+00
-4.283486210885437906e+00
-3.903306375617259683e+00
-2.159124062646043729e+00
2.763544654034579384e+00
2.426981072371148240e+00
1.000715177999916383e+00
1.000000000000210942e+00
1.000000000000000000e+00
