1.000000000000000000e+00
1.000000297185796860e+00
1.000001507502648712e+00
1.000011218894115483e+00
1.000053838111483406e+00
1.000186441573588381e+00
1.000529329310227977e+00
1.001324144398123339e+00
1.003038552356672719e+00
1.006541585166698560e+00
1.013374052541840875e+00
1.026125400446436631e+00
1.048888057949871611e+00
1.087676385192236639e+00
1.150567158647785027e+00
1.247181148263546646e+00
1.387104835437554362e+00
1.577125505456627330e+00
1.817815107300721156e+00
2.100926669066007779e+00
2.409521522168824870e+00
2.722627169161298877e+00
3.024322996288119736e+00
3.314089698340183965e+00
3.611801274547516982e+00
3.949388032510167790e+00
4.351285807410062212e+00
4.816373915953778173e+00
5.316732562605110068e+00
5.812369959769275063e+00
6.264685450899991181e+00
6.643366099321912799e+00
6.923899407291699504e+00
7.084804791900292997e+00
7.106669982596771185e+00
6.971936284488751134e+00
6.669281368113056274e+00
6.194530705472574006e+00
5.554859746922613084e+00
4.770074209189335335e+00
3.873465027307319897e+00
2.910452600300077908e+00
1.931596319345980639e+00
9.864752647096561855e-01
1.164071747711670074e-01
-6.487532460680917046e-01
-1.291938810133101745e+00
-1.807852338442263118e+00
-2.199870487459275381e+00
-2.477364918559596507e+00
-2.652334496888160142e+00
-2.737482805866037427e+00
-2.744867348142669083e+00
-2.685330256115076253e+00
-2.568674905941310538e+00
-2.403694300564474862e+00
-2.198488338232226003e+00
-1.960489953375560201e+00
-1.696502315091958035e+00
-1.412682211959979783e+00
-1.114419902984819633e+00
-8.063736961039877915e-01
-4.924179867543594380e-01
-1.757060805023047123e-01
1.412875742578030558e-01
4.567177381389007640e-01
7.692284256805944631e-01
1.077874355089383673e+00
1.381996019684610832e+00
1.681143598794765603e+00
1.975009898701282740e+00
2.263340304195827102e+00
2.545887254212861439e+00
2.822342400725940337e+00
3.092305401673583365e+00
3.355255724428149566e+00
3.610517035976529954e+00
3.857247685722424269e+00
4.094415737655594967e+00
4.320800971671711288e+00
4.534999974360254704e+00
4.735433084700820139e+00
4.920375330751357801e+00
5.087981972552511500e+00
5.236342706333308783e+00
5.363543169434359825e+00
5.467728474578356312e+00
5.547183469493967678e+00
5.600400682355734183e+00
5.626158122784477023e+00
5.623586332641488994e+00
5.592214283919431317e+00
5.532006916172646172e+00
5.443370472022595941e+00
5.327146568748627686e+00
5.184584838917489336e+00
5.017287604133069401e+00
4.827150321016106638e+00
4.616287184461109305e+00
4.386958806974362801e+00
4.141503972954038382e+00
3.882269978827746382e+00
3.611559474909199263e+00
3.331584216985025826e+00
3.044429205440742248e+00
2.752030847241536904e+00
2.456158355197973542e+00
2.158409408537932617e+00
1.860211854676416365e+00
1.562825839791451621e+00
1.267354799466072102e+00
9.747561545348371048e-01
6.858545002207994123e-01
4.013570605363510069e-01
1.218648288109319272e-01
-1.521128143355887918e-01
-4.201448285509954417e-01
-6.818693066553322968e-01
-9.369818346618463689e-01
-1.185226710388602944e+00
-1.426389301012658484e+00
-1.660288095184618617e+00
-1.886770554391289156e+00
-2.105707735509988687e+00
-2.316989297523928570e+00
-2.520521858342544164e+00
-2.716225177300104932e+00
-2.904029425391760011e+00
-3.083874942439529310e+00
-3.255710618088864194e+00
-3.419493614977348273e+00
-3.575189943757450362e+00
-3.722774044209893329e+00
-3.862229416252310088e+00
-3.993549005685478548e+00
-4.116734742553751936e+00
-4.231798224530220587e+00
-4.338760746937132318e+00
-4.437652949214510478e+00
-4.528515867696474295e+00
-4.611401199845753140e+00
-4.686371338105434603e+00
-4.753500582697026466e+00
-4.812875408236694241e+00
-4.864594491529311782e+00
-4.908769768254784616e+00
-4.945526558623108748e+00
-4.975003433594971547e+00
-4.997353005114429259e+00
-5.012742027936045730e+00
-5.021351274937917886e+00
-5.023376158743368514e+00
-5.019026821096598923e+00
-5.008527860706018409e+00
-4.992118640284395781e+00
-4.970053389249415865e+00
-4.942600813454118835e+00
-4.910044047776193743e+00
-4.872680698164212565e+00
-4.830822212576880936e+00
-4.784793462969527233e+00
-4.734932895523207286e+00
-4.681591929335803925e+00
-4.625134483949130626e+00
-4.565937395963341139e+00
-4.504390469967716193e+00
-4.440896543376518402e+00
-4.375872290770467465e+00
-4.309749344802377813e+00
-4.242975362175133824e+00
-4.176015714271079204e+00
-4.109356130481145009e+00
-4.043505620401272260e+00
-3.978999994738733559e+00
-3.916406720836172806e+00
-3.856331192270070041e+00
-3.799424082994049989e+00
-3.746390648453812755e+00
-3.698002878810424221e+00
-3.655114387716960955e+00
-3.618678400418938512e+00
-3.589769966011646218e+00
-3.569613025614251534e+00
-3.559611344597616966e+00
-3.561380556226529936e+00
-3.576774052485594435e+00
-3.607882986595005725e+00
-3.656960639997933082e+00
-3.726149522950066739e+00
-3.816709118219853814e+00
-3.926975540845171864e+00
-4.047065202909861270e+00
-4.145170583173669598e+00
-4.131638625386094610e+00
-3.747609671064907388e+00
-1.996189534691176215e+00
2.858880971121196879e+00
2.338616679825922695e+00
1.000571764670174613e+00
1.000000000000166533e+00
1.000000000000000000e+00
