1.000000000000000000e+00
1.000000211538307759e+00
1.000001081599185326e+00
1.000008056394373845e+00
1.000038650286640962e+00
1.000133861019505188e+00
1.000380234601477181e+00
1.000952009785261554e+00
1.002187509120490594e+00
1.004718367970434567e+00
1.009671909016963909e+00
1.018960204502659783e+00
1.035643917165947947e+00
1.064301234971151588e+00
1.111234340940863596e+00
1.184225415326667585e+00
1.291492451630013694e+00
1.439637112216755277e+00
1.630855507452276809e+00
1.860499377962013368e+00
2.116674777893182480e+00
2.383656144488080830e+00
2.649254500935136480e+00
2.913362986444690161e+00
3.191850959269863619e+00
3.509295758537963383e+00
3.882733314910316480e+00
4.307028946111850054e+00
4.754110707242389822e+00
5.185398632588832157e+00
5.563638427031333045e+00
5.859749469498209962e+00
6.051839483715181878e+00
6.123431967154879807e+00
6.062575481447639802e+00
5.861282652423921213e+00
5.518355937128188948e+00
5.039412833971909755e+00
4.439074720814524255e+00
3.740582573326024729e+00
2.974917777338510039e+00
2.178708903426012977e+00
1.389152212432753108e+00
6.404093372667745143e-01
-4.038981706356906815e-02
-6.344865643669292954e-01
-1.131762564573970398e+00
-1.529655826751987302e+00
-1.830981513632023328e+00
-2.042313935271083736e+00
-2.172033054569706856e+00
-2.229246743901777350e+00
-2.222938174251465782e+00
-2.161513902582407720e+00
-2.052802317435739266e+00
-1.903951005872902336e+00
-1.721549885370375454e+00
-1.511594730686363963e+00
-1.279497227242662127e+00
-1.030086363788744519e+00
-7.675537248548872649e-01
-4.955103483420207899e-01
-2.169788148593502497e-01
6.554134096290598066e-02
3.500309360943354986e-01
6.349097941865414763e-01
9.189346194050961314e-01
1.201142969203434330e+00
1.480763802127901263e+00
1.757163083236721990e+00
2.029794984326001472e+00
2.298134884374527065e+00
2.561644182080875076e+00
2.819717889816521605e+00
3.071659443984237292e+00
3.316658310091131323e+00
3.553763321304536316e+00
3.781877364390460627e+00
3.999743016832360887e+00
4.205951297017584523e+00
4.398955855189768727e+00
4.577091746336118483e+00
4.738614782037280371e+00
4.881738889669889225e+00
5.004695529844302548e+00
5.105797755327118992e+00
5.183503450398913692e+00
5.236486792385545819e+00
5.263695228681977589e+00
5.264407122671583394e+00
5.238274606107456322e+00
5.185344572135978325e+00
5.106068141642668756e+00
5.001283101507528528e+00
4.872186310420766553e+00
4.720290729329542856e+00
4.547364233258798016e+00
4.355368491311309320e+00
4.146391190232009194e+00
3.922583902695490732e+00
3.686106851996737710e+00
3.439076198752563318e+00
3.183525849402086827e+00
2.921376308461615334e+00
2.654412339633126727e+00
2.384271426581892506e+00
2.112434943053203007e+00
1.840229428791288147e+00
1.568831958395477733e+00
1.299275473578590079e+00
1.032459957283791807e+00
7.691629940300229729e-01
5.100516881718625273e-01
2.556958365403162459e-01
6.577745585667664832e-03
-2.368957736003992620e-01
-4.743825795312081595e-01
-7.055974554435023860e-01
-9.303028233701152727e-01
-1.148301627602428265e+00
-1.359431164839326245e+00
-1.563556812528671180e+00
-1.760568552957328281e+00
-1.950376723124679357e+00
-2.132908107914317952e+00
-2.308104479250836505e+00
-2.475919651667254140e+00
-2.636317350434821627e+00
-2.789270889368282269e+00
-2.934761904901144636e+00
-3.072780069280311999e+00
-3.203323434481361254e+00
-3.326398085209923750e+00
-3.442018550560726808e+00
-3.550208050529075621e+00
-3.650998141014442311e+00
-3.744429175611925675e+00
-3.830550301395214685e+00
-3.909419176066319501e+00
-3.981102684976499884e+00
-4.045677091566064476e+00
-4.103228016263887667e+00
-4.153851252160014162e+00
-4.197652899288282669e+00
-4.234749320539238582e+00
-4.265267827287241964e+00
-4.289346693921236131e+00
-4.307134980142213188e+00
-4.318793009560863538e+00
-4.324492352104831738e+00
-4.324415640405113948e+00
-4.318756918334526240e+00
-4.307721607888189475e+00
-4.291526216910017233e+00
-4.270398463045080639e+00
-4.244577254687517787e+00
-4.214312323214604028e+00
-4.179864106938763868e+00
-4.141503707596529971e+00
-4.099512376198424235e+00
-4.054181162312282538e+00
-4.005810985926878232e+00
-3.954712188879262236e+00
-3.901204199542861684e+00
-3.845615860113087425e+00
-3.788285521486415064e+00
-3.729561182536615060e+00
-3.669801200229264371e+00
-3.609375274734654582e+00
-3.548665451619485545e+00
-3.488067638696608963e+00
-3.427993885760287185e+00
-3.368874959453553419e+00
-3.311163461301355859e+00
-3.255338039860617982e+00
-3.201908782098541462e+00
-3.151423580974280991e+00
-3.104476136582284607e+00
-3.061716283662520688e+00
-3.023862605284957539e+00
-2.991717626477216285e+00
-2.966186393196160509e+00
-2.948298801518081991e+00
-2.939234675807100405e+00
-2.940348882817072962e+00
-2.953189538079866061e+00
-2.979491184851700503e+00
-3.021098163369286382e+00
-3.079709514061985232e+00
-3.156176013110769230e+00
-3.248658792408275264e+00
-3.347817505771907509e+00
-3.423983651876216783e+00
-3.391325292408539749e+00
-2.990049866863477401e+00
-1.234960565693143497e+00
3.216531400986339051e+00
1.946342723685835052e+00
1.000182013386433866e+00
1.000000000000000000e+00
1.000000000000000000e+00
