1.000000000000000000e+00
1.000000021829047681e+00
1.000000115456407768e+00
1.000000863155957376e+00
1.000004135896804813e+00
1.000014330764007253e+00
1.000040789188829216e+00
1.000102489382360904e+00
1.000236757095293694e+00
1.000514543416989310e+00
1.001065689195437480e+00
1.002118160531086932e+00
1.004054628146284101e+00
1.007486329289210669e+00
1.013335559546537867e+00
1.022902171732351428e+00
1.037867996691395067e+00
1.060177376559728213e+00
1.091748105337384089e+00
1.134056252684601196e+00
1.187787085069963666e+00
1.252898586770162970e+00
1.329300889868351820e+00
1.417797264455997963e+00
1.520256216569386032e+00
1.637920550493863425e+00
1.768454593190533330e+00
1.903865698211820279e+00
2.031580043687820858e+00
2.138420213721897056e+00
2.214485926679905958e+00
2.255345646577505025e+00
2.261663909553720320e+00
2.237704981890920486e+00
2.189598591372031056e+00
2.123867629775850308e+00
2.046722829599376237e+00
1.963463683686142991e+00
1.878409832403432622e+00
1.794860798260545565e+00
1.715235103283124340e+00
1.641277893856998071e+00
1.574147081233655099e+00
1.514593299759939393e+00
1.463021403152740207e+00
1.419597455087780125e+00
1.384303715313932592e+00
1.356985630555038069e+00
1.337412267589310533e+00
1.325276530425680166e+00
1.320227493473310032e+00
1.321870015318408198e+00
1.329781034989113042e+00
1.343523524747519904e+00
1.362641971574234834e+00
1.386673430092226544e+00
1.415141257553546916e+00
1.447561106495312000e+00
1.483440880018334518e+00
1.522280336258547084e+00
1.563576085364268398e+00
1.606817019664287249e+00
1.651487977009140184e+00
1.697068080550913960e+00
1.743033544200763840e+00
1.788862352196519456e+00
1.834033595078905954e+00
1.878032517188426453e+00
1.920352141712224903e+00
1.960498879449781739e+00
1.997998480376975472e+00
2.032399445173335817e+00
2.063279411535258401e+00
2.090248731464185550e+00
2.112956229281177656e+00
2.131094066013424548e+00
2.144400770684129487e+00
2.152665123677965031e+00
2.155727247375379019e+00
2.153480362517555591e+00
2.145871019992091178e+00
2.132897687540669995e+00
2.114609419954944336e+00
2.091102298134448922e+00
2.062516448397444968e+00
2.029032113254017666e+00
1.990864718128139810e+00
1.948260421217325566e+00
1.901490459724931359e+00
1.850846434627476222e+00
1.796635537972003149e+00
1.739175491921949757e+00
1.678790496436952440e+00
1.615806793334934266e+00
1.550549384968621158e+00
1.483339162551414070e+00
1.414489814014992852e+00
1.344305803437043645e+00
1.273080350389685256e+00
1.201094133084471993e+00
1.128614501204461940e+00
1.055894527394592775e+00
9.831728383493125722e-01
9.106734615592139148e-01
8.386058232196595963e-01
7.671651283683300626e-01
6.965324434445876456e-01
6.268752487046354016e-01
5.583480184217027853e-01
4.910925262174716255e-01
4.252385082284414475e-01
3.609041619606859208e-01
2.981967142803919613e-01
2.372131016181877328e-01
1.780403569998477709e-01
1.207562403593510497e-01
6.542982026231701498e-02
1.212182367635655095e-02
-3.911480625265206790e-02
-8.823449302787290949e-02
-1.351986431359182006e-01
-1.799751966528377323e-01
-2.225383963005372612e-01
-2.628684414739240749e-01
-3.009511339737739877e-01
-3.367777268086349363e-01
-3.703446024830066019e-01
-4.016530021607752077e-01
-4.307089104471974461e-01
-4.575228317486454421e-01
-4.821096462846396480e-01
-5.044885165740958799e-01
-5.246827163036027475e-01
-5.427195243598026408e-01
-5.586300960784642555e-01
-5.724492686730812130e-01
-5.842154414574669552e-01
-5.939704065753117490e-01
-6.017591484148081538e-01
-6.076297395950461810e-01
-6.116331803693442204e-01
-6.138232202758775458e-01
-6.142562633283245033e-01
-6.129912074210298600e-01
-6.100892676717282193e-01
-6.056138751399989806e-01
-5.996305127336459817e-01
-5.922065359637265214e-01
-5.834110641597443081e-01
-5.733148284066753586e-01
-5.619900094434467919e-01
-5.495101361953405039e-01
-5.359499548011974479e-01
-5.213852809040503411e-01
-5.058929036469831386e-01
-4.895504866489246432e-01
-4.724364462504088702e-01
-4.546298681173976397e-01
-4.362104456440936695e-01
-4.172583870687233687e-01
-3.978543561114178950e-01
-3.780794739328552367e-01
-3.580152899442073933e-01
-3.377437869636933931e-01
-3.173474785072916138e-01
-2.969095116532363132e-01
-2.765138066938165329e-01
-2.562452906632046723e-01
-2.361902002567106418e-01
-2.164364343254548684e-01
-1.970740130187126904e-01
-1.781956770859081940e-01
-1.598975904255649227e-01
-1.422801821246672260e-01
-1.254491958971187260e-01
-1.095169685547744132e-01
-9.460392882642733314e-02
-8.084038895528673774e-02
-6.836869242272922143e-02
-5.734567991461630293e-02
-4.794541229263316745e-02
-4.036202652132876018e-02
-3.481232836700739325e-02
-3.153713042832426150e-02
-3.079923741972232301e-02
-3.287360467977716583e-02
-3.801987715785376531e-02
-4.641546647090251387e-02
-5.799898546113379377e-02
-7.210344245329235180e-02
-8.657224580565925365e-02
-9.551968742515733191e-02
-8.323665049679615513e-02
-5.920115793677628926e-03
2.706598077595581131e-01
1.209697710291203432e+00
2.016220505665331508e+00
1.014905488944342071e+00
1.000000112049712619e+00
1.000000000000000000e+00
1.000000000000000000e+00
