1.000000000000000000e+00
1.000000268538734582e+00
1.000001365551962396e+00
1.000010165276645768e+00
1.000048777446812309e+00
1.000168922345607170e+00
1.000479664081032061e+00
1.001200232919602362e+00
1.002755355463020193e+00
1.005935438952511918e+00
1.012144813493390805e+00
1.023750433907246737e+00
1.044508204142705843e+00
1.079968828402581238e+00
1.137645024098678626e+00
1.226588400743318541e+00
1.355987342814822361e+00
1.532626078006336545e+00
1.757650792665184536e+00
2.023992104454018115e+00
2.316307400023131624e+00
2.615254249767206662e+00
2.906067924536406277e+00
3.188375437894988451e+00
3.480844591877320759e+00
3.813156212349582130e+00
4.207464394084957426e+00
4.661403462852729440e+00
5.146979316233449175e+00
5.624546153056058095e+00
6.055743479896211312e+00
6.410400077040986133e+00
6.664564958497056324e+00
6.798099567074755711e+00
6.793771492834155268e+00
6.636952947111874224e+00
6.319528285169640824e+00
5.840545032283365856e+00
5.209793101813081861e+00
4.448536998446654955e+00
3.589732292694382210e+00
2.676307648614043355e+00
1.754712197159467246e+00
8.696057184164344145e-01
5.769658988676380773e-02
-6.548132090697932339e-01
-1.253175904615568381e+00
-1.733022982285279401e+00
-2.097545957363517566e+00
-2.355168335335740437e+00
-2.516670342173950026e+00
-2.593564666912985484e+00
-2.596916438046100950e+00
-2.536808226281138001e+00
-2.422448717119864980e+00
-2.262149859457585066e+00
-2.063572902680121501e+00
-1.833729651960571028e+00
-1.579008714288451909e+00
-1.305164833978683214e+00
-1.017221833734528014e+00
-7.195159169605911398e-01
-4.156596723825422557e-01
-1.086064810130857317e-01
1.993066710325681057e-01
5.063120901671354090e-01
8.110839647404347597e-01
1.112667134986910833e+00
1.410363745728125506e+00
1.703664014690448036e+00
1.992184802055011916e+00
2.275586715700714802e+00
2.553531432458872263e+00
2.825618344417178296e+00
3.091354657062959532e+00
3.350128383150028810e+00
3.601174928914769868e+00
3.843568175929860775e+00
4.076198238551765662e+00
4.297774966972241373e+00
4.506835435478729224e+00
4.701754389911074306e+00
4.880777846742199166e+00
5.042052801862257461e+00
5.183683855771287874e+00
5.303796724038133625e+00
5.400603278466321377e+00
5.472480850179233691e+00
5.518038711894893034e+00
5.536191375000413473e+00
5.526219573449563605e+00
5.487809429409333362e+00
5.421081600264956890e+00
5.326589258451621234e+00
5.205304518518456547e+00
5.058584833125976843e+00
4.888114209667601351e+00
4.695841346154404405e+00
4.483905576975387497e+00
4.254566175900098557e+00
4.010136898793608573e+00
3.752920736179041317e+00
3.485160832191969593e+00
3.208998684505851795e+00
2.926442494230855562e+00
2.639348699471237847e+00
2.349406761446890979e+00
2.058136947154308061e+00
1.766893582779252236e+00
1.476868622196625846e+00
1.189103067169664074e+00
9.044979729102402555e-01
6.238275368491599249e-01
3.477540780865857051e-01
7.683899022782365862e-02
-1.884433029133213700e-01
-4.476927105385149486e-01
-7.005746019598533270e-01
-9.468088290220214587e-01
-1.186161398309774073e+00
-1.418437238613273976e+00
-1.643472749515120013e+00
-1.861131826370448827e+00
-2.071300823172756544e+00
-2.273883896491942114e+00
-2.468801404063994731e+00
-2.655986369450027862e+00
-2.835381947395799518e+00
-3.006941152951121410e+00
-3.170625363923055051e+00
-3.326404046044590501e+00
-3.474255257895077609e+00
-3.614165265472593092e+00
-3.746129109639932064e+00
-3.870150955969042794e+00
-3.986243680068359385e+00
-4.094429487430004677e+00
-4.194739942716482872e+00
-4.287215650219027729e+00
-4.371907203426720123e+00
-4.448875420110756984e+00
-4.518191366023114774e+00
-4.579937441836725576e+00
-4.634207612178379954e+00
-4.681107415292942164e+00
-4.720754900329027670e+00
-4.753280720179006380e+00
-4.778827986633046088e+00
-4.797552958917814081e+00
-4.809625107724462723e+00
-4.815226972349037737e+00
-4.814554691649985507e+00
-4.807818052806848819e+00
-4.795240212406262081e+00
-4.777057941594670787e+00
-4.753521687152669983e+00
-4.724895187729202028e+00
-4.691455402129419916e+00
-4.653492521277056149e+00
-4.611309376311504948e+00
-4.565221041792246304e+00
-4.515554958447246747e+00
-4.462650382226018841e+00
-4.406857957347984467e+00
-4.348540103015666958e+00
-4.288071079907449956e+00
-4.225837081717421562e+00
-4.162237010764711975e+00
-4.097683557658256426e+00
-4.032604251939571505e+00
-3.967443102611978745e+00
-3.902663130336996300e+00
-3.838749187205598989e+00
-3.776211360587272914e+00
-3.715589635905148569e+00
-3.657459900955053467e+00
-3.602441006282667502e+00
-3.551203677353399257e+00
-3.504482115214995641e+00
-3.463088198345500857e+00
-3.427928630761981399e+00
-3.400026060422297824e+00
-3.380544718531057313e+00
-3.370819595581910022e+00
-3.372386428492610388e+00
-3.387005358571153479e+00
-3.416659083945698061e+00
-3.463477434978913916e+00
-3.529471072006880927e+00
-3.615783030930900033e+00
-3.720714919502315254e+00
-3.834588813728793788e+00
-3.926312630424513284e+00
-3.907368040887320149e+00
-3.517734116562119873e+00
-1.759668368478512823e+00
2.986206473697109676e+00
2.213120887088423583e+00
1.000408161834378973e+00
1.000000000000102141e+00
1.000000000000000000e+00
