1.000000000000000000e+00
1.000000000587480287e+00
1.000000003176543029e+00
1.000000023801336457e+00
1.000000113954310654e+00
1.000000394949887683e+00
1.000001125515179279e+00
1.000002834131270113e+00
1.000006567954484504e+00
1.000014337873253778e+00
1.000029875214443420e+00
1.000059855314309853e+00
1.000115771828015587e+00
1.000216630236672621e+00
1.000392514405976874e+00
1.000688797438133770e+00
1.001170305041387820e+00
1.001924258377704158e+00
1.003060822331794277e+00
1.004711476419107408e+00
1.007028158315493194e+00
1.010188805796726097e+00
1.014410105374441651e+00
1.019951412494597420e+00
1.027073964387505312e+00
1.035923749819707806e+00
1.046371950017226604e+00
1.057915649536698366e+00
1.069744228078367332e+00
1.080962497366897423e+00
1.090832266646409865e+00
1.098922871154089931e+00
1.105120603567719462e+00
1.109552841090719388e+00
1.112484722063037834e+00
1.114228674653520601e+00
1.115090169177951784e+00
1.115333795335530453e+00
1.115174543044965327e+00
1.114777164715615498e+00
1.114263020918295766e+00
1.113719323673199479e+00
1.113205591079812207e+00
1.112761358261714184e+00
1.112410608123997502e+00
1.112166371498754414e+00
1.112033627583722595e+00
1.112011548079309131e+00
1.112095606586032792e+00
1.112278248291304283e+00
1.112549985295713695e+00
1.112899736397273909e+00
1.113315392846205620e+00
1.113784273759302668e+00
1.114293204896103173e+00
1.114828859611820544e+00
1.115377771956159503e+00
1.115926562706099689e+00
1.116462048887069347e+00
1.116971341014730168e+00
1.117442025571319331e+00
1.117862170999061489e+00
1.118220464871171993e+00
1.118506245018520362e+00
1.118709590668572007e+00
1.118821425691772342e+00
1.118833512584489709e+00
1.118738522371350186e+00
1.118530027951210926e+00
1.118202544474465432e+00
1.117751557724911304e+00
1.117173496536779664e+00
1.116465742174565179e+00
1.115626584590779347e+00
1.114655209684865200e+00
1.113551672081787958e+00
1.112316842421928520e+00
1.110952375398525760e+00
1.109460643856409412e+00
1.107844695708561256e+00
1.106108200898641369e+00
1.104255387200090643e+00
1.102290991977915580e+00
1.100220193095719612e+00
1.098048561320294159e+00
1.095782008931657003e+00
1.093426731480331648e+00
1.090989163693632857e+00
1.088475921211841113e+00
1.085893759130772906e+00
1.083249530310511854e+00
1.080550138118420156e+00
1.077802502482234637e+00
1.075013516782236334e+00
1.072190018643453868e+00
1.069338762979023860e+00
1.066466387248545811e+00
1.063579389089857274e+00
1.060684100029656962e+00
1.057786666813706367e+00
1.054893037640736608e+00
1.052008943278215813e+00
1.049139888222407446e+00
1.046291140577953804e+00
1.043467723152132987e+00
1.040674409864769112e+00
1.037915717184462627e+00
1.035195902899013642e+00
1.032518965652191811e+00
1.029888640634519348e+00
1.027308401555763195e+00
1.024781460846333037e+00
1.022310771819753050e+00
1.019899033575478065e+00
1.017548692247160380e+00
1.015261947065317472e+00
1.013040756647592966e+00
1.010886842542462860e+00
1.008801696962289718e+00
1.006786589141359878e+00
1.004842571938382001e+00
1.002970490212022447e+00
1.001170986375053307e+00
9.994445083586785961e-01
9.977913182412921911e-01
9.962114980929316355e-01
9.947049589294513217e-01
9.932714491978436033e-01
9.919105610477262358e-01
9.906217385543621967e-01
9.894042848414155156e-01
9.882573685164964816e-01
9.871800314296456103e-01
9.861711954313110429e-01
9.852296694993940562e-01
9.843541578955646854e-01
9.835432670665681387e-01
9.827955132536225769e-01
9.821093304964912951e-01
9.814830769571334379e-01
9.809150419998564630e-01
9.804034533904353310e-01
9.799464829733075533e-01
9.795422532121907944e-01
9.791888437878800699e-01
9.788842967769687542e-01
9.786266226254836109e-01
9.784138061491731708e-01
9.782438111831809335e-01
9.781145857081506856e-01
9.780240669203721371e-01
9.779701851133155710e-01
9.779508678230717234e-01
9.779640440378198907e-01
9.780076473780766610e-01
9.780796191347194135e-01
9.781779114898060401e-01
9.783004899479585958e-01
9.784453352549657978e-01
9.786104456676800734e-01
9.787938385458736512e-01
9.789935508333243996e-01
9.792076399285318811e-01
9.794341839087207235e-01
9.796712801979488017e-01
9.799170440912502444e-01
9.801696066578209354e-01
9.804271111362947710e-01
9.806877082521353595e-01
9.809495508209449266e-01
9.812107867800147210e-01
9.814695501885197793e-01
9.817239508945136972e-01
9.819720624322751945e-01
9.822119072662059969e-01
9.824414393317472127e-01
9.826585244499100869e-01
9.828609181097984759e-01
9.830462406112534524e-01
9.832119517553141730e-01
9.833553285984600878e-01
9.834734524288673008e-01
9.835632183645458548e-01
9.836213957350743442e-01
9.836447949419766523e-01
9.836306536610817108e-01
9.835774792752661755e-01
9.834868601653671272e-01
9.833673984970050519e-01
9.832434907454585815e-01
9.831758157006018628e-01
9.833121304944921759e-01
9.840236516064959638e-01
9.863108959856835556e-01
9.931732768847857384e-01
1.014049929716176246e+00
1.014650874611582099e+00
1.000020150482026304e+00
1.000000000089422914e+00
1.000000000000000000e+00
1.000000000000000000e+00
