1.000000000000000000e+00
1.000000326764129532e+00
1.000001653584017269e+00
1.000012302765281857e+00
1.000059044758153215e+00
1.000204465306105073e+00
1.000580413763994647e+00
1.001451547468250380e+00
1.003329556023755398e+00
1.007163903616749456e+00
1.014634567455549918e+00
1.028556818768126657e+00
1.053362390917406355e+00
1.095528617020747442e+00
1.163687240708810577e+00
1.268005006117563616e+00
1.418426971209255871e+00
1.621694912876605166e+00
1.877768285262610526e+00
2.177218004168817167e+00
2.501548081587092742e+00
2.828219647153132232e+00
3.140203487815532490e+00
3.436825205870953859e+00
3.739091155285288792e+00
4.081072478654435898e+00
4.489388824395045496e+00
4.964108578459204502e+00
5.477387381434338565e+00
5.988953997559669062e+00
6.460103140290223145e+00
6.860569943544421179e+00
7.165499476442271920e+00
7.352286453977336933e+00
7.399527032529305437e+00
7.286871941920027851e+00
6.999866173701653871e+00
6.531105930059245779e+00
5.885039446481532543e+00
5.079788249176086623e+00
4.148684867965963363e+00
3.139374053077860882e+00
2.106356383708493318e+00
1.104069761309523390e+00
1.784409094688859665e-01
-6.369971551012584277e-01
-1.322825533418125810e+00
-1.872803099111112202e+00
-2.290511440382323460e+00
-2.586320749919321482e+00
-2.773498346740827625e+00
-2.865967148559793731e+00
-2.876778209307341960e+00
-2.817512475589401877e+00
-2.698534990205971429e+00
-2.529081479512448549e+00
-2.317653189966673910e+00
-2.072070984423326490e+00
-1.799524818114489833e+00
-1.506550850782211404e+00
-1.198886556748397503e+00
-8.814956198866801262e-01
-5.584989503425042967e-01
-2.332358169830115180e-01
9.169441204060263528e-02
4.143798534219914620e-01
7.334430729564422879e-01
1.047955078514576366e+00
1.357298668768563976e+00
1.661085659948873250e+00
1.959084500003038576e+00
2.251123372808867540e+00
2.537042315474883125e+00
2.816621344906294233e+00
3.089548514465564555e+00
3.355391114346685022e+00
3.613558445831679844e+00
3.863292353307771876e+00
4.103640137210603278e+00
4.333455686201094004e+00
4.551402735130288590e+00
4.755958741391465239e+00
4.945443438610880982e+00
5.118040196280300158e+00
5.271847498002550481e+00
5.404937758446608953e+00
5.515418265906465223e+00
5.601510990596733741e+00
5.661620283652332830e+00
5.694413381001720786e+00
5.698891772541910150e+00
5.674442310610840146e+00
5.620882068429451373e+00
5.538470469641778138e+00
5.427911068833249253e+00
5.290331069171373635e+00
5.127230524387058175e+00
4.940426529786784648e+00
4.731980056426493775e+00
4.504123593124392144e+00
4.259191562302701684e+00
3.999547428452618458e+00
3.727527386468537873e+00
3.445390279933230104e+00
3.155277869244961231e+00
2.859189741558865183e+00
2.558961230303773426e+00
2.256256751130480520e+00
1.952569659885071474e+00
1.649222589721591303e+00
1.347377668038359788e+00
1.048046560227671842e+00
7.521034501220653645e-01
4.603007026957625092e-01
1.732799457536419452e-01
-1.084128427068373479e-01
-3.843135885973105736e-01
-6.540307252662892479e-01
-9.172329953374787070e-01
-1.173640305208068391e+00
-1.423015743096880614e+00
-1.665157183779743866e+00
-1.899893013377212503e+00
-2.127076438454771345e+00
-2.346580171796404990e+00
-2.558294766541940213e+00
-2.762124518143717733e+00
-2.957984538839881328e+00
-3.145800546206832582e+00
-3.325507116073153746e+00
-3.497047398954856945e+00
-3.660373760902981832e+00
-3.815447321108050183e+00
-3.962238639184008537e+00
-4.100728127664599931e+00
-4.230905530765409317e+00
-4.352770663019336794e+00
-4.466333429444056868e+00
-4.571613426578617911e+00
-4.668641092816937288e+00
-4.757457993800052520e+00
-4.838116858426439570e+00
-4.910682914597993332e+00
-4.975234187806250041e+00
-5.031861541515930902e+00
-5.080669852268258957e+00
-5.121778164592972971e+00
-5.155319564707959046e+00
-5.181442072950558142e+00
-5.200308782146447761e+00
-5.212097749771746003e+00
-5.217002712191215252e+00
-5.215233215244117204e+00
-5.207014348687706295e+00
-5.192587117438147715e+00
-5.172208587798231783e+00
-5.146151491113658771e+00
-5.114704202470422345e+00
-5.078170814982484238e+00
-5.036870473334507992e+00
-4.991136934913338763e+00
-4.941318749553486711e+00
-4.887778606833052208e+00
-4.830892816934730050e+00
-4.771051758320655090e+00
-4.708659911990303648e+00
-4.644135897346697739e+00
-4.577913304071817180e+00
-4.510441852328359147e+00
-4.442188469713353349e+00
-4.373639027094204046e+00
-4.305301088157786893e+00
-4.237706926038915078e+00
-4.171417150416714570e+00
-4.107025743414912888e+00
-4.045166579391191952e+00
-3.986521052044931679e+00
-3.931827738557126306e+00
-3.881895074369561272e+00
-3.837616888520656744e+00
-3.799991178395720315e+00
-3.770143347406840650e+00
-3.749354613654635848e+00
-3.739094579278560815e+00
-3.741055165890138312e+00
-3.757178504878203373e+00
-3.789658443956841705e+00
-3.840864158385822069e+00
-3.913059726574987351e+00
-4.007606410304620503e+00
-4.122852867140404776e+00
-4.248677148308778406e+00
-4.352521298613671874e+00
-4.343652273596748437e+00
-3.964994824583309097e+00
-2.224293351869944146e+00
2.723741410608889968e+00
2.462765107735708003e+00
1.000780754239469106e+00
1.000000000000243361e+00
1.000000000000000000e+00
