1.000000000000000000e+00
1.000000280161195132e+00
1.000001423200647999e+00
1.000010593217665722e+00
1.000050832824767699e+00
1.000176037844536125e+00
1.000499837104031675e+00
1.001250569143113056e+00
1.002870418355408022e+00
1.006181780019079541e+00
1.012644563789761198e+00
1.024716456360357686e+00
1.046290868419647024e+00
1.083108502829489561e+00
1.142914226532541599e+00
1.234995626344698838e+00
1.368709050832860097e+00
1.550846100310938613e+00
1.782322734882470616e+00
2.055588122706641041e+00
2.354641391074297374e+00
2.659464681000196506e+00
2.954814000942994845e+00
3.240257632263432441e+00
3.534966848975764631e+00
3.869557641237798773e+00
4.267130978456870949e+00
4.725837788640288473e+00
5.217713451773738242e+00
5.702960928561586762e+00
6.143102993744255613e+00
6.507885240888243494e+00
6.773098014823871083e+00
6.918024826244431935e+00
6.924516067223600579e+00
6.776725494173997610e+00
6.465214972736053944e+00
5.987714447595898548e+00
5.352959576562350108e+00
4.581648836627342902e+00
3.706914995733752605e+00
2.772742945625917610e+00
1.827287689947088678e+00
9.172318483734370753e-01
8.117130636753197570e-02
-6.532002590339434089e-01
-1.270190532891929402e+00
-1.765053740496461243e+00
-2.141055671644038316e+00
-2.407002556349150613e+00
-2.574167903288759440e+00
-2.654548762480120061e+00
-2.659616648239160330e+00
-2.599767960599756567e+00
-2.484459326512554966e+00
-2.322204828828771106e+00
-2.120850372174124310e+00
-1.887584689917976233e+00
-1.628969871594081686e+00
-1.350928281827359356e+00
-1.058636246012984783e+00
-7.565639150834423399e-01
-4.484328844048006690e-01
-1.372799930360255882e-01
1.745000878106575670e-01
4.851067191612652429e-01
7.932007984606471718e-01
1.097830542291383438e+00
1.398313410254132139e+00
1.694164044211512676e+00
1.985030497483869727e+00
2.270608373892122334e+00
2.550596925337142107e+00
2.824633804198755982e+00
3.092264556505817552e+00
3.352915054462841216e+00
3.605857109255042658e+00
3.850199225442128448e+00
4.084863165191560341e+00
4.308586757720054727e+00
4.519930337418930577e+00
4.717285707899044667e+00
4.898908624054524985e+00
5.062946807772807922e+00
5.207495633669973145e+00
5.330660918729948961e+00
5.430623496720393462e+00
5.505719101818212557e+00
5.554505671755870289e+00
5.575838716561626995e+00
5.568935000227630994e+00
5.533414640870711665e+00
5.469333809401753399e+00
5.377185770184448543e+00
5.257890408825273809e+00
5.112763086879803964e+00
4.943457125034251831e+00
4.751902696660568637e+00
4.540232433914936472e+00
4.310709870769898977e+00
4.065662670206902085e+00
3.807415432121130205e+00
3.538238838163209721e+00
3.260305963519782413e+00
2.975658869039830012e+00
2.686188746553776152e+00
2.393619334864510950e+00
2.099503862195210235e+00
1.805227702457297800e+00
1.512011399551818513e+00
1.220921954077880400e+00
9.328837435524104382e-01
6.486916893526188943e-01
3.690264624309937957e-01
9.446554219768851790e-02
-1.745025337865717119e-01
-4.374652536049674634e-01
-6.940771042026737669e-01
-9.440483103030731238e-01
-1.187136310372413517e+00
-1.423138347988212482e+00
-1.651883811388996648e+00
-1.873230181893153601e+00
-2.087057854307428073e+00
-2.293265340913794859e+00
-2.491767650783430543e+00
-2.682492638752547620e+00
-2.865378391004286485e+00
-3.040372965340253586e+00
-3.207432844718751674e+00
-3.366522662204996852e+00
-3.517615735144643097e+00
-3.660693667246111005e+00
-3.795746942943533764e+00
-3.922775293043380795e+00
-4.041787262317459550e+00
-4.152800856360823190e+00
-4.255843572432863375e+00
-4.350952067345386531e+00
-4.438173149969812492e+00
-4.517564029200523912e+00
-4.589192342749550235e+00
-4.653137295972459953e+00
-4.709489906947821325e+00
-4.758353024209840854e+00
-4.799842313042959496e+00
-4.834086362168831030e+00
-4.861226543841867809e+00
-4.881417743965900335e+00
-4.894828441736855495e+00
-4.901640574366414427e+00
-4.902050104927902829e+00
-4.896267087664891271e+00
-4.884515391847409127e+00
-4.867032971984450285e+00
-4.844071945708670057e+00
-4.815898207281930965e+00
-4.782791365610690626e+00
-4.745044768264264690e+00
-4.702964894370945004e+00
-4.656870949081382882e+00
-4.607094997327453534e+00
-4.553981392367488112e+00
-4.497886330326275051e+00
-4.439178249024376299e+00
-4.378237888238669662e+00
-4.315458370588601156e+00
-4.251245989078923593e+00
-4.186021303917833336e+00
-4.120220199997342903e+00
-4.054295548574491370e+00
-3.988719785634627701e+00
-3.923987774644024817e+00
-3.860620259733926307e+00
-3.799168609016748910e+00
-3.740220929506500092e+00
-3.684409250478988707e+00
-3.632418598262278309e+00
-3.584998827196230309e+00
-3.542979107994261412e+00
-3.507285426683558693e+00
-3.478962159713206770e+00
-3.459198309672229410e+00
-3.449357415577877006e+00
-3.451008402789278673e+00
-3.465950184147321256e+00
-3.496210611916708011e+00
-3.543971032517298170e+00
-3.611297389378612888e+00
-3.699382207262294386e+00
-3.806543855800376797e+00
-3.923023977583649291e+00
-4.017441233337966544e+00
-4.000804367168212750e+00
-3.613484863178737072e+00
-1.857602570477626003e+00
2.935123341183410783e+00
2.264686847558541327e+00
1.000470154214818885e+00
1.000000000000128786e+00
1.000000000000000000e+00
