1.000000000000000000e+00
1.000000070631785754e+00
1.000000368383642479e+00
1.000002749942140889e+00
1.000013183292095764e+00
1.000045671442665318e+00
1.000129886800251944e+00
1.000325892929108118e+00
1.000751219350242582e+00
1.001627689392562637e+00
1.003357267964602784e+00
1.006636232730351299e+00
1.012611937707616594e+00
1.023070871905571000e+00
1.040614254340916478e+00
1.068725249428303936e+00
1.111575674023528526e+00
1.173407774272182680e+00
1.257441464374804641e+00
1.364592302458356832e+00
1.492713903143426668e+00
1.637392227973418990e+00
1.794703424154757254e+00
1.964732286328480626e+00
2.152918319082379739e+00
2.366181266875840183e+00
2.605221819714182985e+00
2.858251355318443210e+00
3.101883289162446822e+00
3.308855768573287115e+00
3.455803920854938482e+00
3.528231400354944203e+00
3.520610904011986619e+00
3.434779687483913602e+00
3.277853969496483000e+00
3.060112435424270583e+00
2.794189770678519036e+00
2.493492785762228436e+00
2.171620440441872635e+00
1.841398847878678025e+00
1.514379633128139613e+00
1.200637554763129167e+00
9.082707651055803577e-01
6.434949396738374183e-01
4.105196474947025997e-01
2.118137603207089492e-01
4.832573444067286145e-02
-8.022627774895309261e-02
-1.749649595545177960e-01
-2.376852910056573565e-01
-2.705750518267462934e-01
-2.760835041625654407e-01
-2.567560062343451910e-01
-2.151061008595860635e-01
-1.535790084694130253e-01
-7.447783315722658615e-02
2.003338726095597530e-02
1.279587371969929110e-01
2.474695483248210148e-01
3.768956206526823949e-01
5.147298626096578067e-01
6.595962760034128625e-01
8.102427821195529178e-01
9.655135903734141101e-01
1.124334330170476015e+00
1.285701803280130395e+00
1.448654655668332625e+00
1.612262242252838096e+00
1.775601871229441686e+00
1.937749468453173085e+00
2.097772496504638262e+00
2.254716248761340580e+00
2.407602748548264060e+00
2.555423962654597148e+00
2.697146807179619188e+00
2.831720651086448104e+00
2.958084707150143711e+00
3.075184765142991328e+00
3.181987007259670985e+00
3.277500266160365161e+00
3.360798617053840864e+00
3.431042710154144082e+00
3.487504377982945769e+00
3.529584896148053375e+00
3.556834932155284790e+00
3.568969263197500741e+00
3.565874598559822584e+00
3.547614589126557139e+00
3.514425347227739582e+00
3.466708736027924509e+00
3.405019999370221040e+00
3.330049378353278744e+00
3.242603060608225896e+00
3.143579414307922537e+00
3.033947017859065731e+00
2.914722766083408967e+00
2.786948705574471052e+00
2.651672974481773082e+00
2.509931571115900706e+00
2.362733972694082141e+00
2.211052041769615784e+00
2.055809923175998755e+00
1.897878292404256984e+00
1.738070089828774645e+00
1.577138091287730193e+00
1.415774938276784578e+00
1.254613001368318548e+00
1.094226642439493968e+00
9.351350892131777837e-01
7.778047058478919640e-01
6.226527817939565557e-01
4.700508568382389396e-01
3.203283387545723948e-01
1.737764869867835515e-01
3.065127975773481589e-02
-1.088229587790547764e-01
-2.444502433222314475e-01
-3.760605725033047131e-01
-5.035069830553121628e-01
-6.266632509874036083e-01
-7.454218485926740190e-01
-8.596918048683340752e-01
-9.693974586796255677e-01
-1.074476916171483110e+00
-1.174880585230297481e+00
-1.270570513987723027e+00
-1.361519210529761992e+00
-1.447708717260415945e+00
-1.529130292404836888e+00
-1.605783765786899853e+00
-1.677677222073376884e+00
-1.744826899777641049e+00
-1.807256853863521862e+00
-1.864998876241874104e+00
-1.918092361062007978e+00
-1.966583962255192386e+00
-2.010527529487151632e+00
-2.049983884671571666e+00
-2.085020500542369426e+00
-2.115711522323339810e+00
-2.142137595784195714e+00
-2.164385635332890967e+00
-2.182548880976624250e+00
-2.196726722364100493e+00
-2.207024461541136962e+00
-2.213553329254482005e+00
-2.216430272659758671e+00
-2.215777678765926240e+00
-2.211723328372042552e+00
-2.204400183767667887e+00
-2.193946124238566497e+00
-2.180503872448426250e+00
-2.164220797215751890e+00
-2.145248635578970386e+00
-2.123743369520389557e+00
-2.099865065674521691e+00
-2.073777608005597184e+00
-2.045648533133429314e+00
-2.015648908583218546e+00
-1.983953067720062524e+00
-1.950738423269043231e+00
-1.916185452449083559e+00
-1.880477529907822465e+00
-1.843800831320880906e+00
-1.806344502766920934e+00
-1.768300790376063913e+00
-1.729865231648577639e+00
-1.691237097977861481e+00
-1.652619993925164898e+00
-1.614222533245965652e+00
-1.576259275818229888e+00
-1.538952025733267170e+00
-1.502531344808284874e+00
-1.467238387217626450e+00
-1.433327269733945197e+00
-1.401068033618402930e+00
-1.370750156225981398e+00
-1.342686868530947875e+00
-1.317220540424498321e+00
-1.294729120264419553e+00
-1.275633682212286013e+00
-1.260407206449764672e+00
-1.249584341377820929e+00
-1.243770958082542233e+00
-1.243650742205375304e+00
-1.249982536949609369e+00
-1.263573775364684515e+00
-1.285195939632725048e+00
-1.315361868880851937e+00
-1.353769087007733019e+00
-1.397906100813787189e+00
-1.439446294050499286e+00
-1.454359283369199396e+00
-1.373316190701970196e+00
-9.801445032159016302e-01
5.000887300320188134e-01
3.104041618514503664e+00
1.197996406828828686e+00
1.000004348760140660e+00
1.000000000000000000e+00
1.000000000000000000e+00
