1.000000000000000000e+00
1.000000325672977697e+00
1.000001648203419080e+00
1.000012262850231037e+00
1.000058853004568205e+00
1.000203801531987624e+00
1.000578532627946160e+00
1.001446856829486753e+00
1.003318845064165021e+00
1.007141007317613246e+00
1.014588217142148974e+00
1.028467482387945831e+00
1.053198160040448306e+00
1.095240774389834471e+00
1.163207063750210546e+00
1.267244334689561214e+00
1.417285288481089589e+00
1.620074163872878170e+00
1.875593278113959927e+00
2.174456517675664724e+00
2.498223770857210813e+00
2.824411973380342999e+00
3.136031380344588726e+00
3.432413360168856453e+00
3.734524336993696902e+00
4.076359465285150918e+00
4.484460688673953754e+00
4.958854181514251280e+00
5.471692950056269211e+00
5.982714980957293704e+00
6.453216733292337359e+00
6.852928626830156134e+00
7.157004693615236945e+00
7.342877031603268101e+00
7.389211124298060263e+00
7.275756813393360112e+00
6.988171657874640452e+00
6.519169143118644705e+00
5.873298112673062121e+00
5.068744549687104417e+00
4.138843891310593825e+00
3.131164174496848140e+00
2.100065394462447443e+00
1.099809845129351427e+00
1.761568624222071000e-01
-6.374944114006562135e-01
-1.321810817162941465e+00
-1.870585564810791634e+00
-2.287392295408756659e+00
-2.582563956057347454e+00
-2.769320882320721378e+00
-2.861541197516141555e+00
-2.872239836473519770e+00
-2.812971238635854299e+00
-2.694080560949754233e+00
-2.524788038644538712e+00
-2.313580906825543959e+00
-2.068266440222672031e+00
-1.796020968610484436e+00
-1.503367226540993418e+00
-1.196030391356242228e+00
-8.789633436639076036e-01
-5.562783164605897834e-01
-2.313080858300763654e-01
9.335227641596831327e-02
4.157930944209379809e-01
7.346375393108095508e-01
1.048955896478496408e+00
1.358129343131823763e+00
1.661767414778209107e+00
1.959635807365470495e+00
2.251559724733895429e+00
2.537376072911089242e+00
2.816861725330084276e+00
3.089701596516549742e+00
3.355459854535153053e+00
3.613542744431142317e+00
3.863189107751413776e+00
4.103443362540105888e+00
4.333156656444080213e+00
4.550990181486292308e+00
4.755419153990437131e+00
4.944761448921311420e+00
5.117199110120679961e+00
5.270829930520614326e+00
5.403726375761910283e+00
5.513996636680690067e+00
5.599864475446400647e+00
5.659736960744452539e+00
5.692284903144809505e+00
5.696514097397347598e+00
5.671816269037155855e+00
5.618013687654096699e+00
5.535371062557719490e+00
5.424597045800294559e+00
5.286823492725422291e+00
5.123554484184028368e+00
4.936610359123707603e+00
4.728054478302973429e+00
4.500120840674452616e+00
4.255144522360298609e+00
3.995488881098924860e+00
3.723489341807627806e+00
3.441403442020190884e+00
3.151371233349262280e+00
2.855390306239073084e+00
2.555293836487891657e+00
2.252744008377223661e+00
1.949231944164744990e+00
1.646078112222941092e+00
1.344442577921347137e+00
1.045335077006906310e+00
7.496280090703155707e-01
4.580720974188757233e-01
1.713074773177745702e-01
-1.101212302295802442e-01
-3.857511868545628331e-01
-6.551919446098856126e-01
-9.181132661931296068e-01
-1.174235991044098482e+00
-1.423324064440515180e+00
-1.665176157583318162e+00
-1.899621396116540017e+00
-2.126513680112552152e+00
-2.345726381194175314e+00
-2.557150677135505035e+00
-2.760691463965967873e+00
-2.956264437553434821e+00
-3.143795880944121990e+00
-3.323220922038563341e+00
-3.494483250347825365e+00
-3.657535755519206067e+00
-3.812340066696240370e+00
-3.958867237884484247e+00
-4.097098159637043047e+00
-4.227023040206511872e+00
-4.348642142320484183e+00
-4.461965803896376315e+00
-4.567014040934100905e+00
-4.663817694406983350e+00
-4.752418715029716800e+00
-4.832870199335137507e+00
-4.905237721007104312e+00
-4.969599628407912917e+00
-5.026047084606127591e+00
-5.074685238197568893e+00
-5.115633377220852651e+00
-5.149024802652370170e+00
-5.175007717118240258e+00
-5.193745361960956153e+00
-5.205415908815972159e+00
-5.210213170452737685e+00
-5.208346729855481527e+00
-5.200041674432448247e+00
-5.185538964885378910e+00
-5.165095579824154903e+00
-5.138984119638368320e+00
-5.107492784215811099e+00
-5.070925446021855798e+00
-5.029600985006704938e+00
-4.983852850489236985e+00
-4.934029239794300636e+00
-4.880492447434742864e+00
-4.823618347688106489e+00
-4.763796841121162196e+00
-4.701431889471713532e+00
-4.636941552605211569e+00
-4.570758819407432227e+00
-4.503332766588203029e+00
-4.435129635307697882e+00
-4.366634565449128758e+00
-4.298354341385818955e+00
-4.230820405308431731e+00
-4.164592480641127636e+00
-4.100263601589163365e+00
-4.038466624082705181e+00
-3.979881843307886857e+00
-3.925246645081982955e+00
-3.875368162189658960e+00
-3.831138786890297965e+00
-3.793554917967933093e+00
-3.763740162288597535e+00
-3.742973696229505265e+00
-3.732722777547225146e+00
-3.734676614874822942e+00
-3.750774189403247139e+00
-3.783205712860399750e+00
-3.834336276013441847e+00
-3.906425714709086172e+00
-4.000831846418250848e+00
-4.115903261777585698e+00
-4.241527267401728807e+00
-4.345173853328906155e+00
-4.336148489493263369e+00
-3.957301473570923545e+00
-2.216146866824197037e+00
2.728768383303944223e+00
2.458278087495024966e+00
1.000772280557887361e+00
1.000000000000238920e+00
1.000000000000000000e+00
