1.000000000000000000e+00
1.000000032763143309e+00
1.000000172539574406e+00
1.000001289327334897e+00
1.000006178916501787e+00
1.000021408614328644e+00
1.000060919436939866e+00
1.000153002687934167e+00
1.000353214335565566e+00
1.000766930468329541e+00
1.001586415888540360e+00
1.003147861509985361e+00
1.006012464669065576e+00
1.011069754663062925e+00
1.019647592947064307e+00
1.033588758243110695e+00
1.055222863059251281e+00
1.087143298495205856e+00
1.131732103252688582e+00
1.190519659489418958e+00
1.263689387849457724e+00
1.350251547672279395e+00
1.449170980568320610e+00
1.560908085718743177e+00
1.687867944244946017e+00
1.832167208004903847e+00
1.991532246454012611e+00
2.156268730721744742e+00
2.310460801351146731e+00
2.437096752226027618e+00
2.523093151234694798e+00
2.562219575024296425e+00
2.554727334204817790e+00
2.505598306400404596e+00
2.422467399403767097e+00
2.313785860672854966e+00
2.187943449915711103e+00
2.052392647747143695e+00
1.913479182574634008e+00
1.776274128052030443e+00
1.644676897572420637e+00
1.521642007026367205e+00
1.409240858462147417e+00
1.308893506199709345e+00
1.221436125700030795e+00
1.147275535076776931e+00
1.086473678858051795e+00
1.038826818942959695e+00
1.003969808051233592e+00
9.813876586705931881e-01
9.704775286272533386e-01
9.705586876076762737e-01
9.809071308333483508e-01
1.000784813869846746e+00
1.029438338847796564e+00
1.066120228794730229e+00
1.110081749155943820e+00
1.160583395971814813e+00
1.216894820411154043e+00
1.278293147411382336e+00
1.344068758573500721e+00
1.413515498730172570e+00
1.485932984045825966e+00
1.560620166831105049e+00
1.636875401725139234e+00
1.713999176074469943e+00
1.791288455381035316e+00
1.868039918804611510e+00
1.943548116155065175e+00
2.017110193835584653e+00
2.088031755959537161e+00
2.155629531561780166e+00
2.219239568540173568e+00
2.278222066477226804e+00
2.331970675601318543e+00
2.379921485853427665e+00
2.421560162126567661e+00
2.456431300775357762e+00
2.484144118347685115e+00
2.504379668213981169e+00
2.516895904709500975e+00
2.521530145820911617e+00
2.518201414960043127e+00
2.506908808323857762e+00
2.487730160558661474e+00
2.460818488693672812e+00
2.426396075332322155e+00
2.384748542683468919e+00
2.336216298177379525e+00
2.281186830931496434e+00
2.220086388270148259e+00
2.153370793077532319e+00
2.081517581078173418e+00
2.005017368529609101e+00
1.924366998138338225e+00
1.840063362598840291e+00
1.752596978423828666e+00
1.662447407435859725e+00
1.570078854462480633e+00
1.475937106896280326e+00
1.380447473469694541e+00
1.284012652639658247e+00
1.187012007668126534e+00
1.089801015159183262e+00
9.927110833510570664e-01
8.960500819463382838e-01
8.001024865251482598e-01
7.051303344147025198e-01
6.113742712082771424e-01
5.190541967385664535e-01
4.283704980602905943e-01
3.395050319319265486e-01
2.526222188026573390e-01
1.678703081510801165e-01
8.538217082460823615e-02
5.276462614630190485e-03
-7.234130584419978804e-02
-1.473780819726208391e-01
-2.197522737268754744e-01
-2.893929922460937165e-01
-3.562393644934178649e-01
-4.202397594229156375e-01
-4.813513741460230810e-01
-5.395396532872380746e-01
-5.947777093958522832e-01
-6.470460753665326914e-01
-6.963321996025063632e-01
-7.426300318757965702e-01
-7.859398629000756697e-01
-8.262680012923042661e-01
-8.636265829707584496e-01
-8.980334658690326544e-01
-9.295120079414129766e-01
-9.580909521916923799e-01
-9.838042796542785240e-01
-1.006690962244998655e+00
-1.026794835725071353e+00
-1.044164396837670150e+00
-1.058852552765995769e+00
-1.070916523089720629e+00
-1.080417653168977754e+00
-1.087421199582454756e+00
-1.091996246102004298e+00
-1.094215515349094447e+00
-1.094155153895161936e+00
-1.091894633875757137e+00
-1.087516553875980119e+00
-1.081106413623316165e+00
-1.072752496457822335e+00
-1.062545680788305580e+00
-1.050579232441110067e+00
-1.036948688470119784e+00
-1.021751690722382255e+00
-1.005087788948772154e+00
-9.870583205421098461e-01
-9.677662807617783969e-01
-9.473161522509693233e-01
-9.258137893614529768e-01
-9.033663309636861261e-01
-8.800820581073541815e-01
-8.560702977719104600e-01
-8.314414158153649037e-01
-8.063067535242102180e-01
-7.807786098427388355e-01
-7.549703591344427700e-01
-7.289965677867762395e-01
-7.029731575229908325e-01
-6.770177036523098435e-01
-6.512498283023051560e-01
-6.257916557208782482e-01
-6.007684170217425512e-01
-5.763092544773390502e-01
-5.525481647203499547e-01
-5.296251347881975047e-01
-5.076875747176007314e-01
-4.868920784881889952e-01
-4.674064993371742083e-01
-4.494124566097497109e-01
-4.331083849873479941e-01
-4.187130936027527728e-01
-4.064697956827421077e-01
-3.966505280936289957e-01
-3.895605641874054781e-01
-3.855417074756687379e-01
-3.849720548774269724e-01
-3.882569921525796941e-01
-3.957997594875651282e-01
-4.079252743375907930e-01
-4.246963201595063131e-01
-4.454750135158955238e-01
-4.678539106176237139e-01
-4.849292526491096322e-01
-4.778538148955234210e-01
-3.934797729958438017e-01
-6.790214912461885188e-02
1.071683709780964833e+00
2.380480106113657346e+00
1.039492019909809439e+00
1.000000383446639107e+00
1.000000000000000000e+00
1.000000000000000000e+00
