1.000000000000000000e+00
1.000000265682068346e+00
1.000001351370245040e+00
1.000010059991760292e+00
1.000048271786146303e+00
1.000167171780438347e+00
1.000474700805395578e+00
1.001187847178419688e+00
1.002727038660316650e+00
1.005874801126244611e+00
1.012021759258881159e+00
1.023512467378071111e+00
1.044068822498948723e+00
1.079194422737022485e+00
1.136344211547796412e+00
1.224510697387893865e+00
1.352839565905121555e+00
1.528111864467533554e+00
1.751529709487982700e+00
2.016142786927444863e+00
2.306772556675600327e+00
2.604245647120116747e+00
2.893917362588533493e+00
3.175428990753816016e+00
3.467321461855868758e+00
3.799040785796138131e+00
4.192503698268856382e+00
4.645215097212117783e+00
5.129173926202466482e+00
5.604774166242172839e+00
6.033688532194712906e+00
6.385772186698241981e+00
6.637144767504949527e+00
6.767817325424498875e+00
6.760790222086766832e+00
6.601741623089375288e+00
6.282885536397013304e+00
5.803595275388022223e+00
5.173917907100515912e+00
4.415250733259672877e+00
3.560496172567332973e+00
2.652312994940069668e+00
1.736722532594251023e+00
8.578815117853235694e-01
5.203076158411101826e-02
-6.549962275790912614e-01
-1.248684334975682209e+00
-1.724757683475931058e+00
-2.086389599222646662e+00
-2.341909885759733800e+00
-2.501977755094613620e+00
-2.577986584633108258e+00
-2.580900790366016384e+00
-2.520724544491773855e+00
-2.406604088706615130e+00
-2.246800110967609676e+00
-2.048926956133866550e+00
-1.819951569130207059e+00
-1.566218729475638671e+00
-1.293440982897017477e+00
-1.006603831561105444e+00
-7.100098558163272511e-01
-4.072442642374887734e-01
-1.012394380714107256e-01
2.056822067248526009e-01
5.117613736630669541e-01
8.156757257371665126e-01
1.116469394044088403e+00
1.413440799519584568e+00
1.706074126588122297e+00
1.993978479939039872e+00
2.276805732469780352e+00
2.554208162171230700e+00
2.825775579950968730e+00
3.091005593088317571e+00
3.349276754506381071e+00
3.599815406693342101e+00
3.841686862888083365e+00
4.073773477259330811e+00
4.294778336892378867e+00
4.503233024715172839e+00
4.697508444375860570e+00
4.875848700411946623e+00
5.036401221729266631e+00
5.177273605753182295e+00
5.296597282890280312e+00
5.392592637973008252e+00
5.463648126141951167e+00
5.508386502055970801e+00
5.525737553836877147e+00
5.514998373005982835e+00
5.475871756511359933e+00
5.408494451581963958e+00
5.313434370193175660e+00
5.191676257974429554e+00
5.044587505704694941e+00
4.873859087114820632e+00
4.681443549559656248e+00
4.469481087848752310e+00
4.240229102366365410e+00
3.995997104433770097e+00
3.739081979220248986e+00
3.471719365399302148e+00
3.196042335826583702e+00
2.914050188872737923e+00
2.627590326468734361e+00
2.338343375234352095e+00
2.047821170504249721e+00
1.757370149073635757e+00
1.468175042741809655e+00
1.181270322405342688e+00
8.975512158820136976e-01
6.177867694334262527e-01
3.426347644349633237e-01
7.265263778554242879e-02
-1.916886400213810293e-01
-4.499920013702601862e-01
-7.019254503154700453e-01
-9.472111578125885778e-01
-1.185617184744505836e+00
-1.416950294738746230e+00
-1.641048555740745707e+00
-1.857777385101289092e+00
-2.067024548379092774e+00
-2.268695538334390527e+00
-2.462711978741468855e+00
-2.649008117730308864e+00
-2.827528312878228700e+00
-2.998226757629403050e+00
-3.161065995688856933e+00
-3.316016646114003485e+00
-3.463057900867964722e+00
-3.602177142228301321e+00
-3.733370503374204397e+00
-3.856643214082008164e+00
-3.972009190129612843e+00
-4.079491646241540259e+00
-4.179123124726019434e+00
-4.270945178763910555e+00
-4.355009311197330035e+00
-4.431377206225127985e+00
-4.500120751642314509e+00
-4.561323112852701200e+00
-4.615078957789232383e+00
-4.661494464445196328e+00
-4.700688245994811609e+00
-4.732791440118317539e+00
-4.757947562847709477e+00
-4.776313186819897361e+00
-4.788058001409795317e+00
-4.793364667964564951e+00
-4.792429341674274923e+00
-4.785461716250045683e+00
-4.772684744325712991e+00
-4.754334876463662596e+00
-4.730662118116227610e+00
-4.701929646552041930e+00
-4.668413736783105783e+00
-4.630403770597477653e+00
-4.588201648421207146e+00
-4.542121394700870951e+00
-4.492489277975979967e+00
-4.439643264989362237e+00
-4.383932598293257321e+00
-4.325718179986642653e+00
-4.265372639720835579e+00
-4.203280428816908554e+00
-4.139838592879081958e+00
-4.075457847148175716e+00
-4.010563625325735515e+00
-3.945597714719402127e+00
-3.881020776850482967e+00
-3.817315156342587112e+00
-3.754988272234068170e+00
-3.694577260435889521e+00
-3.636654950204359693e+00
-3.581836893446599834e+00
-3.530790235850074676e+00
-3.484245259584048959e+00
-3.443009512993493892e+00
-3.407984870256927756e+00
-3.380188534681745960e+00
-3.360778527736102195e+00
-3.351082679841884904e+00
-3.352628399222727484e+00
-3.367166089932669415e+00
-3.396667097221630627e+00
-3.443248274454267843e+00
-3.508906301740128963e+00
-3.594771562943985810e+00
-3.699140953295934064e+00
-3.812355692124415718e+00
-3.903394650345879402e+00
-3.883858725791349720e+00
-3.493648930502609939e+00
-1.735165292335252518e+00
2.998615011915917616e+00
2.200306564587752867e+00
1.000393808393825745e+00
1.000000000000095479e+00
1.000000000000000000e+00
