1.000000000000000000e+00
1.000000118061873611e+00
1.000000610683007940e+00
1.000004554548264979e+00
1.000021841092657349e+00
1.000075656433587312e+00
1.000215055559198651e+00
1.000539116479126189e+00
1.001241104587404562e+00
1.002684188166628187e+00
1.005522456758044525e+00
1.010879404355314648e+00
1.020585012126087987e+00
1.037443358624413170e+00
1.065446877835944495e+00
1.109772089092744718e+00
1.176320197830643455e+00
1.270589533147093331e+00
1.395904757195538970e+00
1.551571060209242736e+00
1.732094974904388573e+00
1.928909913077047289e+00
2.134992738804058821e+00
2.350470189651622466e+00
2.584962718511116808e+00
2.852205669035593694e+00
3.158792136394999783e+00
3.494495354694008515e+00
3.832437462883759860e+00
4.138703678171750333e+00
4.381961448688571181e+00
4.539656619718783759e+00
4.598200157446082237e+00
4.551695878193863898e+00
4.400524140895562653e+00
4.149867500316903879e+00
3.810130340511419078e+00
3.395595072283759563e+00
2.924237041103322277e+00
2.416216872714391783e+00
1.892574598395878827e+00
1.374012547853234567e+00
8.789055207148682713e-01
4.224806817894569133e-01
1.583544826997287588e-02
-3.339759970607675821e-01
-6.236419140562949881e-01
-8.529418599877395257e-01
-1.023801152402795456e+00
-1.139741132845937477e+00
-1.205160846795343410e+00
-1.224956718895917618e+00
-1.204142387638379441e+00
-1.147585582902651336e+00
-1.059936575598195763e+00
-9.455027540855210910e-01
-8.082604344468770075e-01
-6.518089215100664191e-01
-4.793733704624127401e-01
-2.938192604365709726e-01
-9.764398389544001744e-02
1.069694965748961279e-01
3.181387471157552382e-01
5.342325073231627419e-01
7.538403012437884243e-01
9.757479353183267090e-01
1.198881097161367038e+00
1.422277471571972818e+00
1.645039702405327153e+00
1.866309045051831816e+00
2.085241922663091163e+00
2.300975116698578127e+00
2.512609899217538079e+00
2.719186080492030033e+00
2.919673532450871356e+00
3.112966882290042925e+00
3.297879659364834737e+00
3.473153663642107869e+00
3.637465145247254394e+00
3.789446951756340720e+00
3.927715081532910268e+00
4.050898114903597858e+00
4.157677643963416436e+00
4.246824658527029506e+00
4.317244677687551935e+00
4.368019851908182538e+00
4.398444038056209315e+00
4.408055843274059526e+00
4.396656835410102104e+00
4.364324872344628403e+00
4.311415247184258170e+00
4.238547716405680177e+00
4.146587439042964895e+00
4.036612885281397389e+00
3.909881800598322243e+00
3.767793046457221795e+00
3.611843013308756234e+00
3.443586625431840353e+00
3.264598499361615502e+00
3.076440231722440188e+00
2.880633574951123599e+00
2.678636170703850627e+00
2.471825778456074652e+00
2.261488302576588616e+00
2.048810209063505638e+00
1.834876248540294963e+00
1.620667914228872908e+00
1.407066749658947513e+00
1.194859285079322264e+00
9.847414014523253600e-01
7.773255159597962649e-01
5.731471311653598688e-01
3.726719271688340163e-01
1.763034340598712002e-01
-1.561123510502438611e-02
-2.027744788631294925e-01
-3.849319509647330939e-01
-5.618680256290257136e-01
-7.334003962698278922e-01
-8.993758706478346410e-01
-1.059666691922479309e+00
-1.214166793350425877e+00
-1.362789617324192903e+00
-1.505465506546655785e+00
-1.642139284824168488e+00
-1.772769218789127521e+00
-1.897325155238666738e+00
-2.015787116645849419e+00
-2.128144926032839557e+00
-2.234397310217739019e+00
-2.334551561412230747e+00
-2.428623565122348005e+00
-2.516637445123094619e+00
-2.598625641802565944e+00
-2.674628902972201683e+00
-2.744695936024125871e+00
-2.808883523186032072e+00
-2.867256374672597641e+00
-2.919886822370059143e+00
-2.966855079811344442e+00
-3.008249181436731146e+00
-3.044164822556552519e+00
-3.074705673484609658e+00
-3.099983306788942627e+00
-3.120117021309483984e+00
-3.135234080170747006e+00
-3.145469567712867232e+00
-3.150966136366492254e+00
-3.151874127396760095e+00
-3.148351411356074436e+00
-3.140563135818808416e+00
-3.128681779113517525e+00
-3.112886991452915808e+00
-3.093365293543997474e+00
-3.070310018612456560e+00
-3.043921181187654756e+00
-3.014405156553483511e+00
-2.981974514354744255e+00
-2.946847906439181930e+00
-2.909249701249942088e+00
-2.869409727911888641e+00
-2.827563280573517357e+00
-2.783950848400468470e+00
-2.738817935089359334e+00
-2.692415285123224589e+00
-2.644999010962612029e+00
-2.596830783648969021e+00
-2.548178393011823584e+00
-2.499316516026397927e+00
-2.450527554593362911e+00
-2.402102836554597332e+00
-2.354344334021511553e+00
-2.307566647111275682e+00
-2.262099412233205431e+00
-2.218290470525639879e+00
-2.176509870056361873e+00
-2.137154614252448681e+00
-2.100654561701462253e+00
-2.067479901188705060e+00
-2.038150196940608616e+00
-2.013245160074754292e+00
-1.993417525506328669e+00
-1.979408012035819953e+00
-1.972061242826348648e+00
-1.972339844178368828e+00
-1.981330059523356724e+00
-2.000222615069329191e+00
-2.030230042916630229e+00
-2.072347867555244250e+00
-2.126731734237225613e+00
-2.191103996942163068e+00
-2.256597550487704940e+00
-2.296410727717834277e+00
-2.232373692193408754e+00
-1.820813915113733472e+00
-1.677048900067817094e-01
3.376098102734997664e+00
1.455766132057398687e+00
1.000024396761021173e+00
1.000000000000000000e+00
1.000000000000000000e+00
