1.000000000000000000e+00
1.000000324584484401e+00
1.000001642835301574e+00
1.000012223027234581e+00
1.000058661694090523e+00
1.000203139290605447e+00
1.000576655821327376e+00
1.001442176921881311e+00
1.003308158382687720e+00
1.007118162214699186e+00
1.014541968481266876e+00
1.028378336744821375e+00
1.053034267254602030e+00
1.094953496260812287e+00
1.162727770737572275e+00
1.266484954979042898e+00
1.416145359686116656e+00
1.618455622823438578e+00
1.873420851302393109e+00
2.171697846968113854e+00
2.494902356062639992e+00
2.820607130885329550e+00
3.131861903954818338e+00
3.428003793175109504e+00
3.729959255979661492e+00
4.071647425549144828e+00
4.479532520486685598e+00
4.953598483500146088e+00
5.465995678185924689e+00
5.976471364581369627e+00
6.446323890008083701e+00
6.845279178384541474e+00
7.148500463570733210e+00
7.333457429641559777e+00
7.378885017001905133e+00
7.264632215992969044e+00
6.976469098945740299e+00
6.507226289808231812e+00
5.861553008336432669e+00
5.057699386395325014e+00
4.129003455854110882e+00
3.122956350828681948e+00
2.093777481015497877e+00
1.095553696079875072e+00
1.738771547303912812e-01
-6.379866911325553502e-01
-1.320790297897568966e+00
-1.868361172413416371e+00
-2.284265062372083044e+00
-2.578797793361944812e+00
-2.765132846617623485e+00
-2.857103645641451362e+00
-2.867689054086097755e+00
-2.808417013831137954e+00
-2.689612784186225181e+00
-2.520481087071063886e+00
-2.309495124216392359e+00
-2.064448564340718661e+00
-1.792504099357643765e+00
-1.500171030493773205e+00
-1.193162230826266157e+00
-8.764197698541387194e-01
-5.540471933093403800e-01
-2.293707724402687109e-01
9.501873069791236248e-02
4.172138617040777042e-01
7.358384100573647224e-01
1.049961950065982697e+00
1.358964046447447949e+00
1.662451960468165346e+00
1.960188640249772796e+00
2.251996311568939202e+00
2.537708749707050515e+00
2.817099683729364479e+00
3.089850887901863352e+00
3.355523406920871921e+00
3.613520429172483173e+00
3.863077794557856937e+00
4.103237042179119776e+00
4.332846585130563533e+00
4.550565082734896016e+00
4.754865524510167418e+00
4.944063945528347936e+00
5.116341087211811356e+00
5.269794079234657147e+00
5.402495469081052271e+00
5.512554383235686473e+00
5.598196409609687230e+00
5.657831366906791004e+00
5.690133669413397932e+00
5.694113440353846478e+00
5.669167294761527920e+00
5.615122706271205466e+00
5.532249668142028121e+00
5.421261918832036564e+00
5.283295946204793481e+00
5.119859831238711578e+00
4.932777123980526923e+00
4.724113538757015007e+00
4.496104546955367098e+00
4.251085841015101785e+00
3.991420636363518515e+00
3.719443555420978598e+00
3.437410800981368197e+00
3.147460691432000690e+00
2.851588800463399132e+00
2.551626130426491557e+00
2.249232622355112454e+00
1.945897156567259367e+00
1.642938031310899438e+00
1.341513247117466223e+00
1.042630609331105518e+00
7.471607341692574344e-01
4.558527054122721300e-01
1.693451688534959032e-01
-1.118186077486686136e-01
-3.871770175200566211e-01
-6.563407267106862175e-01
-9.189805134246781249e-01
-1.174818145426489213e+00
-1.423618420368662152e+00
-1.665180801276832767e+00
-1.899335148863699807e+00
-2.125936052424334033e+00
-2.344857538316656775e+00
-2.555991405053292365e+00
-2.759243145543965881e+00
-2.954529035780045998e+00
-3.141775920969418490e+00
-3.320919477960542654e+00
-3.491903932313761061e+00
-3.654682694503091245e+00
-3.809217901016463070e+00
-3.955481097796374801e+00
-4.093453651103526880e+00
-4.223126231038578204e+00
-4.344499546448944649e+00
-4.457584366175917800e+00
-4.562401123785386758e+00
-4.658981061012858582e+00
-4.747366511896935926e+00
-4.827610938911369054e+00
-4.899780259886402867e+00
-4.963953144470875323e+00
-5.020221053796953825e+00
-5.068689407022771931e+00
-5.109477734247588110e+00
-5.142719549797217127e+00
-5.168563237221789564e+00
-5.187172185059856666e+00
-5.198724677828041152e+00
-5.203414603471694377e+00
-5.201451580943025732e+00
-5.193060694175893666e+00
-5.178482858589770643e+00
-5.157974964095736858e+00
-5.131809479183395695e+00
-5.100274427663962662e+00
-5.063673460545678573e+00
-5.022325192303313202e+00
-4.976562763513771692e+00
-4.926734018389344882e+00
-4.873200855841960610e+00
-4.816338713771830093e+00
-4.756537014444855771e+00
-4.694199199996202942e+00
-4.629742770473134428e+00
-4.563600113745005515e+00
-4.496219662908665704e+00
-4.428066972582648475e+00
-4.359626451612782283e+00
-4.291404105056616736e+00
-4.223930544204248072e+00
-4.157764606306014521e+00
-4.093498377761024543e+00
-4.031763696209108794e+00
-3.973239758472663308e+00
-3.918662759152554909e+00
-3.868838528508345309e+00
-3.824658022118169409e+00
-3.787116040199618894e+00
-3.757334393008006757e+00
-3.736590214985861191e+00
-3.726348419075641072e+00
-3.728295500158322007e+00
-3.744367287899031727e+00
-3.776750355762232392e+00
-3.827805706000835695e+00
-3.899788924449882010e+00
-3.994054369747782385e+00
-4.108950536308530133e+00
-4.234373928708956569e+00
-4.337822392984735487e+00
-4.328639911392554218e+00
-3.949603107615469622e+00
-2.208000501439903562e+00
2.733780654509817332e+00
2.453795091351114621e+00
1.000763887256669538e+00
1.000000000000234479e+00
1.000000000000000000e+00
