1.000000000000000000e+00
1.000000162681413007e+00
1.000000836393240000e+00
1.000006233754497043e+00
1.000029900197542565e+00
1.000103564032403192e+00
1.000294275184158366e+00
1.000737230990084603e+00
1.001695528425081250e+00
1.003661905959567280e+00
1.007519675918860491e+00
1.014776253340032852e+00
1.027865098984480863e+00
1.050469165867426335e+00
1.087742238369473258e+00
1.146201644724207824e+00
1.232993403551023937e+00
1.354305451899597612e+00
1.513060926873441625e+00
1.706719530778074478e+00
1.926634721893543123e+00
2.160626051917387880e+00
2.399048584090706093e+00
2.641966452037372903e+00
2.902296697815378135e+00
3.199399247220291009e+00
3.545189285765984799e+00
3.931878164817653065e+00
4.331618687900991027e+00
4.707527817415773974e+00
5.024467635502072760e+00
5.255697668439761827e+00
5.382620055591900154e+00
5.393398348373848350e+00
5.281914694955422540e+00
5.046834931758857223e+00
4.693288551706126022e+00
4.232201831172134554e+00
3.681175214958954278e+00
3.063282036463865321e+00
2.405657417975920698e+00
1.737602620863812897e+00
1.087024302286956345e+00
4.783424659275722912e-01
-6.979292961550837004e-02
-5.449601768350197384e-01
-9.408201013141725966e-01
-1.256185671421222061e+00
-1.493477227060513890e+00
-1.657695883164161055e+00
-1.755169665108812449e+00
-1.792875120674973122e+00
-1.777841778024005226e+00
-1.716787893013303812e+00
-1.616060531029363645e+00
-1.481500209495968390e+00
-1.318489215994311792e+00
-1.131901367948433768e+00
-9.261059735684813443e-01
-7.049785268269168625e-01
-4.718754584362919169e-01
-2.296948919633103603e-01
1.911471629964974980e-02
2.724936918156866672e-01
5.287322225131989573e-01
7.864361986996075693e-01
1.044448029046714632e+00
1.301804716768058645e+00
1.557669987538291556e+00
1.811293924109090847e+00
2.061976595507545529e+00
2.309016718050965977e+00
2.551685218707030245e+00
2.789184987466543308e+00
3.020632696687219010e+00
3.245043562272697635e+00
3.461313846858196541e+00
3.668221872768796299e+00
3.864423470046422615e+00
4.048467593480012283e+00
4.218817717627947772e+00
4.373877929329665903e+00
4.512035700523297166e+00
4.631702519292604237e+00
4.731370436228772292e+00
4.809669633212243944e+00
4.865421876324397488e+00
4.897696330053148195e+00
4.905849682369288978e+00
4.889562710629768105e+00
4.848861851815014390e+00
4.784121396878031618e+00
4.696055645433848014e+00
4.585690308889827982e+00
4.454327505712274871e+00
4.303501081548271934e+00
4.134920608563696476e+00
3.950418325985894707e+00
3.751893668930915915e+00
3.541264440556376680e+00
3.320425071276913886e+00
3.091208054808090910e+00
2.855357264112791782e+00
2.614507004952165481e+00
2.370167834856658384e+00
2.123720470055790344e+00
1.876411453224513748e+00
1.629356188026104268e+00
1.383544754209466321e+00
1.139847358817108081e+00
8.990239833330321284e-01
6.617333442315115333e-01
4.285427219780261199e-01
1.999386349928503614e-01
-2.366514899796700808e-02
-2.419179988737750198e-01
-4.545237419507482945e-01
-6.612343905009245848e-01
-8.618427147833955804e-01
-1.056176503438991165e+00
-1.244093576346272823e+00
-1.425476736732830707e+00
-1.600230893052084546e+00
-1.768279606223849276e+00
-1.929561913600183587e+00
-2.084031053326852678e+00
-2.231652061442000790e+00
-2.372400003744923325e+00
-2.506259616020197090e+00
-2.633224227624960001e+00
-2.753295448301799730e+00
-2.866483351300050053e+00
-2.972806129604056657e+00
-3.072290342507221439e+00
-3.164971039173321454e+00
-3.250891418754997542e+00
-3.330103122484765255e+00
-3.402666166381927759e+00
-3.468648656981061507e+00
-3.528127279643035852e+00
-3.581187348123273217e+00
-3.627922719251247763e+00
-3.668436353919100501e+00
-3.702840349541957732e+00
-3.731255832094850788e+00
-3.753813411803083699e+00
-3.770653118101664703e+00
-3.781924184000355460e+00
-3.787785338176188787e+00
-3.788404712622057691e+00
-3.783959621511713500e+00
-3.774636753302139880e+00
-3.760632068719804266e+00
-3.742150499784977935e+00
-3.719405974347349542e+00
-3.692621333701400221e+00
-3.662027984435095362e+00
-3.627865751015753037e+00
-3.590382791528786921e+00
-3.549835156442256778e+00
-3.506486483282169164e+00
-3.460608030019418191e+00
-3.412478317511530967e+00
-3.362382874160942503e+00
-3.310614511449891495e+00
-3.257473438808496713e+00
-3.203267435402103125e+00
-3.148312490960795795e+00
-3.092933690600501162e+00
-3.037466148667391952e+00
-2.982256383850125037e+00
-2.927664335905601600e+00
-2.874065670310388843e+00
-2.821854574330092902e+00
-2.771447485481699058e+00
-2.723287834477980951e+00
-2.677851663607913046e+00
-2.635654651130446169e+00
-2.597261100339898210e+00
-2.563294879127496984e+00
-2.534452541486813537e+00
-2.511519225634708086e+00
-2.495387504785159472e+00
-2.487078138590402165e+00
-2.487759983023515975e+00
-2.498762248545930653e+00
-2.521561887932702639e+00
-2.557704247260555341e+00
-2.608556128612689040e+00
-2.674641921615771967e+00
-2.753921882225111695e+00
-2.837289887480441308e+00
-2.896401607230080888e+00
-2.848604830808982413e+00
-2.438870458106380035e+00
-7.146212025220101127e-01
3.357958536486212342e+00
1.697831790051109957e+00
1.000073731089338391e+00
1.000000000000000000e+00
1.000000000000000000e+00
