1.000000000000000000e+00
1.000000195341444797e+00
1.000001000510855720e+00
1.000007453824686143e+00
1.000035757210420373e+00
1.000123844163015807e+00
1.000351819004561049e+00
1.000881030446544750e+00
1.002024991372286955e+00
1.004369600828680209e+00
1.008962015236282816e+00
1.017581791119143153e+00
1.033085140714163241e+00
1.059760361190579703e+00
1.103541430383402577e+00
1.171811452733584336e+00
1.272461171941269287e+00
1.411986407391181864e+00
1.592847572884466656e+00
1.811096159304973474e+00
2.055885948744926139e+00
2.312618842446585443e+00
2.569912592757524372e+00
2.827725224788489200e+00
3.101012723095065038e+00
3.412720251629437485e+00
3.778267599664139720e+00
4.191663805853913516e+00
4.624862170783075044e+00
5.039733388128479596e+00
5.399565297418132737e+00
5.675867254065376954e+00
5.847643797029040691e+00
5.899772846179070385e+00
5.822086350441542990e+00
5.608705389856353918e+00
5.260513072232825493e+00
4.784966763581494753e+00
4.197857512846882244e+00
3.522625767427875143e+00
2.789248667986992558e+00
2.032151168879634984e+00
1.285596503105764343e+00
5.805853394219708807e-01
-5.855216405454702344e-02
-6.151806062526632424e-01
-1.080467974427995692e+00
-1.452333996017368012e+00
-1.733474192262297597e+00
-1.929942183468704497e+00
-2.049439268981986029e+00
-2.100377114557754332e+00
-2.091113108192986125e+00
-2.029525537599638163e+00
-1.922988268215512830e+00
-1.778252854345976575e+00
-1.601543166638720317e+00
-1.398512193555851990e+00
-1.174249274396495402e+00
-9.332848435562303147e-01
-6.795464278510547906e-01
-4.164178403805124384e-01
-1.467377570149843713e-01
1.271356307645351291e-01
4.032826599251157496e-01
6.801829168483338739e-01
9.566205353752686991e-01
1.231632716122264659e+00
1.504427305826034234e+00
1.774332916711936381e+00
2.040754075240518883e+00
2.303109183078646538e+00
2.560797961266155998e+00
2.813152743501271313e+00
3.059415254708943266e+00
3.298716206123137429e+00
3.530051275826930457e+00
3.752277529295678260e+00
3.964101988562090728e+00
4.164092450116434918e+00
4.350693994092700301e+00
4.522250293581056013e+00
4.677044433129644574e+00
4.813337902041046057e+00
4.929429833681212791e+00
5.023719854837364274e+00
5.094769121370947396e+00
5.141367645470530157e+00
5.162586635703644511e+00
5.157829909335557517e+00
5.126870160523624875e+00
5.069863864338747028e+00
4.987354818910398002e+00
4.880252446157657964e+00
4.749801039130246316e+00
4.597535386732064744e+00
4.425220423865529717e+00
4.234791942171152179e+00
4.028292155268300867e+00
3.807811380344913843e+00
3.575436834105643502e+00
3.333204319840517460e+00
3.083063692653938315e+00
2.826851046614280882e+00
2.566269117909477426e+00
2.302877647378921644e+00
2.038086176525521598e+00
1.773156057859226697e+00
1.509206127953612864e+00
1.247218231330870841e+00
9.880480281461988534e-01
7.324351510478028793e-01
4.810145425636747074e-01
2.343288965663575807e-01
-7.162038367596919829e-03
-2.430701817820931643e-01
-4.730689466300804225e-01
-6.968859304465827575e-01
-9.142942035102910037e-01
-1.125105613682961803e+00
-1.329164980321742684e+00
-1.526344205972173240e+00
-1.716538980692215333e+00
-1.899664783113742095e+00
-2.075653206219913116e+00
-2.244450550785631826e+00
-2.406015056359671611e+00
-2.560314887603001299e+00
-2.707327798612211289e+00
-2.847039930375521610e+00
-2.979445516578343334e+00
-3.104547176323924962e+00
-3.222355571026755960e+00
-3.332889764417273692e+00
-3.436177431676904259e+00
-3.532254512993031614e+00
-3.621165622499703751e+00
-3.702964026560150668e+00
-3.777711363691674595e+00
-3.845478288707415260e+00
-3.906344592521111991e+00
-3.960399162291736719e+00
-4.007740714863125220e+00
-4.048477899288365656e+00
-4.082729233256823242e+00
-4.110623713845999561e+00
-4.132300806798778758e+00
-4.147910257075005269e+00
-4.157612506145056841e+00
-4.161578649924352113e+00
-4.159990242788598636e+00
-4.153039594084207309e+00
-4.140929711838977845e+00
-4.123874007107564132e+00
-4.102096384316412880e+00
-4.075831200473383653e+00
-4.045322903093170552e+00
-4.010825902888385031e+00
-3.972604515888863652e+00
-3.930932472651560872e+00
-3.886092581850826289e+00
-3.838376788776126425e+00
-3.788085756522443948e+00
-3.735528557019099694e+00
-3.681022981306855790e+00
-3.624895641603677721e+00
-3.567482122412488632e+00
-3.509127669326201460e+00
-3.450188143297841847e+00
-3.391031003482046113e+00
-3.332036781495722799e+00
-3.273601279698706179e+00
-3.216138063853455353e+00
-3.160081483798023783e+00
-3.105890737100064580e+00
-3.054055060407458999e+00
-3.005099867446767270e+00
-2.959594449984984443e+00
-2.918161891373975081e+00
-2.881491162749357127e+00
-2.850351677084763669e+00
-2.825611039286744841e+00
-2.808256297837030679e+00
-2.799417683597127393e+00
-2.800392116622371308e+00
-2.812659583371613703e+00
-2.837874558818814563e+00
-2.877788635388924821e+00
-2.933998218013978754e+00
-3.007254319535358711e+00
-3.095659684500377207e+00
-3.189954998894527716e+00
-3.260890775144061671e+00
-3.223564328644366483e+00
-2.819150072573443744e+00
-1.070529002377837546e+00
3.271782501398798892e+00
1.866048418414891330e+00
1.000138530665422465e+00
1.000000000000000000e+00
1.000000000000000000e+00
