1.000000000000000000e+00
1.000000294132173062e+00
1.000001492393958857e+00
1.000011106769965741e+00
1.000053299533185669e+00
1.000184577140004416e+00
1.000524044341564167e+00
1.001310961038713199e+00
1.003008430131478335e+00
1.006477137411469380e+00
1.013243425906206419e+00
1.025873206630882439e+00
1.048423417183921513e+00
1.086859730477597763e+00
1.149200083321770816e+00
1.245006541661562105e+00
1.383825646977146384e+00
1.572446712448087425e+00
1.811503919483710812e+00
2.092874337823605657e+00
2.399785230700040906e+00
2.711432374124518319e+00
3.012014362317416705e+00
3.301027713711610190e+00
3.598223283870049194e+00
3.935300289123292661e+00
4.336459526149725185e+00
4.800452095768685368e+00
5.299350130796414149e+00
5.793194686664212334e+00
6.243403455108939681e+00
6.619668893758363204e+00
6.897526633052781797e+00
7.055626371462947688e+00
7.074775624412940722e+00
6.937716801080252793e+00
6.633461003376929455e+00
6.158172926515430134e+00
5.519308810465026305e+00
4.736839362432172074e+00
3.844035233782435501e+00
2.886068454297432417e+00
1.913074983072686974e+00
9.741200092050719128e-01
1.100368224784342430e-01
-6.497052493636050752e-01
-1.288284676837772258e+00
-1.800502925174058744e+00
-2.189716494399771562e+00
-2.465195171326650225e+00
-2.638807467458861744e+00
-2.723130492202354702e+00
-2.730117426333546593e+00
-2.670531615744880405e+00
-2.554115595227087088e+00
-2.389613743803843615e+00
-2.185081748633483922e+00
-1.947909967456547875e+00
-1.684859401507471599e+00
-1.402045715449989682e+00
-1.104821592616159309e+00
-7.978122804420793024e-01
-4.848653633752577630e-01
-1.691137646152158502e-01
1.469819579088914308e-01
4.615842366212423720e-01
7.733398793601502508e-01
1.081302293252848434e+00
1.384807779119025417e+00
1.683400154947595873e+00
1.976764274517010200e+00
2.264636716509508041e+00
2.546760536470585645e+00
2.822817875625967865e+00
3.092398863805299492e+00
3.354973519664757653e+00
3.609856343347702001e+00
3.856196830761497552e+00
4.092954762619074316e+00
4.318902333233984869e+00
4.532629466650591965e+00
4.732551110726018528e+00
4.916938442272971166e+00
5.083944851385092001e+00
5.231660418348045738e+00
5.358173666141278879e+00
5.461635309166578800e+00
5.540338483514225310e+00
5.592786623083486397e+00
5.617770874571816009e+00
5.614436593532742492e+00
5.582328604736596311e+00
5.521427904590302305e+00
5.432156244949264412e+00
5.315369392443747287e+00
5.172329077185012558e+00
5.004647247514062869e+00
4.814226201666434335e+00
4.603184150482724668e+00
4.373782991816500321e+00
4.128360290050077985e+00
3.869260025730580477e+00
3.598779824369549907e+00
3.319125148706354889e+00
3.032373866453110800e+00
2.740454762863675509e+00
2.445129301840543778e+00
2.147987520240671966e+00
1.850449907274242634e+00
1.553769703392615886e+00
1.259043952494846685e+00
9.672242464648197480e-01
6.791299182232249931e-01
3.954634586294507592e-01
1.168216487127552577e-01
-1.562898830314684018e-01
-4.234434475126938602e-01
-6.842801163939395970e-01
-9.384981469263552478e-01
-1.185844244114972135e+00
-1.426105958119616934e+00
-1.659103786297731586e+00
-1.884687040663540092e+00
-2.102728504988198299e+00
-2.313119476223697291e+00
-2.515768124853559939e+00
-2.710595706988001119e+00
-2.897533855152274018e+00
-3.076524332367740033e+00
-3.247517426231942839e+00
-3.410471672528405662e+00
-3.565354423090894453e+00
-3.712141430905610662e+00
-3.850817474784125061e+00
-3.981376741765242144e+00
-4.103822370998442715e+00
-4.218167130838152978e+00
-4.324433449278059172e+00
-4.422653064520996047e+00
-4.512868067171284636e+00
-4.595131161774828499e+00
-4.669505699972120283e+00
-4.736066880203658513e+00
-4.794902010633982137e+00
-4.846110535293834509e+00
-4.889805078262064342e+00
-4.926111566033344324e+00
-4.955169092737920167e+00
-4.977130699660855306e+00
-4.992163473151141062e+00
-5.000448418082033442e+00
-5.002181069851087791e+00
-4.997571579456009161e+00
-4.986844440630902042e+00
-4.970238790272166085e+00
-4.948008506673076567e+00
-4.920421819914063022e+00
-4.887761261811432334e+00
-4.850323704699587957e+00
-4.808419736283331858e+00
-4.762373243835172687e+00
-4.712521561441278095e+00
-4.659214874031891718e+00
-4.602815749745207796e+00
-4.543699553347689601e+00
-4.482254498854309155e+00
-4.418881717279718124e+00
-4.353996058022198135e+00
-4.288027205534135966e+00
-4.221420743901297179e+00
-4.154639842448279552e+00
-4.088167887635061781e+00
-4.022511394882904767e+00
-3.958203517711180286e+00
-3.895808883614665152e+00
-3.835929836527833814e+00
-3.779213761115278292e+00
-3.726362344282062811e+00
-3.678143671850964580e+00
-3.635407047126850699e+00
-3.599100893325719586e+00
-3.570294854212674007e+00
-3.550206716411551611e+00
-3.540233162831790459e+00
-3.541981608099637135e+00
-3.557295865833945747e+00
-3.588255972999083721e+00
-3.637102604138345630e+00
-3.705964907522340646e+00
-3.796090824636278338e+00
-3.905813870127969434e+00
-4.025273566128784175e+00
-4.122739099191451650e+00
-4.108673681075047490e+00
-3.724064259963356882e+00
-1.971742180676341105e+00
2.872659785414317213e+00
2.325493259307391813e+00
1.000552567415629257e+00
1.000000000000159872e+00
1.000000000000000000e+00
