1.000000000000000000e+00
1.000000198525174744e+00
1.000001016465056569e+00
1.000007572393402100e+00
1.000036326465655101e+00
1.000125815153299458e+00
1.000357410604284736e+00
1.000894999217965209e+00
1.002056980246674334e+00
1.004438266162347215e+00
1.009101825791441698e+00
1.017853386094470958e+00
1.033589607176526259e+00
1.060656282528800842e+00
1.105060693788681991e+00
1.174265878848846700e+00
1.276228950068094559e+00
1.417468755087911925e+00
1.600395313256098628e+00
1.820922422987362177e+00
2.067995580185153059e+00
2.326791387243925868e+00
2.585766226337345319e+00
2.844865898951009164e+00
3.119230672205997035e+00
3.432133712893408628e+00
3.799318657835154767e+00
4.214965055439852115e+00
4.651018420134799491e+00
5.069253708871495512e+00
5.432841676328396652e+00
5.713163169491417115e+00
5.889032929877810574e+00
5.945049533374755057e+00
5.870683138514577237e+00
5.659632373548570072e+00
5.312368540810567197e+00
4.835991079024458017e+00
4.246072265282512248e+00
3.566030365728550144e+00
2.826059021230306278e+00
2.061032983716537093e+00
1.305803421176200407e+00
5.919982629641448169e-01
-5.550023440985758089e-02
-6.196402041821171824e-01
-1.091338785314641679e+00
-1.468422705322837807e+00
-1.753611721326267192e+00
-1.953061765788639104e+00
-2.074607541807147459e+00
-2.126798205504199402e+00
-2.118115642231004347e+00
-2.056544183620178323e+00
-1.949549643625567708e+00
-1.803964112908439166e+00
-1.626085919375980460e+00
-1.421637588847328937e+00
-1.195773566388233178e+00
-9.530843136990193587e-01
-6.975502647146402113e-01
-4.326006310701900892e-01
-1.611107723495713573e-01
1.145329514819400790e-01
3.923910441051884357e-01
6.709311661869976628e-01
9.489319617949407704e-01
1.225430674567933531e+00
1.499639335718871536e+00
1.770893985568215978e+00
2.038609033167930296e+00
2.302214225291405292e+00
2.561121553750564495e+00
2.814675797793747325e+00
3.062130890247295234e+00
3.302629093747089684e+00
3.535176432793569745e+00
3.758638745656061708e+00
3.971729651501397118e+00
4.173020942797944777e+00
4.360958628422408445e+00
4.533883745856337910e+00
4.690072908238734684e+00
4.827777009071030356e+00
4.945280546288986834e+00
5.040964773226223272e+00
5.113369241193295167e+00
5.161260017339003525e+00
5.183683010086516774e+00
5.180016669518712646e+00
5.150009594038656324e+00
5.093796652502369682e+00
5.011903687675385299e+00
4.905226603977718369e+00
4.775001190606573687e+00
4.622758964553937311e+00
4.450266591936932414e+00
4.259466175318483039e+00
4.052410104412483172e+00
3.831201939785286115e+00
3.597944379165614048e+00
3.354690053761925306e+00
3.103406259218801644e+00
2.845946480720679350e+00
2.584030257702956579e+00
2.319233178228158998e+00
2.052979364617092184e+00
1.786543350400851216e+00
1.521055705300180749e+00
1.257508533113934623e+00
9.967663622991906891e-01
7.395763920983551287e-01
4.865799529216946473e-01
2.383250992188487294e-01
-4.723979454501993878e-03
-2.421755345103283885e-01
-4.736999508435836281e-01
-6.990223482230293328e-01
-9.179137533042894814e-01
-1.130184318904004170e+00
-1.335677444210426890e+00
-1.534263809400617351e+00
-1.725838043159781954e+00
-1.910314673370461236e+00
-2.087624406445438563e+00
-2.257712709570882215e+00
-2.420537006918718426e+00
-2.576064642593828946e+00
-2.724272547552399892e+00
-2.865146024667906577e+00
-2.998678456116330882e+00
-3.124871606342336960e+00
-3.243735278425353918e+00
-3.355287684491606637e+00
-3.459555662472819204e+00
-3.556574328269560326e+00
-3.646387495356446351e+00
-3.729047656780881681e+00
-3.804615704806086462e+00
-3.873161589615176315e+00
-3.934764445364884899e+00
-3.989512554223169971e+00
-4.037504096150890120e+00
-4.078847257832690865e+00
-4.113660173074894288e+00
-4.142071548387712632e+00
-4.164220657323227215e+00
-4.180257153410201987e+00
-4.190341499547081128e+00
-4.194644930780921932e+00
-4.193349260769942966e+00
-4.186647188516784190e+00
-4.174742246617753949e+00
-4.157848506244807396e+00
-4.136190674055225891e+00
-4.110004055625672059e+00
-4.079534192205569454e+00
-4.045036735563042107e+00
-4.006777392869439680e+00
-3.965031431262099559e+00
-3.920083338571032971e+00
-3.872226884400178815e+00
-3.821764695439047621e+00
-3.769007941301826481e+00
-3.714276648156332961e+00
-3.657899799415636810e+00
-3.600215484593717985e+00
-3.541571592414512804e+00
-3.482326771312744373e+00
-3.422851416311895267e+00
-3.363529151966439201e+00
-3.304759047058058563e+00
-3.246958123936289908e+00
-3.190564398994190753e+00
-3.136040976352974852e+00
-3.083881279593001512e+00
-3.034615236219067480e+00
-2.988817039313567570e+00
-2.947115144578422719e+00
-2.910204470941095689e+00
-2.878861083730376524e+00
-2.853960112016104667e+00
-2.836497217535918658e+00
-2.827612603701634697e+00
-2.828614847045805902e+00
-2.840997644686615864e+00
-2.866431594394527771e+00
-2.906686982492435956e+00
-2.963380940395428098e+00
-3.037284726315402583e+00
-3.126513217322797633e+00
-3.221791566614482516e+00
-3.293786853414480742e+00
-3.257405735245147760e+00
-2.853591618931362373e+00
-1.103446969104775022e+00
3.261442999910456386e+00
1.881994771710016501e+00
1.000146437504306762e+00
1.000000000000000000e+00
1.000000000000000000e+00
