1.000000000000000000e+00
1.000000003688457983e+00
1.000000019798362505e+00
1.000000148236833919e+00
1.000000709906997631e+00
1.000002460231486978e+00
1.000007008235862749e+00
1.000017634634606134e+00
1.000040823794775102e+00
1.000088985255791041e+00
1.000185038638966573e+00
1.000369730351797104e+00
1.000712627675448996e+00
1.001327457374053820e+00
1.002391443975146235e+00
1.004166109041142674e+00
1.007013622207608927e+00
1.011399505578327807e+00
1.017872874022067053e+00
1.027026010478102380e+00
1.039455420036946354e+00
1.055769225481725915e+00
1.076661419214157922e+00
1.102976081416947807e+00
1.135567375986596739e+00
1.174770984058596701e+00
1.219663597889004913e+00
1.267627607090384689e+00
1.314744435203952344e+00
1.356932719070158111e+00
1.391080593065685544e+00
1.415685307553686600e+00
1.430774483263855146e+00
1.437457252569056099e+00
1.437388608993225514e+00
1.432326148815375344e+00
1.423897396070745724e+00
1.413450936717177697e+00
1.402042627048325940e+00
1.390447556522770522e+00
1.379209101955234829e+00
1.368697521859345567e+00
1.359144263552027443e+00
1.350686452058134535e+00
1.343387815961092580e+00
1.337263274228600141e+00
1.332292537559427226e+00
1.328430555243122146e+00
1.325618639538794330e+00
1.323785479985286617e+00
1.322852587499621757e+00
1.322734479460745849e+00
1.323341283765111731e+00
1.324580935031770768e+00
1.326358659413113594e+00
1.328578859902460607e+00
1.331144528456536413e+00
1.333958565042024036e+00
1.336924277740446643e+00
1.339945892420090878e+00
1.342929868381510072e+00
1.345784831070226062e+00
1.348422666821118554e+00
1.350758794628168280e+00
1.352712992453672936e+00
1.354210372038757937e+00
1.355181468925967136e+00
1.355562996378000484e+00
1.355297968995626379e+00
1.354336232470390256e+00
1.352634893374135228e+00
1.350158267447595151e+00
1.346878129843854799e+00
1.342773496166817626e+00
1.337830648208116813e+00
1.332043014399299174e+00
1.325410809853533545e+00
1.317940831475663988e+00
1.309645941075031850e+00
1.300544725038568883e+00
1.290661051732201026e+00
1.280023519346211502e+00
1.268665029966485891e+00
1.256622176592171902e+00
1.243934810414181413e+00
1.230645573133704263e+00
1.216799370738287589e+00
1.202442971282700057e+00
1.187624484559927085e+00
1.172392991822825969e+00
1.156798179271652627e+00
1.140889930205440050e+00
1.124718038410955856e+00
1.108331849116817924e+00
1.091780025953652755e+00
1.075110342670112518e+00
1.058369412802014242e+00
1.041602530043692854e+00
1.024853478105457238e+00
1.008164408686917479e+00
9.915757631027933838e-01
9.751261506533329682e-01
9.588523134415251059e-01
9.427890793987828699e-01
9.269693245157862860e-01
9.114239789152870364e-01
8.961819879261329058e-01
8.812703336494448481e-01
8.667140601593790183e-01
8.525362626464878524e-01
8.387581273519916225e-01
8.253989530207266334e-01
8.124761859665555752e-01
8.000054754138402613e-01
7.880006943499876515e-01
7.764739986992660326e-01
7.654358855405867246e-01
7.548952250878325776e-01
7.448593260935595373e-01
7.353339871302428943e-01
7.263235478728291561e-01
7.178309536707276894e-01
7.098577942533481622e-01
7.024043616220115860e-01
6.954697123384232516e-01
6.890517048787081489e-01
6.831470627302415055e-01
6.777514327308394870e-01
6.728594238921683512e-01
6.684646625285908250e-01
6.645598376914598759e-01
6.611367405829376986e-01
6.581863152678723017e-01
6.556987008938842676e-01
6.536632772377869438e-01
6.520687193035046292e-01
6.509030414907820417e-01
6.501536481970493497e-01
6.498073882150710023e-01
6.498505952104942640e-01
6.502691351627517546e-01
6.510484553312974043e-01
6.521736207197097457e-01
6.536293584500942888e-01
6.554001031428009494e-01
6.574700306595474553e-01
6.598230991317918237e-01
6.624430906744062098e-01
6.653136419688042702e-01
6.684182793055716276e-01
6.717404534850789366e-01
6.752635648321230200e-01
6.789709906890388780e-01
6.828461136085238747e-01
6.868723408159566057e-01
6.910331224415801055e-01
6.953119712055615409e-01
6.996924751283636335e-01
7.041583055077064168e-01
7.086932274123457498e-01
7.132811037247520636e-01
7.179058888422195084e-01
7.225516246551815236e-01
7.272024296841247404e-01
7.318424732979359471e-01
7.364559467414240057e-01
7.410270264752951697e-01
7.455398217431664643e-01
7.499783094509997472e-01
7.543262587619828929e-01
7.585671372187439143e-01
7.626839934435457602e-01
7.666593211824551668e-01
7.704748995397652234e-01
7.741116002002146335e-01
7.775491593842092097e-01
7.807659175533060436e-01
7.837385207911410356e-01
7.864415827696713546e-01
7.888473268879134803e-01
7.909252437771647770e-01
7.926418309526492845e-01
7.939605619386098656e-01
7.948423968225626357e-01
7.952474614574722711e-01
7.951391804208258751e-01
7.944935770699382838e-01
7.933196399073726424e-01
7.917040740477112593e-01
7.899120365185940962e-01
7.886235344868434138e-01
7.895218495842973860e-01
7.968774417418567069e-01
8.222682892541375299e-01
9.005596619732197938e-01
1.144765820450331706e+00
1.185643312116330339e+00
1.000398052507161850e+00
1.000000001889821855e+00
1.000000000000000000e+00
1.000000000000000000e+00
