1.000000000000000000e+00
1.000000288088934930e+00
1.000001462477696945e+00
1.000010884743219419e+00
1.000052233069217422e+00
1.000180885260428143e+00
1.000513578895548816e+00
1.001284853384009299e+00
1.002948772021221124e+00
1.006349479065203667e+00
1.012984631087986420e+00
1.025373436924280401e+00
1.047502332111878376e+00
1.085240127304256230e+00
1.146487427173340956e+00
1.240688770593075585e+00
1.377309952778901225e+00
1.563142710520042167e+00
1.798943728453553659e+00
2.076836627998452478e+00
2.380379976559625632e+00
2.689106345727731995e+00
2.987452996743331202e+00
3.274947625515395089e+00
3.571093697278188372e+00
3.907127174569356765e+00
4.306778112534741076e+00
4.768540753763085505e+00
5.264471257488775535e+00
5.754678272803928962e+00
6.200620550405989029e+00
6.572007636812262632e+00
6.844478213410737588e+00
6.996948366376213535e+00
7.010669052839202386e+00
6.868986265551184189e+00
6.561576767492070417e+00
6.085279692585292111e+00
5.448105922703667225e+00
4.670346688277751568e+00
3.785222377006497663e+00
2.837402000231682209e+00
1.876173604506883086e+00
9.495781887723573345e-01
9.748546446108581620e-02
-6.514008466105880579e-01
-1.280746671276736137e+00
-1.785549087781672206e+00
-2.169125090180592519e+00
-2.440543452723817452e+00
-2.611415035827342024e+00
-2.694066326465512695e+00
-2.700243047899634874e+00
-2.640551148508342383e+00
-2.524611043508510733e+00
-2.361069110313124497e+00
-2.157891842462377863e+00
-1.922383791752967586e+00
-1.661221150679299541e+00
-1.380437026948813539e+00
-1.085308725887107695e+00
-7.803951864823256424e-01
-4.694901675204258829e-01
-1.556856001145186241e-01
1.585859892758303968e-01
4.715026413968262387e-01
7.817169981002705104e-01
1.088280061921320652e+00
1.390519918513575925e+00
1.687967783126452348e+00
1.980292678041233323e+00
2.267213598684842957e+00
2.548454831134133958e+00
2.823679470805841252e+00
3.092458562923109611e+00
3.354243214621582148e+00
3.608329609627262791e+00
3.853849606665833871e+00
4.089746559593825381e+00
4.314777720701465924e+00
4.527520023671678828e+00
4.726378084717110184e+00
4.909615950523678940e+00
5.075383959421631452e+00
5.221773749837331557e+00
5.346880481744965330e+00
5.448866975122125922e+00
5.526043834355783169e+00
5.576937129267363957e+00
5.600364982395856117e+00
5.595502903931189209e+00
5.561927734253272249e+00
5.499652651092799438e+00
5.409130240901669495e+00
5.291244146072351384e+00
5.147279659629719006e+00
4.978867183126927110e+00
4.787921781363749574e+00
4.576568716872834841e+00
4.347071465874916107e+00
4.101764193410389225e+00
3.842983355987326100e+00
3.573015729909030824e+00
3.294053499732096491e+00
3.008159689173181661e+00
2.717247374438429564e+00
2.423062161572459239e+00
2.127178538682484188e+00
1.831002098811907564e+00
1.535772161780081468e+00
1.242572937459642590e+00
9.523443558910665852e-01
6.658952579812361661e-01
3.839187290899355731e-01
1.070032067026696621e-01
-1.643530892567015567e-01
-4.297290665615880467e-01
-6.887716433272226269e-01
-9.411843051545701888e-01
-1.186718456838454117e+00
-1.425165901313737660e+00
-1.656351042599967016e+00
-1.880126786803582917e+00
-2.096369268798396579e+00
-2.304972963208696157e+00
-2.505849052397303822e+00
-2.698921697474731651e+00
-2.884125369939443129e+00
-3.061404599726602171e+00
-3.230712395090548306e+00
-3.392009966933547727e+00
-3.545267282288786514e+00
-3.690462657025731730e+00
-3.827583367681225202e+00
-3.956626026909024763e+00
-4.077596137935162623e+00
-4.190508758868218386e+00
-4.295388533610827508e+00
-4.392269350213429568e+00
-4.481195361830486945e+00
-4.562221242640628560e+00
-4.635412219349367646e+00
-4.700845244758530050e+00
-4.758609253163859520e+00
-4.808805183031592101e+00
-4.851546996277454227e+00
-4.886961793980724167e+00
-4.915189679497137476e+00
-4.936384516686413093e+00
-4.950714019988378567e+00
-4.958359624156146950e+00
-4.959517077183309475e+00
-4.954396516847821452e+00
-4.943222196437756288e+00
-4.926232772097858259e+00
-4.903681392244153336e+00
-4.875835309281608687e+00
-4.842975824360472359e+00
-4.805398319737411050e+00
-4.763411641403738628e+00
-4.717337687692357839e+00
-4.667511550656929131e+00
-4.614280930688630988e+00
-4.558005678462962784e+00
-4.499058202044363242e+00
-4.437823522829913436e+00
-4.374699349024014694e+00
-4.310096871099206695e+00
-4.244441869977280568e+00
-4.178175778681596064e+00
-4.111757357786722800e+00
-4.045665304410710483e+00
-3.980401143147636933e+00
-3.916492711433246399e+00
-3.854498955932426529e+00
-3.795016120530326109e+00
-3.738685010553136401e+00
-3.686200174642357830e+00
-3.638321887929305998e+00
-3.595890829603990202e+00
-3.559845813170864570e+00
-3.531245662802854124e+00
-3.511295842593291638e+00
-3.501378850403102927e+00
-3.503085633716181757e+00
-3.518240804584215731e+00
-3.548902098256906168e+00
-3.597284863512259623e+00
-3.665491331687384502e+00
-3.754746005696409927e+00
-3.863376508470637294e+00
-3.981567263410533020e+00
-4.077738905382375378e+00
-4.062587784291030069e+00
-3.676816673915566991e+00
-1.922837132735440324e+00
2.899802601869684526e+00
2.299346230360042043e+00
1.000515838174665273e+00
1.000000000000146549e+00
1.000000000000000000e+00
