1.000000000000000000e+00
1.000000165609180147e+00
1.000000851140481428e+00
1.000006343416537380e+00
1.000030426588641497e+00
1.000105386743556757e+00
1.000299447814566811e+00
1.000750160652174703e+00
1.001725164143400404e+00
1.003725602046086518e+00
1.007649600922142064e+00
1.015029256605977981e+00
1.028336534573253802e+00
1.051309863027794611e+00
1.089175175325825196e+00
1.148531023507773030e+00
1.236595285302012348e+00
1.359589331528607170e+00
1.520399453165934833e+00
1.716359957928617730e+00
1.938622677482040091e+00
2.174782451430022689e+00
2.415032395084642847e+00
2.659428809169459562e+00
2.921083319430231029e+00
3.219694530238445207e+00
3.567505639296408404e+00
3.956891742465311168e+00
4.359976291571605600e+00
4.739741033613195320e+00
5.060874595579205604e+00
5.296442942637592743e+00
5.427595920392190187e+00
5.442168778385272354e+00
5.333654716076000391e+00
5.100298063304968821e+00
4.746850131066518763e+00
4.283947536328237327e+00
3.729067976595837663e+00
3.105368223709926934e+00
2.440288526071180630e+00
1.763629016063428701e+00
1.103890044262645143e+00
4.860907964386979030e-01
-7.061043456785850991e-02
-5.534204879526274379e-01
-9.557840219209372545e-01
-1.276439150092541830e+00
-1.517833205579962152e+00
-1.685062128135908166e+00
-1.784577711134180289e+00
-1.823487393491069808e+00
-1.808944004053392396e+00
-1.747775694290256476e+00
-1.646428304701505807e+00
-1.510830771749348767e+00
-1.346446940484224086e+00
-1.158225589275539535e+00
-9.506045669680781574e-01
-7.275210265202592952e-01
-4.923846811247172828e-01
-2.481386224089102699e-01
2.732751611794714125e-03
2.581423708642630044e-01
5.163612033220312814e-01
7.759835757553407154e-01
1.035846563717036206e+00
1.294987188134032019e+00
1.552573217572822628e+00
1.807861926596116442e+00
2.060162934736225804e+00
2.308785866451171565e+00
2.553013316885091033e+00
2.792059784841476322e+00
3.025052975322857218e+00
3.251018028687091999e+00
3.468859369525155056e+00
3.677361247626623086e+00
3.875182520454859780e+00
4.060871815947205477e+00
4.232888494935505008e+00
4.389628356212167404e+00
4.529466317603027647e+00
4.650797021990781488e+00
4.752091783855224350e+00
4.831956813918995230e+00
4.889187542907869499e+00
4.922825650588610102e+00
4.932200439277743875e+00
4.916966840111456349e+00
4.877128353573772834e+00
4.813040375185514641e+00
4.725403306531113401e+00
4.615234465330702918e+00
4.483833318901580434e+00
4.332736673292555629e+00
4.163662125478985843e+00
3.978454302425309841e+00
3.779028466633211458e+00
3.567320745271518767e+00
3.345245476794870498e+00
3.114655734717348690e+00
2.877315922991174890e+00
2.634880214494129014e+00
2.388877897410750961e+00
2.140706985368776571e+00
1.891629653466450067e+00
1.642775208114117591e+00
1.395145916283190068e+00
1.149622488707536361e+00
9.069738540664606941e-01
6.678662474104231084e-01
4.328731924356890026e-01
2.024863495605290498e-01
-2.287634322689534663e-02
-2.428608956440840294e-01
-4.571684429022235263e-01
-6.655488709834447292e-01
-8.677932675672053175e-01
-1.063728090967442474e+00
-1.253210104860432716e+00
-1.436121251294917522e+00
-1.612365732095324855e+00
-1.781866504869542123e+00
-1.944562060609481557e+00
-2.100405135042385130e+00
-2.249360272120813242e+00
-2.391402033383853265e+00
-2.526514640084683183e+00
-2.654690885473565576e+00
-2.775931823460889625e+00
-2.890246961847316776e+00
-2.997653919014387824e+00
-3.098178681122661260e+00
-3.191855733855622379e+00
-3.278727722486933782e+00
-3.358845754971578668e+00
-3.432269339263998909e+00
-3.499066099921421813e+00
-3.559312280842456211e+00
-3.613092801564776746e+00
-3.660501176408224033e+00
-3.701640091262409449e+00
-3.736621442629442402e+00
-3.765566233889281911e+00
-3.788605045089589840e+00
-3.805877972930442166e+00
-3.817534417581786688e+00
-3.823733386059149364e+00
-3.824643404400039692e+00
-3.820442298761597133e+00
-3.811317396826132242e+00
-3.797465429799998571e+00
-3.779092231799400903e+00
-3.756412770148704450e+00
-3.729651066572252649e+00
-3.699039847629846722e+00
-3.664820398935320078e+00
-3.627242483093933600e+00
-3.586563893865424291e+00
-3.543050147910181469e+00
-3.496974520314299006e+00
-3.448617681461623174e+00
-3.398267436852163037e+00
-3.346219005784665690e+00
-3.292775135185112667e+00
-3.238246269740396421e+00
-3.182951197345575078e+00
-3.127217940607375013e+00
-3.071384695703534451e+00
-3.015801217210168694e+00
-2.960830852181113304e+00
-2.906852863032622025e+00
-2.854265245496301784e+00
-2.803488489338837208e+00
-2.754970364282952389e+00
-2.709191588454401334e+00
-2.666672917800607667e+00
-2.627984223528343488e+00
-2.593755542262761615e+00
-2.564690334666936966e+00
-2.541581560521841698e+00
-2.525330758456928226e+00
-2.516969082294392202e+00
-2.517677554318167754e+00
-2.528799717426715166e+00
-2.551829411537974934e+00
-2.588331625201816699e+00
-2.639695079828182855e+00
-2.706465934129487660e+00
-2.786618506253836003e+00
-2.871033058057810283e+00
-2.931279236143685019e+00
-2.884476928796500417e+00
-2.475134442325324979e+00
-7.479526018623494643e-01
3.352034534075320149e+00
1.713251835374183241e+00
1.000078417681330434e+00
1.000000000000000000e+00
1.000000000000000000e+00
