1.000000000000000000e+00
1.000000270453910822e+00
1.000001375056970954e+00
1.000010235839399853e+00
1.000049116348338485e+00
1.000170095596322195e+00
1.000482990468312128e+00
1.001208533564346359e+00
1.002774331766707938e+00
1.005976071921055759e+00
1.012227262633672353e+00
1.023909854347067938e+00
1.044802503392996629e+00
1.080487404307670207e+00
1.138515848017333632e+00
1.227978820579942454e+00
1.358093015322377139e+00
1.535644483579656994e+00
1.761741763726933252e+00
2.029235806444066537e+00
2.322674506299984731e+00
2.622602772948748218e+00
2.914175903768807974e+00
3.197011304706831147e+00
3.489861132728693693e+00
3.822562525013061929e+00
4.217427670222027025e+00
4.672177120566805009e+00
5.158821512233791928e+00
5.637688975073289477e+00
6.070397785957298176e+00
6.426760391081469237e+00
6.682780056977276395e+00
6.818219636853452670e+00
6.815692319991796033e+00
6.660366651974012342e+00
6.343907003084518159e+00
5.865142892695300425e+00
5.233691349318530861e+00
4.470726380704869385e+00
3.609236998400068952e+00
2.692330479580952840e+00
1.766740845144327166e+00
8.774638251896536012e-01
6.152045600989854840e-02
-6.546406327309242101e-01
-1.256115782932837099e+00
-1.738474340680755681e+00
-2.104920022909209987e+00
-2.363939233441134657e+00
-2.526393378843368787e+00
-2.603875078737665660e+00
-2.607516795624145622e+00
-2.547453375496000039e+00
-2.432935027686391471e+00
-2.272307709959917155e+00
-2.073263773587511238e+00
-1.842844788344498275e+00
-1.587468476148469199e+00
-1.312917647482203964e+00
-1.024241628705714557e+00
-7.257990090635975111e-01
-4.212206035345655852e-01
-1.134737646764783087e-01
1.950948391227708689e-01
5.027119500283556697e-01
8.080494720026512034e-01
1.110152746567761195e+00
1.408326423279960604e+00
1.702064757391196670e+00
1.990989788367191426e+00
2.274767950241843639e+00
2.553067184579551618e+00
2.825493267547452003e+00
3.091559800962918825e+00
3.350661105901262093e+00
3.602038640304508377e+00
3.844772018489648779e+00
4.077756563311689675e+00
4.299706686679891199e+00
4.509163197352090258e+00
4.704503498160323538e+00
4.883974997992750922e+00
5.045724542078281694e+00
5.187854887517297620e+00
5.308488105097189269e+00
5.405830558721635981e+00
5.478252323861326545e+00
5.524353827890137403e+00
5.543039512587617956e+00
5.533579285364446321e+00
5.495648187529339701e+00
5.429356139804832893e+00
5.335246432621641333e+00
5.214282662627369724e+00
5.067815525229725004e+00
4.897524225609797277e+00
4.705354721263804052e+00
4.493445591930393945e+00
4.264057181330977109e+00
4.019505905488526487e+00
3.762098670290447533e+00
3.494083486985157805e+00
3.217607353423410643e+00
2.934684310015656550e+00
2.647176742989473919e+00
2.356779945461006331e+00
2.065019763901526417e+00
1.773255756448478548e+00
1.482684675612398140e+00
1.194351870460869103e+00
9.091622820133118399e-01
6.278935484903529485e-01
3.512110252604918603e-01
7.967875800245172169e-02
-1.862265107375431494e-01
-4.461026566758442002e-01
-6.996132737914028121e-01
-9.464766486284822422e-01
-1.186457399007210478e+00
-1.419359211542623900e+00
-1.645017355064680054e+00
-1.863294692403484110e+00
-2.074076619366444607e+00
-2.277266385319599351e+00
-2.472783488382883199e+00
-2.660560120914514659e+00
-2.840538621668708075e+00
-3.012671206733875895e+00
-3.176918463961944994e+00
-3.333249078159418843e+00
-3.481640340907307341e+00
-3.622077763179910814e+00
-3.754555647334981483e+00
-3.879077439680751027e+00
-3.995655313007258957e+00
-4.104310791002391490e+00
-4.205074777914663109e+00
-4.297987237056386078e+00
-4.383098147549898904e+00
-4.460467741634237981e+00
-4.530166529296260514e+00
-4.592276393839037851e+00
-4.646890823634550749e+00
-4.694114923184788069e+00
-4.734066358536783703e+00
-4.766875452454487849e+00
-4.792685040429263132e+00
-4.811651166099698784e+00
-4.823943147878359206e+00
-4.829743437360870750e+00
-4.829248156371216183e+00
-4.822667148453413155e+00
-4.810223700415751757e+00
-4.792154791607465825e+00
-4.768711157754838226e+00
-4.740156906736301856e+00
-4.706769448459875882e+00
-4.668839508797236526e+00
-4.626670535163258435e+00
-4.580578298266865467e+00
-4.530891016660259396e+00
-4.477948802405207651e+00
-4.422103231067713303e+00
-4.363717730426674990e+00
-4.303167645948105857e+00
-4.240840330587600349e+00
-4.177135922393984124e+00
-4.112468427042927921e+00
-4.047266769667819730e+00
-3.981976438956680298e+00
-3.917062027063480834e+00
-3.853010056603553224e+00
-3.790332392814948825e+00
-3.729570919837276843e+00
-3.671303563550463167e+00
-3.616151372593069624e+00
-3.564787457805643101e+00
-3.517948631446420116e+00
-3.476449657023276796e+00
-3.441200456202575531e+00
-3.413227303739553964e+00
-3.393698566704120623e+00
-3.383954003645662123e+00
-3.385534896677092842e+00
-3.400207868484591778e+00
-3.429963171223831875e+00
-3.476939264615318770e+00
-3.543156093705202458e+00
-3.629765067407523915e+00
-3.735070820886667864e+00
-3.849382457986084471e+00
-3.941560300320794408e+00
-3.923006774141461150e+00
-3.533757489709023147e+00
-1.775998999238520337e+00
2.977852957573250858e+00
2.221680702887649517e+00
1.000417977667389158e+00
1.000000000000106581e+00
1.000000000000000000e+00
