1.000000000000000000e+00
1.000000092726083700e+00
1.000000481605187730e+00
1.000003593490171427e+00
1.000017229850767242e+00
1.000059686708195228e+00
1.000169703106785768e+00
1.000425608426132040e+00
1.000980434531512087e+00
1.002122379973039878e+00
1.004372103042629583e+00
1.008627708147734170e+00
1.016360619948357025e+00
1.029843760656611540e+00
1.052350016778711872e+00
1.088192458089937587e+00
1.142412447329318237e+00
1.219923204550223739e+00
1.324087248116567306e+00
1.455143669229697290e+00
1.609411391618275955e+00
1.780513959979586058e+00
1.963042396170987303e+00
2.157104793934808029e+00
2.370156390752971909e+00
2.612358176499026907e+00
2.887099850309953197e+00
3.183040856742791025e+00
3.474652585232619995e+00
3.730912039347060283e+00
3.924065255475930769e+00
4.035314267984758452e+00
4.055056881660761725e+00
3.981498805910895111e+00
3.818894939692877077e+00
3.575700312457697816e+00
3.264261644001780205e+00
2.899222534796610518e+00
2.496986565654794266e+00
2.074376448367168280e+00
1.647690068204661795e+00
1.232026823998248588e+00
8.401577002151443541e-01
4.822780742730499171e-01
1.655679373580912772e-01
-1.055718370778443299e-01
-3.292361278472248909e-01
-5.055586113755229372e-01
-6.360816372036819377e-01
-7.234298690110453345e-01
-7.708442953687612009e-01
-7.819436447832903703e-01
-7.604611034774160228e-01
-7.100505895521940225e-01
-6.342287447782912757e-01
-5.362727986316688789e-01
-4.192246303493659676e-01
-2.858528151720240995e-01
-1.386548116985193424e-01
2.013028011690543712e-02
1.885263648360573085e-01
3.647765167503404515e-01
5.473311864920054060e-01
7.348092663826126802e-01
9.259751762896957228e-01
1.119721446306743973e+00
1.315026318724663357e+00
1.510934492627476811e+00
1.706522652986931288e+00
1.900881834515892432e+00
2.093102291576445229e+00
2.282249433818638540e+00
2.467355406757802516e+00
2.647402954444448397e+00
2.821323970061082154e+00
2.988001116924068779e+00
3.146269458822221754e+00
3.294930635402501640e+00
3.432764380007062410e+00
3.558552445792851682e+00
3.671105070985211771e+00
3.769288280669957913e+00
3.852058089028453036e+00
3.918489189606134904e+00
3.967808250972476802e+00
3.999422423637914559e+00
4.012940200926064627e+00
4.008189138609629332e+00
3.985220922969642476e+00
3.944312466757989188e+00
3.885957957174596800e+00
3.810850968900718616e+00
3.719863447986383242e+00
3.614016313244387657e+00
3.494450442571544357e+00
3.362396154411436022e+00
3.219139854723552574e+00
3.065995358911843827e+00
2.904275999710754341e+00
2.735271847619881846e+00
2.560231557386827728e+00
2.380345995758450517e+00
2.196738166218480615e+00
2.010455675900495010e+00
1.822466186677669464e+00
1.633656603293446752e+00
1.444832463557641278e+00
1.256720824834858252e+00
1.069974200451113022e+00
8.851738777033582029e-01
7.028353426830666884e-01
5.234131482729179607e-01
3.473061841235924319e-01
1.748634100091128463e-01
6.388087120501837433e-03
-1.578570376045303758e-01
-3.176450149377609833e-01
-4.727812923523381783e-01
-6.230995924154557608e-01
-7.684586945180812423e-01
-9.087395991317860355e-01
-1.043842609935576426e+00
-1.173685624099678693e+00
-1.298202066457738058e+00
-1.417338954596169209e+00
-1.531056040022537923e+00
-1.639324289149556968e+00
-1.742124715710505756e+00
-1.839448020105423742e+00
-1.931293812854563141e+00
-2.017670275254475065e+00
-2.098594107979365742e+00
-2.174090175805012404e+00
-2.244191493649912772e+00
-2.308939143257877635e+00
-2.368381921380283028e+00
-2.422576353679793737e+00
-2.471586501528460378e+00
-2.515483642261968189e+00
-2.554346397672059066e+00
-2.588260609441420890e+00
-2.617319136212489461e+00
-2.641622026699682380e+00
-2.661276387596993143e+00
-2.676396170415325848e+00
-2.687102287255340727e+00
-2.693522426267829228e+00
-2.695790781202138220e+00
-2.694048078790989287e+00
-2.688441386231401609e+00
-2.679123847344778486e+00
-2.666254663738458319e+00
-2.649998910543438502e+00
-2.630527242409316901e+00
-2.608015796003592346e+00
-2.582646038629267782e+00
-2.554604471309093849e+00
-2.524082459025616565e+00
-2.491276109579871001e+00
-2.456385957770539363e+00
-2.419616743323797170e+00
-2.381177402801455845e+00
-2.341280852622196651e+00
-2.300143852516834286e+00
-2.257987202166239271e+00
-2.215035871461177308e+00
-2.171519194719292223e+00
-2.127671373547135758e+00
-2.083732162678203714e+00
-2.039947631508217452e+00
-1.996571237517810626e+00
-1.953865337718112549e+00
-1.912102943079792228e+00
-1.871569847599080294e+00
-1.832567404496021846e+00
-1.795416015099465579e+00
-1.760459268536156863e+00
-1.728069060341746788e+00
-1.698652030247090883e+00
-1.672657312000126240e+00
-1.650585699338869228e+00
-1.633000474482505293e+00
-1.620539755218697975e+00
-1.613929195860666521e+00
-1.613992254025205186e+00
-1.621651507443769624e+00
-1.637905479886967663e+00
-1.663744390402577267e+00
-1.699918090308264462e+00
-1.746343461773231409e+00
-1.800604119316943530e+00
-1.854050424063104829e+00
-1.881117572509376723e+00
-1.807543977190649409e+00
-1.401440720705931176e+00
1.779994494876264710e-01
3.287544011885381146e+00
1.315656480430543729e+00
1.000010725757768171e+00
1.000000000000000000e+00
1.000000000000000000e+00
