1.000000000000000000e+00
1.000000130597089365e+00
1.000000674285909108e+00
1.000005027892375775e+00
1.000024112581533453e+00
1.000083522633809840e+00
1.000237389120401055e+00
1.000594987732214447e+00
1.001369324844083364e+00
1.002960264802851498e+00
1.006086985896094577e+00
1.011982400228111478e+00
1.022649376275044819e+00
1.041145639629096786e+00
1.071802418301175841e+00
1.120193969177844195e+00
1.192602237802612652e+00
1.294757461008340105e+00
1.429907006857811691e+00
1.596855264329346324e+00
1.789211452031831628e+00
1.997359220304601557e+00
2.213509911417783638e+00
2.437784751818389051e+00
2.680796331391234855e+00
2.957949990358349268e+00
3.277390425808069274e+00
3.629548072553760996e+00
3.987143637428733456e+00
4.315217024116819289e+00
4.581104642295884766e+00
4.760806335312679494e+00
4.839082783406985833e+00
4.808187129793852321e+00
4.666582873910213536e+00
4.417642153712839637e+00
4.070434820319908553e+00
3.638562610667888997e+00
3.140233960376210387e+00
2.596775757093351178e+00
2.031228959204362194e+00
1.466896161797329512e+00
9.249057307720902621e-01
4.230583942605544712e-01
-2.548287346565932324e-02
-4.122260669386310639e-01
-7.330683368281263323e-01
-9.875554500035959027e-01
-1.177770648023750866e+00
-1.307660247468024783e+00
-1.382176214554003746e+00
-1.406818542252667559e+00
-1.387196010164270854e+00
-1.328732023908966831e+00
-1.236591738175525590e+00
-1.115549686638767968e+00
-9.700087100082012137e-01
-8.039513470879802171e-01
-6.209428490925085198e-01
-4.241453464797829143e-01
-2.163059481772477699e-01
1.863476429300553417e-04
2.232871043003180067e-01
4.512430014261545330e-01
6.825584703420779498e-01
9.159681289604513221e-01
1.150373763125656756e+00
1.384812368763388202e+00
1.618403125651839192e+00
1.850316971060798066e+00
2.079749336545200666e+00
2.305880424614707103e+00
2.527856068303653281e+00
2.744757392557533926e+00
2.955589250755325192e+00
3.159271784498555391e+00
3.354631008342729537e+00
3.540405670948314487e+00
3.715250401884635512e+00
3.877756230519739944e+00
4.026476122766005084e+00
4.159954138441225524e+00
4.276767408537664572e+00
4.375564750179216311e+00
4.455116134488455337e+00
4.514360235478929617e+00
4.552445632331658665e+00
4.568770984529374246e+00
4.563009811542657168e+00
4.535130415426415595e+00
4.485402477222989681e+00
4.414387754818946519e+00
4.322923363325068991e+00
4.212089729740200461e+00
4.083175327439629854e+00
3.937635789182652779e+00
3.777046062773056434e+00
3.603056858868686874e+00
3.417350705221836371e+00
3.221604437872695570e+00
3.017458056774304787e+00
2.806486423451052925e+00
2.590180483309106219e+00
2.369932882969854493e+00
2.147028672499671220e+00
1.922642105195407014e+00
1.697834458963254356e+00
1.473557403523685583e+00
1.250658306660517471e+00
1.029885012301631209e+00
8.118938114229536929e-01
5.972567504237125124e-01
3.864695627540805090e-01
1.799602460095739154e-01
-2.190451103160064028e-02
-2.188116154245316192e-01
-4.104945923250814532e-01
-5.967285259925977359e-01
-7.773240587884373554e-01
-9.521227285817382979e-01
-1.120992899750021365e+00
-1.283825632913962789e+00
-1.440532292149040661e+00
-1.591041686143519929e+00
-1.735297425778280500e+00
-1.873256810742416789e+00
-2.004888808662358635e+00
-2.130172543453270340e+00
-2.249096920952514456e+00
-2.361659679320080585e+00
-2.467867056281895621e+00
-2.567733860080598340e+00
-2.661283117649841046e+00
-2.748546200757581826e+00
-2.829562855022198509e+00
-2.904380855360732205e+00
-2.973056172155232435e+00
-3.035652848015836902e+00
-3.092242698827758929e+00
-3.142905639087381076e+00
-3.187729653225096715e+00
-3.226810657441173014e+00
-3.260252884027287745e+00
-3.288168838762838053e+00
-3.310679144381510230e+00
-3.327912839987380078e+00
-3.340007259867745937e+00
-3.347107790604748612e+00
-3.349368039573643152e+00
-3.346949693638683776e+00
-3.340022274788965628e+00
-3.328763231843239634e+00
-3.313357796469295291e+00
-3.293998680668117629e+00
-3.270886040732750910e+00
-3.244227358441137632e+00
-3.214237111360700005e+00
-3.181136610459311509e+00
-3.145153894537754180e+00
-3.106523342143273858e+00
-3.065485400718297448e+00
-3.022286598338829844e+00
-2.977179248516505172e+00
-2.930421248435493897e+00
-2.882276319352913063e+00
-2.833014131089382381e+00
-2.782910488718830067e+00
-2.732247917642755652e+00
-2.681316467819304439e+00
-2.630414582737917506e+00
-2.579850354919215327e+00
-2.529943335336177768e+00
-2.481026616484780067e+00
-2.433449361157787649e+00
-2.387580142752815160e+00
-2.343811173772420986e+00
-2.302563321275768349e+00
-2.264292350821742517e+00
-2.229496862075976082e+00
-2.198727910068540847e+00
-2.172600491287732805e+00
-2.151807336776015767e+00
-2.137135048046393315e+00
-2.129481474412631581e+00
-2.129871559693605310e+00
-2.139464945477218993e+00
-2.159538772011202923e+00
-2.191405946107205072e+00
-2.236173772136947235e+00
-2.294108504797098824e+00
-2.363002628903455804e+00
-2.433911476233158844e+00
-2.479542209645660300e+00
-2.420230250190027466e+00
-2.008144511040610869e+00
-3.290774221943105760e-01
3.388026174439770610e+00
1.524892042653084312e+00
1.000034521567012336e+00
1.000000000000000000e+00
1.000000000000000000e+00
