1.000000000000000000e+00
1.000000067136872506e+00
1.000000350410390260e+00
1.000002615980795984e+00
1.000012540752281076e+00
1.000043445892311533e+00
1.000123562805838917e+00
1.000310049138645185e+00
1.000714778439413477e+00
1.001548978717025751e+00
1.003195615459512524e+00
1.006318534015640864e+00
1.012012728985131060e+00
1.021985494287768192e+00
1.038727486462239114e+00
1.065582972605202405e+00
1.106574113677473381e+00
1.165820243655639299e+00
1.246499440195094177e+00
1.349617556424024700e+00
1.473262894544225654e+00
1.613334660544749832e+00
1.766152462722442751e+00
1.931802455271645069e+00
2.115404067006862121e+00
2.323369344910974021e+00
2.556006764091403038e+00
2.801535014352254827e+00
3.037027049766820586e+00
3.235954905141412041e+00
3.375773292696737204e+00
3.442746956512799272e+00
3.432011979214677044e+00
3.345931940095284496e+00
3.191967771500119788e+00
2.980535940082437385e+00
2.724147042882055114e+00
2.435851426130934083e+00
2.128677432560749594e+00
1.814741394652894524e+00
1.504819044999213817e+00
1.208209378317605109e+00
9.323179351431466477e-01
6.827881009568416149e-01
4.634130423012600142e-01
2.763979051140658116e-01
1.225675653940367787e-01
1.632078307753057761e-03
-8.745789664033001842e-02
-1.463638169160252078e-01
-1.771060245299342362e-01
-1.819476993457267711e-01
-1.632442522811093366e-01
-1.233259105579182641e-01
-6.446512738705854895e-02
1.119227141669379422e-02
1.016238318206597185e-01
2.049579871499501438e-01
3.194734187211455412e-01
4.435910477013434994e-01
5.758788671863738218e-01
7.150220034666998625e-01
8.598164490085157263e-01
1.009143374285521144e+00
1.161955643609206223e+00
1.317268781248329912e+00
1.474133798498997949e+00
1.631627407257415507e+00
1.788831202041955670e+00
1.944823706727018875e+00
2.098674633535310363e+00
2.249432885980797270e+00
2.396126645281503986e+00
2.537758067873024714e+00
2.673309244851246103e+00
2.801750500267823352e+00
2.922048484612382424e+00
3.033183013448379484e+00
3.134160887355087244e+00
3.224037465681289127e+00
3.301938207876367048e+00
3.367078642290278978e+00
3.418787085246109303e+00
3.456520979788411552e+00
3.479884573266601944e+00
3.488641431964546680e+00
3.482720317975227520e+00
3.462218423894849906e+00
3.427395716614759280e+00
3.378667380172842183e+00
3.316591154294481036e+00
3.241849262481097060e+00
3.155230010972674304e+00
3.057605185530226866e+00
2.949909387138957229e+00
2.833119617568638393e+00
2.708233774587154308e+00
2.576253105397952048e+00
2.438165457540356407e+00
2.294932156240634846e+00
2.147477947252503849e+00
1.996681806105067070e+00
1.843371797706803594e+00
1.688321266452624814e+00
1.532246694455990488e+00
1.375807829891480427e+00
1.219607602281929548e+00
1.064194271976022454e+00
9.100641296602893782e-01
7.576635995851437322e-01
6.073927704868420374e-01
4.596084790419440180e-01
3.146276689384472358e-01
1.727310999029962879e-01
3.416600071321957560e-02
-1.008505496792844458e-01
-2.321285294862038828e-01
-3.595027861603483088e-01
-4.828302793449306130e-01
-6.019879308649818128e-01
-7.168707110017416007e-01
-8.273896264705261627e-01
-9.334705511014870227e-01
-1.035052770617328699e+00
-1.132087596033616084e+00
-1.224537737575466911e+00
-1.312376182353116594e+00
-1.395585311152315322e+00
-1.474156590190539129e+00
-1.548089951394518771e+00
-1.617393482383364445e+00
-1.682083320412948391e+00
-1.742183320536344615e+00
-1.797724968103102894e+00
-1.848747238137951276e+00
-1.895296256578533622e+00
-1.937425225791327144e+00
-1.975194198172912863e+00
-2.008669756318651523e+00
-2.037925019329151599e+00
-2.063039464961828884e+00
-2.084098694724104472e+00
-2.101194473784763428e+00
-2.114424549524914543e+00
-2.123892411956534332e+00
-2.129707295551007906e+00
-2.131983963962783335e+00
-2.130842433955060233e+00
-2.126407918976680467e+00
-2.118810615099365080e+00
-2.108185437814122931e+00
-2.094671940975823876e+00
-2.078414118825472112e+00
-2.059560131928577231e+00
-2.038262180997264306e+00
-2.014676346345652291e+00
-1.988962326434522421e+00
-1.961283275043336660e+00
-1.931805680351843302e+00
-1.900699108851938046e+00
-1.868136025279095502e+00
-1.834291777193771900e+00
-1.799344436303918826e+00
-1.763474708684284797e+00
-1.726866099701283908e+00
-1.689705043230383508e+00
-1.652181091871806062e+00
-1.614487348779433118e+00
-1.576821051611597024e+00
-1.539384232923016516e+00
-1.502384632696269984e+00
-1.466036959008333751e+00
-1.430564358895948684e+00
-1.396200200791863688e+00
-1.363190373507715103e+00
-1.331796156045957691e+00
-1.302297619246796989e+00
-1.274997803595560031e+00
-1.250227922081124765e+00
-1.228353573209270300e+00
-1.209782009306774375e+00
-1.194970565716317878e+00
-1.184435983502262424e+00
-1.178763434294069601e+00
-1.178612503764079555e+00
-1.184713898534008658e+00
-1.197842388465822694e+00
-1.218732402629660427e+00
-1.247857331698045247e+00
-1.284879863591028348e+00
-1.327278560887811709e+00
-1.366797486335279865e+00
-1.379710414960340303e+00
-1.297663555154936255e+00
-9.076346475853560580e-01
5.525440766169290585e-01
3.062456497541543143e+00
1.180368308039440928e+00
1.000003686476080844e+00
1.000000000000000000e+00
1.000000000000000000e+00
