1.000000000000000000e+00
1.000000056857338171e+00
1.000000297435088337e+00
1.000002221043685191e+00
1.000010646595076214e+00
1.000036884948213078e+00
1.000104917229087897e+00
1.000263325079220555e+00
1.000607276507475163e+00
1.001316669301258067e+00
1.002718197856579785e+00
1.005379436952462235e+00
1.010239474279383209e+00
1.018768752415530887e+00
1.033125172784714163e+00
1.056230990723909136e+00
1.091646469135697295e+00
1.143098707121031676e+00
1.213606328926386091e+00
1.304407576387541789e+00
1.414262924984069469e+00
1.539996621473472160e+00
1.678664239801086921e+00
1.830378497739131971e+00
1.999338751796560842e+00
2.190505348208099168e+00
2.403130975191838381e+00
2.625633907773332165e+00
2.836681836946629787e+00
3.012157108039416720e+00
3.132118872250180708e+00
3.185150437452807459e+00
3.168284187269154284e+00
3.085250126039983165e+00
2.944247241514824420e+00
2.755774200824591791e+00
2.531659200163260959e+00
2.283640835246735890e+00
2.022894849155182584e+00
1.759376879259098692e+00
1.501599641241544658e+00
1.256667055978975656e+00
1.030067925831700260e+00
8.258873754440907433e-01
6.468007304737813934e-01
4.943159566208342182e-01
3.689428435141405282e-01
2.703906753251572592e-01
1.978314486906661840e-01
1.499915566055375071e-01
1.253339029401520921e-01
1.221326690443879787e-01
1.385825086354083580e-01
1.728857614623938166e-01
2.232733068497775863e-01
2.880585289560043116e-01
3.656330249223517792e-01
4.544893486493922219e-01
5.532209667042866652e-01
6.605165458578736715e-01
7.751654446535108933e-01
8.960340364697683135e-01
1.022062243569126005e+00
1.152243718762378411e+00
1.285616547378890528e+00
1.421257875439660090e+00
1.558263212408544485e+00
1.695740705809991589e+00
1.832796151310928101e+00
1.968529182382637632e+00
2.102031514056259542e+00
2.232379989895128425e+00
2.358640062051076125e+00
2.479864676962561187e+00
2.595102699936468138e+00
2.703409073665404616e+00
2.803854374371190783e+00
2.895541218982827125e+00
2.977617301693350704e+00
3.049294117366911472e+00
3.109864629617246301e+00
3.158718571295029420e+00
3.195359124514959959e+00
3.219413367035030671e+00
3.230643273467103782e+00
3.228952013701097190e+00
3.214384601601370850e+00
3.187126569598532466e+00
3.147495626118980816e+00
3.095932403525381904e+00
3.032987697281060768e+00
2.959305974599881761e+00
2.875609409199097133e+00
2.782679074275678843e+00
2.681338338967722557e+00
2.572436888016396139e+00
2.456834073872064206e+00
2.335385713035599942e+00
2.208931539309310743e+00
2.078285601646548741e+00
1.944229072606249886e+00
1.807503575469863177e+00
1.668807699437561354e+00
1.528794418759525930e+00
1.388069715655946945e+00
1.247192942656941028e+00
1.106676860818885499e+00
9.669894453069287632e-01
8.285560712380868331e-01
6.917611361703098760e-01
5.569508478937527096e-01
4.244356155559609323e-01
2.944926662397417405e-01
1.673689619865348643e-01
4.328323755396085853e-02
-7.757133157392376299e-02
-1.950246837982277104e-01
-3.089281693510138593e-01
-4.191523468795188001e-01
-5.255852714892442767e-01
-6.281309634333520631e-01
-7.267077755496599289e-01
-8.212474565222599443e-01
-9.116939586628431957e-01
-9.980022903745862095e-01
-1.080138000539751397e+00
-1.158076234058333487e+00
-1.231800980732291384e+00
-1.301304803607583827e+00
-1.366588298141206970e+00
-1.427659808240864914e+00
-1.484535311002594948e+00
-1.537238107030874490e+00
-1.585798714616097005e+00
-1.630254716756679212e+00
-1.670650438433646912e+00
-1.707036845966709571e+00
-1.739471316642181353e+00
-1.768017328187698300e+00
-1.792744423782209218e+00
-1.813728020890671866e+00
-1.831049171577493473e+00
-1.844794555708108463e+00
-1.855056287063018949e+00
-1.861931670628244051e+00
-1.865523165076954815e+00
-1.865938162251000731e+00
-1.863288716092156072e+00
-1.857691458868327095e+00
-1.849267385254731444e+00
-1.838141596280728152e+00
-1.824443199336948540e+00
-1.808305111035540591e+00
-1.789863797645257382e+00
-1.769259143097678511e+00
-1.746634290349694085e+00
-1.722135399882361417e+00
-1.695911494654881890e+00
-1.668114343717224779e+00
-1.638898234654659225e+00
-1.608419814127390879e+00
-1.576838071994025814e+00
-1.544314208432370883e+00
-1.511011564284142183e+00
-1.477095772663513440e+00
-1.442734886291840990e+00
-1.408099563223180306e+00
-1.373363464919262089e+00
-1.338703791850716085e+00
-1.304301893683893487e+00
-1.270344104425535914e+00
-1.237022885625784330e+00
-1.204538162723279626e+00
-1.173098942748871387e+00
-1.142925389684989579e+00
-1.114251406129810329e+00
-1.087327690564089178e+00
-1.062425478637567977e+00
-1.039841178209443218e+00
-1.019901878680434137e+00
-1.002971754563354523e+00
-9.894594114369682503e-01
-9.798258601953000468e-01
-9.745919296240882490e-01
-9.743424225402941286e-01
-9.797209659723623565e-01
-9.914016601747703827e-01
-1.010005546492700690e+00
-1.035887012419794972e+00
-1.068607836887521589e+00
-1.105631255349502462e+00
-1.138956368955888143e+00
-1.145892490909733219e+00
-1.061385580819765639e+00
-6.831074252454976126e-01
7.085401079479111131e-01
2.915228766380464354e+00
1.131088103026173020e+00
1.000002159546806491e+00
1.000000000000000000e+00
1.000000000000000000e+00
