1.000000000000000000e+00
1.000000093346424812e+00
1.000000484774731468e+00
1.000003617096813846e+00
1.000017343105606749e+00
1.000060078950136377e+00
1.000170817233745346e+00
1.000428397739017594e+00
1.000986843207146926e+00
1.002136201630308809e+00
1.004400430702133029e+00
1.008683226583233949e+00
1.016464950865639594e+00
1.030031852044389851e+00
1.052675042422815510e+00
1.088729784338913209e+00
1.143260112468670764e+00
1.221195711504072801e+00
1.325900445182418341e+00
1.457592216055116685e+00
1.612545951027804403e+00
1.784330664966516933e+00
1.967496792217233503e+00
2.162153247828485281e+00
2.375810619320440686e+00
2.618720055490698417e+00
2.894349562279235677e+00
3.191380295060252337e+00
3.484239053222524252e+00
3.741816357944023785e+00
3.936253695987497636e+00
4.048646335051474310e+00
4.069284291058449021e+00
3.996269137835382068e+00
3.833764573140927556e+00
3.590156373002733048e+00
3.277760598401505465e+00
2.911232234495144677e+00
2.507033382982108538e+00
2.082084827014034190e+00
1.652810915153315907e+00
1.234452098178406176e+00
8.399152313252985502e-01
4.795143996614014137e-01
1.605200406281756254e-01
-1.126069375097954878e-01
-3.379305645783680090e-01
-5.155780286295346126e-01
-6.471022547113310930e-01
-7.351505833671082568e-01
-7.829930768317162615e-01
-7.942806917000396760e-01
-7.727791775793864115e-01
-7.221735554054240502e-01
-6.460096177063754386e-01
-5.475910899952942668e-01
-4.299837890892593828e-01
-2.959774414477405746e-01
-1.480878977420572451e-01
1.143002813545469266e-02
1.805872451332723172e-01
3.576162587449146502e-01
5.409592822501070319e-01
7.292290129061057558e-01
9.211855116036632429e-01
1.115718597522483480e+00
1.311805095830032908e+00
1.508489363413376028e+00
1.704848500846907422e+00
1.899974493772051964e+00
2.092958868186069576e+00
2.282868348587165030e+00
2.468736242677871395e+00
2.649546049390729685e+00
2.824229827811216786e+00
2.991669644195481315e+00
3.150699021922645393e+00
3.300117013214988404e+00
3.438699610413599395e+00
3.565223665415518717e+00
3.678493403816897711e+00
3.777367832658882207e+00
3.860795152893900628e+00
3.927841693197351880e+00
3.977725544114644851e+00
4.009845433977318407e+00
4.023801957568670318e+00
4.019415672989229193e+00
3.996732475140893026e+00
3.956024959685081388e+00
3.897784650546733509e+00
3.822704183442304338e+00
3.731656286747882412e+00
3.625664269266086759e+00
3.505872842935303879e+00
3.373517385470595098e+00
3.229890314518979899e+00
3.076312143914484931e+00
2.914103318087720496e+00
2.744561189897580800e+00
2.568941659524143883e+00
2.388442616019321285e+00
2.204193730718454258e+00
2.017248823600127139e+00
1.828581247569336155e+00
1.639083047213215627e+00
1.449564331535621031e+00
1.260756175046285232e+00
1.073314582036585918e+00
8.878238328269033586e-01
7.048019537852140415e-01
5.247056281906834485e-01
3.479355122680792278e-01
1.748420173197643979e-01
5.729578970490447482e-03
-1.591381152398645971e-01
-3.195333705219068898e-01
-4.752610550464860806e-01
-6.261544460141974522e-01
-7.720719862902402086e-01
-9.128944271402646971e-01
-1.048521889271223140e+00
-1.178872140835519611e+00
-1.303878517627282907e+00
-1.423487975689949669e+00
-1.537660227557680281e+00
-1.646366214336846712e+00
-1.749586931889419716e+00
-1.847313069471830937e+00
-1.939544229929526908e+00
-2.026288590115076449e+00
-2.107562851221620459e+00
-2.183391883327124194e+00
-2.253808713549005915e+00
-2.318854444418170679e+00
-2.378577902042144920e+00
-2.433035652401044580e+00
-2.482291809195372512e+00
-2.526417714344364462e+00
-2.565492069635954220e+00
-2.599600813656783416e+00
-2.628836919839965258e+00
-2.653300572974516491e+00
-2.673099038496634883e+00
-2.688346450160374879e+00
-2.699163928737437601e+00
-2.705679398410332670e+00
-2.708027316653149885e+00
-2.706348703819513091e+00
-2.700790951334702150e+00
-2.691507558035554748e+00
-2.678658113013774322e+00
-2.662408111871041427e+00
-2.642928662422148189e+00
-2.620396388060290516e+00
-2.594993276765899637e+00
-2.566906383505483280e+00
-2.536327660457714739e+00
-2.503453836004645883e+00
-2.468486097603467933e+00
-2.431629868814194406e+00
-2.393094801462603005e+00
-2.353094557319705071e+00
-2.311846670460766973e+00
-2.269572744647844864e+00
-2.226498583558602196e+00
-2.182854384994715957e+00
-2.138875245281882442e+00
-2.094801847317420584e+00
-2.050881224219755605e+00
-2.007367836202891276e+00
-1.964525087514843671e+00
-1.922627087014317837e+00
-1.881960784738114123e+00
-1.842828758537698564e+00
-1.805552716570576921e+00
-1.770477653170353216e+00
-1.737976988162196701e+00
-1.708459031998540656e+00
-1.682374769693953942e+00
-1.660227069025612678e+00
-1.642581562706724396e+00
-1.630079063631767466e+00
-1.623448349400790747e+00
-1.623516527825658917e+00
-1.631210462909976178e+00
-1.647533699856669198e+00
-1.673482242310381229e+00
-1.709812285882454930e+00
-1.756446766720718866e+00
-1.810972486835066286e+00
-1.864733020138455988e+00
-1.892127968821313067e+00
-1.818781689036239602e+00
-1.412449417511614458e+00
1.692223158850564291e-01
3.291030566017443704e+00
1.319057616367329100e+00
1.000010969331955657e+00
1.000000000000000000e+00
1.000000000000000000e+00
