1.000000000000000000e+00
1.000000133281356840e+00
1.000000687885104433e+00
1.000005129082883082e+00
1.000024598202953863e+00
1.000085204311944587e+00
1.000242163255587124e+00
1.000606929045562588e+00
1.001396722244630721e+00
1.003019233733757565e+00
1.006207505977630534e+00
1.012217715070660828e+00
1.023089393362720090e+00
1.041933859521059436e+00
1.073153541047542570e+00
1.122405581730450796e+00
1.196050055156048675e+00
1.299862595505523188e+00
1.437069910540116346e+00
1.606366833258902949e+00
1.801171212258187992e+00
2.011645240718723304e+00
2.229839243874835564e+00
2.455871944664361983e+00
2.700561458196530484e+00
2.979661551716557888e+00
3.301644097442459458e+00
3.657084919293045910e+00
4.018634988030253652e+00
4.351135783439853633e+00
4.621669345626800762e+00
4.805956571305791236e+00
4.888431285293508566e+00
4.860968716141110590e+00
4.721628949558381194e+00
4.473390158199616273e+00
4.125015803123535107e+00
3.689929235132114904e+00
3.186349394538404489e+00
2.635814456753687196e+00
2.061763600500622573e+00
1.488038295381835185e+00
9.363506506305420141e-01
4.250555110675261483e-01
-3.223425403541980983e-02
-4.267102739107098697e-01
-7.540934491794857308e-01
-1.013875204030588506e+00
-1.208170389807489142e+00
-1.341015124984424878e+00
-1.417478391459256803e+00
-1.443187219178994507e+00
-1.423874672552366993e+00
-1.365079328532865510e+00
-1.272072593180883615e+00
-1.149725265093938020e+00
-1.002528298213390956e+00
-8.345437563898112643e-01
-6.494078628219298599e-01
-4.503450129336351027e-01
-2.401549914776710259e-01
-2.127044528750295788e-02
2.042297618429314288e-01
4.345663182706041017e-01
6.682255238028328437e-01
9.039311055722645261e-01
1.140579805992828488e+00
1.377208566704542392e+00
1.612940235518963705e+00
1.846952282590733185e+00
2.078448740501978698e+00
2.306619458899307862e+00
2.530620296411600911e+00
2.749541882546309601e+00
2.962397430401608744e+00
3.168113658966490664e+00
3.365520640808262076e+00
3.553358135297039144e+00
3.730278077356148358e+00
3.894864712818578933e+00
4.045659857330732301e+00
4.181191910397902944e+00
4.300018057016821160e+00
4.400763240758574391e+00
4.482170435865362457e+00
4.543149246958673615e+00
4.582818328482185954e+00
4.600547021738078612e+00
4.595981514205146112e+00
4.569066185553489312e+00
4.520051419864665299e+00
4.449485167642582617e+00
4.358196825056737111e+00
4.247265304656858476e+00
4.117983610259189575e+00
3.971817458905839260e+00
3.810356601537618015e+00
3.635270352384992076e+00
3.448262588548706375e+00
3.251033235301259872e+00
3.045246203902121529e+00
2.832500221867582546e+00
2.614309401337169714e+00
2.392088326042874691e+00
2.167142370271694762e+00
1.940664284719511912e+00
1.713731866197622411e+00
1.487311323836763011e+00
1.262262652455557133e+00
1.039344488877707473e+00
8.192222421340624727e-01
6.024755567445732041e-01
3.896064175105883876e-01
1.810479145688058955e-01
-2.282918603159461712e-02
-2.217085608569886734e-01
-4.153212008437273672e-01
-6.034402435299397460e-01
-7.858748466751128703e-01
-9.624654303264306154e-01
-1.133079526606373344e+00
-1.297607569005175376e+00
-1.455960455928576813e+00
-1.608066639727992353e+00
-1.753869437667999742e+00
-1.893325903418914269e+00
-2.026404773077231880e+00
-2.153084931191272311e+00
-2.273355037019149538e+00
-2.387212563956289557e+00
-2.494663468226093972e+00
-2.595722269188668996e+00
-2.690411698277543895e+00
-2.778762835395036657e+00
-2.860815146083493410e+00
-2.936616137636309798e+00
-3.006221536096888247e+00
-3.069695168003899077e+00
-3.127108662948460349e+00
-3.178541792826132806e+00
-3.224082449959815744e+00
-3.263826513571852495e+00
-3.297878249084909896e+00
-3.326350271950591964e+00
-3.349363395282697553e+00
-3.367046942427096567e+00
-3.379538630497640916e+00
-3.386984329743515598e+00
-3.389538242340916163e+00
-3.387362765090539796e+00
-3.380628246861949737e+00
-3.369513088547634982e+00
-3.354203602408635909e+00
-3.334893709472163348e+00
-3.311784908338456290e+00
-3.285086159187618815e+00
-3.255013552291603052e+00
-3.221790146638673580e+00
-3.185645865922231312e+00
-3.146817105785131741e+00
-3.105546459892306377e+00
-3.062082733339907215e+00
-3.016680642132449464e+00
-2.969600606892867756e+00
-2.921108996256395862e+00
-2.871478250696557488e+00
-2.820987068221978422e+00
-2.769920994523815683e+00
-2.718573234529136240e+00
-2.667245527581441067e+00
-2.616249413979709448e+00
-2.565908063087960045e+00
-2.516558376646478745e+00
-2.468553542052701388e+00
-2.422266407845275360e+00
-2.378093758628582854e+00
-2.336461385180494510e+00
-2.297830398949102015e+00
-2.262705262370520387e+00
-2.231643528616309435e+00
-2.205267474712078624e+00
-2.184278083418575989e+00
-2.169471421906056907e+00
-2.161756320301166046e+00
-2.162170580483104843e+00
-2.171888992866498835e+00
-2.192206542546691228e+00
-2.224456882997785545e+00
-2.269770459731075274e+00
-2.328436508525236537e+00
-2.398262328197337645e+00
-2.470288165647790191e+00
-2.517123300943041819e+00
-2.458811465626374648e+00
-2.046744478889589658e+00
-3.628217292758341705e-01
3.388514204491075876e+00
1.539606332280046397e+00
1.000037030618309730e+00
1.000000000000000000e+00
1.000000000000000000e+00
