1.000000000000000000e+00
1.000000299233565260e+00
1.000001517631640136e+00
1.000011294060616507e+00
1.000054199171097613e+00
1.000187691473279239e+00
1.000532872239377147e+00
1.001332981938697797e+00
1.003058743910029804e+00
1.006584782568922476e+00
1.013461598414444609e+00
1.026294396350075910e+00
1.049199356591757004e+00
1.088223393435552522e+00
1.151482574904693967e+00
1.248636784951274503e+00
1.389298970340471673e+00
1.580254761094480376e+00
1.822034254239985218e+00
2.106307500547725198e+00
2.416025107778467795e+00
2.730102442729742229e+00
3.032539465993552952e+00
3.322806236812696490e+00
3.620858648666803958e+00
3.958780875983086478e+00
4.361165326114174512e+00
4.826976711376119944e+00
5.328300639411066797e+00
5.825123767708605627e+00
6.278834002650923729e+00
6.659115967488074439e+00
6.941426328087062281e+00
7.104198717232201865e+00
7.127875048362093402e+00
6.994696137344233122e+00
6.693117141049032881e+00
6.218736646532213364e+00
5.578541645542245853e+00
4.792226137673564423e+00
3.893092812957821724e+00
2.926726510810676807e+00
1.943968735626298461e+00
9.947418419759809227e-01
1.206875246600682267e-01
-6.480816456989252350e-01
-1.294334004957225837e+00
-1.812706312878749282e+00
-2.206588825285612732e+00
-2.485421638837008729e+00
-2.661291096148305613e+00
-2.746985532766610838e+00
-2.754632222082950666e+00
-2.695125855911126855e+00
-2.578310293510037710e+00
-2.413010817736104041e+00
-2.207356661784376950e+00
-1.968809027101082298e+00
-1.704199109738462337e+00
-1.419711058583866592e+00
-1.120760141527874509e+00
-8.120266714729486024e-01
-4.974028785933493624e-01
-1.800556125139168850e-01
1.375314667916728018e-01
4.535080567637931881e-01
7.665163577045657206e-01
1.075612004005239042e+00
1.380138316906240670e+00
1.679649739944647724e+00
1.973844395451973321e+00
2.262473544775541079e+00
2.545295882124023468e+00
2.822009395391363196e+00
3.092220089026135099e+00
3.355413726414335773e+00
3.610920088229804037e+00
3.857903438184096867e+00
4.095337387158450859e+00
4.322006813185337748e+00
4.536512805038667828e+00
4.737279377640537525e+00
4.922584230972182340e+00
5.090583997706710662e+00
5.239368263192893060e+00
5.367020900627447411e+00
5.471683455233934623e+00
5.551635414837003069e+00
5.605362191102819303e+00
5.631633167543046881e+00
5.629569110458618297e+00
5.598688483742464861e+00
5.538945538072983510e+00
5.450736145605856287e+00
5.334892415127534093e+00
5.192655799287306806e+00
5.025622055157111134e+00
4.835681909267333545e+00
4.624946697702711162e+00
4.395675991668400506e+00
4.150209210108283919e+00
3.890895693293971558e+00
3.620041291624752855e+00
3.339861826317654270e+00
3.052446943999123086e+00
2.759738044972005699e+00
2.463509439931140133e+00
2.165363852976911918e+00
1.866734002793113190e+00
1.568884618471593217e+00
1.272923386858946238e+00
9.798116137290842076e-01
6.903774083953020391e-01
4.053311615429870951e-01
1.252766897855175365e-01
-1.492741069750204708e-01
-4.178879344415845631e-01
-6.802008786977994381e-01
-9.359067235285054576e-01
-1.184748140456842957e+00
-1.426509020085510615e+00
-1.661006491125317286e+00
-1.888086761283241044e+00
-2.107619716880270389e+00
-2.319493906456359333e+00
-2.523614895347179310e+00
-2.719901428400488541e+00
-2.908282686464133793e+00
-3.088698045635319023e+00
-3.261095449466854923e+00
-3.425431131811522700e+00
-3.581670196605341694e+00
-3.729786196251478003e+00
-3.869761766820709603e+00
-4.001589015977658370e+00
-4.125269057569953546e+00
-4.240812699169153710e+00
-4.348240471749120317e+00
-4.447582273341494030e+00
-4.538878428854946634e+00
-4.622179956062271167e+00
-4.697548599870129848e+00
-4.765058053854549946e+00
-4.824794229311660132e+00
-4.876855284122230572e+00
-4.921352687793995706e+00
-4.958411349293077031e+00
-4.988169483911801372e+00
-5.010779410668828149e+00
-5.026407656748605568e+00
-5.035234834045191121e+00
-5.037456267230216334e+00
-5.033282086007549339e+00
-5.022936953428518869e+00
-5.006660377369409609e+00
-4.984706816230242588e+00
-4.957345288226605362e+00
-4.924859325755865491e+00
-4.887547019639425727e+00
-4.845720387443758881e+00
-4.799704953990677758e+00
-4.749839903593894519e+00
-4.696477475173196581e+00
-4.639982486540063178e+00
-4.580732753155154491e+00
-4.519119137922468887e+00
-4.455545614061716009e+00
-4.390430071420168723e+00
-4.324205440198476857e+00
-4.257320757837145919e+00
-4.190242862975405380e+00
-4.123459046395341332e+00
-4.057479980104091943e+00
-3.992843246043810801e+00
-3.930118204677750082e+00
-3.869912282641087664e+00
-3.812878346719477562e+00
-3.759724031288889545e+00
-3.711223929161655999e+00
-3.668234527067135708e+00
-3.631712250714138168e+00
-3.602735751269312559e+00
-3.582533070529981156e+00
-3.572512691987024258e+00
-3.574295722688131782e+00
-3.589741932119133949e+00
-3.620949871729185698e+00
-3.670181206950279940e+00
-3.739587320181088526e+00
-3.830435321749090516e+00
-3.941062930255991859e+00
-4.061570901864709704e+00
-4.160100202508943745e+00
-4.146920359124242950e+00
-3.763278123775532613e+00
-2.012486205257866700e+00
2.849618775982992513e+00
2.347384318806875037e+00
1.000584881142176030e+00
1.000000000000170974e+00
1.000000000000000000e+00
