1.000000000000000000e+00
1.000000030511314364e+00
1.000000160807426042e+00
1.000001201756808289e+00
1.000005759082174261e+00
1.000019954177580717e+00
1.000056783346866540e+00
1.000142626108588173e+00
1.000329299010833894e+00
1.000715124409701229e+00
1.001479595516825194e+00
1.002936807015739618e+00
1.005611611274151107e+00
1.010337109229924035e+00
1.018359395072743201e+00
1.031412702109348878e+00
1.051698837373175488e+00
1.081686196587583026e+00
1.123672993632603534e+00
1.179191893904771637e+00
1.248541669758368444e+00
1.330934506144741292e+00
1.425529132110588737e+00
1.532848397586848765e+00
1.655171928033299711e+00
1.794412386886696797e+00
1.948246418216967202e+00
2.107280832934166792e+00
2.256237451640456193e+00
2.378861343737312062e+00
2.462724640621015482e+00
2.502003460046554384e+00
2.497095934363611658e+00
2.452906643917875051e+00
2.376823527999196717e+00
2.276945449320125547e+00
2.161235051516477323e+00
2.036701034365827390e+00
1.909253605717915692e+00
1.783569063996757409e+00
1.663206281503003314e+00
1.550834530772147390e+00
1.448304453581443330e+00
1.356871444737176136e+00
1.277263286953204346e+00
1.209824939619724260e+00
1.154596406649104789e+00
1.111384268866208336e+00
1.079855611480827982e+00
1.059546105050747089e+00
1.049914680364113950e+00
1.050350399591351014e+00
1.060202451849794114e+00
1.078805585711984927e+00
1.105477682947460627e+00
1.139538581496940095e+00
1.180302879647193492e+00
1.227089363594769278e+00
1.279220879637866348e+00
1.336022911184848505e+00
1.396829230638918284e+00
1.460973247003912512e+00
1.527790682661404276e+00
1.596614235024825135e+00
1.666774346281246766e+00
1.737602500735063060e+00
1.808426787751661324e+00
1.878575729124651206e+00
1.947377391524335755e+00
2.014164559325872794e+00
2.078280892866068985e+00
2.139084029924270602e+00
2.195953681756339204e+00
2.248296457135424919e+00
2.295554646057732295e+00
2.337214520828390985e+00
2.372812724033100729e+00
2.401944525744389214e+00
2.424268519432621449e+00
2.439512598899151286e+00
2.447477850192080417e+00
2.448039990858617010e+00
2.441150698459605639e+00
2.426835310066862927e+00
2.405190881914012646e+00
2.376382309499152967e+00
2.340636399649306920e+00
2.298236076575535858e+00
2.249512300571359980e+00
2.194836902776464704e+00
2.134614960990780297e+00
2.069276473892144974e+00
1.999269322934625004e+00
1.925051569189307976e+00
1.847085415468376679e+00
1.765831799737358043e+00
1.681744747705110399e+00
1.595267409642214362e+00
1.506828230725261841e+00
1.416838326136117043e+00
1.325689743680136479e+00
1.233753626482285481e+00
1.141379641677928936e+00
1.048895540150629246e+00
9.566070318998767252e-01
8.647982971390690832e-01
7.737321240079115814e-01
6.836507817808195053e-01
5.947769679215293426e-01
5.073143778055924091e-01
4.214488119131999389e-01
3.373490492022847009e-01
2.551678225167547387e-01
1.750429529381901661e-01
9.709804859466870941e-02
2.144354856787466374e-02
-5.182231687536340003e-02
-1.226129168954154663e-01
-1.908523207324312465e-01
-2.564746170758470112e-01
-3.194232950979851715e-01
-3.796505425321277105e-01
-4.371168737183517838e-01
-4.917906009097596232e-01
-5.436473040563996051e-01
-5.926696053548384802e-01
-6.388467039935209479e-01
-6.821739928734925629e-01
-7.226529083494670491e-01
-7.602906282137897875e-01
-7.950998908728982295e-01
-8.270988923630360201e-01
-8.563110744929791629e-01
-8.827650111334011118e-01
-9.064942641861121198e-01
-9.275371463398480731e-01
-9.459365944205202492e-01
-9.617399722313169086e-01
-9.749988289797186791e-01
-9.857687985548506671e-01
-9.941094167709856322e-01
-1.000083912707341094e+00
-1.003759120831719365e+00
-1.005205296737334830e+00
-1.004495908468646226e+00
-1.001707535858428200e+00
-9.969196769748186471e-01
-9.902145306700260718e-01
-9.816768792287051681e-01
-9.713939057713035785e-01
-9.594549944718949730e-01
-9.459516159341828656e-01
-9.309771666797461709e-01
-9.146267810968631284e-01
-8.969972149665723649e-01
-8.781867209239258010e-01
-8.582948870420276100e-01
-8.374225269588571052e-01
-8.156715972548360671e-01
-7.931450647664876064e-01
-7.699468175703644279e-01
-7.461816596043588934e-01
-7.219552543161972258e-01
-6.973741118874932088e-01
-6.725457032952597558e-01
-6.475785749009391745e-01
-6.225825080298093006e-01
-5.976688053882955876e-01
-5.729506676095690310e-01
-5.485436297808341521e-01
-5.245661391473576129e-01
-5.011403207638811530e-01
-4.783928754596453725e-01
-4.564561605262066335e-01
-4.354695495918882164e-01
-4.155811015439925260e-01
-3.969495257761700979e-01
-3.797465518304665721e-01
-3.641598045284170082e-01
-3.503961508382428258e-01
-3.386854740103599215e-01
-3.292847838760315504e-01
-3.224822633819823814e-01
-3.186001565838888494e-01
-3.179941361880984085e-01
-3.210440386184488792e-01
-3.281246215583679682e-01
-3.395308025535317409e-01
-3.552983530381681465e-01
-3.747776013329703892e-01
-3.955965771767853134e-01
-4.110193428830678508e-01
-4.027356778834627615e-01
-3.192187753248914572e-01
-1.744544293264507946e-03
1.103176367221460952e+00
2.312854556882180557e+00
1.033388496013507130e+00
1.000000307884367112e+00
1.000000000000000000e+00
1.000000000000000000e+00
