1.000000000000000000e+00
1.000000029631118004e+00
1.000000156218390890e+00
1.000001167500983001e+00
1.000005594855489566e+00
1.000019385239892422e+00
1.000055165349854391e+00
1.000138566601818546e+00
1.000319941889589836e+00
1.000694851650258288e+00
1.001437785795228574e+00
1.002854176696546640e+00
1.005454614715657558e+00
1.010050028024658708e+00
1.017854319987646861e+00
1.030558870984041420e+00
1.050314809247031134e+00
1.079540567962976150e+00
1.120500124441961454e+00
1.174725411984855139e+00
1.242558947086474630e+00
1.323291268367288387e+00
1.416157345065800932e+00
1.521705843719860063e+00
1.642169597478564835e+00
1.779384914401119566e+00
1.931014011015415699e+00
2.087787947608343408e+00
2.234684387130488670e+00
2.355748329626800253e+00
2.438807820492234768e+00
2.478192668711058033e+00
2.474349656416121590e+00
2.432143132173794964e+00
2.358855419202111392e+00
2.262441029701239614e+00
2.150692273120938136e+00
2.030444163547451719e+00
1.907439090932485870e+00
1.786203246247554777e+00
1.670167505498610927e+00
1.561894924104394233e+00
1.463154659537493574e+00
1.375141715393618735e+00
1.298544417073426827e+00
1.233685377070773859e+00
1.180596854106604088e+00
1.139089446005011164e+00
1.108842171283300981e+00
1.089409361537982956e+00
1.080272658609918501e+00
1.080846818797372100e+00
1.090508026020691412e+00
1.108617930870493096e+00
1.134520852000845847e+00
1.167561686706398483e+00
1.207078734199032555e+00
1.252412724178578740e+00
1.302906674123550657e+00
1.357904566365187859e+00
1.416756943402085911e+00
1.478812692937895523e+00
1.543421857638495265e+00
1.609930712517041673e+00
1.677682793929974547e+00
1.746022399929452851e+00
1.814290608112182790e+00
1.881829309304900333e+00
1.947980665468871386e+00
2.012092425098050086e+00
2.073524162628965328e+00
2.131650513117850476e+00
2.185869192421009188e+00
2.235605781911842893e+00
2.280322277726954283e+00
2.319525095424465277e+00
2.352771145852530221e+00
2.379675651312866069e+00
2.399916452102764275e+00
2.413239507321875532e+00
2.419462346478185477e+00
2.418475134586361541e+00
2.410241636391227793e+00
2.394796690252364080e+00
2.372244067323395544e+00
2.342752500162188944e+00
2.306549782086654510e+00
2.263917051402824399e+00
2.215180915514492810e+00
2.160706510092738064e+00
2.100890155853464503e+00
2.036151369513006237e+00
1.966926144919239894e+00
1.893659606105133619e+00
1.816800278804862723e+00
1.736794973502608253e+00
1.654083430430732804e+00
1.569094585075172965e+00
1.482242951228476269e+00
1.393926156388139548e+00
1.304523322414484321e+00
1.214393336201601947e+00
1.123874332880394178e+00
1.033283294875826153e+00
9.429159467067677047e-01
8.530472569836702323e-01
7.639315726063496959e-01
6.758034595243298526e-01
5.888786113211759154e-01
5.033543899395637178e-01
4.194108848150130964e-01
3.372117448728519928e-01
2.569051089560450141e-01
1.786246903680568654e-01
1.024904404746430076e-01
2.860954713654047937e-02
-4.292264672237147694e-02
-1.120220630087024050e-01
-1.786150264950387700e-01
-2.426376133091853182e-01
-3.040350579422630983e-01
-3.627610787852592056e-01
-4.187775219991460296e-01
-4.720538526708195071e-01
-5.225666435275346799e-01
-5.702993578459817359e-01
-6.152418994457353740e-01
-6.573902413140583212e-01
-6.967462792161035479e-01
-7.333175378376047826e-01
-7.671169937676044492e-01
-7.981629734327345682e-01
-8.264789452535916681e-01
-8.520934065057350626e-01
-8.750397405597039047e-01
-8.953559836341103972e-01
-9.130846984404660249e-01
-9.282727794125236187e-01
-9.409712148139148802e-01
-9.512349851526735733e-01
-9.591228821274921934e-01
-9.646973024768150662e-01
-9.680241588032090228e-01
-9.691726971161576110e-01
-9.682152908056748108e-01
-9.652273393026297166e-01
-9.602870769139212337e-01
-9.534753586551213411e-01
-9.448755431765495372e-01
-9.345733126957856962e-01
-9.226564764905824667e-01
-9.092148570771657612e-01
-8.943401321959058015e-01
-8.781256503880201514e-01
-8.606663161626525449e-01
-8.420584676527448353e-01
-8.223997188775388212e-01
-8.017888522549199148e-01
-7.803257378638391861e-01
-7.581112046127492787e-01
-7.352469541104845741e-01
-7.118355559755413786e-01
-6.879803942689177720e-01
-6.637856566507029932e-01
-6.393564469406085582e-01
-6.147988988286240408e-01
-5.902203338638687402e-01
-5.657295430664484037e-01
-5.414371567161266885e-01
-5.174560732455244505e-01
-4.939020260064216350e-01
-4.708943333645085327e-01
-4.485567784333045482e-01
-4.270186674615671918e-01
-4.064161604860616062e-01
-3.868939033321157073e-01
-3.686069487088936558e-01
-3.517230708913784976e-01
-3.364255712589430680e-01
-3.229165404546935902e-01
-3.114205307592568528e-01
-3.021885436376425260e-01
-2.955019316098184690e-01
-2.916751274113295600e-01
-2.910548595762488255e-01
-2.940107951472251679e-01
-3.009063963821561605e-01
-3.120247692933349470e-01
-3.273912481613217573e-01
-3.463521809789609218e-01
-3.665513155634751996e-01
-3.813232133855491979e-01
-3.725805263934829914e-01
-2.894664016704155407e-01
2.460612472991302938e-02
1.115183070921099251e+00
2.285427847708188853e+00
1.031144308446906077e+00
1.000000281417549264e+00
1.000000000000000000e+00
1.000000000000000000e+00
