1.000000000000000000e+00
1.000000275279921080e+00
1.000001398998731084e+00
1.000010413568778178e+00
1.000049969967266250e+00
1.000173050741367309e+00
1.000491368642477230e+00
1.001229439419138334e+00
1.002822121682539480e+00
1.006078391234094926e+00
1.012434850295332422e+00
1.024311158061607774e+00
1.045543139419742751e+00
1.081792020883050709e+00
1.140705732101932046e+00
1.231473617563408007e+00
1.363382592291690676e+00
1.543222226789542351e+00
1.772005674492133975e+00
2.042383712099596238e+00
2.338630121550195451e+00
2.641008316614256834e+00
2.934473830394471072e+00
3.218619731761093838e+00
3.512408284422026128e+00
3.846066606891897166e+00
4.242301624559006612e+00
4.699049239990350735e+00
5.188332259576534433e+00
5.670415174477497544e+00
6.106866317475413197e+00
6.467461643278445749e+00
6.728094681919783326e+00
6.868285798260068020e+00
6.870264880003125185e+00
6.718692351290322939e+00
6.404681866637291776e+00
5.926515126527583277e+00
5.293371963001820113e+00
4.526193367957035640e+00
3.658045070390116837e+00
2.732476339748754590e+00
1.796932386188266895e+00
8.972508799342443497e-01
7.123787037025225422e-02
-6.540379374045716121e-01
-1.263280466048877448e+00
-1.751902407706596998e+00
-2.123138278187162165e+00
-2.385633266276152131e+00
-2.550453524112739068e+00
-2.629392881311238384e+00
-2.633752823135563581e+00
-2.573798929744051556e+00
-2.458884863603397974e+00
-2.297441038891056664e+00
-2.097236985438628576e+00
-1.865388195846647390e+00
-1.608384823945620434e+00
-1.332079617274267713e+00
-1.041585509724519465e+00
-7.413169492094284774e-01
-4.349502164122562853e-01
-1.254874875846334614e-01
1.847004789624192844e-01
4.938266397602999458e-01
8.005573059171898764e-01
1.103939177094612090e+00
1.403283246167953857e+00
1.698093918741434560e+00
1.988006215748107985e+00
2.272701147475911121e+00
2.551862313350925504e+00
2.825111437184184116e+00
3.091978101420152392e+00
3.351872401816329283e+00
3.604050954696007558e+00
3.847607774178059881e+00
4.081451322351682620e+00
4.304307595537359532e+00
4.514726990355000247e+00
4.711093880484003016e+00
4.891659562329247812e+00
5.054570982392827538e+00
5.197926826282007973e+00
5.319840628538980098e+00
5.418505569410545064e+00
5.492274148990833105e+00
5.539725185492113901e+00
5.559738356145127902e+00
5.551556786000930721e+00
5.514827949416485353e+00
5.449634900771585855e+00
5.356496040794019642e+00
5.236353339922487748e+00
5.090540145686833995e+00
4.920723109121464489e+00
4.728840728336367150e+00
4.517029062431738851e+00
4.287550501294143501e+00
4.042727514189776272e+00
3.784876248638291862e+00
3.516256400621374123e+00
3.239028305891582082e+00
2.955220262622616278e+00
2.666709256914757020e+00
2.375204955385755490e+00
2.082247004392303147e+00
1.789207942844347476e+00
1.497296461868683259e+00
1.207568754582007076e+00
9.209394790162291899e-01
6.381948985731492607e-01
3.600079983786158566e-01
8.694950466156861624e-02
-1.804979847696386308e-01
-4.419271980597653249e-01
-6.969972240796021845e-01
-9.454223679329469832e-01
-1.186963707291885051e+00
-1.421421756082543952e+00
-1.648628890552781279e+00
-1.868445328822202711e+00
-2.080754010388242037e+00
-2.285455858368289128e+00
-2.482468166522968200e+00
-2.671720996618528243e+00
-2.853154597414886862e+00
-3.026719140219296555e+00
-3.192373193031956546e+00
-3.350083445690529071e+00
-3.499825231896922073e+00
-3.641582136729534014e+00
-3.775346579893071208e+00
-3.901120174937767970e+00
-4.018913304523415775e+00
-4.128745756141289469e+00
-4.230646752514112485e+00
-4.324654624968652605e+00
-4.410817788089004488e+00
-4.489194982447775928e+00
-4.559855301424365237e+00
-4.622879308377942920e+00
-4.678359275121279914e+00
-4.726399196383818335e+00
-4.767115755617928663e+00
-4.800638425959076194e+00
-4.827109328320783099e+00
-4.846683944101942032e+00
-4.859531188317248507e+00
-4.865833271170068919e+00
-4.865786250422218906e+00
-4.859600089762534658e+00
-4.847498381503024589e+00
-4.829718606257266345e+00
-4.806512203750649803e+00
-4.778144187455504621e+00
-4.744893078497771199e+00
-4.707050924585868046e+00
-4.664922699268833739e+00
-4.618825900047728084e+00
-4.569090677486508767e+00
-4.516059272357185073e+00
-4.460085577946359514e+00
-4.401535533793912158e+00
-4.340787188585641054e+00
-4.278230785545594550e+00
-4.214269545015701723e+00
-4.149320754143619894e+00
-4.083816821598903246e+00
-4.018206930514645947e+00
-3.952959597649392531e+00
-3.888565518336280835e+00
-3.825540999267326825e+00
-3.764432668390016001e+00
-3.705823543892981409e+00
-3.650340166573723177e+00
-3.598661607166150578e+00
-3.551531201638159718e+00
-3.509770920574851072e+00
-3.474298722509897352e+00
-3.446149939454444588e+00
-3.426503265011900279e+00
-3.416710360036518512e+00
-3.418326345073951611e+00
-3.433134011757252857e+00
-3.463142447279996095e+00
-3.510511608565364483e+00
-3.577284528436951216e+00
-3.664633330726727145e+00
-3.770869813116262126e+00
-3.886269898455390059e+00
-3.979573862501622816e+00
-3.961986791878715053e+00
-3.573701231517059096e+00
-1.816810409237940460e+00
2.956687463817451622e+00
2.243140266510621927e+00
1.000443407277258112e+00
1.000000000000117684e+00
1.000000000000000000e+00
