1.000000000000000000e+00
1.000000147682802876e+00
1.000000760728912752e+00
1.000005671010022468e+00
1.000027199111650056e+00
1.000094210897792602e+00
1.000267729565270658e+00
1.000670865307504931e+00
1.001543373432235651e+00
1.003334755089556385e+00
1.006852013675837210e+00
1.013475187118528353e+00
1.025438471218449221e+00
1.046136606790851298e+00
1.080346374563656564e+00
1.134156781877383002e+00
1.214328171905101561e+00
1.326856528466872964e+00
1.474836194109601539e+00
1.656363662682167615e+00
1.863837333736247270e+00
2.086252521857995923e+00
2.314813444721262936e+00
2.549617949134881378e+00
2.802546263126467707e+00
3.091166141866005468e+00
3.425669469695617142e+00
3.797427751558481557e+00
4.178795007104264769e+00
4.533675556572273280e+00
4.827945375615896317e+00
5.035993093113295238e+00
5.140647945476652048e+00
5.131870345505597619e+00
5.005614417318052567e+00
4.762735419746578103e+00
4.410266024545511421e+00
3.960514547137524932e+00
3.431550416456263797e+00
2.845832403497819740e+00
2.228758636955183725e+00
1.606947436572095045e+00
1.005195058806752195e+00
4.448336705424340565e-01
-5.807644883446172468e-02
-4.929871002513089850e-01
-8.546374495113406855e-01
-1.142204406156318575e+00
-1.357960999090703336e+00
-1.506419584856413918e+00
-1.593270280947012507e+00
-1.624809956011550094e+00
-1.607420807338422408e+00
-1.547237328712115279e+00
-1.450077495311703268e+00
-1.321306167875600623e+00
-1.165867634839432787e+00
-9.882351282124653968e-01
-7.924141601825119841e-01
-5.819552475121804180e-01
-3.599356341660107650e-01
-1.290190053600858977e-01
1.085328926553766338e-01
3.508023288972656473e-01
5.961789119938097903e-01
8.433282995238328139e-01
1.091120442551035685e+00
1.338592243699004980e+00
1.584886548700829012e+00
1.829216346933490334e+00
2.070832550708303632e+00
2.308977930819192004e+00
2.542863911936049437e+00
2.771634735748277567e+00
2.994352149651454020e+00
3.209983122621845819e+00
3.417385921903022705e+00
3.615313718639575402e+00
3.802413565047361388e+00
3.977244354540254268e+00
4.138300333499343786e+00
4.284038946779677559e+00
4.412923703346852022e+00
4.523464437711735009e+00
4.614271203331296256e+00
4.684107830163637409e+00
4.731940275751824743e+00
4.756985646043156102e+00
4.758745493561739259e+00
4.737034750799709037e+00
4.691996233572864661e+00
4.624097196183797109e+00
4.534116917095682986e+00
4.423115965315028930e+00
4.292400507269448440e+00
4.143478845931990229e+00
3.978008736740210161e+00
3.797748364142730093e+00
3.604505950709983697e+00
3.400096013105784021e+00
3.186302456967180508e+00
2.964844766479794114e+00
2.737355028528765999e+00
2.505360106297076950e+00
2.270269816685131392e+00
2.033372276902107423e+00
1.795830669771069310e+00
1.558686520625722993e+00
1.322865354963049800e+00
1.089181907488232959e+00
8.583490490785482541e-01
6.309860307063942519e-01
4.076274737302190143e-01
1.887331055102445254e-01
-2.530493317638478346e-02
-2.341533313883059630e-01
-4.375296974589681365e-01
-6.351968296433966321e-01
-8.269559358571669794e-01
-1.012641380516437595e+00
-1.192116112388625471e+00
-1.365267033910893879e+00
-1.532002340208999502e+00
-1.692248336310745449e+00
-1.845946504452506964e+00
-1.993052299528985216e+00
-2.133532921351522393e+00
-2.267365663884339799e+00
-2.394537546964550234e+00
-2.515044298246821075e+00
-2.628890030479976048e+00
-2.736087372308603438e+00
-2.836657121222609490e+00
-2.930628434578653518e+00
-3.018038909920682578e+00
-3.098934243956035672e+00
-3.173368466878846661e+00
-3.241403850034338063e+00
-3.303110615825108898e+00
-3.358567350849458233e+00
-3.407861019819429682e+00
-3.451086856336560427e+00
-3.488348842020704055e+00
-3.519759704462541272e+00
-3.545440786978212966e+00
-3.565522431576465312e+00
-3.580143887835913308e+00
-3.589453084533469340e+00
-3.593606863877509383e+00
-3.592770866043482503e+00
-3.587119296819036407e+00
-3.576835072351242317e+00
-3.562109696984498974e+00
-3.543142960937772035e+00
-3.520142935869939649e+00
-3.493325874772609918e+00
-3.462915871702798132e+00
-3.429144706645636198e+00
-3.392251750606482208e+00
-3.352483548547874115e+00
-3.310093529596727091e+00
-3.265342029879200858e+00
-3.218495963787992409e+00
-3.169828593553667417e+00
-3.119619788516652559e+00
-3.068156144924968132e+00
-3.015731165469638597e+00
-2.962645875304408261e+00
-2.909209670981221407e+00
-2.855741226370995811e+00
-2.802569815043753465e+00
-2.750037234233048800e+00
-2.698500011164797208e+00
-2.648332080806025335e+00
-2.599928341236323881e+00
-2.553709166584049228e+00
-2.510125756617003212e+00
-2.469666812616527984e+00
-2.432867054403678342e+00
-2.400317569126612760e+00
-2.372678200048961017e+00
-2.350692500214795810e+00
-2.335205363068398210e+00
-2.327182256216354883e+00
-2.327727302275234056e+00
-2.338093438785200817e+00
-2.359667734383370075e+00
-2.393890957402767139e+00
-2.442013137139248613e+00
-2.504442485790353778e+00
-2.579063662964275139e+00
-2.656842061384518061e+00
-2.709896341626160332e+00
-2.656846987942843796e+00
-2.245501661295764784e+00
-5.391323755422392505e-01
3.380888618274092927e+00
1.617840960632863423e+00
1.000052778190684721e+00
1.000000000000000000e+00
1.000000000000000000e+00
