1.000000000000000000e+00
1.000000056344591881e+00
1.000000294788158550e+00
1.000002201306755989e+00
1.000010551940559100e+00
1.000036557077840893e+00
1.000103985356357583e+00
1.000260989470930895e+00
1.000601901322322851e+00
1.001305049186041130e+00
1.002694304885499044e+00
1.005332405585668054e+00
1.010150585058171790e+00
1.018607312495569239e+00
1.032843583373669105e+00
1.055760051767397067e+00
1.090893047655228099e+00
1.141948831879912696e+00
1.211936548884600340e+00
1.302104616837856277e+00
1.411246243761914654e+00
1.536231969404654452e+00
1.674155014859723956e+00
1.825130645716760203e+00
1.993313686284902131e+00
2.183594416721867937e+00
2.395177585557724864e+00
2.616499358696271926e+00
2.826317266074793277e+00
3.000643973283888322e+00
3.119675570116934971e+00
3.172112766939597428e+00
3.155078426818306525e+00
3.072361472589678844e+00
2.932185055473141677e+00
2.745038067556675898e+00
2.522701824692729300e+00
2.276839544512665903e+00
2.018528684118503946e+00
1.757615490115656431e+00
1.502501828312505339e+00
1.260186658551455618e+00
1.036068782831720103e+00
8.341611248636822129e-01
6.570878306740123298e-01
5.063253612954857763e-01
3.823697268282235662e-01
2.849309967195924331e-01
2.131922568609578850e-01
1.658988152820380368e-01
1.415370335027231752e-01
1.384071996016043582e-01
1.547307602003834270e-01
1.887360723473043289e-01
2.386786763007844592e-01
3.028945120173654471e-01
3.797955617023947572e-01
4.678923453369698282e-01
5.657938993050338761e-01
6.722021752721576426e-01
7.859175637359582245e-01
9.058155315576688071e-01
1.030843297572167749e+00
1.160000310718992900e+00
1.292329163565435257e+00
1.426910405457126441e+00
1.562842172843898148e+00
1.699234669157092092e+00
1.835195469557913794e+00
1.969825918505659690e+00
2.102219571508997742e+00
2.231455491177566142e+00
2.356601888465450934e+00
2.476715205432130862e+00
2.590848643847399657e+00
2.698062391949236805e+00
2.797433224313192301e+00
2.888070853548689421e+00
2.969130892996907800e+00
3.039833403189629912e+00
3.099480336092986121e+00
3.147470579049831407e+00
3.183316318446350657e+00
3.206653188198323345e+00
3.217250944355209974e+00
3.215019470356160980e+00
3.200009190546089233e+00
3.172409548531859080e+00
3.132540565062122084e+00
3.080843535319287341e+00
3.017868294163958964e+00
2.944256829789722918e+00
2.860727459669097694e+00
2.768056226077659332e+00
2.667060501730769140e+00
2.558583231733409846e+00
2.443476524885335177e+00
2.322588660449214970e+00
2.196751743188803285e+00
2.066772268338824770e+00
1.933424064748370474e+00
1.797441740305284918e+00
1.659517273569997675e+00
1.520297489467419716e+00
1.380382716971413126e+00
1.240327160912570115e+00
1.100638945221026566e+00
9.617819009997129465e-01
8.241777269727037503e-01
6.882075886776426454e-01
5.542148700432560915e-01
4.225075309576482030e-01
2.933606877787511280e-01
1.670194917224778475e-01
4.370113674248275043e-02
-7.640250739794487989e-02
-1.931224815376974824e-01
-3.063110589070944800e-01
-4.158395691101624547e-01
-5.215967078964235393e-01
-6.234870248978908736e-01
-7.214293100702379169e-01
-8.153556686565752720e-01
-9.052103422659028009e-01
-9.909485734889893482e-01
-1.072536096008358308e+00
-1.149948199279114958e+00
-1.223168984278576010e+00
-1.292191093918854783e+00
-1.357015176420754088e+00
-1.417649602905161066e+00
-1.474110351904603711e+00
-1.526420701033846861e+00
-1.574611120475608361e+00
-1.618719119605131151e+00
-1.658788925293022354e+00
-1.694871380159036045e+00
-1.727023712209227346e+00
-1.755309224984843652e+00
-1.779797260691529104e+00
-1.800563008557159783e+00
-1.817687265094600102e+00
-1.831256425134573762e+00
-1.841362287493274463e+00
-1.848101812282159528e+00
-1.851577081579095507e+00
-1.851895078814116191e+00
-1.849167418118144779e+00
-1.843510259331325285e+00
-1.835044092146924877e+00
-1.823893480570690340e+00
-1.810186962120038823e+00
-1.794056850867611352e+00
-1.775638978742489105e+00
-1.755072563371553596e+00
-1.732500049658775909e+00
-1.708066869402610877e+00
-1.681921286745444721e+00
-1.654214282107148826e+00
-1.625099326149327172e+00
-1.594732221422207052e+00
-1.563271086518263520e+00
-1.530876224530954399e+00
-1.497710054433149862e+00
-1.463937262012001250e+00
-1.429724927083152686e+00
-1.395242708937778575e+00
-1.360663242632787817e+00
-1.326162672036212520e+00
-1.291921257324425198e+00
-1.258124206019563873e+00
-1.224962810009187830e+00
-1.192635774783449509e+00
-1.161350828431253923e+00
-1.131326785231842491e+00
-1.102796112190149502e+00
-1.076007968212908450e+00
-1.051231922510106775e+00
-1.028762559959834899e+00
-1.008924953727321716e+00
-9.920810238134092351e-01
-9.786368268156615535e-01
-9.690504605797216620e-01
-9.638393941496730122e-01
-9.635845314151921803e-01
-9.689249698641022590e-01
-9.805295926088315461e-01
-9.990136023245630437e-01
-1.024725338753797121e+00
-1.057221650823358727e+00
-1.093965690390878764e+00
-1.126971496479294732e+00
-1.133606545260953169e+00
-1.049001074180072823e+00
-6.714246754059505218e-01
7.163709909699798040e-01
2.906818513928620451e+00
1.128749926493786804e+00
1.000002098028701658e+00
1.000000000000000000e+00
1.000000000000000000e+00
