9.994483435579238906e-01
9.994500227699346651e-01
9.994763294253868890e-01
9.995954851127195617e-01
9.999300528021819456e-01
1.000664005136862267e+00
1.002050363184965764e+00
1.004421423296697924e+00
1.008205147598548068e+00
1.013953888923242230e+00
1.022396449516187689e+00
1.034534611473828969e+00
1.051828951879772767e+00
1.076580041649313202e+00
1.112789638621346722e+00
1.168382036920623701e+00
1.261784824766243540e+00
1.433585923201608603e+00
1.629970504696100164e+00
1.712518526824036158e+00
1.719044231856174276e+00
1.688063896046501311e+00
1.638133326184368688e+00
1.579246419084894271e+00
1.517309760787947992e+00
1.455929774929600740e+00
1.397234009091644413e+00
1.342365236123630901e+00
1.291833787970977587e+00
1.245764324262562228e+00
1.204057692027071136e+00
1.166491209105856797e+00
1.132777918943770556e+00
1.102600063379838069e+00
1.075627223582390490e+00
1.051526067389064734e+00
1.029966214464005603e+00
1.010624985089341621e+00
9.931924296307491629e-01
9.773769302604560227e-01
9.629108743294976236e-01
9.495555205180943315e-01
9.371042345850810751e-01
9.253836407914550755e-01
9.142527068028438730e-01
9.036001600340327622e-01
8.933408239420030927e-01
8.834114690868040132e-01
8.737666609824695785e-01
8.643749290631125293e-01
8.552154318803295574e-01
8.462751789098036381e-01
8.375467942691814383e-01
8.290267663304282664e-01
8.207141101743734568e-01
8.126093682877377766e-01
8.047138824919842781e-01
7.970292833415579814e-01
7.895571614468797073e-01
7.822989102175895715e-01
7.752557653691580786e-01
7.684291185501320731e-01
7.618212561543936667e-01
7.554367741559931959e-01
7.492850485869269050e-01
7.433843036418783523e-01
7.377680313407934953e-01
7.324948262553439005e-01
7.276632214861579184e-01
7.234340834797384767e-01
7.200649598036741317e-01
7.179640452444195908e-01
7.177761387602314969e-01
7.205139328965580736e-01
7.277124412351544391e-01
7.413798375532898444e-01
7.629738675662707248e-01
7.910601885190391425e-01
8.211127247124991868e-01
8.491326002983999865e-01
8.734652623997053444e-01
8.939508631721841958e-01
9.109826956234789996e-01
9.250791523816496165e-01
9.367357440727265283e-01
9.463835350308442695e-01
9.543839237170151923e-01
9.610349126405957065e-01
9.665802602528832388e-01
9.712185708113615368e-01
9.751113828844085729e-01
9.783900424095005599e-01
9.811614084816313586e-01
9.835125277762207796e-01
9.855144331294558580e-01
9.872252146754915136e-01
9.886924950487767649e-01
9.899554207769408753e-01
9.910462632704487573e-01
9.919917060492819960e-01
9.928138804404420537e-01
9.935311999172113939e-01
9.941590333243566224e-01
9.947102491628133647e-01
9.951956566018668182e-01
9.956243636746546777e-01
9.960040689543542269e-01
9.963412996998550764e-01
9.966416068317114352e-01
9.969097250133758248e-01
9.971497044573681690e-01
9.973650197616913404e-01
9.975586600372082779e-01
9.977332037554214050e-01
9.978908810835169785e-01
9.980336259444440028e-01
9.981631196164596487e-01
9.982808273471012184e-01
9.983880291837197163e-01
9.984858460029165661e-01
9.985752615437311075e-01
9.986571411057337810e-01
9.987322474565591968e-01
9.988012543985326230e-01
9.988647583666380170e-01
9.989232883667914509e-01
9.989773145114897446e-01
9.990272553672631117e-01
9.990734842932235127e-01
9.991163349209837286e-01
9.991561059021938362e-01
9.991930650300062666e-01
9.992274528241920084e-01
9.992594856558014715e-01
9.992893584757062131e-01
9.993172472016754737e-01
9.993433108105185259e-01
9.993676931749825298e-01
9.993905246793366448e-01
9.994119236426990405e-01
9.994319975750453056e-01
9.994508442873359932e-01
9.994685528742300873e-01
9.994852045853186429e-01
9.995008735986536941e-01
9.995156277084981111e-01
9.995295289376430192e-01
9.995426340832781475e-01
9.995549952042375175e-01
9.995666600564340198e-01
9.995776724824322335e-01
9.995880727603572158e-01
9.995978979166889600e-01
9.996071820069321046e-01
9.996159563676558779e-01
9.996242498429820378e-01
9.996320889882203131e-01
9.996394982530332207e-01
9.996465001462269129e-01
9.996531153840181316e-01
9.996593630234097416e-01
9.996652605821203519e-01
9.996708241463436728e-01
9.996760684674704800e-01
9.996810070487774924e-01
9.996856522229783382e-01
9.996900152214350799e-01
9.996941062357513896e-01
9.996979344723978533e-01
9.997015082009724773e-01
9.997048347966588366e-01
9.997079207774250964e-01
9.997107718365054740e-01
9.997133928707260253e-01
9.997157880052844892e-01
9.997179606156778586e-01
9.997199133475964672e-01
9.997216481357907858e-01
9.997231662231741423e-01
9.997244681817891720e-01
9.997255539377541966e-01
9.997264228029848487e-01
9.997270735173956480e-01
9.997275043065322331e-01
9.997277129612770485e-01
9.997276969485838771e-01
9.997274535653829508e-01
9.997269801522199462e-01
9.997262743894208548e-01
9.997253347075213403e-01
9.997241608569256144e-01
9.997227547021408922e-01
9.997211213393026874e-01
9.997192706951485430e-01
9.997172198847030788e-01
9.997149968844988299e-01
9.997126468912039821e-01
9.997102459246979267e-01
9.997079457160923388e-01
9.997062970086545430e-01
9.997057250564245212e-01
