9.994483435579238906e-01
9.994500698357576818e-01
9.994773318413916474e-01
9.996029199866328652e-01
9.999627319900515898e-01
1.000769124805703125e+00
1.002326122033082356e+00
1.005049449112390691e+00
1.009497390775646153e+00
1.016424061014717273e+00
1.026878097034371828e+00
1.042396149973152442e+00
1.065409660939682146e+00
1.100191641452196167e+00
1.155409708353248188e+00
1.252385698948630388e+00
1.443806392617307921e+00
1.652714139126066684e+00
1.720359918252496678e+00
1.708068596784618087e+00
1.659101188715114805e+00
1.593388618553382319e+00
1.521559026942199466e+00
1.449737948988818470e+00
1.381383408558614301e+00
1.318242086510430067e+00
1.261009232562321447e+00
1.209777384111979659e+00
1.164313772684573589e+00
1.124218507061338190e+00
1.089008748485233102e+00
1.058161011095312354e+00
1.031132892379089672e+00
1.007377795057702530e+00
9.863601462104245599e-01
9.675733171316007741e-01
9.505582531076564035e-01
9.349187998840761127e-01
9.203303003532751214e-01
9.065403210914996235e-01
8.933627351162118924e-01
8.806676878265162767e-01
8.683700462684021959e-01
8.564182621229378123e-01
8.447847297016097823e-01
8.334580298100227047e-01
8.224370178958837485e-01
8.117265060483818129e-01
8.013342316017723066e-01
7.912688454721312770e-01
7.815387769553783226e-01
7.721520772192371762e-01
7.631178062348515923e-01
7.544503472662265064e-01
7.461793668685026137e-01
7.383701708072476499e-01
7.311623587700614157e-01
7.248403615327541072e-01
7.199618412196773232e-01
7.175989041215482533e-01
7.198029210207620432e-01
7.303756463419750489e-01
7.547688918433961280e-01
7.935956161149111399e-01
8.359490077716518197e-01
8.723913663591437162e-01
9.010906544266132912e-01
9.231121062764330309e-01
9.399054088256503237e-01
9.527190869376114257e-01
9.625297871164912866e-01
9.700784664617179143e-01
9.759207804012834941e-01
9.804716294279122168e-01
9.840406092610221034e-01
9.868591022930283119e-01
9.891005743536062100e-01
9.908956176910339586e-01
9.923430363882316252e-01
9.935179956192546902e-01
9.944780119508930261e-01
9.952673638351281493e-01
9.959203483256410250e-01
9.964636950208862753e-01
9.969183633438555292e-01
9.973008873089267423e-01
9.976243869979222190e-01
9.978993334963244255e-01
9.981341305953272958e-01
9.983355596247197594e-01
9.985091215165380341e-01
9.986593012936231251e-01
9.987897736873955212e-01
9.989035638405736606e-01
9.990031735606536012e-01
9.990906810131222615e-01
9.991678198315375736e-01
9.992360421961942185e-01
9.992965693650776027e-01
9.993504323366276809e-01
9.993985047153258749e-01
9.994415293884345575e-01
9.994801402687263359e-01
9.995148800866947569e-01
9.995462150064862161e-01
9.995745466776985166e-01
9.996002222090649703e-01
9.996235424514843260e-01
9.996447689005144577e-01
9.996641294675021605e-01
9.996818233203078607e-01
9.996980249562921195e-01
9.997128876397027852e-01
9.997265463111730810e-01
9.997391200574270442e-01
9.997507142134756108e-01
9.997614221568087434e-01
9.997713268427121935e-01
9.997805021214004606e-01
9.997890138707622443e-01
9.997969209728719830e-01
9.998042761577805582e-01
9.998111267342831843e-01
9.998175152242005925e-01
9.998234799141001439e-01
9.998290553362071398e-01
9.998342726884517084e-01
9.998391602020816338e-01
9.998437434640109478e-01
9.998480457000107346e-01
9.998520880239575304e-01
9.998558896575998611e-01
9.998594681246715243e-01
9.998628394226372063e-01
9.998660181749023934e-01
9.998690177659287359e-01
9.998718504613670621e-01
9.998745275150323630e-01
9.998770592643096977e-01
9.998794552153651427e-01
9.998817241193641570e-01
9.998838740407394177e-01
9.998859124184236169e-01
9.998878461208445811e-01
9.998896814953814882e-01
9.998914244128970230e-01
9.998930803078825980e-01
9.998946542146913696e-01
9.998961508002760512e-01
9.998975743937986715e-01
9.998989290134379093e-01
9.999002183906789964e-01
9.999014459923412090e-01
9.999026150405667668e-01
9.999037285309679834e-01
9.999047892491115253e-01
9.999057997854928770e-01
9.999067625491406819e-01
9.999076797799723026e-01
9.999085535600105157e-01
9.999093858235548193e-01
9.999101783663951748e-01
9.999109328541401220e-01
9.999116508297274386e-01
9.999123337201742956e-01
9.999129828426172040e-01
9.999135994096868263e-01
9.999141845342562895e-01
9.999147392335950846e-01
9.999152644329590833e-01
9.999157609686412096e-01
9.999162295905047459e-01
9.999166709640215922e-01
9.999170856718341271e-01
9.999174742148628781e-01
9.999178370129859772e-01
9.999181744053209364e-01
9.999184866501539259e-01
9.999187739245767315e-01
9.999190363239198742e-01
9.999192738611081266e-01
9.999194864661232751e-01
9.999196739858382532e-01
9.999198361846078908e-01
9.999199727461680620e-01
9.999200832776411474e-01
9.999201673167973370e-01
9.999202243442302240e-01
9.999202538028518772e-01
9.999202551282073692e-01
9.999202277947438766e-01
9.999201713856601392e-01
9.999200856978549545e-01
9.999199708998876002e-01
9.999198277721232930e-01
9.999196580804683432e-01
9.999194651873057893e-01
9.999192551627135161e-01
9.999190393961616685e-01
9.999188468285360454e-01
9.999187791011659998e-01
