1.000000000000000000e+00
9.999990921169655822e-01
9.999960289877526387e-01
9.999908877215240022e-01
9.999846728296934995e-01
9.999795525872141599e-01
9.999791599823516508e-01
9.999889707252969107e-01
1.000016761961552980e+00
1.000073169095000436e+00
1.000172328997354310e+00
1.000332589924183280e+00
1.000577381707276947e+00
1.000935727171333500e+00
1.001443030675697843e+00
1.002141563202836538e+00
1.003079228037626169e+00
1.004310154442636271e+00
1.005891387802139825e+00
1.007876731729579589e+00
1.010318484522654492e+00
1.013255224739454619e+00
1.016697484025816056e+00
1.020639569533006386e+00
1.025040381188606409e+00
1.029797304531347102e+00
1.034786680130925340e+00
1.039856827504294756e+00
1.044768472976461915e+00
1.049277655569323953e+00
1.053183354567852392e+00
1.056190700163132989e+00
1.058049502436134937e+00
1.058707502508288822e+00
1.058040584860248989e+00
1.056000909992538039e+00
1.052806689450719757e+00
1.048610439770554681e+00
1.043561794356189454e+00
1.037962313966972250e+00
1.032052681623854884e+00
1.025992078741597702e+00
1.020001521691862090e+00
1.014271547216520020e+00
1.008885338949120580e+00
1.003943115975228118e+00
9.995513972013916337e-01
9.957133157042383775e-01
9.924308870045408515e-01
9.897405601827401478e-01
9.875918665276864905e-01
9.859300776314061654e-01
9.847508219092642179e-01
9.839827882594832653e-01
9.835542186396217801e-01
9.834468689046752532e-01
9.835937092261235470e-01
9.839321559286851038e-01
9.844455732950641025e-01
9.850830073166338963e-01
9.858013525560296308e-01
9.865900048402070910e-01
9.874153080109294711e-01
9.882532469935864095e-01
9.890980318336639598e-01
9.899296864453054345e-01
9.907386348882573079e-01
9.915215066382162545e-01
9.922675755187853053e-01
9.929766767349634815e-01
9.936461396846177907e-01
9.942709438932834098e-01
9.948556813378911512e-01
9.953982816968927061e-01
9.958976813813789075e-01
9.963582727092967772e-01
9.967799286457800223e-01
9.971654395448840136e-01
9.975166867645772761e-01
9.978344487111290295e-01
9.981224105845195593e-01
9.983818159876085563e-01
9.986148205355894758e-01
9.988236344197404248e-01
9.990095568104484514e-01
9.991751574611457132e-01
9.993217791457265076e-01
9.994513261197220944e-01
9.995652255779940987e-01
9.996646169055511955e-01
9.997512278317665091e-01
9.998261112426833908e-01
9.998906346099054598e-01
9.999457427454111480e-01
9.999925267878301272e-01
1.000031816950292196e+00
1.000064356544358324e+00
1.000090999996738450e+00
1.000112361763779489e+00
1.000129136129192187e+00
1.000141843855896662e+00
1.000151033164042413e+00
1.000157138999834494e+00
1.000160594660919999e+00
1.000161763105380297e+00
1.000160985058258456e+00
1.000158556736552962e+00
1.000154742899689975e+00
1.000149783748371712e+00
1.000143882926763927e+00
1.000137232593917069e+00
1.000129988393836822e+00
1.000122305627493491e+00
1.000114301097324354e+00
1.000106096000390243e+00
1.000097773492644393e+00
1.000089426291131733e+00
1.000081108260524321e+00
1.000072870760987831e+00
1.000064766366157487e+00
1.000056819742401792e+00
1.000049081867438350e+00
1.000041566771455281e+00
1.000034314416881287e+00
1.000027329431153689e+00
1.000020617705244641e+00
1.000014202553008547e+00
1.000008078918487531e+00
1.000002268345077105e+00
9.999967652741099666e-01
9.999915620062760357e-01
9.999866774362141664e-01
9.999820994000002683e-01
9.999778209791615469e-01
9.999738450951635160e-01
9.999701530023127338e-01
9.999667348393612709e-01
9.999635893869509573e-01
9.999606976154030713e-01
9.999580470281066447e-01
9.999556391554625945e-01
9.999534592668101185e-01
9.999514916389400376e-01
9.999497336672563685e-01
9.999481791758095817e-01
9.999468116066729806e-01
9.999456177811262281e-01
9.999445934125889002e-01
9.999437325735692772e-01
9.999430196335125087e-01
9.999424390170714716e-01
9.999419844482984043e-01
9.999416504058418198e-01
9.999414310850373022e-01
9.999413159797984063e-01
9.999412936676518315e-01
9.999413580755449615e-01
9.999415060956032830e-01
9.999417364543653486e-01
9.999420493809803023e-01
9.999424454284290276e-01
9.999429244206683443e-01
9.999434830229666504e-01
9.999441169289298159e-01
9.999448241787604053e-01
9.999456045749298694e-01
9.999464592812686847e-01
9.999473903462119395e-01
9.999484005130596653e-01
9.999494930180026220e-01
9.999506715162835846e-01
9.999519408179079472e-01
9.999533074963751211e-01
9.999547794354595176e-01
9.999563653513149353e-01
9.999580739092672754e-01
9.999599142342450175e-01
9.999618960074394547e-01
9.999640280758497202e-01
9.999663185560039302e-01
9.999687758053578124e-01
9.999714080823652873e-01
9.999742221902452322e-01
9.999772265948361216e-01
9.999804332340842539e-01
9.999838539678953531e-01
9.999874949781628608e-01
9.999913608401949094e-01
9.999954598373312908e-01
9.999997954820245560e-01
1.000004375994958394e+00
1.000009235223851656e+00
1.000014460436390529e+00
1.000020283375756325e+00
1.000027344257742534e+00
1.000037730226495558e+00
1.000060634166034079e+00
1.000117662910281258e+00
1.000338096887068096e+00
1.000399071184696176e+00
9.994488019922183053e-01
