1.000000000000000000e+00
9.999847486183068845e-01
9.999324903046442614e-01
9.998413246753635741e-01
9.997221845490569248e-01
9.996029919755196058e-01
9.995345059353614170e-01
9.995983792228244624e-01
9.999174988058648905e-01
1.000668777045132130e+00
1.002097099447696538e+00
1.004528415083095760e+00
1.008383392593357408e+00
1.014174503657093718e+00
1.022506902801765039e+00
1.034065889689780970e+00
1.049547614495291104e+00
1.069637626109798401e+00
1.094851389800511665e+00
1.125256952492222018e+00
1.160448779667031527e+00
1.199236629513653618e+00
1.239635262495885293e+00
1.280204461321186260e+00
1.320660783036391228e+00
1.361279403759441120e+00
1.400932701336690123e+00
1.432113425637670412e+00
1.446278519164563736e+00
1.442054372971510290e+00
1.422473191788842239e+00
1.390675180891914664e+00
1.350184133196089098e+00
1.305210031852935604e+00
1.257847654972894524e+00
1.209497330964095063e+00
1.162885881827838697e+00
1.119032025924381335e+00
1.078092950449506038e+00
1.041375581970567454e+00
1.009135204469248315e+00
9.807184266642555714e-01
9.561837679886129315e-01
9.353068482083928270e-01
9.171887167524320761e-01
9.013886757928593063e-01
8.877130215108888223e-01
8.755303816108848114e-01
8.644843249443445732e-01
8.546145008117457254e-01
8.456266796875350211e-01
8.373747675080740471e-01
8.301083019411871211e-01
8.238004949118810094e-01
8.184966574913818960e-01
8.145653071728070627e-01
8.121314528647856079e-01
8.113275158513946206e-01
8.124897971458648893e-01
8.157258071296518143e-01
8.210874793338808209e-01
8.286984323767857541e-01
8.384266338625319115e-01
8.499976767937155175e-01
8.630696811328593121e-01
8.770334288676502332e-01
8.912442914178728692e-01
9.051777588865533852e-01
9.183760105569169774e-01
9.306705287214179778e-01
9.419897822925621389e-01
9.522587840293451622e-01
9.616128691159006037e-01
9.700560518506734509e-01
9.775882796649228990e-01
9.843453535188182446e-01
9.903440686969046114e-01
9.956651459243306412e-01
1.000360021975348568e+00
1.004442964526926829e+00
1.008008653872797256e+00
1.011079423610922179e+00
1.013701133746224281e+00
1.015920607494978034e+00
1.017757177363312948e+00
1.019267923726332903e+00
1.020473695931537694e+00
1.021412469379293642e+00
1.022108638800618419e+00
1.022578765463037831e+00
1.022858246236111324e+00
1.022963111755196275e+00
1.022919988532376090e+00
1.022743694523768010e+00
1.022454579460135848e+00
1.022066018586931913e+00
1.021589689765861619e+00
1.021041667969542877e+00
1.020431502752906949e+00
1.019772076334550137e+00
1.019071652368333636e+00
1.018340095113672517e+00
1.017584392442390628e+00
1.016812113463977818e+00
1.016029181006484539e+00
1.015241344799600487e+00
1.014453421462392368e+00
1.013669663819957822e+00
1.012893939808065413e+00
1.012129303859941709e+00
1.011378772030278483e+00
1.010644473985415015e+00
1.009928802758701227e+00
1.009233137227364185e+00
1.008559224718750036e+00
1.007907758883582749e+00
1.007279931452603083e+00
1.006675807545996726e+00
1.006095512822190674e+00
1.005539346177630966e+00
1.005006791598768823e+00
1.004498324906233586e+00
1.004013279373227041e+00
1.003551952377571332e+00
1.003113530161186651e+00
1.002697313140980651e+00
1.002303260803448337e+00
1.001930430842206121e+00
1.001578842933286140e+00
1.001247645403372299e+00
1.000935958986327812e+00
1.000643858121447849e+00
1.000370394426326914e+00
1.000114834634211469e+00
9.998768171702477892e-01
9.996552662875479722e-01
9.994494392902482094e-01
9.992589177157472635e-01
9.990826931867541338e-01
9.989200044891745067e-01
9.987705961452825187e-01
9.986336703513252200e-01
9.985084124465692934e-01
9.983944785903481334e-01
9.982914172647893158e-01
9.981984315834971921e-01
9.981148549724259134e-01
9.980403419297975143e-01
9.979745020087623653e-01
9.979166188524243308e-01
9.978659879910307673e-01
9.978222374728269450e-01
9.977850306440214645e-01
9.977540294529144704e-01
9.977287402507063474e-01
9.977086447685349357e-01
9.976934175407581318e-01
9.976828426363676394e-01
9.976767739189758011e-01
9.976751230851542696e-01
9.976778182534410400e-01
9.976847669443011934e-01
9.976957712061882422e-01
9.977106033639044913e-01
9.977291211324318398e-01
9.977512469914320281e-01
9.977769539422074452e-01
9.978062486381268359e-01
9.978391645098836360e-01
9.978757544773092514e-01
9.979160881282979068e-01
9.979602770337341333e-01
9.980084956222918802e-01
9.980609651385823344e-01
9.981179367477378550e-01
9.981796605775059561e-01
9.982464031470444921e-01
9.983184503772224438e-01
9.983960589675603403e-01
9.984794595841665066e-01
9.985688899842676269e-01
9.986645824412018202e-01
9.987667156933791590e-01
9.988755213368628594e-01
9.989913438391682110e-01
9.991145137197788850e-01
9.992451480414613618e-01
9.993832816317704815e-01
9.995290337513629275e-01
9.996822851786277830e-01
9.998429484103342757e-01
1.000011571621612916e+00
1.000190032815211572e+00
1.000384005869522586e+00
1.000610026052816792e+00
1.000923457822576967e+00
1.001570744926632228e+00
1.003130354783664080e+00
1.006050272237370535e+00
1.004777034651155754e+00
9.939139008054103108e-01
