1.000000000000000000e+00
9.999776259032437942e-01
9.999008061268849223e-01
9.997659348671114055e-01
9.995876352438897161e-01
9.994052717387782447e-01
9.992921986313678673e-01
9.993684093956033410e-01
9.998162726753606622e-01
1.000898995125924618e+00
1.002979030309259167e+00
1.006533057873751247e+00
1.012167113306099431e+00
1.020605448697095685e+00
1.032689576148103416e+00
1.049358148021080295e+00
1.071527426637354008e+00
1.100033957499115811e+00
1.135304891862932486e+00
1.176790266901447390e+00
1.222929921880721915e+00
1.271049440483621673e+00
1.318267763839323425e+00
1.364587381994990523e+00
1.415179201158323963e+00
1.472031450029436472e+00
1.515059778852329897e+00
1.530047264552986563e+00
1.517833804046889501e+00
1.484729086256090458e+00
1.438445345319458335e+00
1.383866362245115056e+00
1.325073631810150143e+00
1.267173440978613508e+00
1.211726993671432551e+00
1.159378421805691284e+00
1.113250849856164404e+00
1.073374905647319855e+00
1.038742189077625167e+00
1.009824511493332855e+00
9.857588061433630866e-01
9.650630413503793470e-01
9.472631509760661705e-01
9.319135950939647639e-01
9.181149558236897379e-01
9.055227741656012297e-01
8.941333923911869430e-01
8.834806742141704250e-01
8.733510430257346302e-01
8.639454774123593861e-01
8.550276611936231674e-01
8.464725793135157161e-01
8.385915556713073871e-01
8.313239285966951275e-01
8.246715247856719611e-01
8.190435513676508350e-01
8.145458227998276790e-01
8.113167874141669067e-01
8.097982597533830429e-01
8.101733964419174372e-01
8.126150324365006838e-01
8.174594340800190873e-01
8.248013659722084334e-01
8.346593464917533289e-01
8.470370731879514059e-01
8.616041999047159283e-01
8.778160490812787486e-01
8.949386515219230898e-01
9.120038691141532095e-01
9.282850490039791236e-01
9.433320617609993741e-01
9.568990118264547595e-01
9.691431435819365392e-01
9.800963053256356305e-01
9.897770471941290671e-01
9.983941071868831507e-01
1.005980875394461904e+00
1.012657002385604965e+00
1.018496203681783951e+00
1.023513787867988967e+00
1.027846616811322500e+00
1.031521340205813653e+00
1.034599954861448401e+00
1.037146225965656976e+00
1.039181919272032184e+00
1.040787437097796975e+00
1.041987685299323951e+00
1.042834512129600100e+00
1.043359185093316599e+00
1.043581285684557214e+00
1.043550275621766055e+00
1.043285944933063369e+00
1.042825158410066955e+00
1.042186753486686435e+00
1.041398741768685854e+00
1.040478579673184134e+00
1.039441439595919281e+00
1.038309859753687947e+00
1.037096393813415229e+00
1.035819252728284789e+00
1.034489592561026905e+00
1.033121431492549425e+00
1.031724434173700855e+00
1.030309449950138179e+00
1.028884888796202546e+00
1.027459081901031857e+00
1.026039021733517798e+00
1.024630939841949084e+00
1.023240579430827468e+00
1.021872470121556242e+00
1.020531187329063894e+00
1.019219933453550775e+00
1.017942430262199549e+00
1.016700780519975700e+00
1.015497760843252717e+00
1.014334431354974697e+00
1.013212727302813532e+00
1.012132717452560282e+00
1.011094591108585794e+00
1.010098847929618904e+00
1.009144616932889704e+00
1.008232722143931115e+00
1.007362049691303385e+00
1.006533135177924532e+00
1.005744617179190614e+00
1.004995325269511852e+00
1.004285219471127144e+00
1.003612707606901466e+00
1.002977851164024825e+00
1.002379206863490024e+00
1.001815276838619484e+00
1.001286209858098353e+00
1.000790380616564557e+00
1.000326530268708769e+00
9.998940412327331773e-01
9.994910499217363187e-01
9.991162660571740739e-01
9.987689604319871517e-01
9.984473716983719438e-01
9.981501649297674916e-01
9.978768857050798191e-01
9.976261299423060391e-01
9.973964607584321351e-01
9.971872628101442482e-01
9.969977311426836408e-01
9.968264541499477494e-01
9.966722466046344930e-01
9.965344850740258664e-01
9.964124668140086349e-01
9.963049165170997368e-01
9.962105787389895495e-01
9.961287812707064759e-01
9.960589138999659253e-01
9.960003640342411924e-01
9.959522458006546675e-01
9.959136300916391349e-01
9.958839267753970548e-01
9.958627385915908015e-01
9.958497913827948356e-01
9.958449130811630745e-01
9.958479608929596827e-01
9.958587561744344230e-01
9.958769352000033104e-01
9.959020823133017952e-01
9.959339322784866999e-01
9.959723339932278208e-01
9.960172253965335898e-01
9.960686037517891833e-01
9.961265134934618182e-01
9.961910333465794354e-01
9.962622712963977722e-01
9.963404089669869457e-01
9.964257381463216268e-01
9.965186324423800368e-01
9.966195174482862518e-01
9.967288162539685858e-01
9.968469798985235553e-01
9.969744924772626637e-01
9.971117857050005862e-01
9.972592444147652113e-01
9.974172644730591175e-01
9.975862305074743031e-01
9.977664315207941392e-01
9.979582468230387970e-01
9.981622501936207037e-01
9.983789868425296810e-01
9.986086235119722154e-01
9.988511763355250039e-01
9.991067983804112762e-01
9.993752094980017375e-01
9.996561560804294588e-01
9.999504376332996047e-01
1.000261054908910152e+00
1.000597347854674579e+00
1.000986819312046583e+00
1.001521965900992184e+00
1.002614899274210547e+00
1.005231089636716479e+00
1.009232831039268197e+00
1.006262689867094995e+00
9.923794990522578630e-01
