1.000000000000000000e+00
9.999691873957542443e-01
9.998632256553300346e-01
9.996760735686066601e-01
9.994260249954117770e-01
9.991653281475759707e-01
9.989937914967037536e-01
9.990769326716260057e-01
9.996673736141784561e-01
1.001128023921335153e+00
1.003952468212270466e+00
1.008778618462987220e+00
1.016404165872489385e+00
1.027766912379924014e+00
1.043946265916361416e+00
1.066134036780777228e+00
1.095427665852078292e+00
1.132656937248618156e+00
1.177693208883217046e+00
1.228422110038235093e+00
1.281180061894888755e+00
1.332096828001579691e+00
1.379311745366370801e+00
1.432323245012191437e+00
1.523801997897042959e+00
1.594890678858777777e+00
1.610962322683272108e+00
1.588079382064068179e+00
1.539429099250559263e+00
1.475850840292849186e+00
1.407888638412490234e+00
1.339852839351149072e+00
1.274834648706610007e+00
1.217884071964487003e+00
1.168152706687469955e+00
1.124357129836912605e+00
1.088043624337301063e+00
1.057433777002063646e+00
1.030526850400560468e+00
1.007263043500378208e+00
9.869212589595932617e-01
9.683544717803322932e-01
9.514885881657469957e-01
9.362962765234036366e-01
9.221553165373235217e-01
9.089702296138134630e-01
8.969615711235944255e-01
8.857379728696331833e-01
8.751442177196168126e-01
8.654590324411333135e-01
8.564120451135277534e-01
8.478313350074325738e-01
8.400178474909476556e-01
8.328199426620257473e-01
8.261385741212230460e-01
8.203346071091766056e-01
8.154185219614697999e-01
8.114477148767094139e-01
8.088625697972113837e-01
8.078281631845101174e-01
8.085367810212038542e-01
8.114240094004580017e-01
8.166896441435653742e-01
8.245204481852327350e-01
8.351820970611427697e-01
8.486703332234865060e-01
8.648436626773126079e-01
8.833425983883318455e-01
9.033136319255795632e-01
9.236763824884649532e-01
9.432284375040977942e-01
9.609966803319839324e-01
9.768288170138071935e-01
9.907497629652127769e-01
1.002866993608670487e+00
1.013527842966934100e+00
1.022829653630640934e+00
1.030956567842317373e+00
1.038019227230361885e+00
1.044041911887618079e+00
1.049209266327250312e+00
1.053554950180934036e+00
1.057158602433492245e+00
1.060101604597839087e+00
1.062407875862170226e+00
1.064181180407794303e+00
1.065449609359905514e+00
1.066278209641636554e+00
1.066704074526096946e+00
1.066748616715663234e+00
1.066474619559060866e+00
1.065904521434820618e+00
1.065084690679528601e+00
1.064037024419895783e+00
1.062796563383890502e+00
1.061384100711219247e+00
1.059817631035924856e+00
1.058125826093626154e+00
1.056323783925910753e+00
1.054434921389383328e+00
1.052473073574800688e+00
1.050456461965304511e+00
1.048397441989368684e+00
1.046310353868877163e+00
1.044206321043498198e+00
1.042096607286340015e+00
1.039990775259731270e+00
1.037897492858351756e+00
1.035824905608519808e+00
1.033779550441635608e+00
1.031768179125209572e+00
1.029795645630301015e+00
1.027867685912899232e+00
1.025987722103466115e+00
1.024160261480566492e+00
1.022387298651639131e+00
1.020672193130385930e+00
1.019015515572026409e+00
1.017418029068855923e+00
1.015880979207589796e+00
1.014403515865341721e+00
1.012987384111198041e+00
1.011631343428939900e+00
1.010336686104204018e+00
1.009101754718908950e+00
1.007925157409532702e+00
1.006807241497184702e+00
1.005745909213978218e+00
1.004741626455179615e+00
1.003792477450656362e+00
1.002896427688792391e+00
1.002054015575485568e+00
1.001262956859980680e+00
1.000521516948335243e+00
9.998289547834465774e-01
9.991825255026141051e-01
9.985803687446367372e-01
9.980214977973529411e-01
9.975032578080341716e-01
9.970236528113523011e-01
9.965820799065038260e-01
9.961763999002036796e-01
9.958044035764580526e-01
9.954651871684917497e-01
9.951575315479034289e-01
9.948792297285168340e-01
9.946284272248711034e-01
9.944041656207739388e-01
9.942053513982055390e-01
9.940299596159563045e-01
9.938759895262890831e-01
9.937423761741305261e-01
9.936281503096522361e-01
9.935323348340586724e-01
9.934535070126849776e-01
9.933901706069745430e-01
9.933413748486384920e-01
9.933064789056497146e-01
9.932850394087749946e-01
9.932767766804591059e-01
9.932814570074848248e-01
9.932987872810394858e-01
9.933281735269603452e-01
9.933689365949941452e-01
9.934206398388585324e-01
9.934830304366536469e-01
9.935559987573177043e-01
9.936395302150019537e-01
9.937336855305212158e-01
9.938385798097107982e-01
9.939543743171909140e-01
9.940813480759411735e-01
9.942199566161651347e-01
9.943707858024890545e-01
9.945345032797326956e-01
9.947117702112648896e-01
9.949032901819376828e-01
9.951098170997061398e-01
9.953320172009226807e-01
9.955704778869101101e-01
9.958258008867735267e-01
9.960985661567015592e-01
9.963891961150164178e-01
9.966982543825765317e-01
9.970266119502422253e-01
9.973750879116242141e-01
9.977438885970451032e-01
9.981329737592771201e-01
9.985425157748665237e-01
9.989719857905632328e-01
9.994208856600164115e-01
9.998903733955033513e-01
1.000385058902986568e+00
1.000919504610632949e+00
1.001536764639002319e+00
1.002381770686278983e+00
1.004099444787001527e+00
1.008195381518399936e+00
1.013296401358171783e+00
1.007560883898173998e+00
9.914261882006716320e-01
