1.000000000000000000e+00
9.999604543507668586e-01
9.998241679899176892e-01
9.995816290116884550e-01
9.992531859521204263e-01
9.989021033386630277e-01
9.986527520154621085e-01
9.987138983090346755e-01
9.994040816934696148e-01
1.001176132762140014e+00
1.004635056743295785e+00
1.010546892834769173e+00
1.019854889040246126e+00
1.033653932668966879e+00
1.053194584572520576e+00
1.079820845157959397e+00
1.114575713269437607e+00
1.157700320359895674e+00
1.207376234719791830e+00
1.258865262934746765e+00
1.307312714950929822e+00
1.350534199219082021e+00
1.385689359633220263e+00
1.515735180139566207e+00
1.674466673652650339e+00
1.701309793581493590e+00
1.659815250395675568e+00
1.590383326341822334e+00
1.504250434409576842e+00
1.418236703955559008e+00
1.348390337996277610e+00
1.289880002110310953e+00
1.238621079000606917e+00
1.195090008787756952e+00
1.156316167137731110e+00
1.120426801238240344e+00
1.088801910690080588e+00
1.060548533988192377e+00
1.034417082791027065e+00
1.010997604747936318e+00
9.900566285564009750e-01
9.706962923252764330e-01
9.530530812851305544e-01
9.372177151410260310e-01
9.225602723954012818e-01
9.089965291476962417e-01
8.967659685500306566e-01
8.854314117043443622e-01
8.748138650492662816e-01
8.652035014359243936e-01
8.562971585373931882e-01
8.478976527720691880e-01
8.403117004874243179e-01
8.333532171272522993e-01
8.268824920709816340e-01
8.212434177915006739e-01
8.163939483447092416e-01
8.123335156831048565e-01
8.094767788069189285e-01
8.079435503787892880e-01
8.078932761932223761e-01
8.097725822397756623e-01
8.137883307254184517e-01
8.201645568425413035e-01
8.292570163958528084e-01
8.411898864948479382e-01
8.560411844833614170e-01
8.737855040835470488e-01
8.939945692480465445e-01
9.159849523328165155e-01
9.386104758534045134e-01
9.603435138770984869e-01
9.801130589049918962e-01
9.972923511684692599e-01
1.011865336287027128e+00
1.024383405841136963e+00
1.035136087227136237e+00
1.044444455803968497e+00
1.052490720508398647e+00
1.059326114627475501e+00
1.065180912317636563e+00
1.070098759775291342e+00
1.074174572294448904e+00
1.077503465237543923e+00
1.080110851844059194e+00
1.082117155512415829e+00
1.083551810610143384e+00
1.084488387486518768e+00
1.084966887750648867e+00
1.085008715131522639e+00
1.084684967259916144e+00
1.084018598250828358e+00
1.083061541282717810e+00
1.081836553466735795e+00
1.080382554566657438e+00
1.078721530855883071e+00
1.076872366529831426e+00
1.074867205667882075e+00
1.072722011556678234e+00
1.070463224896523569e+00
1.068105873853159249e+00
1.065670700016377648e+00
1.063171511125123425e+00
1.060624881395144437e+00
1.058043673278729058e+00
1.055441211438094440e+00
1.052828953913528931e+00
1.050217485589257205e+00
1.047616973000255802e+00
1.045035754183317955e+00
1.042482655821653337e+00
1.039964246511516865e+00
1.037488422091430884e+00
1.035060217739457888e+00
1.032686237715018107e+00
1.030369889203992972e+00
1.028116493834709821e+00
1.025927728738964095e+00
1.023805568271797473e+00
1.021752679219786630e+00
1.019768906445334800e+00
1.017857648389297598e+00
1.016018228074210494e+00
1.014253451799517425e+00
1.012562041276322988e+00
1.010943041819143184e+00
1.009397900083785382e+00
1.007924606030871084e+00
1.006524719071480334e+00
1.005196402216295581e+00
1.003937587977164148e+00
1.002749830701584521e+00
1.001630615259510027e+00
1.000578150877053707e+00
9.995920264442194059e-01
9.986688877098021111e-01
9.978065960530615452e-01
9.970042322684838920e-01
9.962584026464651465e-01
9.955666181004825255e-01
9.949283841223431901e-01
9.943409203923787576e-01
9.938012987527042874e-01
9.933084724857472736e-01
9.928609019685388226e-01
9.924555588918357873e-01
9.920899020800526547e-01
9.917626887875650166e-01
9.914724551834281918e-01
9.912163351276817025e-01
9.909914753163111545e-01
9.907963928040660617e-01
9.906297327465795055e-01
9.904901158508957471e-01
9.903754879667059363e-01
9.902836740786749026e-01
9.902133015410411465e-01
9.901634517352065901e-01
9.901334937758761168e-01
9.901230349187738478e-01
9.901317455893541286e-01
9.901592026306670347e-01
9.902045298536935602e-01
9.902667199731411962e-01
9.903451233120988961e-01
9.904393605909140863e-01
9.905492624049702099e-01
9.906747974440697213e-01
9.908160429778343214e-01
9.909731535653748535e-01
9.911463486508239606e-01
9.913360186736581703e-01
9.915428116527524871e-01
9.917675636842113729e-01
9.920112259964183332e-01
9.922747334141814868e-01
9.925590762952595236e-01
9.928653114779161237e-01
9.931943577306071580e-01
9.935470089938251981e-01
9.939240718905619776e-01
9.943263122147200095e-01
9.947542554510270252e-01
9.952086264985694486e-01
9.956905916802484269e-01
9.962012298673044164e-01
9.967407140536648225e-01
9.973088532329531519e-01
9.979057656819447786e-01
9.985305521173598597e-01
9.991823725537285483e-01
9.998628108236823353e-01
1.000578471992705110e+00
1.001350369433688270e+00
1.002240639063696870e+00
1.003458093216033520e+00
1.005928544703500682e+00
1.011800409738069728e+00
1.017748235190182760e+00
1.008262335814378519e+00
9.916398976135233356e-01
