1.000000000000000000e+00
9.999677243659772508e-01
9.998567015027890470e-01
9.996604039857515112e-01
9.993976478609201131e-01
9.991227790168377698e-01
9.989400541605376604e-01
9.990227129439372966e-01
9.996352110283046599e-01
1.001156925964933331e+00
1.004102482182199330e+00
1.009134839623528013e+00
1.017080815030047436e+00
1.028910271000406107e+00
1.045738443328284362e+00
1.068794214698386646e+00
1.099192206315262377e+00
1.137724636667490907e+00
1.184083949126699009e+00
1.235766646716117689e+00
1.288728887692978331e+00
1.339109101848963146e+00
1.385336853123167566e+00
1.441347402582760395e+00
1.547216291338211702e+00
1.614683824962226844e+00
1.622811996594184736e+00
1.592397294019050946e+00
1.537555356159460151e+00
1.469503403563175326e+00
1.399249637992473483e+00
1.330713565132920495e+00
1.266550493981262626e+00
1.211416549171461465e+00
1.163772294947750696e+00
1.121914530354144457e+00
1.087052508613827406e+00
1.057398988452430189e+00
1.031033447555377736e+00
1.007997692406491952e+00
9.876850891037519675e-01
9.690267181961084164e-01
9.520152375403382328e-01
9.366702007956444476e-01
9.223852076269453137e-01
9.090793832444723499e-01
8.969856861261782388e-01
8.857071727122201033e-01
8.750854970782703246e-01
8.654021316310306355e-01
8.563783360670776945e-01
8.478348066378217363e-01
8.400712034774195924e-01
8.329257708990410736e-01
8.262880974118945732e-01
8.205131577571895818e-01
8.155987360438435863e-01
8.115895068507551491e-01
8.089215808217126158e-01
8.077528349075667746e-01
8.082723088261428712e-01
8.109226244271698913e-01
8.159105111173544644e-01
8.234369982425445711e-01
8.337940859503432112e-01
8.470133088007012478e-01
8.630079482120068812e-01
8.814921944340492477e-01
9.016882457098013282e-01
9.225497588971734997e-01
9.428048195383244012e-01
9.613187925268511513e-01
9.778061840610600131e-01
9.922520892026882589e-01
1.004780542913608743e+00
1.015772931979187277e+00
1.025346603251585664e+00
1.033700881185932507e+00
1.040954756766561129e+00
1.047135283856782006e+00
1.052435047025535919e+00
1.056889166409462399e+00
1.060580115058027628e+00
1.063591971107395562e+00
1.065948965138587390e+00
1.067758291918470936e+00
1.069048417187570044e+00
1.069886237540657703e+00
1.070309575478749053e+00
1.070339976447360009e+00
1.070042064645587487e+00
1.069438528273203071e+00
1.068577015056043855e+00
1.067479741048585895e+00
1.066182673353453625e+00
1.064706982638240929e+00
1.063070973133478425e+00
1.061304140710926491e+00
1.059421873639244671e+00
1.057448301053743878e+00
1.055397594972789621e+00
1.053288564895947577e+00
1.051133932480867950e+00
1.048948544439879393e+00
1.046743921956872381e+00
1.044531775488296566e+00
1.042322069703419229e+00
1.040123865682194060e+00
1.037945708843047488e+00
1.035794482535824956e+00
1.033677323486885236e+00
1.031599392891015432e+00
1.029566803715322942e+00
1.027583245716578997e+00
1.025653570709011975e+00
1.023779987315628137e+00
1.021966158210674491e+00
1.020212800738461434e+00
1.018520838654464411e+00
1.016891709987382431e+00
1.015324629435269133e+00
1.013821567066937934e+00
1.012381320365713266e+00
1.011005377555031171e+00
1.009692086321996696e+00
1.008440070654896603e+00
1.007249802898529278e+00
1.006119144865927684e+00
1.005048687009898245e+00
1.004036474236925436e+00
1.003080417388068968e+00
1.002181170169351709e+00
1.001336365698430431e+00
1.000544217675670255e+00
9.998039968650324072e-01
9.991128245859948187e-01
9.984687621760269804e-01
9.978708013370324315e-01
9.973161422917818930e-01
9.968026855784724027e-01
9.963298204901459565e-01
9.958952859882821418e-01
9.954967416204435482e-01
9.951332433478756734e-01
9.948035061367869192e-01
9.945051821260608715e-01
9.942362986041589634e-01
9.939958420926927607e-01
9.937826521655915846e-01
9.935945664950841527e-01
9.934294466463104989e-01
9.932861573045240755e-01
9.931636646745907182e-01
9.930609254006098618e-01
9.929764164475129995e-01
9.929085348215190843e-01
9.928562625908894379e-01
9.928189140989270856e-01
9.927960152560050267e-01
9.927872673263192782e-01
9.927924204985884016e-01
9.928111607230187818e-01
9.928428503401698357e-01
9.928867598335981981e-01
9.929424198817629055e-01
9.930095583404129345e-01
9.930880565928550396e-01
9.931778978242035150e-01
9.932791458064287315e-01
9.933919224110653312e-01
9.935163987571522526e-01
9.936528720749912003e-01
9.938018287311998211e-01
9.939638945618124444e-01
9.941397826556577222e-01
9.943301985315090574e-01
9.945358925850720233e-01
9.947576684978680639e-01
9.949962350815203527e-01
9.952522157688146187e-01
9.955262485692004670e-01
9.958189472994593006e-01
9.961307559719432270e-01
9.964622692196893894e-01
9.968144102770951642e-01
9.971880455677641919e-01
9.975833836835754642e-01
9.980003683604117271e-01
9.984391706802970834e-01
9.988992102809650664e-01
9.993799400462127780e-01
9.998825863110910595e-01
1.000412069109752222e+00
1.000983953963098028e+00
1.001644271651540130e+00
1.002547956973585341e+00
1.004384157977241010e+00
1.008760466322770499e+00
1.014028361624269126e+00
1.007730659453021316e+00
9.913644488757639150e-01
