1.000000000000000000e+00
9.999817386738080183e-01
9.999191051069646896e-01
9.998095147346404143e-01
9.996655196535414456e-01
9.995199280561493094e-01
9.994330489323038913e-01
9.995026625608258719e-01
9.998766725144420109e-01
1.000768435564125980e+00
1.002472880810925115e+00
1.005380775548875727e+00
1.009993266450593730e+00
1.016915566003398830e+00
1.026856689180364102e+00
1.040613428613083480e+00
1.058981308767142471e+00
1.082722051612320602e+00
1.112343240601315841e+00
1.147713287329406473e+00
1.188020460355076802e+00
1.231473506480229796e+00
1.275566407631803623e+00
1.319101460901515699e+00
1.363170588831117858e+00
1.409408023062587390e+00
1.452522599586344221e+00
1.479398632019109039e+00
1.483626050061380708e+00
1.467295391859975151e+00
1.435766448716494503e+00
1.393229609280144610e+00
1.343630952655477717e+00
1.291631590939728236e+00
1.239219232062436449e+00
1.187561308986301745e+00
1.139638334825161747e+00
1.096200566135544285e+00
1.057006452777869976e+00
1.023179834340722572e+00
9.945034006471041854e-01
9.698630304294215687e-01
9.489616792747972429e-01
9.313291654923968599e-01
9.159566659732971683e-01
9.023636489534563321e-01
8.903858799774485577e-01
8.794470925874290357e-01
8.692446427456016478e-01
8.598859771554312470e-01
8.511121775208936313e-01
8.427968413660295033e-01
8.352291416619683773e-01
8.283836226113798773e-01
8.223036625769382102e-01
8.173957529594053639e-01
8.137958522924597649e-01
8.116583117339525311e-01
8.113851562048016719e-01
8.131349248976429411e-01
8.170308161938129032e-01
8.233087085599626320e-01
8.319550134945518094e-01
8.428378432401465448e-01
8.557643220456908617e-01
8.702119756034488729e-01
8.855052010070253443e-01
9.009475075181792025e-01
9.158310498469914851e-01
9.297868081212140590e-01
9.426377802077787749e-01
9.542662997403671410e-01
9.648247701977585855e-01
9.743240824395106303e-01
9.827664430257750938e-01
9.903156386905876962e-01
9.969926157168578218e-01
1.002893336491980536e+00
1.008077819473475190e+00
1.012560119103116607e+00
1.016452779833762810e+00
1.019779746533495901e+00
1.022593751858935196e+00
1.024948916215669303e+00
1.026865653655484101e+00
1.028411176242100211e+00
1.029608179689694980e+00
1.030500732689597410e+00
1.031116318324351910e+00
1.031472928353348140e+00
1.031612136957098524e+00
1.031551713952308713e+00
1.031322796468147951e+00
1.030942035521817957e+00
1.030433159304252166e+00
1.029811377797600569e+00
1.029089940732811570e+00
1.028287746532836389e+00
1.027415680358009897e+00
1.026488933863858533e+00
1.025517032506384263e+00
1.024511623497857071e+00
1.023480841031663591e+00
1.022433643675185300e+00
1.021376999212977754e+00
1.020317732329819371e+00
1.019261555876299186e+00
1.018213528839614801e+00
1.017178275429434953e+00
1.016159433963011338e+00
1.015160634593840649e+00
1.014184415181545340e+00
1.013233679786511798e+00
1.012310065736786946e+00
1.011415703133624833e+00
1.010551394271329784e+00
1.009718594203475872e+00
1.008917327755108895e+00
1.008147706076528927e+00
1.007410070743243180e+00
1.006703722776077115e+00
1.006029243502547521e+00
1.005385749002436935e+00
1.004773600127258026e+00
1.004191728810854833e+00
1.003639214733144325e+00
1.003115989622153759e+00
1.002620821785257688e+00
1.002153723230725157e+00
1.001713580209647292e+00
1.001299242575146353e+00
1.000910795023221889e+00
1.000546998034463231e+00
1.000206889978704661e+00
9.998899908745045861e-01
9.995948941495046425e-01
9.993206244152800233e-01
9.990666268695460595e-01
9.988315804826373157e-01
9.986144845594201458e-01
9.984149953655186982e-01
9.982320644454070191e-01
9.980646210563566267e-01
9.979122065054405466e-01
9.977742222563111829e-01
9.976496205199710809e-01
9.975375229087384277e-01
9.974374689021044960e-01
9.973489397290997704e-01
9.972709925608560511e-01
9.972027000837045962e-01
9.971435680358636811e-01
9.970931484006435586e-01
9.970509916257295213e-01
9.970164458008453634e-01
9.969888271863242002e-01
9.969677034008830319e-01
9.969527850238752986e-01
9.969438738439498904e-01
9.969408472693407353e-01
9.969436043703276962e-01
9.969520176339500273e-01
9.969658223913645534e-01
9.969847154712035975e-01
9.970085051293715583e-01
9.970370841661262418e-01
9.970704113500254984e-01
9.971084894188858572e-01
9.971513560981548618e-01
9.971990745809646839e-01
9.972517298264138574e-01
9.973094614922279888e-01
9.973724910704726554e-01
9.974411009449616339e-01
9.975156123393842389e-01
9.975963449668963090e-01
9.976836396719035438e-01
9.977778622901982697e-01
9.978793403150980623e-01
9.979883670070678336e-01
9.981052444340174912e-01
9.982302670206730788e-01
9.983636589490973989e-01
9.985057123802488777e-01
9.986568651699916366e-01
9.988175355314194981e-01
9.989878622059716884e-01
9.991678742745808695e-01
9.993577061696439223e-01
9.995571753905847512e-01
9.997661283105230279e-01
9.999852131788730114e-01
1.000216755489570009e+00
1.000467892989651997e+00
1.000759545444432685e+00
1.001161935743080544e+00
1.001987869343507143e+00
1.003971068453790139e+00
1.007364550414161508e+00
1.005448611841673445e+00
9.931838953028883088e-01
