1.000000000000000000e+00
9.999905932345591886e-01
9.999584553804126141e-01
9.999028368115563392e-01
9.998312342562695187e-01
9.997618218514180422e-01
9.997267966013942964e-01
9.997769388777248967e-01
9.999875244736394775e-01
1.000465856157304767e+00
1.001360003986014657e+00
1.002867932312027754e+00
1.005247721941250560e+00
1.008819613492777378e+00
1.013969471867962380e+00
1.021144046292426388e+00
1.030816034052849162e+00
1.043474960324719980e+00
1.059552610041921250e+00
1.079297936341079289e+00
1.102775854034840020e+00
1.129674340586589887e+00
1.159153445869275822e+00
1.190271160273655537e+00
1.222103449418376675e+00
1.253670048189714503e+00
1.284521881029289991e+00
1.313637094571376451e+00
1.337160860125513162e+00
1.351200928689321401e+00
1.354202962600628668e+00
1.345919863600745003e+00
1.327841893260967465e+00
1.302646908279109894e+00
1.272058713253812146e+00
1.237517542461335385e+00
1.201117305403119895e+00
1.164002000846921625e+00
1.126778398541677939e+00
1.090600536792254660e+00
1.056098737269110188e+00
1.023323767844642962e+00
9.927641744776964927e-01
9.647777664863955716e-01
9.391384473922967935e-01
9.159149652834480682e-01
8.953183347504909406e-01
8.770549464465080547e-01
8.610068207121854833e-01
8.473200559832093637e-01
8.357780085979917839e-01
8.262647832637364242e-01
8.189343673077835728e-01
8.136943033959276317e-01
8.104908714758133348e-01
8.094705652750067149e-01
8.105848833526463348e-01
8.137598528583469548e-01
8.190243863925242840e-01
8.262117433364849495e-01
8.350666094153266217e-01
8.453526182416019052e-01
8.566473491246489047e-01
8.684820733108399304e-01
8.804838404755865877e-01
8.922577488463446782e-01
9.035397817504194906e-01
9.142086379074328972e-01
9.241387525795810021e-01
9.333346178001759030e-01
9.418001032900419345e-01
9.495080852432496998e-01
9.565547940542424854e-01
9.629477606201598539e-01
9.686958661820310734e-01
9.738863358619851418e-01
9.785358698027430968e-01
9.826988762152845114e-01
9.864125906078312633e-01
9.896933684676688658e-01
9.926015867649218283e-01
9.951569604444602257e-01
9.973918727325064015e-01
9.993386390248850670e-01
1.001014056261366969e+00
1.002454978551258424e+00
1.003678065190642510e+00
1.004708842042225214e+00
1.005565055093579740e+00
1.006259831352759537e+00
1.006816053942320321e+00
1.007245819893739958e+00
1.007566581644069981e+00
1.007789156524317775e+00
1.007927028776857137e+00
1.007989700661283461e+00
1.007985534832392283e+00
1.007925001844990565e+00
1.007814908596813996e+00
1.007663635112574507e+00
1.007476955039043665e+00
1.007261328716106297e+00
1.007021567027439835e+00
1.006762658379321218e+00
1.006488617235997918e+00
1.006203265213875042e+00
1.005909846929236462e+00
1.005611232517276354e+00
1.005310019436677749e+00
1.005008319960653207e+00
1.004708168283320768e+00
1.004411091470745143e+00
1.004118705437491377e+00
1.003832066332642103e+00
1.003552382315027636e+00
1.003280292686599795e+00
1.003016662158714434e+00
1.002761758724152186e+00
1.002515860442814155e+00
1.002279314049173475e+00
1.002052037797985573e+00
1.001834435491528952e+00
1.001626321302018452e+00
1.001427982660434202e+00
1.001239137438427962e+00
1.001059552102159245e+00
1.000889314932184249e+00
1.000728054540923617e+00
1.000575873953807982e+00
1.000432433867472160e+00
1.000297375965791380e+00
1.000170812452294111e+00
1.000052340373961179e+00
9.999416600003229183e-01
9.998386526327917023e-01
9.997428406300147286e-01
9.996539089644540521e-01
9.995717005855175863e-01
9.994957625952064495e-01
9.994257623768774135e-01
9.993616156752542778e-01
9.993029668196824478e-01
9.992494497671069453e-01
9.992009297734657514e-01
9.991572167143055738e-01
9.991179476598418541e-01
9.990828226195660466e-01
9.990516989265336711e-01
9.990244101070696603e-01
9.990006270553083434e-01
9.989800252983718210e-01
9.989624435766202293e-01
9.989477368600564455e-01
9.989357582822793180e-01
9.989262830009677518e-01
9.989190730281459762e-01
9.989139847345444023e-01
9.989109277233051420e-01
9.989098452393017080e-01
9.989107083134048937e-01
9.989134953572170739e-01
9.989181739290349249e-01
9.989246588492010082e-01
9.989328496741410879e-01
9.989426876176964454e-01
9.989541454029079448e-01
9.989672202695539793e-01
9.989819256832211947e-01
9.989982879821669437e-01
9.990163428183671535e-01
9.990361338047926143e-01
9.990577250721066616e-01
9.990812116386017516e-01
9.991067115347452843e-01
9.991343575047826331e-01
9.991642817500765439e-01
9.991966246023378240e-01
9.992315360765975374e-01
9.992691518820102647e-01
9.993095950670318750e-01
9.993529925081071630e-01
9.993994688205747323e-01
9.994491227413950796e-01
9.995020800859455434e-01
9.995585239380405662e-01
9.996186324976586990e-01
9.996824811562879942e-01
9.997501091108087490e-01
9.998216048702566194e-01
9.998969511456324843e-01
9.999761685420807122e-01
1.000059635438947270e+00
1.000148477983608730e+00
1.000245910513214209e+00
1.000361095360213337e+00
1.000524385226379875e+00
1.000870350934303987e+00
1.001715079764985417e+00
1.003641610226186920e+00
1.003268796169515475e+00
9.957073155272052611e-01
