1.000000000000000000e+00
9.999736200001901887e-01
9.998829733662815133e-01
9.997233629705692959e-01
9.995112675736894658e-01
9.992922905668067957e-01
9.991524447081726601e-01
9.992334321338987024e-01
9.997512136998842891e-01
1.001017040743801267e+00
1.003457280034775190e+00
1.007628192315119797e+00
1.014231256927924374e+00
1.024097618465660942e+00
1.038187665266555149e+00
1.057567154246727092e+00
1.083251864488812721e+00
1.116109564682121302e+00
1.156385847669635591e+00
1.202923080602775530e+00
1.253229561599683795e+00
1.303869814221842116e+00
1.352164524306434634e+00
1.400728885767112519e+00
1.463532584535948811e+00
1.531738807640792066e+00
1.566278520770654437e+00
1.564840922697855907e+00
1.535332541568903642e+00
1.486854934830565300e+00
1.428652246140002635e+00
1.365645609964481810e+00
1.301673375692736778e+00
1.242083565625304864e+00
1.187618990178495260e+00
1.138176532748767844e+00
1.096463605323594548e+00
1.061459800330829317e+00
1.031390263647327332e+00
1.006179590788575329e+00
9.848305578178092601e-01
9.659345235779291938e-01
9.491706056792429402e-01
9.343026972918433426e-01
9.205964906623517185e-01
9.078588326899326155e-01
8.962265935196194189e-01
8.852972229102274992e-01
8.749059158724454832e-01
8.653084583108252570e-01
8.562597898413150110e-01
8.476150061969834892e-01
8.396833571871683555e-01
8.323563230001947977e-01
8.255824736529928654e-01
8.197483285866644653e-01
8.149121235539364960e-01
8.111747453201357816e-01
8.089851497773187239e-01
8.085247044399767047e-01
8.099851712822754290e-01
8.137640154426973860e-01
8.200213641769120709e-01
8.288758985807881396e-01
8.404806677056337882e-01
8.546841396052543560e-01
8.711418249285716175e-01
8.892633902091142684e-01
9.080375522593014948e-01
9.264548979016169472e-01
9.436829480874860954e-01
9.592083275686676958e-01
9.731238120271921144e-01
9.854824277315051839e-01
9.963368966302222907e-01
1.005951316667673456e+00
1.014381001018108908e+00
1.021772622067646630e+00
1.028215575414365368e+00
1.033728170980802608e+00
1.038470366621700336e+00
1.042471871365293179e+00
1.045803315474627126e+00
1.048537234835042353e+00
1.050696505910019285e+00
1.052373321872168033e+00
1.053594322512180881e+00
1.054418128092027951e+00
1.054879108496849405e+00
1.054997947599319641e+00
1.054830966168917694e+00
1.054399466756777537e+00
1.053745246247064005e+00
1.052888846391680566e+00
1.051861947764478833e+00
1.050683823956146234e+00
1.049371194520462014e+00
1.047949773296732223e+00
1.046433491090088097e+00
1.044843234471533933e+00
1.043191568368462940e+00
1.041494651822247652e+00
1.039763528618303345e+00
1.038010801213880674e+00
1.036246234958984491e+00
1.034479606227416415e+00
1.032719160356765142e+00
1.030972301834217841e+00
1.029245916247301995e+00
1.027545472367694890e+00
1.025876554286248687e+00
1.024243111097681735e+00
1.022649775077023149e+00
1.021099220091212567e+00
1.019594982390444216e+00
1.018138498689387550e+00
1.016732308069921542e+00
1.015376645123005961e+00
1.014071898103871439e+00
1.012818845575772508e+00
1.011616556283877921e+00
1.010466215011089908e+00
1.009366580883009235e+00
1.008318474801533471e+00
1.007320333553324065e+00
1.006370822968482015e+00
1.005470023195016216e+00
1.004616052665673331e+00
1.003809105617049502e+00
1.003047470672706387e+00
1.002329356298849339e+00
1.001655045083720497e+00
1.001022567959039211e+00
1.000430409776326135e+00
9.998778604453710805e-01
9.993626212872036563e-01
9.988831121770875843e-01
9.984384589771279073e-01
9.980264689223696806e-01
9.976454841753544800e-01
9.972949621841183943e-01
9.969731466987653556e-01
9.966782341044210236e-01
9.964094633272245760e-01
9.961658282823467880e-01
9.959455454790930862e-01
9.957471164606480629e-01
9.955697568911353601e-01
9.954125790065473378e-01
9.952739616122688870e-01
9.951523064582555866e-01
9.950467584758539985e-01
9.949565405050668776e-01
9.948808711866189425e-01
9.948186188040569755e-01
9.947685953400395853e-01
9.947300452790619474e-01
9.947024591045566799e-01
9.946854842344026171e-01
9.946788982250164279e-01
9.946825157035988907e-01
9.946961051073257565e-01
9.947191978886427144e-01
9.947512588149517443e-01
9.947919447459230291e-01
9.948410582482221098e-01
9.948985154997641578e-01
9.949643082717872788e-01
9.950384883614105114e-01
9.951211510923770875e-01
9.952124288498398474e-01
9.953125477424180634e-01
9.954218741764571110e-01
9.955408785110247960e-01
9.956700968165663745e-01
9.958100611752624953e-01
9.959613384828495120e-01
9.961245368492031016e-01
9.963001964426330126e-01
9.964887964871527171e-01
9.966908291070200043e-01
9.969067708099281777e-01
9.971369748313287928e-01
9.973819080977727181e-01
9.976422835403599976e-01
9.979187753898397517e-01
9.982115734558466569e-01
9.985206733596396766e-01
9.988462417113829206e-01
9.991878893566670250e-01
9.995452537807342219e-01
9.999192968344264854e-01
1.000313745542528165e+00
1.000740301136551880e+00
1.001233508695512420e+00
1.001909643562882257e+00
1.003286579672423295e+00
1.006575761751371756e+00
1.011125978273465398e+00
1.006943133638850796e+00
9.918066511526915097e-01
