1.000000000000000000e+00
9.999743537641040403e-01
9.998862405627338967e-01
9.997311708585034928e-01
9.995252966539476258e-01
9.993130916024485222e-01
9.991782575497010210e-01
9.992585235396244103e-01
9.997637129010876755e-01
1.000996345073636551e+00
1.003371263703272120e+00
1.007430512979524018e+00
1.013858640456889448e+00
1.023467911873177982e+00
1.037197699317361277e+00
1.056091318312982530e+00
1.081147840815422256e+00
1.113233101141355208e+00
1.152635286017102301e+00
1.198324906654644195e+00
1.247993689931695238e+00
1.298327829838584524e+00
1.346565318784632259e+00
1.394688012330540072e+00
1.454539069154328734e+00
1.520912533191277172e+00
1.557645749372583044e+00
1.559481514594991847e+00
1.533169062115323555e+00
1.487398741805806779e+00
1.431174552133526401e+00
1.369452066291052095e+00
1.306140416369451662e+00
1.246564349077425193e+00
1.191654108693324998e+00
1.141464148092003583e+00
1.098835209294815707e+00
1.062943812970079227e+00
1.032129278849480025e+00
1.006377660058895174e+00
9.846773732010291047e-01
9.655852430917499785e-01
9.487406712943303733e-01
9.338667436624048523e-01
9.202017587262422138e-01
9.075284039865219032e-01
8.959620993417386492e-01
8.850928246636214913e-01
8.747500932998524270e-01
8.651825173913865186e-01
8.561482147713708191e-01
8.475067281120055585e-01
8.395686040555507823e-01
8.322339188310724500e-01
8.254607264163273950e-01
8.196403256916697799e-01
8.148398135835450695e-01
8.111675218795109110e-01
8.090725837179313373e-01
8.087378852792753703e-01
8.103532616081998707e-01
8.143070890575268006e-01
8.207498641431147934e-01
8.297849317646933676e-01
8.415414858596500514e-01
8.558380428766088066e-01
8.722928601510976376e-01
8.902812226173164589e-01
9.087836083479097216e-01
9.268293433869280173e-01
9.436588835717967250e-01
9.588202267135027546e-01
9.724265191025599497e-01
9.845281986259392104e-01
9.951703166106449228e-01
1.004605679539827934e+00
1.012884672999498470e+00
1.020148646085104582e+00
1.026483918606756029e+00
1.031908103074882899e+00
1.036576981342240078e+00
1.040519669846866169e+00
1.043805251359808395e+00
1.046504707800358647e+00
1.048640726280271940e+00
1.050303428948508033e+00
1.051519168957685713e+00
1.052345391499087679e+00
1.052815943220895889e+00
1.052951338596508357e+00
1.052806710080659736e+00
1.052403117686689704e+00
1.051781508364241446e+00
1.050962144949451949e+00
1.049976077959857035e+00
1.048842278192854804e+00
1.047577208405346516e+00
1.046206033145088199e+00
1.044742452096308449e+00
1.043206886120214616e+00
1.041611658481912395e+00
1.039972552766190050e+00
1.038300371593451787e+00
1.036607406545783094e+00
1.034903181453562304e+00
1.033197212733063974e+00
1.031497518486353293e+00
1.029811288544876247e+00
1.028145197620950357e+00
1.026504539020965723e+00
1.024894707260500804e+00
1.023319508484807239e+00
1.021783400906701056e+00
1.020288945646832035e+00
1.018839530778621105e+00
1.017436514759924471e+00
1.016082316059990331e+00
1.014777129304161640e+00
1.013521296657305282e+00
1.012315535759876095e+00
1.011158917521916445e+00
1.010052550760840884e+00
1.008995209598704923e+00
1.007987653314595278e+00
1.007028348260517125e+00
1.006115983207711340e+00
1.005250608467809004e+00
1.004430389732992701e+00
1.003655489710262971e+00
1.002924241107318482e+00
1.002234901786155818e+00
1.001587723666254037e+00
1.000980797282498891e+00
1.000412651073178782e+00
9.998825880110661091e-01
9.993883875355006330e-01
9.989285206319207244e-01
9.985021372102221848e-01
9.981071230723400634e-01
9.977418787678944412e-01
9.974058759394700546e-01
9.970974227978565141e-01
9.968147832280035425e-01
9.965572219761895667e-01
9.963237694697125724e-01
9.961127113323769988e-01
9.959226072844409305e-01
9.957527023983016035e-01
9.956021430283311657e-01
9.954693727956027693e-01
9.953528578143399086e-01
9.952517770875216607e-01
9.951653845866469394e-01
9.950929305068443309e-01
9.950333294158049124e-01
9.949854421336198351e-01
9.949485442507749466e-01
9.949221472969907998e-01
9.949059133404576372e-01
9.948996292877005931e-01
9.949031176659304254e-01
9.949161568109935461e-01
9.949382979777863234e-01
9.949690285692770475e-01
9.950080201760820309e-01
9.950550841108662947e-01
9.951101406445366226e-01
9.951731825674678955e-01
9.952442602718224451e-01
9.953234659410961083e-01
9.954109273583920947e-01
9.955068622341995965e-01
9.956116228733433715e-01
9.957256613555796054e-01
9.958494928964858328e-01
9.959836290418688787e-01
9.961286148856929312e-01
9.962850352286708455e-01
9.964534099298184566e-01
9.966342006181525548e-01
9.968278815129808512e-01
9.970349120933450493e-01
9.972556338546451071e-01
9.974904975890108716e-01
9.977401903689799845e-01
9.980053625388930483e-01
9.982862001310642830e-01
9.985827032392938785e-01
9.988950364617568134e-01
9.992228317297454643e-01
9.995657473791428327e-01
9.999247144435913226e-01
1.000303321874048912e+00
1.000712822547142222e+00
1.001186425722972562e+00
1.001835900326730755e+00
1.003159098619032186e+00
1.006320971877840309e+00
1.010774112728460850e+00
1.006826888627920802e+00
9.918958398502727425e-01
