1.000000000000000000e+00
9.999595183000896670e-01
9.998199246702281773e-01
9.995711167959612231e-01
9.992332443150870880e-01
9.988700978460862689e-01
9.986077352197371138e-01
9.986582119885308861e-01
9.993451783778929398e-01
1.001128219255260632e+00
1.004620097976296034e+00
1.010594806303092508e+00
1.020003620875704842e+00
1.033948510509707042e+00
1.053684729929875497e+00
1.080549560292022981e+00
1.115534287888326981e+00
1.158729972975338196e+00
1.208038318063982652e+00
1.258506780080993925e+00
1.305459796116588356e+00
1.347065087346388523e+00
1.380700048761760002e+00
1.547684422911533408e+00
1.690865507028478820e+00
1.709024260183329869e+00
1.660537915228039063e+00
1.586515433505029327e+00
1.495722605391675231e+00
1.408518430357141638e+00
1.341534518684359911e+00
1.286090818249666867e+00
1.236958432738347602e+00
1.194605016269252529e+00
1.156422339230722240e+00
1.120764090109246158e+00
1.089169791916819507e+00
1.060859809623153849e+00
1.034639295832105566e+00
1.011138214151714232e+00
9.901359475235368413e-01
9.707307059259246973e-01
9.530596356516269907e-01
9.372114013514518671e-01
9.225483174276457587e-01
9.089834260084047601e-01
8.967565974009845675e-01
8.854268960909966735e-01
8.748140649286493264e-01
8.652107764254882705e-01
8.563123341837707292e-01
8.479207424286560046e-01
8.403452496341647926e-01
8.333984040596739140e-01
8.269387765066346097e-01
8.213111265324175569e-01
8.164706504389289687e-01
8.124132689577070465e-01
8.095524235279346614e-01
8.080039748428934354e-01
8.079234289029305627e-01
8.097561682889079515e-01
8.137062998068084196e-01
8.199962721361864215e-01
8.289831899960643513e-01
8.407933438506099977e-01
8.555119324107450796e-01
8.731290619644646034e-01
8.932433031709333671e-01
9.152137590625510910e-01
9.379427650996241539e-01
9.599248122156088803e-01
9.800397789633563672e-01
9.975553666859731106e-01
1.012382530355484089e+00
1.025072054925611598e+00
1.035941417093112049e+00
1.045336030109416559e+00
1.053451008260869015e+00
1.060342760191291367e+00
1.066246016059118062e+00
1.071205582077947582e+00
1.075317574330290293e+00
1.078678047100451565e+00
1.081312465152196145e+00
1.083342279823750198e+00
1.084796907256996956e+00
1.085750364837065884e+00
1.086242722237167335e+00
1.086295269258269247e+00
1.085979517359024094e+00
1.085318334466117030e+00
1.084363890780608131e+00
1.083138879792659992e+00
1.081682355435292786e+00
1.080016266472756836e+00
1.078159443730610567e+00
1.076144148946747148e+00
1.073986297672663293e+00
1.071712431783840902e+00
1.069337564516460448e+00
1.066882520287650626e+00
1.064361123857020752e+00
1.061790030066991131e+00
1.059182156048341650e+00
1.056550914512127903e+00
1.053907849749113224e+00
1.051263645271121927e+00
1.048628585347415987e+00
1.046011119811062651e+00
1.043420220280962374e+00
1.040862582455392538e+00
1.038346277435033382e+00
1.035876481033305430e+00
1.033459990276737850e+00
1.031100355915945288e+00
1.028803101099837525e+00
1.026570036253195317e+00
1.024403284659975100e+00
1.022305687942557606e+00
1.020277202858029586e+00
1.018321435980489964e+00
1.016437818229676493e+00
1.014629360477855347e+00
1.012894880045364987e+00
1.011233524019504060e+00
1.009646909681894078e+00
1.008133094875025337e+00
1.006693811558389218e+00
1.005327289471361629e+00
1.004031513920918162e+00
1.002808203529918618e+00
1.001654872351218639e+00
1.000569774787336774e+00
9.995525851601823053e-01
9.985999282009079270e-01
9.977096772951239423e-01
9.968809612766179606e-01
9.961103405936527766e-01
9.953953043957380897e-01
9.947354023362110498e-01
9.941278099334486251e-01
9.935695425931478919e-01
9.930595610279789875e-01
9.925963103408242949e-01
9.921766861008179950e-01
9.917980840810924903e-01
9.914592435552910255e-01
9.911586708982124128e-01
9.908934128215227677e-01
9.906605255744628247e-01
9.904584856095702827e-01
9.902859001162380714e-01
9.901413487554985293e-01
9.900227080147563363e-01
9.899277268619500747e-01
9.898549863898957746e-01
9.898035382292542650e-01
9.897727319382232380e-01
9.897621635819350283e-01
9.897714939623915020e-01
9.898002857492882445e-01
9.898476299750489371e-01
9.899124807091407297e-01
9.899941630303701334e-01
9.900922824286786383e-01
9.902066619102266598e-01
9.903372673917765212e-01
9.904841770108341326e-01
9.906475485889215671e-01
9.908276067176440272e-01
9.910247529390761034e-01
9.912396555686614485e-01
9.914731773488117961e-01
9.917262995448425933e-01
9.919999852510186233e-01
9.922952540023848300e-01
9.926131930238885070e-01
9.929547448497656470e-01
9.933207211159421623e-01
9.937119452652141138e-01
9.941291970070590400e-01
9.945730055142136816e-01
9.950441055148784297e-01
9.955436878961189118e-01
9.960728512220583530e-01
9.966317541698199722e-01
9.972201781002978382e-01
9.978382250281164767e-01
9.984849447274715128e-01
9.991594518132327352e-01
9.998633740733963160e-01
1.000603540262504865e+00
1.001401689693294905e+00
1.002322095693911175e+00
1.003580679072565651e+00
1.006134188772403792e+00
1.012200800382923704e+00
1.018205515089874558e+00
1.008276345809071550e+00
9.917681324755671657e-01
