1.000000000000000000e+00
1.000000004233979833e+00
1.000000015776750795e+00
1.000000065113889391e+00
1.000000239899654142e+00
1.000000717190673294e+00
1.000001809343278980e+00
1.000004027755739600e+00
1.000008175831268886e+00
1.000015487534001490e+00
1.000027835584751834e+00
1.000048044431190553e+00
1.000080358843243200e+00
1.000131140657834150e+00
1.000209895097069701e+00
1.000330765205464711e+00
1.000514680067330575e+00
1.000792397453335481e+00
1.001208738398586817e+00
1.001828366035913964e+00
1.002743522418424682e+00
1.004084196050696542e+00
1.006031128459839552e+00
1.008831881686088172e+00
1.012819856248341477e+00
1.018436724635910950e+00
1.026258085082317306e+00
1.037019575290798468e+00
1.051639843144100306e+00
1.071237570202927536e+00
1.097149007217281369e+00
1.130939677807252908e+00
1.174388076259043956e+00
1.229426024982595234e+00
1.298083405437072013e+00
1.382477569062823042e+00
1.484751283098361130e+00
1.606885508655844896e+00
1.750341539278860159e+00
1.915976448739250104e+00
2.104147292613422593e+00
2.314288818842723749e+00
2.544030450887852179e+00
2.788473590099405097e+00
3.040530097020885059e+00
3.291162799673317263e+00
3.528569961481315964e+00
3.736625661524036524e+00
3.896346542098439336e+00
3.990013728183280151e+00
4.002614949636526198e+00
3.922243009422722082e+00
3.741268997338526248e+00
3.460570960520514827e+00
3.091508867483341749e+00
2.652361130856188076e+00
2.163197255009648323e+00
1.644570842017726742e+00
1.118217149848496073e+00
6.041461888137852343e-01
1.177124277282942666e-01
-3.312707328291299436e-01
-7.361555870128001500e-01
-1.091846820832632847e+00
-1.395712780652922591e+00
-1.648182740016785663e+00
-1.851407240260187992e+00
-2.007447785906303128e+00
-2.118430052093585925e+00
-2.187115584872935337e+00
-2.216980628930855790e+00
-2.211317849431825522e+00
-2.172778913554668900e+00
-2.103904636831738006e+00
-2.007545707425213877e+00
-1.886577899426315597e+00
-1.743444062779837989e+00
-1.580353695425024796e+00
-1.399577527043173841e+00
-1.203514238807520176e+00
-9.944154893059713451e-01
-7.742740135173996618e-01
-5.450112507501875259e-01
-3.086233636819344928e-01
-6.704487513222560924e-02
1.780175502533509757e-01
4.249884482536516184e-01
6.723194388994773174e-01
9.184886141429796647e-01
1.162095306532954009e+00
1.401867954137286043e+00
1.636590089817387961e+00
1.865050290126130994e+00
2.086101413728906451e+00
2.298711213926759811e+00
2.501915172295401391e+00
2.694779856080402158e+00
2.876425239376241727e+00
3.046069158020971113e+00
3.203021501293193296e+00
3.346663349446480140e+00
3.476448722930817858e+00
3.591937366975468393e+00
3.692808793643196363e+00
3.778847468696519218e+00
3.849931724967741165e+00
3.906053529191061191e+00
3.947334035059093971e+00
3.974007013343754391e+00
3.986402717916847749e+00
3.984948873789950774e+00
3.970175027191915174e+00
3.942698023132896523e+00
3.903202400765042768e+00
3.852429574036742466e+00
3.791174730462640419e+00
3.720275099108328654e+00
3.640591133780002764e+00
3.552992620799261037e+00
3.458354640788422252e+00
3.357550754186295450e+00
3.251438839081253196e+00
3.140849634582689287e+00
3.026585344705434277e+00
2.909418329467302833e+00
2.790082615885471906e+00
2.669267195686039873e+00
2.547617143738831746e+00
2.425735944554689105e+00
2.304182142527384958e+00
2.183466484352579062e+00
2.064054338336791083e+00
1.946369636142532666e+00
1.830794727623670015e+00
1.717669578560585109e+00
1.607294608517563006e+00
1.499935043366010357e+00
1.395822111126034049e+00
1.295153014351138276e+00
1.198093488160970610e+00
1.104781728422363329e+00
1.015329849957755659e+00
9.298239921093838234e-01
8.483264849245170103e-01
7.708792297107609492e-01
6.975049753552234888e-01
6.282072903294315669e-01
5.629723427439343730e-01
5.017716954724203982e-01
4.445632149080732676e-01
3.912908619154167322e-01
3.418862294359886755e-01
2.962708576322406473e-01
2.543567343017248961e-01
2.160459314412321030e-01
1.812319795889870411e-01
1.498017181612346649e-01
1.216353677389283017e-01
9.660606803898269535e-02
7.458126264065155497e-02
5.542423410054261868e-02
3.899375492341603661e-02
2.514360054354307025e-02
1.372393357071027484e-02
4.582480458458491543e-03
-2.436222260068380066e-03
-7.491044560466494917e-03
-1.074313263164560286e-02
-1.235539388852219776e-02
-1.249344348325827532e-02
-1.132562577095058698e-02
-9.022281499565553906e-03
-5.756098162870991290e-03
-1.703404089958627078e-03
2.955915086714060776e-03
8.038652074659773453e-03
1.335688147309099794e-02
1.871650564638695224e-02
2.391723112337345442e-02
2.875233736932096551e-02
3.300738659572906297e-02
3.646099741753908857e-02
3.888853678665873254e-02
4.006918867692364078e-02
3.980116322626312680e-02
3.793637738855413361e-02
3.445157368270464204e-02
2.959412687228900329e-02
2.419511456039597636e-02
2.036274455663662428e-02
2.309258947330004169e-02
4.426185916202695497e-02
1.134052009585388709e-01
3.100643535503735393e-01
8.732280547604804877e-01
2.187060247279871916e+00
1.213972346467979913e+00
1.000165042323552633e+00
1.000000000247524667e+00
1.000000000000000000e+00
1.000000000000000000e+00
