1.000000000000000000e+00
9.999999999390233318e-01
9.999999997703454824e-01
9.999999990422098195e-01
9.999999964573381694e-01
9.999999893927408179e-01
9.999999732176417799e-01
9.999999403546674381e-01
9.999998789501179930e-01
9.999997710103607496e-01
9.999995898846265607e-01
9.999992970642078705e-01
9.999988384604885372e-01
9.999981406634340653e-01
9.999971082160524771e-01
9.999956237194720376e-01
9.999935536992767826e-01
9.999907646137620176e-01
9.999871550788732577e-01
9.999827123302306164e-01
9.999776035775957972e-01
9.999723161879906508e-01
9.999678610411079083e-01
9.999660509574213041e-01
9.999698597483934748e-01
9.999838901811899383e-01
1.000014963032449078e+00
1.000072756686703812e+00
1.000170385762392034e+00
1.000324803324788459e+00
1.000557177960030408e+00
1.000892910927569268e+00
1.001360281297107635e+00
1.001986741992071828e+00
1.002794030552632165e+00
1.003793210411614512e+00
1.004975988583706847e+00
1.006299575580575700e+00
1.007664241343901201e+00
1.008903018675979091e+00
1.009784424869861086e+00
1.010004472025659572e+00
1.009174572234197598e+00
1.006833202899793500e+00
1.002512794475661773e+00
9.958079129717262168e-01
9.864009486119661441e-01
9.740531502793752239e-01
9.586739596648290451e-01
9.404248488788831128e-01
9.196870183104046692e-01
8.969741575985950011e-01
8.728661558121008079e-01
8.480395443946990852e-01
8.232637799116157007e-01
7.992957601672155965e-01
7.767766862994198718e-01
7.562460680102326416e-01
7.382073568566394073e-01
7.230909437798860306e-01
7.112024156908408612e-01
7.027089141783788850e-01
6.977003715723464339e-01
6.962294095497136848e-01
6.982845290504205993e-01
7.037695627457505321e-01
7.125339135454830108e-01
7.244182573177253559e-01
7.392504787860224580e-01
7.568307222401949863e-01
7.769301107106065807e-01
7.993170845724704154e-01
8.237724342924785947e-01
8.500772077483110811e-01
8.780031706875666142e-01
9.073228496274756694e-01
9.378240314880351702e-01
9.693054366007803901e-01
1.001569291018103103e+00
1.034420097955324414e+00
1.067672948237756270e+00
1.101156841687453092e+00
1.134709277414390760e+00
1.168171982673533504e+00
1.201394956181231599e+00
1.234241306047584974e+00
1.266584393810238574e+00
1.298304799192959269e+00
1.329290425473050874e+00
1.359439456063127549e+00
1.388660658293729089e+00
1.416871204228510539e+00
1.443995188578151900e+00
1.469965414037866180e+00
1.494724791372518791e+00
1.518224696736946822e+00
1.540423593722602291e+00
1.561287388292245559e+00
1.580790363048297786e+00
1.598914517077407949e+00
1.615648419472887287e+00
1.630986731408461621e+00
1.644930645031292160e+00
1.657487744446913602e+00
1.668671021913586738e+00
1.678498050133522268e+00
1.686991121296351537e+00
1.694177301663795543e+00
1.700087591213753413e+00
1.704756168343176892e+00
1.708220205574165540e+00
1.710519840436248051e+00
1.711697646120242222e+00
1.711798005454999272e+00
1.710866783229067600e+00
1.708951253148682126e+00
1.706099795059731195e+00
1.702361400965277438e+00
1.697785329906246421e+00
1.692421045671393065e+00
1.686318068199559095e+00
1.679525603072404394e+00
1.672092235862479459e+00
1.664065900046287627e+00
1.655493833721936037e+00
1.646422316421163323e+00
1.636896443754731534e+00
1.626960113621419124e+00
1.616656038897817504e+00
1.606025591164344846e+00
1.595108653094184259e+00
1.583943617903559309e+00
1.572567432249017738e+00
1.561015523828514162e+00
1.549321712120363292e+00
1.537518225821648876e+00
1.525635768612818355e+00
1.513703500680167569e+00
1.501748990790443106e+00
1.489798247650578666e+00
1.477875797023911142e+00
1.466004695164517813e+00
1.454206509614548670e+00
1.442501364355575300e+00
1.430908025708863551e+00
1.419443934075297786e+00
1.408125203391131119e+00
1.396966676634048277e+00
1.385982015052641625e+00
1.375183737960792518e+00
1.364583234211618423e+00
1.354190826772424749e+00
1.344015863021802426e+00
1.334066756400149822e+00
1.324351005993559705e+00
1.314875268244920292e+00
1.305645445126645043e+00
1.296666724125983938e+00
1.287943605351307363e+00
1.279479984011042015e+00
1.271279240351066209e+00
1.263344278838986368e+00
1.255677566736153716e+00
1.248281230157224808e+00
1.241157149057736220e+00
1.234307002260086161e+00
1.227732334019588478e+00
1.221434666627272181e+00
1.215415604330174038e+00
1.209676905687279591e+00
1.204220594620673879e+00
1.199049107608081810e+00
1.194165426719212331e+00
1.189573204890406188e+00
1.185276952536560735e+00
1.181282252425796653e+00
1.177595951846504896e+00
1.174226374217895996e+00
1.171183583227472180e+00
1.168479629549066701e+00
1.166128706860345421e+00
1.164147208730169858e+00
1.162553516732955705e+00
1.161367148775887648e+00
1.160606637621014459e+00
1.160284905741688188e+00
1.160399366270196797e+00
1.160910803460334817e+00
1.161697786531843191e+00
1.162454893295468361e+00
1.162454183876440617e+00
1.159949087175759841e+00
1.150554453871157623e+00
1.122344479504888248e+00
1.039091595980909499e+00
7.960266985926744976e-01
9.233767921288986713e-01
9.999622809927565248e-01
9.999999999431637976e-01
1.000000000000000000e+00
1.000000000000000000e+00
