1.000000000000000000e+00
1.000000009490473962e+00
1.000000035049519953e+00
1.000000143372980155e+00
1.000000526439945858e+00
1.000001571670040335e+00
1.000003961751453785e+00
1.000008812942716707e+00
1.000017876767779867e+00
1.000033841533378487e+00
1.000060788235105580e+00
1.000104882111765736e+00
1.000175419225516338e+00
1.000286399710498930e+00
1.000458867598886803e+00
1.000724341440071719e+00
1.001129761277288699e+00
1.001744483334537028e+00
1.002669937735419348e+00
1.004052605012280219e+00
1.006100977748368486e+00
1.009107113935759026e+00
1.013472895631399862e+00
1.019740207739944227e+00
1.028622936798881282e+00
1.041040050050513477e+00
1.058146912073634205e+00
1.081355110619535154e+00
1.112330309576144316e+00
1.152962684985209263e+00
1.205332670737093936e+00
1.271663142710977912e+00
1.354216015593708855e+00
1.455122078723716239e+00
1.576293811889865282e+00
1.719529795046238041e+00
1.886584091201941815e+00
2.079059742815883460e+00
2.298058493485025444e+00
2.544534149945657298e+00
2.820021282150223740e+00
3.126198997271268265e+00
3.463498115114166609e+00
3.829916414966925142e+00
4.221688317776807864e+00
4.633432386010165160e+00
5.055759283588324493e+00
5.470362106224715859e+00
5.850200912283302301e+00
6.165325027423272708e+00
6.383327395061648701e+00
6.467855751389799401e+00
6.380562556475848801e+00
6.095328806145532852e+00
5.611466879312265732e+00
4.951716064226347136e+00
4.151408548214264194e+00
3.254923825018268158e+00
2.316096640894845127e+00
1.386613963480152645e+00
5.048568771981802872e-01
-3.073894341569253230e-01
-1.036944476070134291e+00
-1.673858911939339222e+00
-2.214430356690988866e+00
-2.663171665327234816e+00
-3.028441891834623423e+00
-3.316812092434000103e+00
-3.533785603199183889e+00
-3.685748792618591452e+00
-3.780340633218139068e+00
-3.823886964402170463e+00
-3.820227866206523437e+00
-3.772488055854599676e+00
-3.684461749631959826e+00
-3.559876750749812579e+00
-3.401112331909362130e+00
-3.209887536354454785e+00
-2.988251794536413097e+00
-2.738903029397675049e+00
-2.464437154187199219e+00
-2.167039840712347232e+00
-1.849078286692463546e+00
-1.513550633267927603e+00
-1.163636011222904054e+00
-8.021163055461794089e-01
-4.316118510421234622e-01
-5.485009794508387965e-02
3.253745360082901938e-01
7.065241171602818504e-01
1.086361075783935037e+00
1.462729340951017143e+00
1.833401101560834467e+00
2.196249417238925083e+00
2.549391355257139669e+00
2.891031471332583980e+00
3.219335773962605174e+00
3.532482964624813704e+00
3.828784228292573477e+00
4.106654131413406184e+00
4.364539060382452540e+00
4.600917567334724012e+00
4.814399762051887244e+00
5.003776385071111221e+00
5.167985880949832023e+00
5.306097156056482689e+00
5.417390425598831882e+00
5.501429041882385462e+00
5.558034900152001079e+00
5.587264677884718367e+00
5.589437288396254644e+00
5.565169496045724529e+00
5.515350030613983989e+00
5.441093832887688997e+00
5.343719405231754038e+00
5.224746284208729108e+00
5.085862089316697698e+00
4.928864501852195268e+00
4.755616475477488336e+00
4.568030964170133323e+00
4.368046154856629393e+00
4.157577606814506055e+00
3.938479361629972253e+00
3.712537460046644533e+00
3.481464353578997528e+00
3.246871612476283975e+00
3.010249182984352068e+00
2.772970050587065582e+00
2.536299031892585987e+00
2.301384036090639018e+00
2.069249164638492289e+00
1.840804519136364448e+00
1.616860538739842035e+00
1.398129218635894677e+00
1.185223047089450921e+00
9.786651044351224460e-01
7.789034537237445877e-01
5.863152022945201658e-01
4.012064341170410442e-01
2.238199838740786429e-01
5.434714917008905133e-02
-1.070686362311008000e-01
-2.603325367027552462e-01
-4.053927360744732922e-01
-5.422312550448242785e-01
-6.708614980501574898e-01
-7.913299247419280924e-01
-9.037120985499946801e-01
-1.008105640325664076e+00
-1.104629108494522560e+00
-1.193424333484922384e+00
-1.274653264692831911e+00
-1.348492398048676932e+00
-1.415132830230205752e+00
-1.474782927842761993e+00
-1.527665513964996835e+00
-1.574013540464638261e+00
-1.614071228551686721e+00
-1.648096779436448500e+00
-1.676359262269102368e+00
-1.699134988100311272e+00
-1.716709659406484789e+00
-1.729380854882706986e+00
-1.737454624196547170e+00
-1.741242675338810608e+00
-1.741065471254400698e+00
-1.737253573206524182e+00
-1.730144736363510516e+00
-1.720082857253829811e+00
-1.707421379741760781e+00
-1.692523763159472061e+00
-1.675761563970116219e+00
-1.657515836258102393e+00
-1.638181424458116986e+00
-1.618166983058664021e+00
-1.597894578517579323e+00
-1.577804462773049865e+00
-1.558360249729227265e+00
-1.540050076371595411e+00
-1.523389150628897015e+00
-1.508926859469119197e+00
-1.497249698803352569e+00
-1.488979051467542725e+00
-1.484765433211244767e+00
-1.485270129613846413e+00
-1.491110083142905829e+00
-1.502735543621265935e+00
-1.520168426552320096e+00
-1.542417558407056299e+00
-1.566154272387179969e+00
-1.582607902712088954e+00
-1.569861269040190521e+00
-1.472131760342588525e+00
-1.136899773747962472e+00
-9.133927142604614247e-02
2.850905644477346623e+00
1.917085129437731572e+00
1.004161964548190511e+00
1.000000007650246880e+00
1.000000000000000000e+00
1.000000000000000000e+00
