1.000000000000000000e+00
1.000000003261561021e+00
1.000000012186895493e+00
1.000000050435100762e+00
1.000000186009956105e+00
1.000000556314883715e+00
1.000001403838897351e+00
1.000003125769137302e+00
1.000006346402950941e+00
1.000012025131228555e+00
1.000021618746931740e+00
1.000037325482295625e+00
1.000062450468373942e+00
1.000101949339098129e+00
1.000163229579141388e+00
1.000257318928353456e+00
1.000400548390471434e+00
1.000616943084183585e+00
1.000941563528828571e+00
1.001425090946189034e+00
1.002140010358676836e+00
1.003188809260241454e+00
1.004714587493455547e+00
1.006914365762069608e+00
1.010055164729777522e+00
1.014493397702074917e+00
1.020697653082585976e+00
1.029272987380529525e+00
1.040984109353926934e+00
1.056775240480098077e+00
1.077791281525194877e+00
1.105394718740424498e+00
1.141159592041004034e+00
1.186827821635490610e+00
1.244261804181719278e+00
1.315422505470164483e+00
1.402294794285295243e+00
1.506697554775129788e+00
1.629939380303812246e+00
1.772680646365450974e+00
1.934947652730644840e+00
2.115728629148792006e+00
2.312212653456428679e+00
2.519200432177468141e+00
2.729441515968913823e+00
2.933961430492860067e+00
3.121616168491267551e+00
3.278167144484292361e+00
3.387851141064429861e+00
3.436940927842531135e+00
3.414966406140460098e+00
3.314892816895572025e+00
3.133664267580457796e+00
2.874850115505376724e+00
2.549518848883111310e+00
2.173187507073051528e+00
1.761963310327710586e+00
1.331739387922046047e+00
8.989283207150896571e-01
4.785117329335012992e-01
8.201062900406347334e-02
-2.831176664280102839e-01
-6.117413578155124210e-01
-8.998845153942581776e-01
-1.145410424048609377e+00
-1.348480282058089896e+00
-1.510592595090858525e+00
-1.633262536852703173e+00
-1.718133491531098622e+00
-1.767394731157630128e+00
-1.783833366107663077e+00
-1.770159992045904351e+00
-1.728656033416765547e+00
-1.661550328967672296e+00
-1.571315853272617025e+00
-1.460445537720672871e+00
-1.331103315685250754e+00
-1.185263599751167796e+00
-1.024922896810047002e+00
-8.521451025288980796e-01
-6.688573430555520005e-01
-4.767690585928239244e-01
-2.775131337662319342e-01
-7.275674144080632177e-02
1.358963379621804246e-01
3.470252164082396340e-01
5.593177985151979170e-01
7.714918936030819019e-01
9.822936803602710931e-01
1.190567417065270917e+00
1.395261205282057437e+00
1.595372432508123550e+00
1.789911235057815464e+00
1.977945285377490814e+00
2.158638065815626117e+00
2.331214397983593312e+00
2.494933650963102156e+00
2.649106593552642774e+00
2.793128375249589013e+00
2.926473817119477516e+00
3.048681254947265273e+00
3.159352958475858397e+00
3.258178368592348662e+00
3.344943193152107419e+00
3.419516973695768680e+00
3.481843416657929069e+00
3.531953655572857009e+00
3.569976459846468053e+00
3.596124784333021740e+00
3.610682873892422595e+00
3.614006287208170853e+00
3.606524642182654450e+00
3.588730621645848107e+00
3.561165437945419843e+00
3.524410972061998937e+00
3.479087750693016901e+00
3.425846634069646068e+00
3.365355313815614924e+00
3.298288450797850935e+00
3.225325057709865550e+00
3.147143781292835563e+00
3.064412683674042182e+00
2.977780931416691423e+00
2.887877817177316064e+00
2.795311770614875346e+00
2.700663993243529237e+00
2.604483340948345216e+00
2.507286920388691165e+00
2.409561547494906808e+00
2.311760994387086043e+00
2.214303583598741909e+00
2.117573672649761818e+00
2.021924278278955267e+00
1.927676704686817732e+00
1.835119707289761148e+00
1.744511368071766100e+00
1.656082123760461933e+00
1.570035498053051759e+00
1.486547959960720089e+00
1.405770719453796724e+00
1.327832566814808324e+00
1.252840917434431711e+00
1.180881880631025282e+00
1.112021870497520881e+00
1.046310135245939188e+00
9.837797507543415421e-01
9.244476633651336206e-01
8.683160787283357163e-01
8.153746118345970295e-01
7.656010518558261646e-01
7.189613053260623943e-01
6.754106329241368334e-01
6.348954648323423822e-01
5.973538766659662880e-01
5.627154258728018776e-01
5.309022711185572563e-01
5.018306432728083522e-01
4.754109999347368443e-01
4.515477813535081486e-01
4.301405284161306519e-01
4.110851099183255863e-01
3.942735532356203554e-01
3.795937689422033134e-01
3.669306560254005367e-01
3.561670518029486088e-01
3.471832512759344680e-01
3.398569211949765689e-01
3.340640090877954882e-01
3.296791971323128068e-01
3.265752749744970096e-01
3.246231980660304051e-01
3.236927073950812694e-01
3.236521531737654445e-01
3.243676275432680889e-01
3.257031268658186485e-01
3.275208416149771318e-01
3.296802587023571207e-01
3.320372477895719432e-01
3.344442420243693426e-01
3.367503140476909018e-01
3.388005340493401851e-01
3.404369431596512285e-01
3.415018061195024268e-01
3.418435260339702242e-01
3.413288046966184153e-01
3.398695087345421362e-01
3.374768909990423227e-01
3.343715689268653701e-01
3.312178023543967398e-01
3.296395649244414083e-01
3.334145061671776600e-01
3.514288600488747472e-01
4.056387922285648595e-01
5.549294702659685052e-01
9.750076187955869500e-01
1.905669458325518706e+00
1.114425372949740423e+00
1.000058546103660628e+00
1.000000000084183771e+00
1.000000000000000000e+00
1.000000000000000000e+00
