1.000000000000000000e+00
1.000000006828856591e+00
1.000000025313008578e+00
1.000000103929095552e+00
1.000000382149605516e+00
1.000001141544976990e+00
1.000002878513027715e+00
1.000006405113099905e+00
1.000012996019411515e+00
1.000024607644129260e+00
1.000044207941131358e+00
1.000076273502731539e+00
1.000127536231920189e+00
1.000208097066512813e+00
1.000333070541217895e+00
1.000524982120578610e+00
1.000817211850510979e+00
1.001258856768074024e+00
1.001921456632285823e+00
1.002908081971267684e+00
1.004365331193104671e+00
1.006498802762837874e+00
1.009592377494674897e+00
1.014031173972244515e+00
1.020327302973046857e+00
1.029148441739788922e+00
1.041347966212628595e+00
1.057990940031968474e+00
1.080369306980121014e+00
1.110002018516491828e+00
1.148632967733651089e+00
1.198218849734571156e+00
1.260875617701377349e+00
1.338769001325174290e+00
1.434040685953339889e+00
1.548842316194170010e+00
1.685326421834458799e+00
1.845490252445214807e+00
2.030814101029402075e+00
2.242367700785867779e+00
2.481199167463785216e+00
2.747904514225617767e+00
3.041487988293759326e+00
3.358384208014641548e+00
3.692908713778288110e+00
4.037392022577122042e+00
4.380509587875828892e+00
4.704021764397845473e+00
4.983627074504045851e+00
5.193989705201857987e+00
5.309956753007432972e+00
5.306593025702539990e+00
5.161438403792038443e+00
4.863660551610363925e+00
4.420714581061264248e+00
3.854767470032379961e+00
3.194526748702257279e+00
2.472605110206824719e+00
1.725931674664852311e+00
9.893031333356947510e-01
2.891623574032924360e-01
-3.583009966839001414e-01
-9.425861919963383073e-01
-1.455772609335431955e+00
-1.894245995827004370e+00
-2.259798560436032666e+00
-2.557020600746639172e+00
-2.789877693507523571e+00
-2.962036655000854779e+00
-3.077962486364443695e+00
-3.143092102065117022e+00
-3.162222561866598891e+00
-3.138737296409625621e+00
-3.075649414795840642e+00
-2.976434121836577074e+00
-2.844564826852502115e+00
-2.682719122659845024e+00
-2.493190623785008775e+00
-2.278475673330925488e+00
-2.041435826480984428e+00
-1.784810488872230039e+00
-1.511010625103173188e+00
-1.222461044984950673e+00
-9.218600138791345211e-01
-6.119073271206927345e-01
-2.949704340519350709e-01
2.675668663560041780e-02
3.510760483982808267e-01
6.757958039366905867e-01
9.989132407919746326e-01
1.318632848755513898e+00
1.633229487304567629e+00
1.940953611362209674e+00
2.240136136061992467e+00
2.529276932345485562e+00
2.806952940964249521e+00
3.071745724782589892e+00
3.322277746541334231e+00
3.557290583755718050e+00
3.775632342171503453e+00
3.976218862681958122e+00
4.158038033809160261e+00
4.320213072137565113e+00
4.462033326447674142e+00
4.582933428461764436e+00
4.682480286373556844e+00
4.760417790754728706e+00
4.816704247856051779e+00
4.851490234611214980e+00
4.865096443170732421e+00
4.858022248536460808e+00
4.830959324588159021e+00
4.784768807167211868e+00
4.720447513018937613e+00
4.639109183195957442e+00
4.541978985841613969e+00
4.430370991323180796e+00
4.305651760814113160e+00
4.169212776185197811e+00
4.022461195648673105e+00
3.866805453525263392e+00
3.703627349649386780e+00
3.534259580511299070e+00
3.359982554075932271e+00
3.182021710608808007e+00
3.001531771286209516e+00
2.819584707474878105e+00
2.637172674749494572e+00
2.455213345956730908e+00
2.274544714676488777e+00
2.095920905088454855e+00
1.920017890445951281e+00
1.747441961976966551e+00
1.578730423645056558e+00
1.414350951623244201e+00
1.254707649124815916e+00
1.100149755415474884e+00
9.509742722551126626e-01
8.074261673153398933e-01
6.697032938729555740e-01
5.379637266593865208e-01
4.123283474720795816e-01
2.928808129593529763e-01
1.796713027170575849e-01
7.272245121539236412e-02
-2.796872331938308337e-02
-1.224313636071785033e-01
-2.107179653912498729e-01
-2.928997101266950231e-01
-3.690653441094530196e-01
-4.393221443869665954e-01
-5.037936187655001063e-01
-5.626157605760830904e-01
-6.159366848461270694e-01
-6.639178555666039871e-01
-7.067320503709088042e-01
-7.445604271654276962e-01
-7.775928863299473859e-01
-8.060294002111527689e-01
-8.300778738379087640e-01
-8.499517091304736871e-01
-8.658708546395791350e-01
-8.780630824831833214e-01
-8.867617536012463164e-01
-8.922039527063995168e-01
-8.946321934350575100e-01
-8.942950972950359789e-01
-8.914455447614427763e-01
-8.863399572183143782e-01
-8.792402815308399955e-01
-8.704142372426263430e-01
-8.601341530245137923e-01
-8.486778182101906154e-01
-8.363310950963646073e-01
-8.233879844261164926e-01
-8.101504472607388152e-01
-7.969313286173732580e-01
-7.840574939462292559e-01
-7.718704764902591942e-01
-7.607277936268047602e-01
-7.510066905993922903e-01
-7.431047942372072113e-01
-7.374365969490712658e-01
-7.344258233344200804e-01
-7.344864716767539603e-01
-7.379745835279610811e-01
-7.450853930846392803e-01
-7.556375992888008097e-01
-7.686007973281147043e-01
-7.810358007496789323e-01
-7.856170352151228276e-01
-7.644677573632985279e-01
-6.725092682928353049e-01
-3.872284894969022506e-01
4.649324931587503484e-01
2.686103365614812333e+00
1.532392561374585016e+00
1.001020251429171282e+00
1.000000001674524963e+00
1.000000000000000000e+00
1.000000000000000000e+00
