1.000000000000000000e+00
1.000000007671436375e+00
1.000000028399500973e+00
1.000000116450557641e+00
1.000000427979685025e+00
1.000001278193100029e+00
1.000003222695180272e+00
1.000007170233362608e+00
1.000014547021119693e+00
1.000027541902214212e+00
1.000049475765340423e+00
1.000085359237835148e+00
1.000142731975246058e+00
1.000232916996560473e+00
1.000372876171834235e+00
1.000587918700992951e+00
1.000915594714820056e+00
1.001411193047841541e+00
1.002155338381908178e+00
1.003264234458399962e+00
1.004903138693940656e+00
1.007303652285901796e+00
1.010785107457451870e+00
1.015779743383297351e+00
1.022860462996600717e+00
1.032770984716070206e+00
1.046456683792990283e+00
1.065089275220346243e+00
1.090077560585249739e+00
1.123059552139553663e+00
1.165891523261989304e+00
1.220625736195417588e+00
1.289442372062670650e+00
1.374521953549453057e+00
1.477966548660794244e+00
1.601852956394110628e+00
1.748245772369966922e+00
1.919055573311539309e+00
2.115680411028228125e+00
2.339184764322874255e+00
2.590790283903008806e+00
2.871445017056281301e+00
3.180606206902539146e+00
3.515194836143538559e+00
3.870106269889569184e+00
4.238339786612355553e+00
4.609091345548563368e+00
4.963968121788775001e+00
5.277624882720539645e+00
5.523028022004982773e+00
5.672453343050075425e+00
5.697131339774413661e+00
5.569556736121812790e+00
5.274262701209324611e+00
4.816393843729878554e+00
4.218499091072104079e+00
3.511508724557297789e+00
2.731761875218522206e+00
1.921355954149031930e+00
1.120238208778345790e+00
3.586073782105012042e-01
-3.453930469300924289e-01
-9.801937523617114678e-01
-1.537077797532210521e+00
-2.012256697186873833e+00
-2.408197887201025900e+00
-2.730518288498380741e+00
-2.983932485141745250e+00
-3.172669481317523577e+00
-3.301792651196938877e+00
-3.377418503689290308e+00
-3.404831623718174161e+00
-3.387594367047158439e+00
-3.328792588297866839e+00
-3.232025569573711454e+00
-3.100869749783425000e+00
-2.937951880864316578e+00
-2.745442853453329946e+00
-2.525761140405065941e+00
-2.281779629238121831e+00
-2.016262687496544803e+00
-1.731628481017019938e+00
-1.430357162032929841e+00
-1.115299056848250592e+00
-7.893496819559512323e-01
-4.550466405629717270e-01
-1.147499752336750972e-01
2.291542770074538604e-01
5.742714090751258604e-01
9.184186845690286427e-01
1.259649301568105617e+00
1.596091731009442016e+00
1.925837853513110653e+00
2.247066099021889141e+00
2.558144770642216237e+00
2.857521936289221909e+00
3.143638011582610137e+00
3.414966431214015330e+00
3.670103895858515930e+00
3.907753748751912060e+00
4.126678740851513538e+00
4.325705063253663774e+00
4.503796589540521644e+00
4.660091585952246263e+00
4.793879161206112904e+00
4.904585584144294685e+00
4.991829367688744412e+00
5.055468307526689742e+00
5.095576391563520602e+00
5.112420716466393955e+00
5.106474649015283696e+00
5.078436745383444695e+00
5.029206149456246777e+00
4.959844544463290816e+00
4.871555409332112063e+00
4.765678517069935616e+00
4.643663801433069338e+00
4.507028377074101755e+00
4.357323767182544216e+00
4.196124695056200338e+00
4.025011637640856677e+00
3.845537311280483372e+00
3.659199651491241045e+00
3.467437763685431218e+00
3.271628531460969658e+00
3.073067789082496226e+00
2.872956009834057411e+00
2.672401852134736799e+00
2.472428587896608132e+00
2.273968059906043671e+00
2.077855866249053385e+00
1.884838325058966868e+00
1.695582677875850708e+00
1.510678033213674443e+00
1.330634703833273758e+00
1.155891467525063554e+00
9.868259318639306388e-01
8.237576359138868431e-01
6.669482487763259693e-01
5.166073425596340307e-01
3.729009990302976640e-01
2.359547505090339448e-01
1.058534003952417285e-01
-1.735468045667225290e-02
-1.336506832557086133e-01
-2.430432527621827488e-01
-3.455693148448327201e-01
-4.412909262376613073e-01
-5.302899241286013199e-01
-6.126667840940297483e-01
-6.885419471635846334e-01
-7.580532673393975962e-01
-8.213517443314689581e-01
-8.786012617215807063e-01
-9.299802023574041954e-01
-9.756791867131455742e-01
-1.015897742431486783e+00
-1.050844873367864807e+00
-1.080740764821626954e+00
-1.105814367730121317e+00
-1.126300626146313322e+00
-1.142441827130103116e+00
-1.154489209384002679e+00
-1.162700401015368978e+00
-1.167337289456984672e+00
-1.168668112780068880e+00
-1.166968324806224810e+00
-1.162518456376526510e+00
-1.155603309396841416e+00
-1.146514343809767578e+00
-1.135549996671873174e+00
-1.123014322381826524e+00
-1.109218013641140921e+00
-1.094481501840011139e+00
-1.079135035856155334e+00
-1.063518473706945189e+00
-1.047984756475904389e+00
-1.032903653359489748e+00
-1.018662597765503941e+00
-1.005668392729662131e+00
-9.943519306700931981e-01
-9.851695009934937630e-01
-9.785996063156630065e-01
-9.751357174393519012e-01
-9.752671235959458063e-01
-9.794279713069561355e-01
-9.878872108953907771e-01
-1.000516253174836612e+00
-1.016276752222482260e+00
-1.032068038013413958e+00
-1.040028651904039592e+00
-1.020822363781936248e+00
-9.255143321989582894e-01
-6.207959528546852512e-01
3.017729795480201260e-01
2.773003831983154477e+00
1.648039507124334557e+00
1.001642936072876688e+00
1.000000002787030162e+00
1.000000000000000000e+00
1.000000000000000000e+00
