1.000000000000000000e+00
1.000000000121969101e+00
1.000000000460340432e+00
1.000000001923862847e+00
1.000000007121489842e+00
1.000000021329897182e+00
1.000000053871699546e+00
1.000000120032311424e+00
1.000000243843034875e+00
1.000000462176574567e+00
1.000000830763016824e+00
1.000001432940624158e+00
1.000002392217314462e+00
1.000003890050756850e+00
1.000006190675474471e+00
1.000009675335566728e+00
1.000014888949732672e+00
1.000022603064662619e+00
1.000033899962918138e+00
1.000050284012507396e+00
1.000073827846658103e+00
1.000107362760700225e+00
1.000154724490003977e+00
1.000221067251279683e+00
1.000313260380259361e+00
1.000440385830885459e+00
1.000614354609040024e+00
1.000850652671795515e+00
1.001169220591262787e+00
1.001595464156372906e+00
1.002161403600335676e+00
1.002906901744240020e+00
1.003880813597624710e+00
1.005141850001094017e+00
1.006759068804082169e+00
1.008811816031696784e+00
1.011388425836073912e+00
1.014583013476348272e+00
1.018489873127174095e+00
1.023196924978605482e+00
1.028778268595769374e+00
1.035284151030444244e+00
1.042729899468986421e+00
1.051087728648528508e+00
1.060285887507470548e+00
1.070211861110706320e+00
1.080716647467333980e+00
1.091620787726781172e+00
1.102731242428530267e+00
1.113863600311500113e+00
1.124852471559035560e+00
1.135555518983943690e+00
1.145856672488958061e+00
1.155674816878973443e+00
1.164966313528063457e+00
1.173715671026404506e+00
1.181924329494165482e+00
1.189608670908050891e+00
1.196802073320769821e+00
1.203547531037735263e+00
1.209889079322855165e+00
1.215867045641502608e+00
1.221520637879942806e+00
1.226889152887619794e+00
1.232007609136820170e+00
1.236903393376757476e+00
1.241597965855392172e+00
1.246110329545944362e+00
1.250456201268645762e+00
1.254646383297004064e+00
1.258686551803101406e+00
1.262579716822035181e+00
1.266327719269695562e+00
1.269930274999860442e+00
1.273384287043154872e+00
1.276684992729633983e+00
1.279827524581035769e+00
1.282806718418618042e+00
1.285616622812648879e+00
1.288250570593492128e+00
1.290702117990647491e+00
1.292965496626362842e+00
1.295035234180411443e+00
1.296905863073911869e+00
1.298572384408263947e+00
1.300030784752161050e+00
1.301277821270394597e+00
1.302310777425713662e+00
1.303127499011166979e+00
1.303726683235254979e+00
1.304107911374216444e+00
1.304271444452710371e+00
1.304218079017273713e+00
1.303949301516138082e+00
1.303467402804997066e+00
1.302775309395349801e+00
1.301876439294749499e+00
1.300774718362758486e+00
1.299474650400059161e+00
1.297981241222610826e+00
1.296299880018181971e+00
1.294436284633249556e+00
1.292396533337602627e+00
1.290187045451894665e+00
1.287814486705261219e+00
1.285285691407332731e+00
1.282607675476542974e+00
1.279787643465970959e+00
1.276832915282174463e+00
1.273750862397928119e+00
1.270548897700653823e+00
1.267234480560416099e+00
1.263815076991608999e+00
1.260298111707290225e+00
1.256690947933226221e+00
1.253000890739313977e+00
1.249235169505484633e+00
1.245400902943879284e+00
1.241505077579236893e+00
1.237554551757318766e+00
1.233556051448710722e+00
1.229516145440806119e+00
1.225441225999283068e+00
1.221337513939295016e+00
1.217211062169818003e+00
1.213067738706115506e+00
1.208913212606717247e+00
1.204752958628067638e+00
1.200592263792832792e+00
1.196436218118701600e+00
1.192289705680409817e+00
1.188157408603903953e+00
1.184043814619672341e+00
1.179953213783227817e+00
1.175889693335328001e+00
1.171857141955194859e+00
1.167859258149231083e+00
1.163899550770227886e+00
1.159981336670308227e+00
1.156107745389007402e+00
1.152281727871774519e+00
1.148506059314934769e+00
1.144783338978397014e+00
1.141115995795314975e+00
1.137506297670296540e+00
1.133956355879421229e+00
1.130468126577540700e+00
1.127043417452910701e+00
1.123683897534951459e+00
1.120391102634939573e+00
1.117166438357280578e+00
1.114011188096536209e+00
1.110926523571927671e+00
1.107913511182720079e+00
1.104973116627782304e+00
1.102106214561097808e+00
1.099313600098160260e+00
1.096595996356842795e+00
1.093954061293156421e+00
1.091388400095192779e+00
1.088899578874812146e+00
1.086488134467705757e+00
1.084154585003212157e+00
1.081899446652744734e+00
1.079723251408524654e+00
1.077626561643654446e+00
1.075609988170389109e+00
1.073674214296160390e+00
1.071820021240015963e+00
1.070048313217561775e+00
1.068360149030331163e+00
1.066756780468185895e+00
1.065239693577880509e+00
1.063810654069024864e+00
1.062471763871370545e+00
1.061225526560987786e+00
1.060074917569852726e+00
1.059023463076591343e+00
1.058075329594641900e+00
1.057235414711757526e+00
1.056509424703129474e+00
1.055903921882062058e+00
1.055426292571501223e+00
1.055084533572716143e+00
1.054886660737380577e+00
1.054839340584288410e+00
1.054944887455244062e+00
1.055194764993744760e+00
1.055555386867499612e+00
1.055936155380994723e+00
1.056114136228934797e+00
1.055545030897045544e+00
1.052847966026648097e+00
1.044242875544512561e+00
1.018164427547770812e+00
9.392302637141555222e-01
9.684061659072382700e-01
9.999812359263884343e-01
9.999999999712899657e-01
1.000000000000000000e+00
1.000000000000000000e+00
