1.000000000000000000e+00
1.000000000531521716e+00
1.000000002013269107e+00
1.000000008442823551e+00
1.000000031292393787e+00
1.000000093774288779e+00
1.000000236928882069e+00
1.000000528152220403e+00
1.000001073766640047e+00
1.000002038034415452e+00
1.000003672297537394e+00
1.000006359885527329e+00
1.000010685355221085e+00
1.000017540862583765e+00
1.000028288423328915e+00
1.000045004950841365e+00
1.000070848005581103e+00
1.000110594371351080e+00
1.000171420628788832e+00
1.000264015202831702e+00
1.000404137935553051e+00
1.000614776172928488e+00
1.000929064378645261e+00
1.001394137115788174e+00
1.002076065194342558e+00
1.003066182333375966e+00
1.004489026423114995e+00
1.006511613401537275e+00
1.009353483501882698e+00
1.013296870617349743e+00
1.018697892185234100e+00
1.025996471133844068e+00
1.035718130338147969e+00
1.048460440022972229e+00
1.064869698676307541e+00
1.085612632402774613e+00
1.111316848380151656e+00
1.142457984038181884e+00
1.179182147160883654e+00
1.221183182447290516e+00
1.267639323830497489e+00
1.317057207654094064e+00
1.367070939397090346e+00
1.414394188149134424e+00
1.455161968534501193e+00
1.485341840610556963e+00
1.500945228827043287e+00
1.498091927882033048e+00
1.473665191563755306e+00
1.426230405820444469e+00
1.356033802267093691e+00
1.264580716796219972e+00
1.154282474571589390e+00
1.028670093156389020e+00
8.923126795935564237e-01
7.500310484539858269e-01
6.061298594310996490e-01
4.644148951760548871e-01
3.285524474779665804e-01
2.017753023118657174e-01
8.652001603312113598e-02
-1.566786132355905969e-02
-1.037406456881386635e-01
-1.768954501608318297e-01
-2.347435128371885005e-01
-2.774331034096360060e-01
-3.054517311487185416e-01
-3.193366120297501110e-01
-3.197003367471090152e-01
-3.073230526889838554e-01
-2.831591209523767749e-01
-2.481750229856382051e-01
-2.032586368104082331e-01
-1.492952662019914056e-01
-8.722699189422596089e-02
-1.799351300188067881e-02
5.755357817589098340e-02
1.386224605180608749e-01
2.244344430168478399e-01
3.142145037786676087e-01
4.072385600572731579e-01
5.028511317399009251e-01
6.004311539194802094e-01
6.993647095009231096e-01
7.990668206999965717e-01
8.990083422232151289e-01
9.986977734670980933e-01
1.097662251179625237e+00
1.195447169137554111e+00
1.291632880996526955e+00
1.385836315056508061e+00
1.477698347536962276e+00
1.566875494365062016e+00
1.653050982332765040e+00
1.735944010203114951e+00
1.815301459396588601e+00
1.890891287544295585e+00
1.962506192710235187e+00
2.029970869090031549e+00
2.093140028546026432e+00
2.151893558497106618e+00
2.206135554078527239e+00
2.255798706394466002e+00
2.300845247478540134e+00
2.341262791269874466e+00
2.377060923981468399e+00
2.408273347072467097e+00
2.434959393952695894e+00
2.457200083881425190e+00
2.475094491160170218e+00
2.488759337788645443e+00
2.498329374773815559e+00
2.503954658719691029e+00
2.505797122485890593e+00
2.504028815089134330e+00
2.498831579705676820e+00
2.490395294499584189e+00
2.478914913166003320e+00
2.464588353261229159e+00
2.447616054807841390e+00
2.428200009993712882e+00
2.406541456369030829e+00
2.382838960231685288e+00
2.357288154260524848e+00
2.330081422334038255e+00
2.301406278237318581e+00
2.271443989219624537e+00
2.240369493432992076e+00
2.208351494741870980e+00
2.175551556012898402e+00
2.142123259744602048e+00
2.108212269901307945e+00
2.073956666056257614e+00
2.039486589462237376e+00
2.004923793300085855e+00
1.970381841542086176e+00
1.935966600219944267e+00
1.901776218037244837e+00
1.867900926337616729e+00
1.834423314394315385e+00
1.801418874715588592e+00
1.768956155352989557e+00
1.737096706782431887e+00
1.705895409432028664e+00
1.675401037389713466e+00
1.645656483622608857e+00
1.616698779541449360e+00
1.588559443306545971e+00
1.561265020669195147e+00
1.534837315130719526e+00
1.509293435881533307e+00
1.484646156263959238e+00
1.460904416110598403e+00
1.438073518041519838e+00
1.416155179041256984e+00
1.395147886018830885e+00
1.375047338317183510e+00
1.355846585834797446e+00
1.337536076180793509e+00
1.320104022775727914e+00
1.303536802006235007e+00
1.287819026290679902e+00
1.272933594841296090e+00
1.258862071007812000e+00
1.245585028421151819e+00
1.233082067389305703e+00
1.221331929935857818e+00
1.210312856157089501e+00
1.200002844619338926e+00
1.190379671783464044e+00
1.181421086900745321e+00
1.173105156914205693e+00
1.165410446700231972e+00
1.158316062427555693e+00
1.151801964732583228e+00
1.145849343368454454e+00
1.140440744908379100e+00
1.135560223089002285e+00
1.131193757423279322e+00
1.127329624842356326e+00
1.123958508124674349e+00
1.121073743467357886e+00
1.118671577947963236e+00
1.116750964493947729e+00
1.115312614709981220e+00
1.114357019351714273e+00
1.113879659073471418e+00
1.113859817976673661e+00
1.114235959515098351e+00
1.114849657485203593e+00
1.115311812070566955e+00
1.114664396401400026e+00
1.110453868919457854e+00
1.095902144474358408e+00
1.049803909518846501e+00
8.912029571630104563e-01
9.278993567871701709e-01
9.999629583394900045e-01
9.999999999440278842e-01
1.000000000000000000e+00
1.000000000000000000e+00
