1.000000000000000000e+00
1.000000010385840410e+00
1.000000038316413820e+00
1.000000156572356635e+00
1.000000574674768661e+00
1.000001715396847457e+00
1.000004323631640046e+00
1.000009617208361012e+00
1.000019506962119165e+00
1.000036926183231367e+00
1.000066329920285213e+00
1.000114454735874681e+00
1.000191472685593608e+00
1.000312732549508254e+00
1.000501358630736082e+00
1.000792072447885150e+00
1.001236716050928788e+00
1.001912071996768905e+00
1.002930662541959173e+00
1.004455242843095286e+00
1.006717694695563159e+00
1.010042930031835873e+00
1.014877803406065038e+00
1.021823947442770164e+00
1.031671883672823142e+00
1.045435333855371240e+00
1.064382220294422199e+00
1.090050951395989509e+00
1.124240005269373732e+00
1.168965097177725454e+00
1.226411119860028043e+00
1.298869763746419492e+00
1.388616481401396818e+00
1.497717240333767297e+00
1.627938734275558907e+00
1.780884231049466138e+00
1.958095678069479151e+00
2.160966337615591648e+00
2.390393791602135831e+00
2.647229997795357281e+00
2.933139428650290093e+00
3.250156123368328931e+00
3.599195728836093178e+00
3.978801733992566536e+00
4.385908838068490745e+00
4.816008491281726478e+00
5.260516343728830257e+00
5.701289720000562333e+00
6.110591253350311725e+00
6.457232091909617999e+00
6.706751628827165135e+00
6.819264177744059907e+00
6.751035568069292836e+00
6.470441810587284515e+00
5.973747300285197070e+00
5.283843110321904568e+00
4.438398889973309558e+00
3.486037559709956213e+00
2.486877692162742015e+00
1.498793947302938134e+00
5.641776937021416582e-01
-2.938629433879672015e-01
-1.061903607565070962e+00
-1.729790482969166820e+00
-2.294231856299610239e+00
-2.761172214013555948e+00
-3.140677108894381231e+00
-3.440377912438030705e+00
-3.666422144242456493e+00
-3.825843915275933149e+00
-3.927050940441494387e+00
-3.976863617237483606e+00
-3.979181223052185690e+00
-3.937072131157103971e+00
-3.854393495740953135e+00
-3.734927781016182724e+00
-3.580878127287045576e+00
-3.393663789812351173e+00
-3.175072851562593002e+00
-2.927639286657981899e+00
-2.653776747459933194e+00
-2.355429001427315594e+00
-2.034777392661639261e+00
-1.694784244557137942e+00
-1.338677076524526166e+00
-9.692709487848563121e-01
-5.892410667873725361e-01
-2.014321752552451772e-01
1.911959920402022672e-01
5.859564420195697565e-01
9.804933085575354701e-01
1.372530000949543805e+00
1.759692965055637437e+00
2.139715892387815011e+00
2.510608265129462335e+00
2.870471821344442898e+00
3.217351900107914275e+00
3.549295260198523927e+00
3.864487422580592746e+00
4.161215429935933408e+00
4.437780634876197894e+00
4.692495423654087006e+00
4.923796033701130170e+00
5.130297281070200555e+00
5.310752265771742309e+00
5.464031416599254065e+00
5.589217576403313181e+00
5.685691996147601124e+00
5.753108632679485801e+00
5.791370284521613065e+00
5.800665458514466799e+00
5.781515318533645420e+00
5.734748649613960580e+00
5.661453296227188403e+00
5.562954314653128840e+00
5.440815188955959947e+00
5.296802554726835588e+00
5.132820617705801780e+00
4.950860328865856808e+00
4.752982589505791999e+00
4.541289682823549612e+00
4.317869081182355906e+00
4.084747511736130043e+00
3.843882998073547608e+00
3.597157801159981627e+00
3.346345747122760894e+00
3.093087279492047426e+00
2.838894476737058525e+00
2.585160931833851539e+00
2.333151022666173358e+00
2.083991410695228641e+00
1.838682271209166608e+00
1.598113855130304017e+00
1.363067605899511037e+00
1.134214612227803620e+00
9.121272191531712981e-01
6.972956692916552068e-01
4.901325677932911740e-01
2.909724950385301212e-01
1.000808609183702902e-01
-8.233261784136929051e-02
-2.561099082429007523e-01
-4.211458240114596130e-01
-5.773817436617767473e-01
-7.247950901395699974e-01
-8.633967266968429755e-01
-9.932331881832741072e-01
-1.114382281197666913e+00
-1.226945042251376350e+00
-1.331044661574702470e+00
-1.426829453038342965e+00
-1.514469356196900485e+00
-1.594149590759041946e+00
-1.666070919655059157e+00
-1.730452971114473160e+00
-1.787531101974334735e+00
-1.837551477146017298e+00
-1.880772567412067664e+00
-1.917468477967305240e+00
-1.947925421192317819e+00
-1.972437580678669811e+00
-1.991309751195090350e+00
-2.004860357847222385e+00
-2.013417541777848818e+00
-2.017315935273314764e+00
-2.016900366028882896e+00
-2.012527485548180284e+00
-2.004562393457013592e+00
-1.993377425324695196e+00
-1.979356160780188834e+00
-1.962893961429693634e+00
-1.944395688275577516e+00
-1.924277299316521361e+00
-1.902970822889021418e+00
-1.880924290399055954e+00
-1.858601161836235249e+00
-1.836485812252426353e+00
-1.815089487468870999e+00
-1.794951561538212115e+00
-1.776642484483622608e+00
-1.760772223653331192e+00
-1.747994078888181591e+00
-1.739003001738041343e+00
-1.734530841528163947e+00
-1.735328865316993152e+00
-1.742111205874368407e+00
-1.755427579060780952e+00
-1.775389558684233426e+00
-1.801054683454509142e+00
-1.829027816688627794e+00
-1.850184274863890810e+00
-1.841561042838061324e+00
-1.744631616598151469e+00
-1.399258503221776584e+00
-3.056051749985480570e-01
2.838427177922513867e+00
2.060649421965178085e+00
1.006349679732342794e+00
1.000000012209394384e+00
1.000000000000000000e+00
1.000000000000000000e+00
