1.000000000000000000e+00
1.000000004973703671e+00
1.000000018500795118e+00
1.000000076224464962e+00
1.000000280650167772e+00
1.000000838795011449e+00
1.000002115787337331e+00
1.000004709259720848e+00
1.000009557805321858e+00
1.000018102609454784e+00
1.000032530359575400e+00
1.000056138535409644e+00
1.000093882593167338e+00
1.000153189886205496e+00
1.000245158782947064e+00
1.000386304308568342e+00
1.000601065532336742e+00
1.000925351751891235e+00
1.001411466310750287e+00
1.002134803026297094e+00
1.003202770037473934e+00
1.004766447208379265e+00
1.007035379195984737e+00
1.010295649706464571e+00
1.014930948401756128e+00
1.021447000592163867e+00
1.030498907537991116e+00
1.042917884555541130e+00
1.059732985144882456e+00
1.082184568640596423e+00
1.111737555144354905e+00
1.150087614976486927e+00
1.199135525597101681e+00
1.260914274215889419e+00
1.337528078427711264e+00
1.431152404655370303e+00
1.543984492453075008e+00
1.678062262673204241e+00
1.834901988660575523e+00
2.015462402719245816e+00
2.220325033216790978e+00
2.449266246860750229e+00
2.700294607221914500e+00
2.968844142912884010e+00
3.248130720264611693e+00
3.529344356291466145e+00
3.800567479308230912e+00
4.044720247517540557e+00
4.240879171390911750e+00
4.368717253635421294e+00
4.409984695361427676e+00
4.348950047995002954e+00
4.174006234956710415e+00
3.883246431245250374e+00
3.487544656850701585e+00
3.006787830540859296e+00
2.463812849773259206e+00
1.882696818780727588e+00
1.289385150181946882e+00
7.079219494421551406e-01
1.567182426304506715e-01
-3.525843643098613422e-01
-8.121938118059461864e-01
-1.216177453413045395e+00
-1.561571028587612320e+00
-1.849095382811308141e+00
-2.081493296194589782e+00
-2.261305632229192231e+00
-2.391062434323633301e+00
-2.473985360779093146e+00
-2.514089490989624753e+00
-2.515099604411873635e+00
-2.479908490837184232e+00
-2.411238194449492944e+00
-2.312166931420930105e+00
-2.185797216080891836e+00
-2.034709994448606452e+00
-1.861217456845552398e+00
-1.667730248384942326e+00
-1.456845206304432816e+00
-1.231012784812829386e+00
-9.923993536145653271e-01
-7.431134993758796714e-01
-4.853807891339640967e-01
-2.213734929004118057e-01
4.699675654480280074e-02
3.179648298287853225e-01
5.897879183120861013e-01
8.607465463301902098e-01
1.129260973935577228e+00
1.393901104661827706e+00
1.653296159505504903e+00
1.906073126196578871e+00
2.150927796361163491e+00
2.386685330048956555e+00
2.612242009695554312e+00
2.826519882214528767e+00
3.028493193247633108e+00
3.217242046312479342e+00
3.391945371788894104e+00
3.551855927006191571e+00
3.696303078897487104e+00
3.824733649089902432e+00
3.936730320791372861e+00
4.031995180623553665e+00
4.110337889682663004e+00
4.171701434088027405e+00
4.216182744432591001e+00
4.244014091749124695e+00
4.255544780091775614e+00
4.251243437139629044e+00
4.231704130418156851e+00
4.197629197396215872e+00
4.149805594315529866e+00
4.089091717402506099e+00
4.016413448177996059e+00
3.932749525246551414e+00
3.839108182653465651e+00
3.736509768419922217e+00
3.625981409347135642e+00
3.508548325539587509e+00
3.385216247031094916e+00
3.256957230211535936e+00
3.124707865324074518e+00
2.989367671976666418e+00
2.851788809570246830e+00
2.712768050696270805e+00
2.573048373494368768e+00
2.433322060388349417e+00
2.294226886300945178e+00
2.156342924949018247e+00
2.020195804332383105e+00
1.886261800937650168e+00
1.754967916877772094e+00
1.626691130706055644e+00
1.501762066253279126e+00
1.380470471664776433e+00
1.263066805003357773e+00
1.149762294517527206e+00
1.040732126807898839e+00
9.361202740031809855e-01
8.360412747020948832e-01
7.405803410728873937e-01
6.497959624451978833e-01
5.637239701226531841e-01
4.823790159264509381e-01
4.057544478282103517e-01
3.338243840633867143e-01
2.665470161803286664e-01
2.038656029658977298e-01
1.457080981802777175e-01
9.198890888247870934e-02
4.261159997599929528e-02
-2.530615599055801006e-03
-4.355543758181580627e-02
-8.058991567453313576e-02
-1.137683046082265809e-01
-1.432320846940068615e-01
-1.691306288369013588e-01
-1.916196120620950738e-01
-2.108592345566936421e-01
-2.270147378628812052e-01
-2.402570837212309740e-01
-2.507613460463869459e-01
-2.587053529717862621e-01
-2.642706784564410882e-01
-2.676429743776762571e-01
-2.690106571230545529e-01
-2.685643425107702709e-01
-2.664980604312244816e-01
-2.630093402308002482e-01
-2.582983771492591285e-01
-2.525685216946307876e-01
-2.460279235743572934e-01
-2.388895031428555082e-01
-2.313707495508564860e-01
-2.236955264487397455e-01
-2.160959743824082679e-01
-2.088127088886357619e-01
-2.020953320761778305e-01
-1.962043268178401412e-01
-1.914105767046388185e-01
-1.879915539450607853e-01
-1.862237594598633583e-01
-1.863658604033646415e-01
-1.886191745172640100e-01
-1.930457107292507801e-01
-1.993989451282269787e-01
-2.067583539464980524e-01
-2.127168603858964335e-01
-2.114895377731971504e-01
-1.892159631386866603e-01
-1.112780948199555836e-01
1.158219884562552565e-01
7.742540025588114938e-01
2.366651910950152260e+00
1.298055921422409442e+00
1.000301010874702801e+00
1.000000000462818894e+00
1.000000000000000000e+00
1.000000000000000000e+00
