1.000000000000000000e+00
1.000000009376888155e+00
1.000000034634784374e+00
1.000000141696059996e+00
1.000000520310161845e+00
1.000001553402819932e+00
1.000003915754690498e+00
1.000008710712729343e+00
1.000017669554319477e+00
1.000033449473565872e+00
1.000060084029743335e+00
1.000103666179817496e+00
1.000173381532630801e+00
1.000283060896211662e+00
1.000453488385131706e+00
1.000715784389612173e+00
1.001116282621101750e+00
1.001723424973049115e+00
1.002637281442060768e+00
1.004002343689034404e+00
1.006024253530710455e+00
1.008991072194029615e+00
1.013299216767880040e+00
1.019483313342962827e+00
1.028247930417114153e+00
1.040500492137639288e+00
1.057382607804075558e+00
1.080290288116802166e+00
1.110872747871170851e+00
1.151004391003920269e+00
1.202752188784525611e+00
1.268329612074773571e+00
1.349995605114248098e+00
1.449887239517440918e+00
1.569932942462452408e+00
1.711953249018408396e+00
1.877726292382433160e+00
2.068878948377766758e+00
2.286536071738911602e+00
2.531662162477401168e+00
2.805774318418226887e+00
3.110506638292235504e+00
3.446228953562936237e+00
3.810870736911459389e+00
4.200579679393723787e+00
4.609867258943399548e+00
5.029246767641053495e+00
5.440394759409737269e+00
5.816363403116125319e+00
6.127364613086873746e+00
6.341259245072287776e+00
6.422148185421369782e+00
6.332361297501678088e+00
6.046465059391377572e+00
5.564154872444151856e+00
4.908162748046036583e+00
4.113542527529165049e+00
3.224157428135727255e+00
2.293075639838188184e+00
1.371221727744012187e+00
4.964660586808231635e-01
-3.096009117053111215e-01
-1.033860883051337609e+00
-1.666413705420985325e+00
-2.203526054810517110e+00
-2.649552872072004295e+00
-3.012656208987846362e+00
-3.299280342922205289e+00
-3.514847409592485317e+00
-3.665661005606762668e+00
-3.759263340652039709e+00
-3.801916358217633185e+00
-3.797448288038333786e+00
-3.748986862781858775e+00
-3.660316675089302585e+00
-3.535157872375723542e+00
-3.375909669279496761e+00
-3.184325715583163685e+00
-2.962485265757499597e+00
-2.713103930639233941e+00
-2.438796434339542962e+00
-2.141773144887106906e+00
-1.824418454470999151e+00
-1.489729562080282177e+00
-1.140874661491352082e+00
-7.806266750290211665e-01
-4.115948722649896974e-01
-3.648890783276219352e-02
3.419196231911912909e-01
7.211131982494330961e-01
1.098870653309823364e+00
1.473052267656824066e+00
1.841449305195788977e+00
2.201953018924998062e+00
2.552694890201716138e+00
2.891893321001855366e+00
3.217730283651725198e+00
3.528401814176423290e+00
3.822235752616265358e+00
4.097663577380378008e+00
4.353150640464857446e+00
4.587196882936122933e+00
4.798434584788853208e+00
4.985676697221506970e+00
5.147884696654523751e+00
5.284151698273120701e+00
5.393781568467844956e+00
5.476359047563497562e+00
5.531725260941683153e+00
5.559953969208516256e+00
5.561377943321885731e+00
5.536623300267949688e+00
5.486583582958364680e+00
5.412374412281377722e+00
5.315310830939760756e+00
5.196904428849234314e+00
5.058830749586352482e+00
4.902872228230579665e+00
4.730874169616505753e+00
4.544729703189441139e+00
4.346355493923880431e+00
4.137644875373897690e+00
3.920429792224960686e+00
3.696474491999101719e+00
3.467470103764256795e+00
3.235007963523222063e+00
3.000559348402589421e+00
2.765480083479345375e+00
2.531019190293096521e+00
2.298310363406273371e+00
2.068365240469881350e+00
1.842083029363228652e+00
1.620264572294453309e+00
1.403613563128118802e+00
1.192735529297821007e+00
9.881477443862952681e-01
7.902933471820898781e-01
5.995453478474170872e-01
4.162065902440649778e-01
2.405173939093637470e-01
7.266705502350309653e-02
-8.720252435814364322e-02
-2.389975246092501948e-01
-3.826667150656625771e-01
-5.181924301892459894e-01
-6.455881364237403552e-01
-7.649000402703703960e-01
-8.762031905866578541e-01
-9.795945495846215545e-01
-1.075191868988180532e+00
-1.163135951177090899e+00
-1.243587537016317190e+00
-1.316721824214414971e+00
-1.382728497732113704e+00
-1.441814323220232952e+00
-1.494200371608178868e+00
-1.540117760956436266e+00
-1.579808755666827880e+00
-1.613529405293719687e+00
-1.641546481122081458e+00
-1.664133909866043703e+00
-1.681574866142907743e+00
-1.694164194992448191e+00
-1.702205066061149630e+00
-1.706006209082028269e+00
-1.705884939497883890e+00
-1.702168468332509788e+00
-1.695191052443828061e+00
-1.685292960160039488e+00
-1.672823806320115070e+00
-1.658143011374187958e+00
-1.641617924442810628e+00
-1.623625199386667717e+00
-1.604555006293691743e+00
-1.584811059106458142e+00
-1.564810235437284813e+00
-1.544987263589771453e+00
-1.525799804177933261e+00
-1.507729595442140802e+00
-1.491284949314326091e+00
-1.477007698404902758e+00
-1.465476017377807194e+00
-1.457302134299658380e+00
-1.453126461221250665e+00
-1.453599140577077620e+00
-1.459325137705344222e+00
-1.470742559148186857e+00
-1.487862634161415176e+00
-1.509689083672410836e+00
-1.532903536714177894e+00
-1.548784026940341230e+00
-1.535555431429200368e+00
-1.437810751868688675e+00
-1.104080453468879952e+00
-6.517296661594698670e-02
2.850156369923522170e+00
1.899443789802333971e+00
1.003939353949651947e+00
1.000000007201900409e+00
1.000000000000000000e+00
1.000000000000000000e+00
