1.000000000000000000e+00
1.000000006441784883e+00
1.000000023893649281e+00
1.000000098164924633e+00
1.000000361043478891e+00
1.000001078604146443e+00
1.000002719965670916e+00
1.000006052634678122e+00
1.000012281459671470e+00
1.000023255785328358e+00
1.000041781109512140e+00
1.000072088537387716e+00
1.000120539411239129e+00
1.000196675528267187e+00
1.000314768892065942e+00
1.000496079763153912e+00
1.000772099561640704e+00
1.001189130466131116e+00
1.001814623708246588e+00
1.002745753899350722e+00
1.004120757907730699e+00
1.006133594221458871e+00
1.009052277589561619e+00
1.013240821488493593e+00
1.019184052927256667e+00
1.027515405499837442e+00
1.039046616510018728e+00
1.054794120217033448e+00
1.075995977113084257e+00
1.104115274191883156e+00
1.140841747744584911e+00
1.188083937186028782e+00
1.247921937340320753e+00
1.322505918672861824e+00
1.413984785351070084e+00
1.524532188656564147e+00
1.656328064642667908e+00
1.811396414778022823e+00
1.991242586655293856e+00
2.196927945736703247e+00
2.429413528100077269e+00
2.689129573405126372e+00
2.974871522782194688e+00
3.282854711873369524e+00
3.607140523999845971e+00
3.939776402873150118e+00
4.269240022579024796e+00
4.577424728552520250e+00
4.840593359710063659e+00
5.034295709325633084e+00
5.134671539367518633e+00
5.118626010482893562e+00
4.966011434494186361e+00
4.668028949069426226e+00
4.233062465872302838e+00
3.682986641977719966e+00
3.045405721424443879e+00
2.351192576725787742e+00
1.634940868675812231e+00
9.291358694868959711e-01
2.585122406715764098e-01
-3.616706039314513954e-01
-9.214456699216349023e-01
-1.413286638118335770e+00
-1.833689007137967009e+00
-2.184178080503415664e+00
-2.468914215441251780e+00
-2.691540307263611709e+00
-2.855473345854258493e+00
-2.964909451225870018e+00
-3.024980156532942388e+00
-3.040258769183264320e+00
-3.014037672993287842e+00
-2.949285234549855250e+00
-2.849409983530411417e+00
-2.717826831917620201e+00
-2.557219139630205529e+00
-2.369914723543549595e+00
-2.158422415837610853e+00
-1.925576250407924350e+00
-1.674081543899674340e+00
-1.406323060439620409e+00
-1.124680212287764158e+00
-8.317668825474425764e-01
-5.301825489337221864e-01
-2.222077042244471057e-01
9.004678002144114735e-02
4.044736854211848365e-01
7.189769815364436267e-01
1.031639235996106629e+00
1.340737505238203120e+00
1.644616867457360021e+00
1.941603082442217021e+00
2.230099767667793831e+00
2.508670611662507710e+00
2.775955225390453140e+00
3.030602997118887476e+00
3.271307360497242911e+00
3.496878698041376854e+00
3.706233267976072998e+00
3.898357785013637500e+00
4.072313618786192357e+00
4.227295181913281574e+00
4.362658042857629148e+00
4.477899111308158098e+00
4.572643863777768658e+00
4.646686640479234853e+00
4.700024076795306094e+00
4.732833515910995992e+00
4.745451449209912020e+00
4.738380364036482106e+00
4.712300359974379127e+00
4.668047321451716414e+00
4.606581194887825248e+00
4.528968295660897425e+00
4.436375999707486528e+00
4.330051899272955751e+00
4.211290288238588531e+00
4.081406872311947431e+00
3.941730400794275724e+00
3.793589575473563347e+00
3.638287514356796759e+00
3.477081198207700119e+00
3.311178630319786542e+00
3.141736431638804117e+00
2.969845362869881544e+00
2.796519230750446727e+00
2.622697535048747142e+00
2.449250309940544934e+00
2.276973259786948312e+00
2.106583810292137926e+00
1.938726277348797877e+00
1.773979579519785910e+00
1.612857806346593703e+00
1.455809567474880106e+00
1.303223517783171248e+00
1.155436345866541981e+00
1.012735180446654004e+00
8.753577784078943047e-01
7.434970665696435388e-01
6.173079229815459090e-01
4.969095967062131525e-01
3.823857241757815384e-01
2.737878322486412830e-01
1.711408601786085781e-01
7.444500105550344582e-02
-1.632473301296829757e-02
-1.012158571913906180e-01
-1.802940449137241385e-01
-2.536420239894402462e-01
-3.213603963811647035e-01
-3.835654516669341763e-01
-4.403856493493048530e-01
-4.919612173493622675e-01
-5.384452194877714648e-01
-5.800016205925040413e-01
-6.168025258485425599e-01
-6.490284589929042891e-01
-6.768695355551057613e-01
-7.005234437639477063e-01
-7.201931543426998150e-01
-7.360878450302303921e-01
-7.484240383724364287e-01
-7.574235072753280340e-01
-7.633115234690274198e-01
-7.663183991189003175e-01
-7.666800865351964811e-01
-7.646364516013948176e-01
-7.604305917458380470e-01
-7.543106475365949359e-01
-7.465300163864269090e-01
-7.373462684956714197e-01
-7.270219215842398386e-01
-7.158268398374528774e-01
-7.040382863868476226e-01
-6.919407494239440126e-01
-6.798286222277324375e-01
-6.680090701877716697e-01
-6.568025866054590933e-01
-6.465441334237953530e-01
-6.375864638601910217e-01
-6.303005012528893891e-01
-6.250717051926419909e-01
-6.222923382512861590e-01
-6.223427380821476840e-01
-6.255445665329292249e-01
-6.320616881772054274e-01
-6.416929100030271949e-01
-6.534192940852416864e-01
-6.643907608101041751e-01
-6.675585232560183879e-01
-6.457851096351997500e-01
-5.559346052070494038e-01
-2.809139704106916602e-01
5.355430015292588219e-01
2.634435795511028022e+00
1.481106427447729690e+00
1.000808921525354389e+00
1.000000001308703368e+00
1.000000000000000000e+00
1.000000000000000000e+00
