1.000000000000000000e+00
1.000000005192262620e+00
1.000000019304712495e+00
1.000000079499507422e+00
1.000000292656606504e+00
1.000000874617022806e+00
1.000002206049032338e+00
1.000004909974770095e+00
1.000009964785868455e+00
1.000018872671231351e+00
1.000033912766409960e+00
1.000058521908626874e+00
1.000097865108499073e+00
1.000159684283358441e+00
1.000255548839928510e+00
1.000402676285672587e+00
1.000626546965689423e+00
1.000964600854120645e+00
1.001471367467709150e+00
1.002225436266513281e+00
1.003338733900751789e+00
1.004968623146024198e+00
1.007333221438624582e+00
1.010730057918714841e+00
1.015557721710722783e+00
1.022340838357575166e+00
1.031757838806984129e+00
1.044667772816492590e+00
1.062131506697435279e+00
1.085423935993635292e+00
1.116045759302980889e+00
1.155727822028026708e+00
1.206402500167222502e+00
1.270126730727848763e+00
1.349019402047491933e+00
1.445264824041850193e+00
1.561067386074751262e+00
1.698472780386160785e+00
1.859005024727078181e+00
2.043645957024423865e+00
2.253038965214843703e+00
2.487060147122599929e+00
2.743833563779054963e+00
3.018901866802593315e+00
3.305590419960310999e+00
3.595188383308648650e+00
3.875791829206116201e+00
4.130103527575160527e+00
4.336701166754910020e+00
4.474558631861044411e+00
4.524519252573030670e+00
4.469726512760802350e+00
4.297342500192340431e+00
4.004536395936963977e+00
3.601931402770958357e+00
3.109808371289893181e+00
2.551775549295960399e+00
1.952940679269082436e+00
1.340514175957336684e+00
7.397621416601544153e-01
1.700177396670302932e-01
-3.565351433600295605e-01
-8.317703174591776216e-01
-1.249510975874237095e+00
-1.606701810747417580e+00
-1.904164059511386009e+00
-2.144831018563157166e+00
-2.331395177091353244e+00
-2.466511855939303999e+00
-2.553542764556127054e+00
-2.596665056234076729e+00
-2.599730202818648195e+00
-2.565696562630349842e+00
-2.497331624484447676e+00
-2.397772082266222515e+00
-2.270177682850995637e+00
-2.117158438408001331e+00
-1.941044367644105817e+00
-1.744275790369544721e+00
-1.529498180008393993e+00
-1.299212070791855744e+00
-1.055627470717210636e+00
-8.009022562202021689e-01
-5.373258462770262867e-01
-2.671381600026750402e-01
7.690851719182368457e-03
2.853418769341645733e-01
5.640160046347592049e-01
8.419364064639535128e-01
1.117471609145189726e+00
1.389146107986541701e+00
1.655544975722567980e+00
1.915248718404393369e+00
2.166907951860739701e+00
2.409307012063498288e+00
2.641302188497554049e+00
2.861773573309518426e+00
3.069652690613879464e+00
3.263978939630222342e+00
3.443892112311649711e+00
3.608606048112557474e+00
3.757411698368555708e+00
3.889720464815894285e+00
4.005083977276438389e+00
4.103177159671132834e+00
4.183786227558467630e+00
4.246836380560052859e+00
4.292414093742626946e+00
4.320747978804357459e+00
4.332189897254240307e+00
4.327217751012301328e+00
4.306442234108426526e+00
4.270588906572106325e+00
4.220473333724094722e+00
4.156987209096285163e+00
4.081094157554519875e+00
3.993814213084609932e+00
3.896199036968777119e+00
3.789313438962071512e+00
3.674229626258251447e+00
3.552017919896381049e+00
3.423728087910460349e+00
3.290374297178948026e+00
3.152933188509026596e+00
3.012342173182664062e+00
2.869488575831410593e+00
2.725201192147350682e+00
2.580252030872434599e+00
2.435359656279939777e+00
2.291185234355415101e+00
2.148329237072827080e+00
2.007334962976217163e+00
1.868693994470085995e+00
1.732846345847792735e+00
1.600179731284128604e+00
1.471033493531789471e+00
1.345704433975623227e+00
1.224448517507210843e+00
1.107480956903708735e+00
9.949795942432557716e-01
8.870900046617833379e-01
7.839273729512157285e-01
6.855765956212649392e-01
5.920950157399290648e-01
5.035166959549473020e-01
4.198539543199734658e-01
3.410972039692615199e-01
2.672171136023003823e-01
1.981680638314563259e-01
1.338891623180709367e-01
7.430381536129156139e-02
1.932155045318426079e-02
-3.115916204292683636e-02
-7.725042628180660287e-02
-1.190755473581808499e-01
-1.567674133990057950e-01
-1.904662620340764334e-01
-2.203197331892975397e-01
-2.464836030490001884e-01
-2.691201318389568886e-01
-2.883962136422591471e-01
-3.044839469052713632e-01
-3.175613749629717097e-01
-3.278108095136977318e-01
-3.354174172170906187e-01
-3.405702865061667195e-01
-3.434627963052667710e-01
-3.442912456175830638e-01
-3.432542727029486151e-01
-3.405541530290873697e-01
-3.363969037574449650e-01
-3.309914174569696388e-01
-3.245499932833213474e-01
-3.172900881679774909e-01
-3.094343030248979387e-01
-3.012101887997475913e-01
-2.928521773098918812e-01
-2.846036212670113863e-01
-2.767170454900160781e-01
-2.694547470447825055e-01
-2.630908838699970720e-01
-2.579111013454915002e-01
-2.542087148641154482e-01
-2.522770614039595571e-01
-2.523922477942694975e-01
-2.547723726327099092e-01
-2.594926688689649930e-01
-2.663099489300828626e-01
-2.742828219042044990e-01
-2.809264051942603202e-01
-2.802435914440624121e-01
-2.578334750939704767e-01
-1.776836449640873949e-01
5.754771691172032994e-02
7.419961768638194677e-01
2.413932926053933059e+00
1.324047902514299491e+00
1.000353618637100706e+00
1.000000000547689227e+00
1.000000000000000000e+00
1.000000000000000000e+00
