1.000000000000000000e+00
1.000000009433626103e+00
1.000000034841958207e+00
1.000000142533769676e+00
1.000000523372361005e+00
1.000001562528464172e+00
1.000003938733097009e+00
1.000008761783440558e+00
1.000017773071322003e+00
1.000033645333024968e+00
1.000060435822701210e+00
1.000104273598356741e+00
1.000174399424925253e+00
1.000284728646605004e+00
1.000456175109108781e+00
1.000720057880413405e+00
1.001123013146330676e+00
1.001733938811105729e+00
1.002653583071003052e+00
1.004027429118623749e+00
1.006062539791245714e+00
1.009048968381603961e+00
1.013385855669270752e+00
1.019611445440624209e+00
1.028434950404667259e+00
1.040769548537498368e+00
1.057763706891945210e+00
1.080821204391704482e+00
1.111599462751179601e+00
1.151980761312276558e+00
1.204038802958286691e+00
1.269991775854896199e+00
1.352100142959616003e+00
1.452497891235766003e+00
1.573105551732805418e+00
1.715732770200134594e+00
1.882145734904552059e+00
2.073959493699413681e+00
2.292287434178605476e+00
2.538088777198525214e+00
2.812889378244915140e+00
3.118345822064546802e+00
3.454858394680911271e+00
3.820390666881148256e+00
4.211133597771509862e+00
4.621652057076710562e+00
5.042507840256108764e+00
5.455385625141301986e+00
5.833291427808551255e+00
6.146355734824032524e+00
6.362305295820368300e+00
6.445014424167050393e+00
6.356474702688715617e+00
6.070910534795845415e+00
5.587826163937212876e+00
4.929957052779715632e+00
4.132495748302706495e+00
3.239562893321259462e+00
2.304608849301758244e+00
1.378938440195359272e+00
5.006771801424467760e-01
-3.084865330520263904e-01
-1.035402547787579675e+00
-1.670145566943025406e+00
-2.208997193812858750e+00
-2.656390648910039065e+00
-3.020585889332820351e+00
-3.308090318053531487e+00
-3.524366612654389108e+00
-3.675759725406928080e+00
-3.769860177194639839e+00
-3.812961855974813741e+00
-3.808899020533327295e+00
-3.760798002335312695e+00
-3.672448244277944696e+00
-3.547573740029104528e+00
-3.388563810867275095e+00
-3.197154917969545984e+00
-2.975411517717420296e+00
-2.726040482176795621e+00
-2.451647267197691438e+00
-2.154430074503508763e+00
-1.836764884098109674e+00
-1.501649514892888337e+00
-1.152257751141200881e+00
-7.913671149690060247e-01
-4.215925072279737007e-01
-4.565254424169296055e-02
3.336697335600319891e-01
7.138465713226332943e-01
1.092648575353591278e+00
1.467927830886389229e+00
1.837466058200283525e+00
2.199145408310768879e+00
2.551090141409836587e+00
2.891511720668019425e+00
3.218584125489786896e+00
3.530494715861560717e+00
3.825562992429835329e+00
4.102211965798047366e+00
4.358897499293648004e+00
4.594108842254519764e+00
4.806467198636926064e+00
4.994774429984762953e+00
5.157980523377259985e+00
5.295166530126201643e+00
5.405624542636942031e+00
5.488928666486792451e+00
5.544910479626969035e+00
5.573635276936792948e+00
5.575428980859927108e+00
5.550913111953355461e+00
5.500978883981917811e+00
5.426741651560058166e+00
5.329518254891015161e+00
5.210824315361585413e+00
5.072341461788977490e+00
4.915859789372204247e+00
4.743233454560965789e+00
4.556365515829111423e+00
4.357183405898998885e+00
4.147591570179484322e+00
3.929432995071687973e+00
3.704482812697805993e+00
3.474442796678021583e+00
3.240914380802421224e+00
3.005378156447642723e+00
2.769198507869011117e+00
2.533632332451210445e+00
2.299820410766256984e+00
2.068780592352273295e+00
1.841417513116933025e+00
1.618536795710289633e+00
1.400846267769181974e+00
1.188954921830222000e+00
9.833829208724976789e-01
7.845758526676293032e-01
5.929087637240747499e-01
4.086861069025000681e-01
2.321494492498612505e-01
6.348907815501272922e-02
-9.715234740380908340e-02
-2.496805079203555655e-01
-3.940438874301492866e-01
-5.302246706568856105e-01
-6.582362998606967608e-01
-7.781251143844869489e-01
-8.899664261892870076e-01
-9.938575324591776283e-01
-1.089916593711419690e+00
-1.178284931354529164e+00
-1.259123895176694097e+00
-1.332609336537502021e+00
-1.398931650594858578e+00
-1.458298407391816598e+00
-1.510931557516234092e+00
-1.557063139362950599e+00
-1.596936398890877573e+00
-1.630808464152234905e+00
-1.658947257677497289e+00
-1.681627900460590741e+00
-1.699134832796395100e+00
-1.711764267763309588e+00
-1.719820815853313478e+00
-1.723614696517719924e+00
-1.723464799102488509e+00
-1.719700009380575878e+00
-1.712656332630521083e+00
-1.702675850244357081e+00
-1.690110090060624293e+00
-1.675320489981075633e+00
-1.658676500476522930e+00
-1.640556972840279348e+00
-1.621354411125478068e+00
-1.601474995894995867e+00
-1.581338195211282605e+00
-1.561381494758296462e+00
-1.542065526744099691e+00
-1.523875223199258722e+00
-1.507322337939017931e+00
-1.492952473812032776e+00
-1.481347958176636892e+00
-1.473125587458437025e+00
-1.468930815042117199e+00
-1.469419342255437355e+00
-1.475202107529645756e+00
-1.486723269763339239e+00
-1.503999376191379245e+00
-1.526036666003407927e+00
-1.549511568616830148e+00
-1.565677676011789643e+00
-1.552688624638200121e+00
-1.454948992707050026e+00
-1.120462343621488666e+00
-7.821565476903445668e-02
2.850596864017778564e+00
1.908240648283476837e+00
1.004049194143571633e+00
1.000000007422731096e+00
1.000000000000000000e+00
1.000000000000000000e+00
