1.000000000000000000e+00
1.000000009690319658e+00
1.000000035779050611e+00
1.000000146322047145e+00
1.000000537218949992e+00
1.000001603791137006e+00
1.000004042630590728e+00
1.000008992698250720e+00
1.000018241120006479e+00
1.000034530922625509e+00
1.000062026565890383e+00
1.000107020556053161e+00
1.000179003623269169e+00
1.000292274701809703e+00
1.000468337139575059e+00
1.000739414151984752e+00
1.001153520457202628e+00
1.001781635078333954e+00
1.002727605073618689e+00
1.004141448738717468e+00
1.006236733531372662e+00
1.009312636401330954e+00
1.013780776637565273e+00
1.020195973266928569e+00
1.029288711835865566e+00
1.041998510049565452e+00
1.059505197324713821e+00
1.083248022980636494e+00
1.114921786413973548e+00
1.156444477715355745e+00
1.209920088671615490e+00
1.277587668513623376e+00
1.361713678766795166e+00
1.464416813231454562e+00
1.587580130208367857e+00
1.732962067865921663e+00
1.902272810938873571e+00
2.097071967882240706e+00
2.318419116593360751e+00
2.567248039675878779e+00
2.845123474284567688e+00
3.153803664451519051e+00
3.493826947789365533e+00
3.863311726487358655e+00
4.258646095301253709e+00
4.674638946648770776e+00
5.102074867618121345e+00
5.522678651672942252e+00
5.909250846741591623e+00
6.231558544973600178e+00
6.456728398764544963e+00
6.547614718179365134e+00
6.464676016138281689e+00
6.180580686216936570e+00
5.693964339147099984e+00
5.027583416376772085e+00
4.217267163653453999e+00
3.308313142281425367e+00
2.355919631983357743e+00
1.413126362943151859e+00
5.192121542506321630e-01
-3.037086925985452157e-01
-1.042361965358290510e+00
-1.686723388415271918e+00
-2.233155584334994614e+00
-2.686461231031820773e+00
-3.055355932398850172e+00
-3.346637798406363107e+00
-3.565953370888597984e+00
-3.719834415699854180e+00
-3.816090586703834830e+00
-3.861159578585250607e+00
-3.858900128928318463e+00
-3.812429555239828627e+00
-3.725558155744229438e+00
-3.602026786850077489e+00
-3.444178323529301977e+00
-3.253669035697350775e+00
-3.032493984087079930e+00
-2.783318143899875530e+00
-2.508701880650713534e+00
-2.210784123308390470e+00
-1.891898369514058542e+00
-1.555041490160739226e+00
-1.203409345306191369e+00
-8.397971474008139037e-01
-4.668426212683219334e-01
-8.730307065899896302e-02
2.959878430061936849e-01
6.804570140465436845e-01
1.063838706090704855e+00
1.443948617945484347e+00
1.818525681875344135e+00
2.185411223788499502e+00
2.542697362879117851e+00
2.888564729597924874e+00
3.221151608613758821e+00
3.538606535086064042e+00
3.839211779638946442e+00
4.121352546796211769e+00
4.383442152964535765e+00
4.623921673522102260e+00
4.841362253517974779e+00
5.034515471623572047e+00
5.202278961440584659e+00
5.343678485938153422e+00
5.457951875596776858e+00
5.544623907488854364e+00
5.603481511305104412e+00
5.634549991843975647e+00
5.638122442604160511e+00
5.614797696022885809e+00
5.565454538107188043e+00
5.491205265828375204e+00
5.393373098456685888e+00
5.273490325847225435e+00
5.133264758582677167e+00
4.974520017694517016e+00
4.799149393607768488e+00
4.609100190250933871e+00
4.406348112515187765e+00
4.192847623594786022e+00
3.970491557756030687e+00
3.741104322510515168e+00
3.506436005786519150e+00
3.268133963999909852e+00
3.027721211223451725e+00
2.786601175947286624e+00
2.546066742706841968e+00
2.307291116202645043e+00
2.071320604800658050e+00
1.839084746585267549e+00
1.611411132496281429e+00
1.389026619906978066e+00
1.172556182472831443e+00
9.625333400539253237e-01
7.594150344772663264e-01
5.635857865330339278e-01
3.753575702326221730e-01
1.949778219010228075e-01
2.264153057473733063e-02
-1.415050120160479818e-01
-2.973650309634310873e-01
-4.448855375410432633e-01
-5.840478617206198431e-01
-7.148651643351011664e-01
-8.373842240471307541e-01
-9.516813898007373540e-01
-1.057855323459767849e+00
-1.156025887827184961e+00
-1.246336613815065553e+00
-1.328951474076335515e+00
-1.404049147143873855e+00
-1.471823114943588084e+00
-1.532484468903437147e+00
-1.586259028083087941e+00
-1.633382886270941636e+00
-1.674103627341378742e+00
-1.708683165694978801e+00
-1.737394546580316224e+00
-1.760518212431660068e+00
-1.778344255432749987e+00
-1.791175014713638269e+00
-1.799321563914792588e+00
-1.803100811730760533e+00
-1.802838726591281748e+00
-1.798871740323057411e+00
-1.791543744934396054e+00
-1.781205007020538300e+00
-1.768215701334433287e+00
-1.752946394713837730e+00
-1.735776052440733075e+00
-1.717093481990524806e+00
-1.697301771305830931e+00
-1.676818292959786572e+00
-1.656074272280089632e+00
-1.635519715059050583e+00
-1.615628753000270645e+00
-1.596900830824441675e+00
-1.579863344768070554e+00
-1.565079038350339902e+00
-1.553149125341743542e+00
-1.544711186348291410e+00
-1.540433624313223282e+00
-1.540997472780778699e+00
-1.547040935174610610e+00
-1.559035885546931288e+00
-1.577023424635530580e+00
-1.600021973702814293e+00
-1.624685830007987830e+00
-1.642160844157487531e+00
-1.630285267156644791e+00
-1.532631027728428963e+00
-1.194877065166158880e+00
-1.379183268692791842e-01
2.850941940368114214e+00
1.948422965465816503e+00
1.004580891504074591e+00
1.000000008502293758e+00
1.000000000000000000e+00
1.000000000000000000e+00
