1.000000000000000000e+00
1.000000004877136472e+00
1.000000018145473790e+00
1.000000074776399295e+00
1.000000275340738209e+00
1.000000822953057478e+00
1.000002075868540619e+00
1.000004620489654883e+00
1.000009377805603838e+00
1.000017762018332368e+00
1.000031918926569174e+00
1.000055084385232718e+00
1.000092121212493801e+00
1.000150317760836849e+00
1.000240564362296469e+00
1.000379065965918857e+00
1.000589802290864361e+00
1.000908007761275531e+00
1.001385004661963229e+00
1.002094778992965063e+00
1.003142748650914351e+00
1.004677226065949114e+00
1.006903978923782361e+00
1.010104045678557494e+00
1.014654542391030034e+00
1.021052844979619456e+00
1.029943730504222277e+00
1.042146066775121449e+00
1.058674746872172445e+00
1.080754682561165803e+00
1.109834683486510709e+00
1.147594432208451032e+00
1.195920125205859330e+00
1.256833352978322882e+00
1.332430849747219925e+00
1.424883032771111946e+00
1.536382758283605154e+00
1.668963273454548091e+00
1.824136260512104313e+00
2.002849280311781222e+00
2.205655892525399064e+00
2.432288181704332253e+00
2.680704058696741221e+00
2.946290819088142054e+00
3.222218430680227286e+00
3.499637234975009559e+00
3.766629935259695916e+00
4.006221409658929034e+00
4.197718830234615339e+00
4.321114321666774671e+00
4.358566391234156789e+00
4.294842317917892061e+00
4.118871964698019639e+00
3.829143063175274531e+00
3.436625452903719236e+00
2.961020331844876896e+00
2.424816915770873216e+00
1.851635178700638207e+00
1.266864465687207897e+00
6.940131598719494477e-01
1.510874391298691055e-01
-3.505105731478978526e-01
-8.031371668108032713e-01
-1.200968105692727939e+00
-1.541080422525165972e+00
-1.824152681292617650e+00
-2.052845737364964673e+00
-2.229634890165335115e+00
-2.356995652474540126e+00
-2.438088396213949238e+00
-2.476857027936058664e+00
-2.476970244642226149e+00
-2.441291091314831352e+00
-2.372520417614689237e+00
-2.273709397118545805e+00
-2.147933896672851617e+00
-1.997760353728206484e+00
-1.825491279784640097e+00
-1.633522509414606860e+00
-1.424427930562573108e+00
-1.200634581629063780e+00
-9.642884015091619521e-01
-7.174752923004102945e-01
-4.623920123661949266e-01
-2.011805474671344296e-01
6.427357378012941991e-02
3.322294373580776394e-01
6.009692186732643604e-01
8.687989283415230579e-01
1.134161852043785945e+00
1.395648162870372966e+00
1.651906797912384262e+00
1.901585467073474200e+00
2.143400105918153109e+00
2.376194110737913867e+00
2.598881611635768696e+00
2.810403316298314635e+00
3.009752412967468427e+00
3.196027008515868406e+00
3.368423282581373801e+00
3.526211062696513299e+00
3.668736477700081267e+00
3.795461716453495171e+00
3.905982839876334101e+00
4.000013533452514203e+00
4.077373360919579248e+00
4.138012682115543406e+00
4.182032559493946700e+00
4.209666400309924228e+00
4.221261914896444090e+00
4.217283204060755963e+00
4.198316612193784714e+00
4.165053896221213137e+00
4.118269107667339668e+00
4.058805723084453199e+00
3.987572798642653016e+00
3.905530731905426656e+00
3.813668516712744427e+00
3.712986837102414839e+00
3.604492911286848678e+00
3.489192063884529738e+00
3.368070610533094644e+00
3.242082047552358404e+00
3.112145315605206797e+00
2.979143237087962248e+00
2.843912471873788039e+00
2.707235670560092178e+00
2.569843001949200900e+00
2.432415146205944456e+00
2.295579544800346650e+00
2.159907251275118956e+00
2.025916072102647458e+00
1.894075503647794534e+00
1.764806778594950165e+00
1.638482109243564411e+00
1.515428243531475649e+00
1.395931791569570146e+00
1.280240759057305056e+00
1.168564596537141620e+00
1.061077303161707341e+00
9.579221332463468963e-01
8.592133349521073882e-01
7.650362587666903469e-01
6.754499033907684913e-01
5.904908894502970407e-01
5.101749123658033680e-01
4.344966327679249951e-01
3.634317123882801481e-01
2.969400498759754981e-01
2.349667647856720498e-01
1.774418489652907494e-01
1.242818963830417400e-01
7.539275625709501716e-02
3.067002594604872207e-02
-1.000148181245895038e-02
-4.674620061328573634e-02
-7.969570433642553242e-02
-1.089887141442273527e-01
-1.347717368417006845e-01
-1.571975015187062341e-01
-1.764232146609963914e-01
-1.926110530596425174e-01
-2.059288161283187590e-01
-2.165483477735914430e-01
-2.246442026423099148e-01
-2.303946052203072192e-01
-2.339817661015780037e-01
-2.355905933222356419e-01
-2.354081340843325043e-01
-2.336247531850595693e-01
-2.304342099805608834e-01
-2.260328388285928469e-01
-2.206200200864069927e-01
-2.143997772134538515e-01
-2.075807414545504659e-01
-2.003759461598352831e-01
-1.930045777880841362e-01
-1.856938182130198067e-01
-1.786790195079340227e-01
-1.722041771445017022e-01
-1.665237404988614001e-01
-1.619020884210410627e-01
-1.586097236161433943e-01
-1.569157597011819616e-01
-1.570712445405267332e-01
-1.592702255166127123e-01
-1.635691131619186056e-01
-1.697203367177281819e-01
-1.768133659254280954e-01
-1.824769678907793846e-01
-1.810229160249138547e-01
-1.588359967522210425e-01
-8.192946445140916745e-02
1.414565874398940326e-01
7.880926025123610179e-01
2.344922133888501570e+00
1.286729274595649786e+00
1.000279762525359883e+00
1.000000000428769020e+00
1.000000000000000000e+00
1.000000000000000000e+00
