1.000000000000000000e+00
1.000000005388082647e+00
1.000000020024644165e+00
1.000000082431017789e+00
1.000000303401686441e+00
1.000000906673331302e+00
1.000002286818607811e+00
1.000005089575586981e+00
1.000010328941988824e+00
1.000019561685085545e+00
1.000035149661162581e+00
1.000060654434054896e+00
1.000101428647254931e+00
1.000165496039404855e+00
1.000264848325660871e+00
1.000417333318817104e+00
1.000649366404050777e+00
1.000999763104393425e+00
1.001525054790058711e+00
1.002306705936962139e+00
1.003460709445501475e+00
1.005150082249490318e+00
1.007600654496535464e+00
1.011120245832856090e+00
1.016120826577975089e+00
1.023143969055310132e+00
1.032888975946705257e+00
1.046239721691550217e+00
1.064285320844292171e+00
1.088331141467772989e+00
1.119909173896903365e+00
1.160780643902266540e+00
1.212904656525904290e+00
1.278357521653045836e+00
1.359268707931969189e+00
1.457827528352526825e+00
1.576241651677148026e+00
1.716560566548546163e+00
1.880312233132701794e+00
2.068496709417040780e+00
2.281811137418054969e+00
2.520220325400911676e+00
2.781952609836680690e+00
3.062650903225943466e+00
3.355744619910592696e+00
3.652621806216425959e+00
3.941406338861357384e+00
4.204627964316552280e+00
4.420443648049963592e+00
4.567227674115232006e+00
4.625031743193649625e+00
4.575997370323989344e+00
4.406167813736633576e+00
4.111850004054904417e+00
3.703403788565173826e+00
3.201432335453889166e+00
2.630216492974647213e+00
2.015782272958482224e+00
1.386480670488542843e+00
7.686834649126587093e-01
1.825564867347467257e-01
-3.592306619196273254e-01
-8.482546930310426170e-01
-1.278121638747713451e+00
-1.645697528850225133e+00
-1.951899118805696443e+00
-2.199836406341388884e+00
-2.392341492819916038e+00
-2.532184074293774678e+00
-2.622852897298664665e+00
-2.668671517395797999e+00
-2.673604699799764894e+00
-2.640667579183001212e+00
-2.572665512622667627e+00
-2.472784518361137884e+00
-2.344232128684874183e+00
-2.189640052967863681e+00
-2.011349530302774191e+00
-1.811822941116228547e+00
-1.593745407453916130e+00
-1.359658833695162938e+00
-1.111809179742103026e+00
-8.523959868813657526e-01
-5.837642280448427368e-01
-3.082133352601945653e-01
-2.776457813155395332e-02
2.557149406797319946e-01
5.403765748213308351e-01
8.243924977556572609e-01
1.106085329658380356e+00
1.383939430441774476e+00
1.656500876714926296e+00
1.922309023922475824e+00
2.179974509836236862e+00
2.428245639770148401e+00
2.665943367784617379e+00
2.891910556103314711e+00
3.105040666093384250e+00
3.304336719229262975e+00
3.488903369930278497e+00
3.657919300218829495e+00
3.810640520991546598e+00
3.946445983318472184e+00
4.064858610914515502e+00
4.165527938542587627e+00
4.248217968214710538e+00
4.312836668647628713e+00
4.359459833862572076e+00
4.388311492136897307e+00
4.399744526941650413e+00
4.394243964704003247e+00
4.372434345370561637e+00
4.335061133428690816e+00
4.282964772198482706e+00
4.217066184861992362e+00
4.138362368528317070e+00
4.047910058935993760e+00
3.946799647680730772e+00
3.836135695447824290e+00
3.717030796709448914e+00
3.590595742851375061e+00
3.457919855611317761e+00
3.320055140497226276e+00
3.178014236745751564e+00
3.032768619932069143e+00
2.885237221185596113e+00
2.736277601694917738e+00
2.586687831697196849e+00
2.437210056662280522e+00
2.288526412979965396e+00
2.141255638761454971e+00
1.995956838315599224e+00
1.853135273029517860e+00
1.713242574217748171e+00
1.576676026388182050e+00
1.443782733930363271e+00
1.314865772471025762e+00
1.190186001798287707e+00
1.069962170694792825e+00
9.543744740442272612e-01
8.435699085897991889e-01
7.376642351793861740e-01
6.367420739718037126e-01
5.408597576233469262e-01
4.500497932837395632e-01
3.643224487658425770e-01
2.836655570250141145e-01
2.080467539016576661e-01
1.374170732238900183e-01
7.171197945901826298e-02
1.085088591388199894e-02
-4.526096542992243121e-02
-9.672957631545503476e-02
-1.436717181055833514e-01
-1.862156199453492145e-01
-2.244993014629328154e-01
-2.586682591092326899e-01
-2.888755496684197732e-01
-3.152825866753588002e-01
-3.380574323872047593e-01
-3.573728811769127378e-01
-3.734070806035435508e-01
-3.863443291446246874e-01
-3.963733372543109534e-01
-4.036857634501535563e-01
-4.084773504378907960e-01
-4.109483275948299652e-01
-4.113019882519396986e-01
-4.097440943313099826e-01
-4.064842505407634254e-01
-4.017360260066900612e-01
-3.957160574129101605e-01
-3.886446178626395409e-01
-3.807474656619754816e-01
-3.722558430477943547e-01
-3.634062883400502875e-01
-3.544426804304459666e-01
-3.456184039664160212e-01
-3.371966484420459986e-01
-3.294510895013243457e-01
-3.226681574967394384e-01
-3.171467665017981274e-01
-3.131945025905771285e-01
-3.111199162493129555e-01
-3.112149575164048776e-01
-3.137131263416156335e-01
-3.187021285363966783e-01
-3.259428618102905295e-01
-3.344772302775884110e-01
-3.417544259523176420e-01
-3.415948763267812605e-01
-3.191300617448115662e-01
-2.371379259706274667e-01
5.063777160091289392e-03
7.120383169512628507e-01
2.454061587261670674e+00
1.347737344249823277e+00
1.000406517979715249e+00
1.000000000633787023e+00
1.000000000000000000e+00
1.000000000000000000e+00
