1.000000000000000000e+00
1.000000006673444020e+00
1.000000024743237015e+00
1.000000101615666548e+00
1.000000373679412968e+00
1.000001116286723502e+00
1.000002814888935054e+00
1.000006263667754025e+00
1.000012709278483403e+00
1.000024065168408471e+00
1.000043234091694488e+00
1.000074594094819247e+00
1.000124728274737640e+00
1.000203512930979421e+00
1.000325723918263465e+00
1.000513377806558690e+00
1.000799094523100008e+00
1.001230845591963847e+00
1.001878523429774015e+00
1.002842821985429733e+00
1.004266968197658816e+00
1.006351866369696202e+00
1.009374998796473522e+00
1.013712974257141797e+00
1.019866906986155453e+00
1.028490681870974921e+00
1.040420920546890615e+00
1.056703147675261745e+00
1.078607703803679430e+00
1.107631217314118066e+00
1.145496049346073519e+00
1.194139905885167829e+00
1.255664850523426690e+00
1.332231058826639059e+00
1.425983978914293626e+00
1.539085067227347059e+00
1.673698885998171182e+00
1.831834462546958031e+00
2.014983154744880434e+00
2.224212188400941148e+00
2.460535307060379928e+00
2.724482291059096895e+00
3.014973584815883623e+00
3.328355364934840299e+00
3.658840036206420177e+00
3.998642350195114048e+00
4.336354764051378652e+00
4.653785603823554773e+00
4.926852698524011309e+00
5.130567008445275690e+00
5.240285714229187874e+00
5.231806637373059843e+00
5.083599205262498089e+00
4.785655919880232645e+00
4.345816177903422783e+00
3.786139600179537101e+00
3.134897702011741227e+00
2.424007091495453015e+00
1.689456433958781645e+00
9.651102372842756960e-01
2.767239449093956694e-01
-3.598843294601519749e-01
-9.344254301637681115e-01
-1.439135272538597077e+00
-1.870441704307373110e+00
-2.230026745012493095e+00
-2.522305079573937459e+00
-2.751111125004173985e+00
-2.920010689297177553e+00
-3.033360297688131535e+00
-3.096473710703737225e+00
-3.114058121867587570e+00
-3.089461068966332657e+00
-3.025678588264655300e+00
-2.926159939684851885e+00
-2.794356015077523736e+00
-2.632948169602787214e+00
-2.444245525840559541e+00
-2.230751277301247892e+00
-1.995317659154203671e+00
-1.740672095354588444e+00
-1.469216709748425442e+00
-1.183359518401725596e+00
-8.857659278987486395e-01
-5.790961717768934314e-01
-2.656833855132810229e-01
5.231135593927069977e-02
3.727262110095730940e-01
6.934076201426848662e-01
1.012386923345204970e+00
1.327897517390531412e+00
1.638242227937359408e+00
1.941701551546951565e+00
2.236635385538384924e+00
2.521568965893644432e+00
2.795104134807548490e+00
3.055849466126776548e+00
3.302455737269264446e+00
3.533691997453798805e+00
3.748433613587684565e+00
3.945624867558712001e+00
4.124283239477660956e+00
4.283560712304176121e+00
4.422773491996363937e+00
4.541381586062742670e+00
4.638975893426664499e+00
4.715321112245835167e+00
4.770391535160092289e+00
4.804349117718013318e+00
4.817521548909514451e+00
4.810410099901856640e+00
4.783702406118995221e+00
4.738250022041452070e+00
4.675035460523229602e+00
4.595153853766719365e+00
4.499807520069807332e+00
4.390284113546138123e+00
4.267921385667522216e+00
4.134080539630480722e+00
3.990137340552456280e+00
3.837468247965456491e+00
3.677423473183076830e+00
3.511305292195340932e+00
3.340365002764994706e+00
3.165800359090328531e+00
2.988740341462003958e+00
2.810233509353219805e+00
2.631250820301071602e+00
2.452690764407567503e+00
2.275374304886046861e+00
2.100040787744877235e+00
1.927353437656959434e+00
1.757907520020733916e+00
1.592230985573960256e+00
1.430783826966958827e+00
1.273963919024804214e+00
1.122115435485887769e+00
9.755313871166363393e-01
8.344538201271086697e-01
6.990785830804666645e-01
5.695624379859777209e-01
4.460255795067624707e-01
3.285516236075384788e-01
2.171912568040703373e-01
1.119680020189957603e-01
1.288011274466787856e-02
-8.009992607177798818e-02
-1.670226521885587734e-01
-2.479570795769425184e-01
-3.229895838004266384e-01
-3.922248077972589897e-01
-4.557834075686140185e-01
-5.137983991248806781e-01
-5.664147788317618337e-01
-6.137906851651194762e-01
-6.560954039218271916e-01
-6.935065048473388893e-01
-7.262101692911969719e-01
-7.544024557721796809e-01
-7.782872094070452107e-01
-7.980736851931691245e-01
-8.139775465509067054e-01
-8.262220854344207721e-01
-8.350360446193396680e-01
-8.406517987994338581e-01
-8.433069930808911874e-01
-8.432451896601391717e-01
-8.407140687958645220e-01
-8.359647255197013571e-01
-8.292535839106860429e-01
-8.208426308758334233e-01
-8.109982852693637945e-01
-7.999922185165789790e-01
-7.881038804777877882e-01
-7.756205601940795447e-01
-7.628372101360554325e-01
-7.500592713607937556e-01
-7.376057010514144308e-01
-7.258095834026836446e-01
-7.150193751349686044e-01
-7.056024780542364816e-01
-6.979457803216807532e-01
-6.924520901883665092e-01
-6.895324561196242152e-01
-6.895872893240053703e-01
-6.929587088399479233e-01
-6.998291536126127754e-01
-7.100089860189435775e-01
-7.224717691988198354e-01
-7.343128768207087820e-01
-7.383153746343633639e-01
-7.168937758097956303e-01
-6.257357008681566635e-01
-3.444676198532025113e-01
4.936272146298145702e-01
2.666271877062422746e+00
1.511659548238023509e+00
1.000930508336026703e+00
1.000000001518347448e+00
1.000000000000000000e+00
1.000000000000000000e+00
