1.000000000000000000e+00
1.000000000148039803e+00
1.000000000563612046e+00
1.000000002375120323e+00
1.000000008819027508e+00
1.000000026447550372e+00
1.000000066856865377e+00
1.000000149130531923e+00
1.000000303511575428e+00
1.000000577144645186e+00
1.000001043305430715e+00
1.000001816481971950e+00
1.000003077162325837e+00
1.000005112423431708e+00
1.000008381647763400e+00
1.000013621187489266e+00
1.000022007999154861e+00
1.000035410310291084e+00
1.000056763077950883e+00
1.000090617589323605e+00
1.000143929938426268e+00
1.000227172379150931e+00
1.000355861385085143e+00
1.000552596498251789e+00
1.000849689931161857e+00
1.001292564608851299e+00
1.001944044886988072e+00
1.002889344041592912e+00
1.004241374141927823e+00
1.006145942731723197e+00
1.008787370351274415e+00
1.012393046323224688e+00
1.017232538481894100e+00
1.023606633195627502e+00
1.031829810312440809e+00
1.042209283995214175e+00
1.055004318673421926e+00
1.070352588154014795e+00
1.088157837814517359e+00
1.108016771779174015e+00
1.129190580610640149e+00
1.150527389149490043e+00
1.170367364889369988e+00
1.186553808404404942e+00
1.196691159795414627e+00
1.198436204254369253e+00
1.189643498484395323e+00
1.168393322698171755e+00
1.133358309975588174e+00
1.084307810937894967e+00
1.022033429088921697e+00
9.480260947019195639e-01
8.642173395790402335e-01
7.730928823537560612e-01
6.776463050670566979e-01
5.809157075473702081e-01
4.855390026475306930e-01
3.937900610399334145e-01
3.078218849265313417e-01
2.295037527801083443e-01
1.602098729350306117e-01
1.007669175506573506e-01
5.169816391569561492e-02
1.338065111593321477e-02
-1.405875466846613978e-02
-3.082002453537973155e-02
-3.730917337463855038e-02
-3.396004888274898464e-02
-2.125017998232168331e-02
2.420803418555594715e-04
2.983321366583840950e-02
6.683496685660132719e-02
1.106107543462206272e-01
1.605285885842787919e-01
2.159241151744370757e-01
2.761373701867877450e-01
3.405660826510204520e-01
4.086479436568744017e-01
4.798313793871251676e-01
5.535695346153769458e-01
6.293497831089873706e-01
7.067047366124584729e-01
7.851908340487518956e-01
8.643712828919511981e-01
9.438298488048425527e-01
1.023187840621270883e+00
1.102092806612573694e+00
1.180206725541871116e+00
1.257205927897340425e+00
1.332791749458112518e+00
1.406691650677139638e+00
1.478651349123243586e+00
1.548429651670831797e+00
1.615805465735823399e+00
1.680583603423610795e+00
1.742589490015682641e+00
1.801664907430007512e+00
1.857670181076060745e+00
1.910488585390516469e+00
1.960024902492635723e+00
2.006202166310225632e+00
2.048960840762830582e+00
2.088261360069280759e+00
2.124084495251361560e+00
2.156428518850322273e+00
2.185306858172845423e+00
2.210749254179533274e+00
2.232802538003120674e+00
2.251527995581516173e+00
2.266998955093475487e+00
2.279300419059539173e+00
2.288529207956698563e+00
2.294792173433271909e+00
2.298203986774988827e+00
2.298885988332073360e+00
2.296965948360366827e+00
2.292576935558130913e+00
2.285855440954669415e+00
2.276940037475023715e+00
2.265971086840932180e+00
2.253090115831527296e+00
2.238438355971511307e+00
2.222155526099304446e+00
2.204379646881377663e+00
2.185246819746138769e+00
2.164890186695554330e+00
2.143439040696325737e+00
2.121018742041574701e+00
2.097750743806176654e+00
2.073751990221919250e+00
2.049134356188268669e+00
2.024004649117737031e+00
1.998464781253826095e+00
1.972611513131733441e+00
1.946536138342820133e+00
1.920324574760787995e+00
1.894057640523108210e+00
1.867811013664484765e+00
1.841655081467152621e+00
1.815655089142554690e+00
1.789871460083199972e+00
1.764359873884606689e+00
1.739171219038337934e+00
1.714351786054505888e+00
1.689943611031614612e+00
1.665984610906957375e+00
1.642508593005773232e+00
1.619545472290385035e+00
1.597121611389112905e+00
1.575259969177939201e+00
1.553980137802199346e+00
1.533298575553168952e+00
1.513228931674262423e+00
1.493782182133685188e+00
1.474966676838271207e+00
1.456788378307194209e+00
1.439251156485176653e+00
1.422356895343826144e+00
1.406105544416600850e+00
1.390495372483706360e+00
1.375523241478198377e+00
1.361184680213728848e+00
1.347473946466886341e+00
1.334384295538826093e+00
1.321908232433687047e+00
1.310037561573906384e+00
1.298763501994741665e+00
1.288076957810167622e+00
1.277968734196036626e+00
1.268429609134195557e+00
1.259450521945201906e+00
1.251022863927398809e+00
1.243138675818216132e+00
1.235790770519100468e+00
1.228973036001834274e+00
1.222680788671385299e+00
1.216910983400694146e+00
1.211662444666068206e+00
1.206936262999922072e+00
1.202736140538561482e+00
1.199068511989323182e+00
1.195942617581665202e+00
1.193370303035419910e+00
1.191364971238759285e+00
1.189938958963085103e+00
1.189098046249035479e+00
1.188829684965288180e+00
1.189077754275144283e+00
1.189688319853450693e+00
1.190288772138821560e+00
1.190004727398906503e+00
1.186753010580904544e+00
1.175321513728144973e+00
1.141560543029934260e+00
1.042542525680633769e+00
7.547798516818035042e-01
9.139806765715275949e-01
9.999593196034719522e-01
9.999999999388826666e-01
1.000000000000000000e+00
1.000000000000000000e+00
