1.000000000000000000e+00
1.000000007832126281e+00
1.000000028987668932e+00
1.000000118834733831e+00
1.000000436703316176e+00
1.000001304200403895e+00
1.000003288196155804e+00
1.000007315834591015e+00
1.000014842163625906e+00
1.000028100266589393e+00
1.000050478254763453e+00
1.000087088598423435e+00
1.000145625280991268e+00
1.000237645377596962e+00
1.000380465580732015e+00
1.000599931435653733e+00
1.000934399059129287e+00
1.001440357603338605e+00
1.002200197609257604e+00
1.003332681182469655e+00
1.005006706560414242e+00
1.007458954040113541e+00
1.011015683074614202e+00
1.016118336108043474e+00
1.023351672482128105e+00
1.033474203604492381e+00
1.047449133913847419e+00
1.066468728699554003e+00
1.091964108358025598e+00
1.125595706755612602e+00
1.169240494515875861e+00
1.224967653788602728e+00
1.294967610047085493e+00
1.381420894515080100e+00
1.486418469522461150e+00
1.612018868744433453e+00
1.760265754563403728e+00
1.933049000673606743e+00
2.131746884072413195e+00
2.357419427807817769e+00
2.611319094329804358e+00
2.894459851566831166e+00
3.206385057144944373e+00
3.544109470729120304e+00
3.902642363635965950e+00
4.275117299607946286e+00
4.650841053066492314e+00
5.011408925105220291e+00
5.331300323042317046e+00
5.583188567980624128e+00
5.738893234946941924e+00
5.768939753377496871e+00
5.644861999904160932e+00
5.350283193910622792e+00
4.889870484039953169e+00
4.286213874179019889e+00
3.570645211641074734e+00
2.780207864269973239e+00
1.957999845157080143e+00
1.144969615317376510e+00
3.720364359135070464e-01
-3.422980275357676572e-01
-9.862786897785933427e-01
-1.551048973352379123e+00
-2.032799245769370877e+00
-2.434142198903964882e+00
-2.760905889334811292e+00
-3.017955195623442055e+00
-3.209628806319438254e+00
-3.341105822402123060e+00
-3.418634481626459554e+00
-3.447592283982388928e+00
-3.431572569771621506e+00
-3.373671343367182107e+00
-3.277508781530669157e+00
-3.146677923951953115e+00
-2.983790568392633791e+00
-2.790987307403245854e+00
-2.570664387768086367e+00
-2.325689631961521009e+00
-2.058824532582950617e+00
-1.772480582512734992e+00
-1.469141251126974135e+00
-1.151680449890125857e+00
-8.230270288386283273e-01
-4.857476164190624446e-01
-1.422312501450151700e-01
2.051018917576770684e-01
5.538194267345146748e-01
9.017052253249565608e-01
1.246784705538761084e+00
1.587159420668294185e+00
1.920891794261485375e+00
2.246132022333867884e+00
2.561224436845999097e+00
2.864593700039698376e+00
3.154654332265278249e+00
3.429852236745199789e+00
3.688757331028883257e+00
3.930046032703043313e+00
4.152452229064561351e+00
4.354771163463347250e+00
4.535935814504013841e+00
4.695054729637419655e+00
4.831387869255068246e+00
4.944332750542888455e+00
5.033481627605578268e+00
5.098670499502117259e+00
5.139955872463952247e+00
5.157591552894826847e+00
5.152042823873095756e+00
5.124006535990692335e+00
5.074386244861126549e+00
5.004253390408285540e+00
4.914826237757519145e+00
4.807464453116477188e+00
4.683642300223246124e+00
4.544904371943356836e+00
4.392831792946659597e+00
4.229030633457584010e+00
4.055113853279901370e+00
3.872666648041264370e+00
3.683218497830164750e+00
3.488238934655389034e+00
3.289133994996631394e+00
3.087226752770566574e+00
2.883742529921628162e+00
2.679812555166404042e+00
2.476480603381293832e+00
2.274696768501223154e+00
2.075312509450910614e+00
1.879087859140278871e+00
1.686701971877704986e+00
1.498754108351351810e+00
1.315762959740661042e+00
1.138174146466872649e+00
9.663709127900528273e-01
8.006773178784576395e-01
6.413584264182322636e-01
4.886262492507028599e-01
3.426486031043069480e-01
2.035521182474907820e-01
7.142202390955826319e-02
-5.369344807749964338e-02
-1.717760056931284807e-01
-2.828351555152337493e-01
-3.869090913706099144e-01
-4.840614773423099204e-01
-5.743759609761597273e-01
-6.579550295207008404e-01
-7.349214128804412161e-01
-8.054154817059115956e-01
-8.695908756891828073e-01
-9.276142642890569112e-01
-9.796670427455878016e-01
-1.025943025697664490e+00
-1.066645037145547592e+00
-1.101985522816553376e+00
-1.132188332933256270e+00
-1.157486250946416328e+00
-1.178118153247788014e+00
-1.194330420873043863e+00
-1.206378616193330977e+00
-1.214524854341819005e+00
-1.219035619439484019e+00
-1.220183934635096001e+00
-1.218250265000470955e+00
-1.213520319464071351e+00
-1.206284226447834840e+00
-1.196839001980813944e+00
-1.185488882300220315e+00
-1.172543922696835272e+00
-1.158321051169861171e+00
-1.143147265932673573e+00
-1.127359714173705951e+00
-1.111305474317259234e+00
-1.095345138217698189e+00
-1.079856675846267988e+00
-1.065236305249892323e+00
-1.051900272753903076e+00
-1.040289767999541537e+00
-1.030872364030564814e+00
-1.024138906854763276e+00
-1.020596368565389378e+00
-1.020748705121294453e+00
-1.025045441711515792e+00
-1.033770371314406189e+00
-1.046806294103108437e+00
-1.063115740321343372e+00
-1.079571780459932295e+00
-1.088220076246232848e+00
-1.069467211001384976e+00
-9.736964670215695339e-01
-6.656860899574997825e-01
2.692610510531022738e-01
2.785755507475939030e+00
1.670716298031436509e+00
1.001792296476903266e+00
1.000000003060449227e+00
1.000000000000000000e+00
1.000000000000000000e+00
