1.000000000000000000e+00
1.000000005511229029e+00
1.000000020477236129e+00
1.000000084273294565e+00
1.000000310153407845e+00
1.000000926814966773e+00
1.000002337566120225e+00
1.000005202415698458e+00
1.000010557729509753e+00
1.000019994562143966e+00
1.000035926742038228e+00
1.000061994213446326e+00
1.000103667571991872e+00
1.000169147801396097e+00
1.000270692369628733e+00
1.000426545982403548e+00
1.000663713183735259e+00
1.001021876742401950e+00
1.001558830803300548e+00
1.002357854129073411e+00
1.003537506239117860e+00
1.005264373129904243e+00
1.007769152531966084e+00
1.011366155545678769e+00
1.016475786768297196e+00
1.023650287380886148e+00
1.033602077977439304e+00
1.047230598987988870e+00
1.065642618766582839e+00
1.090162457269364671e+00
1.122341434465601084e+00
1.163959359207991318e+00
1.216991414237695190e+00
1.283525125224949770e+00
1.365695423571968270e+00
1.465693413635574816e+00
1.585727378283066313e+00
1.727847727216305085e+00
1.893583507488892259e+00
2.083945075762190235e+00
2.299662588454520318e+00
2.540756306399666542e+00
2.805520435516089428e+00
3.089662174043122267e+00
3.386678943083565763e+00
3.688025402415801679e+00
3.981849871131917240e+00
4.250583135126574597e+00
4.472129648402733970e+00
4.624499270776907700e+00
4.687256168494656094e+00
4.641915408762272044e+00
4.473809950933146595e+00
4.178688869717098520e+00
3.766728407688927582e+00
3.258719911546453130e+00
2.679358238903591705e+00
2.055244224175619028e+00
1.415449471223756639e+00
7.870461863134697866e-01
1.907267920343054535e-01
-3.605339478735245518e-01
-8.581271865287821710e-01
-1.295523256360117337e+00
-1.669540171927226258e+00
-1.981157485703449739e+00
-2.233599239046944351e+00
-2.429787133874156790e+00
-2.572563798363920906e+00
-2.665498611924832062e+00
-2.713007789952530668e+00
-2.719127272239866500e+00
-2.686906991663585043e+00
-2.619174804866859052e+00
-2.519146339249061395e+00
-2.390057560536991588e+00
-2.234551774339159191e+00
-2.054975005917096809e+00
-1.853801325054721394e+00
-1.633738874074097458e+00
-1.397353850954621057e+00
-1.146913262349924967e+00
-8.846416028827216449e-01
-6.129179487913739566e-01
-3.340786037282029164e-01
-5.017664255913260873e-02
2.368911528880852102e-01
5.252451185330199168e-01
8.130255419295673303e-01
1.098526385572333952e+00
1.380207031946365737e+00
1.656589302314264378e+00
1.926186911858543294e+00
2.187585599512867240e+00
2.439511281908234075e+00
2.680762941509950981e+00
2.910160214502682585e+00
3.126572745018892707e+00
3.328980740832346630e+00
3.516466745781491543e+00
3.688187213855765201e+00
3.843375950519666073e+00
3.981391171129625928e+00
4.101737334276732483e+00
4.204047509308028729e+00
4.288071149504469659e+00
4.353704760344985658e+00
4.401016777455235562e+00
4.430227704302043712e+00
4.441690437026636573e+00
4.435893889658961697e+00
4.413470779070576278e+00
4.375178627236413931e+00
4.321873133468628225e+00
4.254493287142004476e+00
4.174056835103681529e+00
4.081643429840195125e+00
3.978367715085053380e+00
3.865359193420528250e+00
3.743755843897008440e+00
3.614693928838268455e+00
3.479287684350663934e+00
3.338612959847763850e+00
3.193705086049764663e+00
3.045557015790471667e+00
2.895107606233360276e+00
2.743232546847512943e+00
2.590746325793904070e+00
2.438405939203771133e+00
2.286906722969752614e+00
2.136878903517884343e+00
1.988891518624008814e+00
1.843458421998222851e+00
1.701038537372501436e+00
1.562035151157839419e+00
1.426800231229268467e+00
1.295640783600512824e+00
1.168820733790241873e+00
1.046561043871006014e+00
9.290433812680665149e-01
8.164156350341723600e-01
7.087939318982408032e-01
6.062627259821466996e-01
5.088777267811050997e-01
4.166704812105746503e-01
3.296499909623490376e-01
2.478024933916632422e-01
1.710937478064208372e-01
9.947271855466209567e-02
3.287261798260886214e-02
-2.878961043808473536e-02
-8.561137635275634095e-02
-1.377014477941921333e-01
-1.851794832446359007e-01
-2.281767600179996913e-01
-2.668344758982807430e-01
-3.013013846840461030e-01
-3.317338998970546515e-01
-3.582969316771371648e-01
-3.811621433875303500e-01
-4.005059928109300227e-01
-4.165103859424156285e-01
-4.293635116434640908e-01
-4.392580629141331072e-01
-4.463897407865344835e-01
-4.509584349838962058e-01
-4.531686480978669440e-01
-4.532280393549545372e-01
-4.513468198838329615e-01
-4.477391756424806135e-01
-4.426233998409296322e-01
-4.362209762193535734e-01
-4.287571717097541368e-01
-4.204629473228128633e-01
-4.115749643845172945e-01
-4.023354000199224068e-01
-3.929940638403069397e-01
-3.838106427113606167e-01
-3.750550300277457616e-01
-3.670080588584350711e-01
-3.599638863464103000e-01
-3.542297903366405931e-01
-3.501223660566961104e-01
-3.479597906872482493e-01
-3.480440781968556774e-01
-3.506185835154496111e-01
-3.557791459011744872e-01
-3.632897414313477347e-01
-3.721826959066885654e-01
-3.798675086381653188e-01
-3.800534326884195124e-01
-3.575856827244725533e-01
-2.745001566311299213e-01
-2.806275455122023491e-02
6.927093414289260398e-01
2.478222029810520866e+00
1.362821712799185292e+00
1.000442817273451857e+00
1.000000000693274549e+00
1.000000000000000000e+00
1.000000000000000000e+00
