1.000000000000000000e+00
1.000000001978085917e+00
1.000000007427268800e+00
1.000000030884690805e+00
1.000000114110707772e+00
1.000000341525665304e+00
1.000000862209099894e+00
1.000001920546800260e+00
1.000003901047909149e+00
1.000007395312329850e+00
1.000013302915224056e+00
1.000022983487730110e+00
1.000038485171736991e+00
1.000062885687256209e+00
1.000100797317055923e+00
1.000159107040506035e+00
1.000248049241587944e+00
1.000382740770361600e+00
1.000585345080226451e+00
1.000888073409948786e+00
1.001337282390868388e+00
1.001998987214864689e+00
1.002966123406718202e+00
1.004367857784203899e+00
1.006381154391611910e+00
1.009245134880464745e+00
1.013278521402867893e+00
1.018899226218866749e+00
1.026644595314130770e+00
1.037190862722900953e+00
1.051374436861736150e+00
1.070210720978201691e+00
1.094896766558861145e+00
1.126785144224743407e+00
1.167347248357402778e+00
1.218141910376395742e+00
1.280734090755044186e+00
1.356517444583772214e+00
1.446412111221840879e+00
1.550688065962030349e+00
1.668893541132278058e+00
1.799514466649220212e+00
1.939426455361151547e+00
2.083536532230657379e+00
2.225153502128055294e+00
2.356441613362933563e+00
2.468433173773783462e+00
2.550799610625424485e+00
2.593262298241331365e+00
2.588077632568210884e+00
2.530691835155536307e+00
2.419494086538998889e+00
2.255658031486035942e+00
2.044226118844135520e+00
1.794185088162107533e+00
1.516417914687619328e+00
1.221456908357203108e+00
9.192053944385288888e-01
6.195858743566571292e-01
3.315497003580935020e-01
6.198299730047167333e-02
-1.846063542793456025e-01
-4.050640629554817518e-01
-5.969137920312387324e-01
-7.587806990549046393e-01
-8.906861408436158589e-01
-9.935026038157515060e-01
-1.068182710541812019e+00
-1.115825519648337094e+00
-1.137920695412508065e+00
-1.136372400346046252e+00
-1.113087419793646005e+00
-1.069751796253828102e+00
-1.008041051429270141e+00
-9.297843148875652997e-01
-8.368195977252863571e-01
-7.307777823043837273e-01
-6.131598583054574947e-01
-4.854592232311118472e-01
-3.491866504239776181e-01
-2.057483927077861652e-01
-5.639947743061150820e-02
9.767004680693318341e-02
2.552667161499690973e-01
4.152500963114366672e-01
5.766022397366763474e-01
7.383817818769894403e-01
8.996756397938848737e-01
1.059597626898082456e+00
1.217330227446402402e+00
1.372128170016333693e+00
1.523285924239664579e+00
1.670116154451795953e+00
1.811977230434812070e+00
1.948296615414716104e+00
2.078550235273524560e+00
2.202246320330337070e+00
2.318935398541692283e+00
2.428229731926303092e+00
2.529799749756886929e+00
2.623363399308070942e+00
2.708685361314278062e+00
2.785589891052676847e+00
2.853965028077592780e+00
2.913753829839217158e+00
2.964947344704651933e+00
3.007591485544034882e+00
3.041792176002485082e+00
3.067706436094784106e+00
3.085534012656381719e+00
3.095516969768658644e+00
3.097941095850706539e+00
3.093129237921126151e+00
3.081432669961841064e+00
3.063226583174932571e+00
3.038909157120184723e+00
3.008896914419898483e+00
2.973616986222514136e+00
2.933501543318810967e+00
2.888986523471853918e+00
2.840509051987083922e+00
2.788501504848678980e+00
2.733386636079340626e+00
2.675577009646735505e+00
2.615474359761112755e+00
2.553465672385290652e+00
2.489919952059891362e+00
2.425188353072719405e+00
2.359604797138521892e+00
2.293484051919083999e+00
2.227120000771779296e+00
2.160786230657469442e+00
2.094737310725514945e+00
2.029208294866140960e+00
1.964413962430435090e+00
1.900549699436114182e+00
1.837793097397925512e+00
1.776304209346525553e+00
1.716225310057525988e+00
1.657681840668335571e+00
1.600784006950948246e+00
1.545627332787799624e+00
1.492292653538397795e+00
1.440847052821564667e+00
1.391345370949329530e+00
1.343830814795038187e+00
1.298335014299845769e+00
1.254878897219613876e+00
1.213474032714378481e+00
1.174123157347908286e+00
1.136820216903754677e+00
1.101551188152646077e+00
1.068295253278920942e+00
1.037025177141430499e+00
1.007707303663603282e+00
9.803023213742574349e-01
9.547662414229766137e-01
9.310505879358978998e-01
9.091023487611094023e-01
8.888647408512813097e-01
8.702780413090195344e-01
8.532795811549471754e-01
8.378036741831136336e-01
8.237823720144558104e-01
8.111461268647643941e-01
7.998235975522828278e-01
7.897416926143004945e-01
7.808262116498069227e-01
7.730022177169030284e-01
7.661937664328241082e-01
7.603240518953416904e-01
7.553158976764331456e-01
7.510917818893941833e-01
7.475734616671381172e-01
7.446822313858048048e-01
7.423392781456800149e-01
7.404653494847361905e-01
7.389804380602223999e-01
7.378041497614414856e-01
7.368560330056215246e-01
7.360554872859212949e-01
7.353226138238949661e-01
7.345803276360265421e-01
7.337577929447154368e-01
7.327969778675222923e-01
7.316666566912498615e-01
7.303898507157431386e-01
7.290982237292493728e-01
7.281464810689786127e-01
7.283618728526677355e-01
7.316170254000403661e-01
7.422403714387747486e-01
7.708039404097598579e-01
8.454352582079394107e-01
1.048797521353368900e+00
1.460965288322700228e+00
1.007923540853691069e+00
9.999915148596729697e-01
9.999999999849633614e-01
1.000000000000000000e+00
1.000000000000000000e+00
