1.000000000000000000e+00
1.000000003420969286e+00
1.000000012776182778e+00
1.000000052847988208e+00
1.000000194872967096e+00
1.000000582779057234e+00
1.000001470553262495e+00
1.000003274182182933e+00
1.000006647450147668e+00
1.000012594957621959e+00
1.000022641979890770e+00
1.000039089830562000e+00
1.000065398238727976e+00
1.000106754028658340e+00
1.000170909245099438e+00
1.000269402789522255e+00
1.000419319328665013e+00
1.000645786485745425e+00
1.000985462001663828e+00
1.001491314353466278e+00
1.002239060997502929e+00
1.003335692010153712e+00
1.004930478640514213e+00
1.007228746395665953e+00
1.010508459026998374e+00
1.015140147742330523e+00
1.021610223061601319e+00
1.030545654579422488e+00
1.042737244743121350e+00
1.059159184758574401e+00
1.080989803530201909e+00
1.109627806283670637e+00
1.146684741016041897e+00
1.193938838990221019e+00
1.253286300446112778e+00
1.326721026095251998e+00
1.416261660277964962e+00
1.523761606413437608e+00
1.650561710099391677e+00
1.797360033673604196e+00
1.964239719766083914e+00
2.150260781913765129e+00
2.352677240850461704e+00
2.566323856142711968e+00
2.783951720674357144e+00
2.996539652578890323e+00
3.192787401430730476e+00
3.358089846023886160e+00
3.476100060750197507e+00
3.532395553241065578e+00
3.515749441687613608e+00
3.418355189450282161e+00
3.236473230802754397e+00
2.973317235458115437e+00
2.640079305904505791e+00
2.252777838312311598e+00
1.828190772675545528e+00
1.382973181787929162e+00
9.343902888102262327e-01
4.982239751949104067e-01
8.660704350371303817e-02
-2.926224452672346321e-01
-6.340843562431979219e-01
-9.336180750368591186e-01
-1.189001084345744141e+00
-1.400429277062992250e+00
-1.569497892831326569e+00
-1.697804840699031148e+00
-1.787068565856622104e+00
-1.839569656286095922e+00
-1.858206924197336685e+00
-1.845787842771781539e+00
-1.804659141495377428e+00
-1.737107026767503948e+00
-1.645672918934569573e+00
-1.532919368420667228e+00
-1.401063688611281277e+00
-1.252126507143230816e+00
-1.088156043481304458e+00
-9.112765009252501436e-01
-7.234727454258642609e-01
-5.265045836929300727e-01
-3.220552184110366811e-01
-1.118476815502103539e-01
1.024587350500842792e-01
3.193950941758980644e-01
5.376050639062925907e-01
7.557619971513441781e-01
9.725674711847163145e-01
1.186824863781805073e+00
1.397445428051215854e+00
1.603390705039611674e+00
1.803633898434211291e+00
1.997206953538796848e+00
2.183240797119605503e+00
2.360928924163406606e+00
2.529499107159431937e+00
2.688231140640751970e+00
2.836491644223817943e+00
2.973729199212827634e+00
3.099457462862689638e+00
3.213255790492767883e+00
3.314793946372662781e+00
3.403841940945529387e+00
3.480257184625727529e+00
3.543974549903521343e+00
3.595020596655188250e+00
3.633524560570198680e+00
3.659704363692819484e+00
3.673853167178367851e+00
3.676339505741104574e+00
3.667610251684771949e+00
3.648179048432324656e+00
3.618610972178175622e+00
3.579514204952596756e+00
3.531537845113838614e+00
3.475363069335796418e+00
3.411688813202695236e+00
3.341221293343254573e+00
3.264671180402555883e+00
3.182748565855531453e+00
3.096152138840609691e+00
3.005560392261673819e+00
2.911630582964076286e+00
2.814997694265434447e+00
2.716267739577932883e+00
2.616012395350324038e+00
2.514769673818537665e+00
2.413045510992320786e+00
2.311310914801762539e+00
2.209999482749194222e+00
2.109509025599963561e+00
2.010204391018477921e+00
1.912417122359037602e+00
1.816444623729526642e+00
1.722552181885530942e+00
1.630976198355505336e+00
1.541924992748527456e+00
1.455578678572208240e+00
1.372091077919184610e+00
1.291592731467738231e+00
1.214192009518617610e+00
1.139975188875045786e+00
1.069008152789250765e+00
1.001339055855057225e+00
9.369993649303258731e-01
8.760038943806582878e-01
8.183522593225013297e-01
7.640311296802911878e-01
7.130150210606769345e-01
6.652662177602467475e-01
6.207360597876457886e-01
5.793668393839919162e-01
5.410922839920688787e-01
5.058373645692820775e-01
4.735194575166900566e-01
4.440498774527296133e-01
4.173340214606616194e-01
3.932710933696283995e-01
3.717552653876730617e-01
3.526769552701095600e-01
3.359226307429373226e-01
3.213745026718035636e-01
3.089116750563035696e-01
2.984111314201198795e-01
2.897472125493757988e-01
2.827915109137655314e-01
2.774138146753907797e-01
2.734825714044370470e-01
2.708642112450617145e-01
2.694231927010558580e-01
2.690226396769527795e-01
2.695241375615877732e-01
2.707867987832875412e-01
2.726674120802332624e-01
2.750207232183352613e-01
2.776984590896826033e-01
2.805483298463124497e-01
2.834141789670789890e-01
2.861360147507323037e-01
2.885492747330392627e-01
2.904857825924008763e-01
2.917770970905980144e-01
2.922606586162898590e-01
2.917925215362749403e-01
2.902756206020244978e-01
2.877169760672286802e-01
2.843439482882585412e-01
2.808522166646518770e-01
2.789525532566953236e-01
2.826366631826018883e-01
3.013113228338397676e-01
3.582447456394128871e-01
5.158867167523338848e-01
9.608164399805945166e-01
1.955236044415527674e+00
1.129755776191036398e+00
1.000071771839345924e+00
1.000000000104143361e+00
1.000000000000000000e+00
1.000000000000000000e+00
