1.000000000000000000e+00
1.000000000002197575e+00
1.000000000009085843e+00
1.000000000041181059e+00
1.000000000156868518e+00
1.000000000475262496e+00
1.000000001210013645e+00
1.000000002722569503e+00
1.000000005618884691e+00
1.000000010944466000e+00
1.000000020594082217e+00
1.000000038164184257e+00
1.000000070660949536e+00
1.000000131764067879e+00
1.000000247767583783e+00
1.000000467908553903e+00
1.000000881610599857e+00
1.000001646218117157e+00
1.000003030034877449e+00
1.000005476920986514e+00
1.000009700603121443e+00
1.000016819194489814e+00
1.000028541196917420e+00
1.000047413481599312e+00
1.000077138803650012e+00
1.000122984012681293e+00
1.000192291446640791e+00
1.000295059310434942e+00
1.000444533646491552e+00
1.000657751505948490e+00
1.000956123030137368e+00
1.001365858989384572e+00
1.001917660547084976e+00
1.002645098322558992e+00
1.003582292905700779e+00
1.004761442779664948e+00
1.006208032509952055e+00
1.007932058785768525e+00
1.009914659934926684e+00
1.012100859618008775e+00
1.014398759476243583e+00
1.016671983687203795e+00
1.018729334488353233e+00
1.020327585583453045e+00
1.021205479566364760e+00
1.021119610604716232e+00
1.019858403484202869e+00
1.017238696903917772e+00
1.013147646923637346e+00
1.007605391719445409e+00
1.000752560640654432e+00
9.928068024402033620e-01
9.840299384482676937e-01
9.747480799843880606e-01
9.653515444818904223e-01
9.562362933554783284e-01
9.477452405415985881e-01
9.401745771230973769e-01
9.338090466455339911e-01
9.288992277969280176e-01
9.256302891714741632e-01
9.241122872924973919e-01
9.244132040940179484e-01
9.265803343259556568e-01
9.306240567512118478e-01
9.365053011534330007e-01
9.441521596236298608e-01
9.534856026041934607e-01
9.644170166743208927e-01
9.768396133468660869e-01
9.906277271149670494e-01
1.005652021454961575e+00
1.021788302617435251e+00
1.038910826794047004e+00
1.056887071609620365e+00
1.075583765671016767e+00
1.094875483285685736e+00
1.114642415427966382e+00
1.134766337510000334e+00
1.155130125569268307e+00
1.175622745088968690e+00
1.196141339267249304e+00
1.216588262622441574e+00
1.236868745544948522e+00
1.256893329966646933e+00
1.276580733017244729e+00
1.295856249753800871e+00
1.314650032330741958e+00
1.332897163078471392e+00
1.350539353184335933e+00
1.367525092979074097e+00
1.383808357771016961e+00
1.399347707189285028e+00
1.414107261601874610e+00
1.428057447373294986e+00
1.441173983551604199e+00
1.453437021026954490e+00
1.464831281502228633e+00
1.475346530599000783e+00
1.484977134192534631e+00
1.493721339152952909e+00
1.501580944659241634e+00
1.508561506604287894e+00
1.514672214143051754e+00
1.519925285904859091e+00
1.524335462522782514e+00
1.527920061374826499e+00
1.530698987659154797e+00
1.532694235731443255e+00
1.533929444484523508e+00
1.534429785456363105e+00
1.534221943681479239e+00
1.533333814133201578e+00
1.531794145494589365e+00
1.529632357703508250e+00
1.526878507495211812e+00
1.523563123232663408e+00
1.519716930910183672e+00
1.515370666309068692e+00
1.510555049819648055e+00
1.505300711695524596e+00
1.499637989736340771e+00
1.493596763871028132e+00
1.487206447225543293e+00
1.480495970140395690e+00
1.473493637315961502e+00
1.466227005955411666e+00
1.458722884518112828e+00
1.451007345912824764e+00
1.443105643029035434e+00
1.435042128531447192e+00
1.426840258316959487e+00
1.418522619270395246e+00
1.410110890329861810e+00
1.401625793363151296e+00
1.393087104757684491e+00
1.384513694326196198e+00
1.375923515572083033e+00
1.367333578778950898e+00
1.358759969313750204e+00
1.350217891986406293e+00
1.341721678772909376e+00
1.333284777734282667e+00
1.324919778772403633e+00
1.316638462743256799e+00
1.308451819556843310e+00
1.300370047826570508e+00
1.292402586732890102e+00
1.284558167344588053e+00
1.276844835755740704e+00
1.269269960157577426e+00
1.261840268541262189e+00
1.254561901375861765e+00
1.247440436655806950e+00
1.240480902572295596e+00
1.233687820366625054e+00
1.227065256966516804e+00
1.220616850379596441e+00
1.214345828118692960e+00
1.208255057832380963e+00
1.202347102745090490e+00
1.196624248599178486e+00
1.191088530917150390e+00
1.185741795988875413e+00
1.180585762142048356e+00
1.175622053400267042e+00
1.170852246681551190e+00
1.166277946786673958e+00
1.161900858054571106e+00
1.157722839847179497e+00
1.153745986482733965e+00
1.149972730561408918e+00
1.146405941311989363e+00
1.143049022143279192e+00
1.139906047582232240e+00
1.136981921199437195e+00
1.134282525734383373e+00
1.131814889697160043e+00
1.129587388780748825e+00
1.127609939762783675e+00
1.125894139465170918e+00
1.124453332212275170e+00
1.123302484227153064e+00
1.122457602718528902e+00
1.121934237447735905e+00
1.121744148712138678e+00
1.121888112293278894e+00
1.122340488948528447e+00
1.123015773852904742e+00
1.123693696010546139e+00
1.123843324499052443e+00
1.122182829118175018e+00
1.115481848416300714e+00
1.094934314832432198e+00
1.033714382705144263e+00
8.525411035872633159e-01
9.375613814199807994e-01
9.999673582820634010e-01
9.999999999505875259e-01
1.000000000000000000e+00
1.000000000000000000e+00
