1.000000000000000000e+00
1.000000000976497772e+00
1.000000003686589034e+00
1.000000015411232290e+00
1.000000057053015423e+00
1.000000170890931628e+00
1.000000431640501564e+00
1.000000961905496810e+00
1.000001954855370245e+00
1.000003708280778225e+00
1.000006676246459225e+00
1.000011547631959541e+00
1.000019365334172017e+00
1.000031706295567702e+00
1.000050951381580733e+00
1.000080686076924241e+00
1.000126289002431834e+00
1.000195785597055353e+00
1.000301068458258502e+00
1.000459614144386888e+00
1.000696862766631501e+00
1.001049471239362054e+00
1.001569673025254570e+00
1.002330976187618461e+00
1.003435397023790587e+00
1.005022643316787034e+00
1.007281536374269537e+00
1.010463245250903697e+00
1.014895532212124918e+00
1.020997126855766046e+00
1.029293593360666392e+00
1.040431676870349875e+00
1.055182915492148377e+00
1.074427114415709372e+00
1.099124386086887784e+00
1.130283231137952704e+00
1.168888639569366061e+00
1.215759615459276022e+00
1.271318674190977660e+00
1.335434859498290106e+00
1.407339635546013712e+00
1.485396469216338389e+00
1.566781205482271844e+00
1.647342526477381774e+00
1.721980512689453846e+00
1.785119492191829638e+00
1.830922309089997313e+00
1.853339098120771133e+00
1.847057496284512546e+00
1.808913640317150628e+00
1.738050236624041567e+00
1.635473946743589702e+00
1.503674226682053527e+00
1.347009526760017950e+00
1.171613783879833726e+00
9.842313590001731116e-01
7.910455320116019928e-01
5.976420653849231490e-01
4.094780737393551862e-01
2.314134389684576465e-01
6.715644081443931934e-02
-8.088679852975029505e-02
-2.110432297888101827e-01
-3.220044905047903527e-01
-4.130709257360838382e-01
-4.843262839529144381e-01
-5.363461071359176824e-01
-5.697750809167314578e-01
-5.853641759967410652e-01
-5.841047433049650905e-01
-5.672387754981169650e-01
-5.360250937569595031e-01
-4.916094363396519284e-01
-4.351360855780154191e-01
-3.678347992601395111e-01
-2.909361221458266478e-01
-2.055480205703467678e-01
-1.126971544495174032e-01
-1.339626011991035259e-02
9.134227733604124988e-02
2.005746615735151117e-01
3.134513328173759716e-01
4.291679291194721579e-01
5.469262066751061635e-01
6.659653592637145847e-01
7.856006660567679267e-01
9.051973247631226460e-01
1.024143067420919762e+00
1.141847436472520183e+00
1.257765545332989010e+00
1.371400247600943034e+00
1.482283914979060091e+00
1.589966420210970677e+00
1.694030901238051223e+00
1.794107037463672283e+00
1.889859263656339383e+00
1.980977437349504156e+00
2.067182254521825691e+00
2.148235883236829569e+00
2.223939435521424368e+00
2.294126363600811125e+00
2.358661415926772253e+00
2.417447281239802681e+00
2.470426313947628127e+00
2.517574931941657823e+00
2.558899057175966441e+00
2.594437486260609660e+00
2.624264339853737305e+00
2.648483639711826321e+00
2.667224291291560245e+00
2.680639651555620784e+00
2.688908196632571190e+00
2.692229700439285001e+00
2.690820368077024405e+00
2.684910342644220904e+00
2.674743262370030905e+00
2.660573741420688698e+00
2.642663117682905405e+00
2.621276416506317375e+00
2.596681718907480452e+00
2.569148774223318110e+00
2.538945697312016136e+00
2.506336235635150622e+00
2.471579427030655918e+00
2.434929190654650633e+00
2.396632047221375128e+00
2.356925200109665663e+00
2.316036486898961577e+00
2.274184591164393865e+00
2.231577816097862321e+00
2.188412957761682431e+00
2.144875477434046829e+00
2.101140064800857576e+00
2.057370207828612685e+00
2.013717621624489862e+00
1.970322607611233234e+00
1.927314828248096745e+00
1.884813340075415677e+00
1.842926360528226892e+00
1.801751713191895865e+00
1.761377654922880787e+00
1.721883129800338752e+00
1.683337720698866669e+00
1.645802142960330006e+00
1.609329071742485073e+00
1.573963475581432458e+00
1.539742648311629658e+00
1.506696709533619227e+00
1.474849377327317468e+00
1.444218288803891914e+00
1.414815054286527651e+00
1.386645755222280396e+00
1.359711645688014725e+00
1.334009409871005358e+00
1.309531208435676719e+00
1.286265160219313586e+00
1.264195946461668107e+00
1.243304974243482519e+00
1.223570406771889330e+00
1.204967653654255066e+00
1.187469900381186383e+00
1.171048168543913581e+00
1.155671341282566322e+00
1.141306655930237612e+00
1.127920147930381534e+00
1.115476615842469377e+00
1.103939723669369766e+00
1.093272444952308797e+00
1.083437361871008475e+00
1.074396609577538797e+00
1.066112064020713124e+00
1.058545734923323156e+00
1.051659909284790473e+00
1.045417083973318118e+00
1.039780271637557485e+00
1.034713379441625891e+00
1.030181218210166394e+00
1.026149535300423299e+00
1.022585436973261208e+00
1.019457772106399540e+00
1.016737217246612701e+00
1.014396741379626432e+00
1.012412455757128571e+00
1.010764540681600376e+00
1.009438579123650870e+00
1.008428353645435926e+00
1.007740603989189188e+00
1.007403149894095407e+00
1.007481002702542483e+00
1.008109529332082754e+00
1.009566530432708831e+00
1.012442687238018113e+00
1.018085556844716022e+00
1.029879896782403437e+00
1.056667386843132217e+00
1.068318574149633493e+00
9.480080193127689014e-01
9.999687927038763968e-01
9.999999999523055960e-01
1.000000000000000000e+00
1.000000000000000000e+00
