1.000000000000000000e+00
1.000000010327272149e+00
1.000000038102846212e+00
1.000000155710006444e+00
1.000000571524222615e+00
1.000001706009974844e+00
1.000004299998308310e+00
1.000009564685688135e+00
1.000019400501503286e+00
1.000036724724076453e+00
1.000065967922067145e+00
1.000113829187100567e+00
1.000190422946388269e+00
1.000311008918991718e+00
1.000498573440449457e+00
1.000787624651874763e+00
1.001229676619830311e+00
1.001901013038882793e+00
1.002913408462169365e+00
1.004428517840719959e+00
1.006676638246776889e+00
1.009980452016421282e+00
1.014783758780352318e+00
1.021684131659852612e+00
1.031466888520780278e+00
1.045139326785312406e+00
1.063961756661484293e+00
1.089464044954904010e+00
1.123435784918542790e+00
1.167884392886279654e+00
1.224988005360358789e+00
1.297034096314248597e+00
1.386297776911173507e+00
1.494850108314279336e+00
1.624468445014025875e+00
1.776770073294904329e+00
1.953312058490173753e+00
2.155502597060396486e+00
2.384253844546682100e+00
2.640425383996825470e+00
2.925673582223031755e+00
3.242009185265506410e+00
3.590315827586590736e+00
3.969100835854489695e+00
4.375252112697135765e+00
4.804202355534995306e+00
5.247312514975667419e+00
5.686427579459331305e+00
6.093854833257078774e+00
6.438484920935347411e+00
6.685989519622730803e+00
6.796713293997870053e+00
6.727278302591939152e+00
6.446426813493363994e+00
5.950623278735029942e+00
5.262741317530529983e+00
4.420286980560344858e+00
3.471593536375262801e+00
2.476353250949035356e+00
1.492025266533064443e+00
5.607397344780362669e-01
-2.944688934084724874e-01
-1.060177298008009528e+00
-1.726233856113433163e+00
-2.289309825063824633e+00
-2.755244813329064790e+00
-3.133983612561789922e+00
-3.433084666639541371e+00
-3.658653192269039511e+00
-3.817681285509106015e+00
-3.918526064550713173e+00
-3.967976140695377740e+00
-3.969928976877486804e+00
-3.927458587139481594e+00
-3.844418767457175701e+00
-3.724588699518769808e+00
-3.570184087708484721e+00
-3.382645261482125409e+00
-3.163778751272671830e+00
-2.916130451547505054e+00
-2.642127676280569659e+00
-2.343732557900398916e+00
-2.023141366848776546e+00
-1.683321186116857771e+00
-1.327498536696327225e+00
-9.584885129306968121e-01
-5.789646694478645106e-01
-1.917654795070639073e-01
2.001592309287723581e-01
5.941314836819884260e-01
9.878024749732468024e-01
1.378902992438115982e+00
1.765068744396382616e+00
2.144042312333041433e+00
2.513839879490607832e+00
2.872569561738832267e+00
3.218284315633537229e+00
3.549039282683555285e+00
3.863027897911990305e+00
4.158545223331945984e+00
4.433901844878225695e+00
4.687420872278251771e+00
4.917549847908573746e+00
5.122915114539752679e+00
5.302282074918140076e+00
5.454534534910475685e+00
5.578768826702172667e+00
5.674378837042208801e+00
5.741030397896946802e+00
5.778637434036473230e+00
5.787398163717393906e+00
5.767841235428690538e+00
5.720800604666373523e+00
5.647367133856057819e+00
5.548866648412140279e+00
5.426860847694157108e+00
5.283112150064877000e+00
5.119518604050087518e+00
4.938063455021451276e+00
4.740798431993318296e+00
4.529815427727266197e+00
4.307190879005506901e+00
4.074940320314505371e+00
3.835010526843251277e+00
3.589272560133625056e+00
3.339489477876068424e+00
3.087291687528673556e+00
2.834181946160629462e+00
2.581545171651392412e+00
2.330637861173918690e+00
2.082579710250170191e+00
1.838364750477110343e+00
1.598877762038021899e+00
1.364895404090648023e+00
1.137084707191409416e+00
9.160145831292201279e-01
7.021723126262400250e-01
4.959679860103075599e-01
2.977341418466538103e-01
1.077345483241311380e-01
-7.382244076086817708e-02
-2.467798979071047505e-01
-4.110334529429942596e-01
-5.665250589773405121e-01
-7.132325646898466376e-01
-8.511671197305451519e-01
-9.803753658805308691e-01
-1.100935068054286203e+00
-1.212947141799530337e+00
-1.316534573579415390e+00
-1.411845345753254044e+00
-1.499048962582834044e+00
-1.578330158719738696e+00
-1.649889147399495881e+00
-1.713944896546876873e+00
-1.770732014649351704e+00
-1.820495871684695954e+00
-1.863494071723754031e+00
-1.899999738030315299e+00
-1.930298014895997838e+00
-1.954681967352392302e+00
-1.973455186661974503e+00
-1.986934771963450252e+00
-1.995447451684118523e+00
-1.999326387565088847e+00
-1.998914836349434454e+00
-1.994567758295938908e+00
-1.986648474710070555e+00
-1.975527467171811269e+00
-1.961586343716904546e+00
-1.945218372268431306e+00
-1.926826224120928410e+00
-1.906823558366706806e+00
-1.885639948329251192e+00
-1.863720821428172636e+00
-1.841526898317223493e+00
-1.819539630879619674e+00
-1.798267105114951248e+00
-1.778245293995331711e+00
-1.760040979602884859e+00
-1.744260103635850268e+00
-1.731551523107216495e+00
-1.722605293570693030e+00
-1.718147845067460988e+00
-1.718924435461066436e+00
-1.725642684030932683e+00
-1.738845596032568830e+00
-1.758638593872242195e+00
-1.784075596308273726e+00
-1.811765080903503300e+00
-1.832604035812982923e+00
-1.823694094184753922e+00
-1.726676815782595575e+00
-1.381877453510974796e+00
-2.911390529663501758e-01
2.840235884502472441e+00
2.050999600519411992e+00
1.006179938976392130e+00
1.000000011846443826e+00
1.000000000000000000e+00
1.000000000000000000e+00
