1.000000000000000000e+00
1.000000005338988807e+00
1.000000019844179855e+00
1.000000081696298837e+00
1.000000300708836942e+00
1.000000898639828772e+00
1.000002266577578958e+00
1.000005044567805479e+00
1.000010237685868386e+00
1.000019389022397620e+00
1.000034839703995093e+00
1.000060120035214384e+00
1.000100535627275411e+00
1.000164039562154494e+00
1.000262517648781380e+00
1.000413659587078063e+00
1.000643646137671539e+00
1.000990947569411649e+00
1.001511592680748297e+00
1.002286324036902210e+00
1.003430113405260782e+00
1.005104557802351639e+00
1.007533550670911993e+00
1.011022328216513610e+00
1.015979502669672518e+00
1.022942395839523622e+00
1.032605079509311130e+00
1.045845213253737027e+00
1.063744850567958311e+00
1.087601759485636421e+00
1.118940150399406974e+00
1.159513729765230927e+00
1.211275037486599704e+00
1.276295706244027883e+00
1.356702773322217448e+00
1.454684549162499563e+00
1.572448149597939659e+00
1.712042384126895689e+00
1.874994483128498590e+00
2.062300151663006620e+00
2.274643201103943024e+00
2.511966259499004650e+00
2.772471461793226233e+00
3.051776347466725436e+00
3.343283755806597757e+00
3.638356104982829908e+00
3.925108992063692792e+00
4.186113696957979080e+00
4.399630414710264503e+00
4.544181415453773631e+00
4.600014988167335339e+00
4.549523219179162581e+00
4.379031156437630301e+00
4.085064827464478299e+00
3.678053446595110909e+00
3.178522056267891749e+00
2.610584523422653902e+00
2.000037119289803211e+00
1.374944266495905731e+00
7.613995986780279779e-01
1.793596374955066242e-01
-3.586277479356062559e-01
-8.442135313382577166e-01
-1.271058036034746541e+00
-1.636046749557276803e+00
-1.940071981977626869e+00
-2.186198895743266757e+00
-2.377224258637167242e+00
-2.515888905913572060e+00
-2.605649597808888274e+00
-2.650793077826791411e+00
-2.655255722625411874e+00
-2.622038601477268305e+00
-2.553937822340023089e+00
-2.454127300382758392e+00
-2.325802888671043789e+00
-2.171591235903543637e+00
-1.993831186363182573e+00
-1.794979990754658639e+00
-1.577713181168345580e+00
-1.344562604434306419e+00
-1.097765491195154208e+00
-8.395111635630169156e-01
-5.721308174241064304e-01
-2.979090646440958334e-01
-1.885439349046348287e-02
2.631780067769350362e-01
5.463519115281287863e-01
8.288522458157562278e-01
1.109013099986331241e+00
1.385328847923392948e+00
1.656355293573332998e+00
1.920642065410889554e+00
2.176809779686053492e+00
2.423615725703929691e+00
2.659889671126350663e+00
2.884483778493296846e+00
3.096301030842390389e+00
3.294353559354191940e+00
3.477754831433042426e+00
3.645692366349105651e+00
3.797430978672801771e+00
3.932357816443914356e+00
4.050003076832501492e+00
4.150022752027829220e+00
4.232186519739159714e+00
4.296406783660010831e+00
4.342762132972856293e+00
4.371477862274500303e+00
4.382906713479783001e+00
4.377532034450328347e+00
4.355974989853784507e+00
4.318976136945370747e+00
4.267369751882600148e+00
4.202069486214803362e+00
4.124064012536202917e+00
4.034400894029687379e+00
3.934160830346914217e+00
3.824438425711813139e+00
3.706336150966417886e+00
3.580954646949043418e+00
3.449373311167251543e+00
3.312634653535270424e+00
3.171742278294879203e+00
3.027659110665714692e+00
2.881296148735417173e+00
2.733503735034193749e+00
2.585073400938801225e+00
2.436741376320290531e+00
2.289184538267400093e+00
2.143017045536895537e+00
1.998794041332676130e+00
1.857017359828672776e+00
1.718135722670534715e+00
1.582544018442393785e+00
1.450587409238753844e+00
1.322567400867122656e+00
1.198743628588140098e+00
1.079333956934032113e+00
9.645179925453009062e-01
8.544423763768090874e-01
7.492227244793631113e-01
6.489437251382258465e-01
5.536619623219306563e-01
4.634103300809237491e-01
3.781996061825992905e-01
2.980182656809793884e-01
2.228346992985202890e-01
1.526007736113386415e-01
8.725285944006178074e-02
2.671136370958941686e-02
-2.911740505628648487e-02
-8.033833578213905868e-02
-1.270670384529459240e-01
-1.694305165423648230e-01
-2.075655120950880006e-01
-2.416162122276029889e-01
-2.717343247758693958e-01
-2.980798588347344236e-01
-3.208194307693364444e-01
-3.401243643375842507e-01
-3.561712989143042130e-01
-3.691429727082342072e-01
-3.792264995647574577e-01
-3.866119177933317608e-01
-3.914933087422527436e-01
-3.940691907324379017e-01
-3.945411095655318445e-01
-3.931130468473432171e-01
-3.899927749242272923e-01
-3.853919742153001926e-01
-3.795253441313291010e-01
-3.726111624701388680e-01
-3.648731095990099260e-01
-3.565402641089603919e-01
-3.478469135278503543e-01
-3.390345701821408930e-01
-3.303541048403282887e-01
-3.220660337830706932e-01
-3.144411796066512443e-01
-3.077628941733349666e-01
-3.023267613458417435e-01
-2.984367829384022563e-01
-2.963976842206429430e-01
-2.964974244777612289e-01
-2.989656108751915231e-01
-3.038867683251639251e-01
-3.110206757001539590e-01
-3.194132530590294561e-01
-3.265298927552144348e-01
-3.262361053223558072e-01
-3.037791602728410756e-01
-2.222368156941950113e-01
1.824473330614959435e-02
7.196399977858121133e-01
2.444198560522783836e+00
1.341763516097401521e+00
1.000392714241498116e+00
1.000000000611250828e+00
1.000000000000000000e+00
1.000000000000000000e+00
