1.000000000000000000e+00
1.000000007939749302e+00
1.000000029381517663e+00
1.000000120430889705e+00
1.000000442543127699e+00
1.000001321609757854e+00
1.000003332041838222e+00
1.000007413297215431e+00
1.000015039724644339e+00
1.000028474022739422e+00
1.000051149313061272e+00
1.000088246282028859e+00
1.000147562340709895e+00
1.000240811535314966e+00
1.000385548720147844e+00
1.000607979766999334e+00
1.000947002759869697e+00
1.001459914671744666e+00
1.002230295388369941e+00
1.003378631229308482e+00
1.005076275364037430e+00
1.007563333924616611e+00
1.011170739386986428e+00
1.016346142087107829e+00
1.023682296095259625e+00
1.033947681317524347e+00
1.048117504931664001e+00
1.067397846268402617e+00
1.093234793911504577e+00
1.127303762867167380e+00
1.171495469998498518e+00
1.227890212246697033e+00
1.298684934131471236e+00
1.386059685367690086e+00
1.492097371333341860e+00
1.618843598029252817e+00
1.768327287219832566e+00
1.942423726527189531e+00
2.142497239603585069e+00
2.369604269419748110e+00
2.625017534451868251e+00
2.909794962270817464e+00
3.223537542940268619e+00
3.563322994036359770e+00
3.924237392722680351e+00
4.299505297227418588e+00
4.678509488034196195e+00
5.042839939075975053e+00
5.366862189179117948e+00
5.623058058500273404e+00
5.782947094078989103e+00
5.816586961567185909e+00
5.694868480535427935e+00
5.400801482146424526e+00
4.938727851761001375e+00
4.331260617236776689e+00
3.609997512028379596e+00
2.812452999442565993e+00
1.982398305660136195e+00
1.161455977241308002e+00
3.810283869856654348e-01
-3.401460184125278952e-01
-9.901915142493066258e-01
-1.560160610880465759e+00
-2.046232015216081557e+00
-2.451118968186331237e+00
-2.780793898282227339e+00
-3.040223723101199482e+00
-3.233820979553058361e+00
-3.366842500009477490e+00
-3.445625096478194038e+00
-3.475608458508676168e+00
-3.460406077361866117e+00
-3.403120084027131842e+00
-3.307384211272128116e+00
-3.176802166168669839e+00
-3.013974881971657194e+00
-2.821021511599073328e+00
-2.600322174682471399e+00
-2.354740066866381376e+00
-2.087033403305168733e+00
-1.799607731929337096e+00
-1.494947382419031134e+00
-1.175941020488351807e+00
-8.455390341547294186e-01
-5.063268058410217431e-01
-1.607122520407144872e-01
1.888619333007529044e-01
5.399383393812736687e-01
8.902786543546442610e-01
1.237889891643908724e+00
1.580855757403695439e+00
1.917219081033494810e+00
2.245111293081414772e+00
2.562860867585968094e+00
2.868876999063163513e+00
3.161557047385814112e+00
3.439328639010459820e+00
3.700743914493515696e+00
3.944461395235596246e+00
4.169195715296108773e+00
4.373721391958452998e+00
4.556950644379408111e+00
4.717971977711934883e+00
4.856025602153316356e+00
4.970489449548743721e+00
5.060937777730142528e+00
5.127191521869510105e+00
5.169294962495857959e+00
5.187492444492650456e+00
5.182243259293977999e+00
5.154242550814332802e+00
5.104396292959875403e+00
5.033781960197877936e+00
4.943627270379073124e+00
4.835304828877107219e+00
4.710304880949003348e+00
4.570190174676624473e+00
4.416561471979945530e+00
4.251045709665552508e+00
4.075277530467271703e+00
3.890863852951028434e+00
3.699355284650741815e+00
3.502241763382461848e+00
3.300948901670742952e+00
3.096818081067190587e+00
2.891091334289002557e+00
2.684915078348757422e+00
2.479346895410446727e+00
2.275349177359400343e+00
2.073784074969991398e+00
1.875420871492324171e+00
1.680946762828662067e+00
1.490967868877326241e+00
1.306008546926942682e+00
1.126519051189379006e+00
9.528864509222599866e-01
7.854378810195502547e-01
6.244407258875663835e-01
4.701086732970776172e-01
3.226107456753209979e-01
1.820743522741569698e-01
4.858504973325825094e-02
-7.780898189007072474e-02
-1.970897546190717997e-01
-3.092673097063587395e-01
-4.143806485433709774e-01
-5.124944706328447008e-01
-6.036935942238506048e-01
-6.880818118244939052e-01
-7.657833452930323803e-01
-8.369402105305041584e-01
-9.017077748393574899e-01
-9.602545333209848710e-01
-1.012763860125940774e+00
-1.059431671763414240e+00
-1.100462962987819537e+00
-1.136072448899911214e+00
-1.166486400757396513e+00
-1.191940137011275658e+00
-1.212675136925698283e+00
-1.228940494545738282e+00
-1.240994641882441130e+00
-1.249102675146559260e+00
-1.253534134391340427e+00
-1.254565227255108217e+00
-1.252479757596505205e+00
-1.247566886896846361e+00
-1.240120297246351200e+00
-1.230440714652963230e+00
-1.218836250665179310e+00
-1.205620972735472085e+00
-1.191115979847754858e+00
-1.175652665852019441e+00
-1.159572797700620717e+00
-1.143228290713578454e+00
-1.126984863918713664e+00
-1.111225985539859851e+00
-1.096353765181242501e+00
-1.082790784160615027e+00
-1.070985142982647353e+00
-1.061411991441472580e+00
-1.054570468854663545e+00
-1.050976626910558487e+00
-1.051144299829150031e+00
-1.055533396859952067e+00
-1.064437785318005814e+00
-1.077748116992270244e+00
-1.094427903979676486e+00
-1.111333374157849274e+00
-1.120449513275034281e+00
-1.102014158071184635e+00
-1.005962907535651762e+00
-6.958174546953532769e-01
2.472434303147834356e-01
2.793633589492218849e+00
1.686016870819488478e+00
1.001898684584463073e+00
1.000000003256584558e+00
1.000000000000000000e+00
1.000000000000000000e+00
