1.000000000000000000e+00
1.000000003836164497e+00
1.000000014309501584e+00
1.000000059119959150e+00
1.000000217902240252e+00
1.000000651531733231e+00
1.000001643857560074e+00
1.000003659684107982e+00
1.000007429355396660e+00
1.000014074842405343e+00
1.000025299211331653e+00
1.000043671432269132e+00
1.000073052788398087e+00
1.000119230900188505e+00
1.000190853795356327e+00
1.000300790533543926e+00
1.000468088382687082e+00
1.000720747783621967e+00
1.001099590282167551e+00
1.001663548172972096e+00
1.002496765998043493e+00
1.003717965817115809e+00
1.005492482464174220e+00
1.008047222537732823e+00
1.011688518744264353e+00
1.016823383521896496e+00
1.023984087524359543e+00
1.033853678525009867e+00
1.047289251732990145e+00
1.065340407326683891e+00
1.089268572506574051e+00
1.120561146121161089e+00
1.160919704840455369e+00
1.212207115537447644e+00
1.276395443158068854e+00
1.355550357219151847e+00
1.451763316628860601e+00
1.566962379441315001e+00
1.702558601886748901e+00
1.859337930736499667e+00
2.037526876199259540e+00
2.236375768575252110e+00
2.453322698933530166e+00
2.683321784705969826e+00
2.919177918901244784e+00
3.151819780296711393e+00
3.369633965282704757e+00
3.557169579630290457e+00
3.696663395058197743e+00
3.771955037862913862e+00
3.769863085608423869e+00
3.680513310239938995e+00
3.498256634567192602e+00
3.225218382708569642e+00
2.872771925025705109e+00
2.458153193298823425e+00
1.999850402424893758e+00
1.516509219720099111e+00
1.027654090834957179e+00
5.511968924760269894e-01
1.008956282501235202e-01
-3.144090216414376360e-01
-6.886893417238443282e-01
-1.017305781923522279e+00
-1.297821052909254425e+00
-1.530538611684035599e+00
-1.717324515248641603e+00
-1.860004873809410375e+00
-1.960501070489876430e+00
-2.021336107598155518e+00
-2.045701971601156632e+00
-2.036655623103029278e+00
-1.996705206069569805e+00
-1.928274702450141431e+00
-1.834071659289994383e+00
-1.716827272876621846e+00
-1.578883818058377297e+00
-1.422368263443783754e+00
-1.249451239196268437e+00
-1.062404227490133302e+00
-8.633543148797934164e-01
-6.541854313060709858e-01
-4.367064181613182772e-01
-2.127823382140028863e-01
1.578525984886235481e-02
2.474044751230917716e-01
4.806057012702617537e-01
7.139480054575969570e-01
9.460179953318669233e-01
1.175513901084675794e+00
1.401252516972062878e+00
1.622103427454704594e+00
1.836944708097716372e+00
2.044716114803160512e+00
2.244464549533764952e+00
2.435302335820204611e+00
2.616374815215483096e+00
2.786880428777296803e+00
2.946110379814169011e+00
3.093443327488165195e+00
3.228326530947464246e+00
3.350277033530924431e+00
3.458910384736526566e+00
3.553952539491763041e+00
3.635225980324481299e+00
3.702639146323561281e+00
3.756203355153029833e+00
3.796045996474248785e+00
3.822395185581767496e+00
3.835564912898973056e+00
3.835955548741522225e+00
3.824057453324181566e+00
3.800437903978293175e+00
3.765723609852888121e+00
3.720591132797392842e+00
3.665764242314734744e+00
3.602003641953205104e+00
3.530090420756108571e+00
3.450813888307784794e+00
3.364968158419658462e+00
3.273346242332843214e+00
3.176727574285882039e+00
3.075867900071079575e+00
2.971498064630199831e+00
2.864322841676421483e+00
2.755013344207327908e+00
2.644200989351162434e+00
2.532478387539721432e+00
2.420401291914185737e+00
2.308485491719863170e+00
2.197204135868376262e+00
2.086989745554926223e+00
1.978237588353300991e+00
1.871305429399420017e+00
1.766512708390952424e+00
1.664142964426027493e+00
1.564447624056902519e+00
1.467646999355129100e+00
1.373930212036799325e+00
1.283457429568576780e+00
1.196363334437488657e+00
1.112758410909207019e+00
1.032729039504543200e+00
9.563394328303427283e-01
8.836346610455696471e-01
8.146418144850271492e-01
7.493700119413947425e-01
6.878120212392647703e-01
6.299467874466062600e-01
5.757402871136526601e-01
5.251453899841354023e-01
4.781032751532278691e-01
4.345455403489364987e-01
3.943946976461537024e-01
3.575639000081230479e-01
3.239582125811701907e-01
2.934763070545816643e-01
2.660105731926766248e-01
2.414467531379310417e-01
2.196652167848693049e-01
2.005423698654676679e-01
1.839503840452232086e-01
1.697568021533932270e-01
1.578258064861849941e-01
1.480193013885856834e-01
1.401962767368311324e-01
1.342126478572874815e-01
1.299222929199366494e-01
1.271775425160704964e-01
1.258283684611596065e-01
1.257223958018801047e-01
1.267055870610643564e-01
1.286219645803364786e-01
1.313124958507782547e-01
1.346152088644219091e-01
1.383654492074535280e-01
1.423946936302732669e-01
1.465293244733364975e-01
1.505906942111195912e-01
1.543950297063128585e-01
1.577524288702944200e-01
1.604677439118906146e-01
1.623441353751527982e-01
1.631897427719580795e-01
1.628317725342401934e-01
1.611481906386576513e-01
1.581323045998040966e-01
1.540246239473656298e-01
1.495950858745771217e-01
1.467668172302851182e-01
1.500625495123908415e-01
1.701894724247470236e-01
2.337058950546251346e-01
4.120210604504616625e-01
9.191275544547532483e-01
2.078063328239544205e+00
1.171571171024585301e+00
1.000113429760319361e+00
1.000000000167658332e+00
1.000000000000000000e+00
1.000000000000000000e+00
