1.000000000000000000e+00
1.000000002021450562e+00
1.000000007588604189e+00
1.000000031549527435e+00
1.000000116558740881e+00
1.000000348842442932e+00
1.000000880665252279e+00
1.000001961625828661e+00
1.000003984418120773e+00
1.000007553201892829e+00
1.000013586586642633e+00
1.000023472850630535e+00
1.000039303062613794e+00
1.000064219035065705e+00
1.000102928368060029e+00
1.000162459105528256e+00
1.000253253138151166e+00
1.000390730321864874e+00
1.000597492704735414e+00
1.000906379939113133e+00
1.001364638828598608e+00
1.002039530103020493e+00
1.003025708629698087e+00
1.004454678839088455e+00
1.006506528989414839e+00
1.009424486352955341e+00
1.013532577601053308e+00
1.019255431517302135e+00
1.027138697177831794e+00
1.037868608897590361e+00
1.052293379837651033e+00
1.071442077837827300e+00
1.096527103485895216e+00
1.128917553622420300e+00
1.170102160797364510e+00
1.221658098695621586e+00
1.285169634833066565e+00
1.362049826082449622e+00
1.453236191836282609e+00
1.559014472442384003e+00
1.678948964010464673e+00
1.811538666115808827e+00
1.953660734806097921e+00
2.100203297197193120e+00
2.244434452826064241e+00
2.378452441993347488e+00
2.493185066255409144e+00
2.578142166497966681e+00
2.622839277759396293e+00
2.619325522036643150e+00
2.562860816856061152e+00
2.451682384748547161e+00
2.286863862436520289e+00
2.073440460483045200e+00
1.820499776679869397e+00
1.539096090744054735e+00
1.239952328717827346e+00
9.331676116923233177e-01
6.288709942830646993e-01
3.362041737314854783e-01
6.220036392819692367e-02
-1.885369936808829749e-01
-4.127878317251163498e-01
-6.080249292211340473e-01
-7.728456363803524187e-01
-9.072719051351576525e-01
-1.012192827533777262e+00
-1.088576938024476304e+00
-1.137539892276224984e+00
-1.160593920809988466e+00
-1.159672490407639645e+00
-1.136710176078219670e+00
-1.093415089660441986e+00
-1.031483996915666834e+00
-9.527703091263999280e-01
-8.591366961655587664e-01
-7.522348207738278614e-01
-6.335843721882664648e-01
-5.046980291966253196e-01
-3.671070001144297601e-01
-2.222365867728193500e-01
-7.135845811591993992e-02
8.432137290264933582e-02
2.435928023281602461e-01
4.052993006429111422e-01
5.684088595530066845e-01
7.319671807434502409e-01
8.950484041989877904e-01
1.056753701499361764e+00
1.216253904084296789e+00
1.372793143173137720e+00
1.525655670277908715e+00
1.674143856598553581e+00
1.817606249966372989e+00
1.955461434090388861e+00
2.087176978904974334e+00
2.212252960616577724e+00
2.330232171937468344e+00
2.440719977975437160e+00
2.543380709524127425e+00
2.637926834953712607e+00
2.724118201170526277e+00
2.801775181261567216e+00
2.870783017384451963e+00
2.931082921674963426e+00
2.982664948290214113e+00
3.025575045735195534e+00
3.059920342181178921e+00
3.085860076116513362e+00
3.103597075485266643e+00
3.113377353139198611e+00
3.115491550179599223e+00
3.110268135016568181e+00
3.098064590975801114e+00
3.079262806765094229e+00
3.054268119031889217e+00
3.023504560430319010e+00
2.987406954276262905e+00
2.946415220065155882e+00
2.900973065275211482e+00
2.851525345184489968e+00
2.798511998174276982e+00
2.742363069825338062e+00
2.683498133252402607e+00
2.622325638598592690e+00
2.559238918166991006e+00
2.494612893127369002e+00
2.428804215959464496e+00
2.362151910541358202e+00
2.294975421368964597e+00
2.227572858590352922e+00
2.160221609486922212e+00
2.093179654678742008e+00
2.026685071099762148e+00
1.960955267214490094e+00
1.896187892013517562e+00
1.832562475512538924e+00
1.770240697617866399e+00
1.709366149986953687e+00
1.650065305825934248e+00
1.592449155780221171e+00
1.536613776361526629e+00
1.482640325775477219e+00
1.430596001844370857e+00
1.380535582531178251e+00
1.332502048519598858e+00
1.286526640352453343e+00
1.242629750170183511e+00
1.200822291416008269e+00
1.161106233565923018e+00
1.123474642314199468e+00
1.087912515533886459e+00
1.054397978875847963e+00
1.022902667497630036e+00
9.933917189113671276e-01
9.658245507570356603e-01
9.401558553015202380e-01
9.163357899319375388e-01
8.943099230618530848e-01
8.740200114633853712e-01
8.554048445475985751e-01
8.384002340548597498e-01
8.229389374752923425e-01
8.089514246689896160e-01
7.963665501927003065e-01
7.851113510983960264e-01
7.751110866119743648e-01
7.662898881908188908e-01
7.585711348307602186e-01
7.518771715090654117e-01
7.461294526643317271e-01
7.412490373684886835e-01
7.371566083626825971e-01
7.337720815377664074e-01
7.310148613888001190e-01
7.288041947593195680e-01
7.270588216052671360e-01
7.256966420705792675e-01
7.246350803039490751e-01
7.237914085383586604e-01
7.230826431669588050e-01
7.224264069657034826e-01
7.217430898547252394e-01
7.209593844933022133e-01
7.200150561093269230e-01
7.188774183760441305e-01
7.175697439556641966e-01
7.162276524621778995e-01
7.152177682251549262e-01
7.153966372579356747e-01
7.187054103868550925e-01
7.296344815189738098e-01
7.591575848429882312e-01
8.364829486378364543e-01
1.047519525627610193e+00
1.477218529732002850e+00
1.010989240003721257e+00
9.999929253564380227e-01
9.999999999870103906e-01
1.000000000000000000e+00
1.000000000000000000e+00
