1.000000000000000000e+00
9.999999999340388745e-01
9.999999997516111350e-01
9.999999989642259779e-01
9.999999961691142802e-01
9.999999885302521818e-01
9.999999710428567612e-01
9.999999355294379999e-01
9.999998692481176787e-01
9.999997530299545856e-01
9.999995589827065379e-01
9.999992480721677790e-01
9.999987683990042564e-01
9.999980558250570750e-01
9.999970398764835844e-01
9.999956596792590746e-01
9.999938972716350127e-01
9.999918390089564957e-01
9.999897797776854391e-01
9.999883894247462157e-01
9.999889671348467513e-01
9.999938174232668731e-01
1.000006783744435079e+00
1.000033972423707285e+00
1.000084688323119586e+00
1.000172652390097783e+00
1.000317539359929064e+00
1.000546701520937498e+00
1.000896853206424186e+00
1.001415469775722267e+00
1.002162193345967012e+00
1.003209496411173962e+00
1.004640376384229761e+00
1.006540833906614640e+00
1.008989324724774317e+00
1.012045281170203870e+00
1.015728673386244507e+00
1.019984426888110196e+00
1.024629603520124999e+00
1.029325067471831501e+00
1.033574462312224718e+00
1.036700704228398884e+00
1.037815232449360359e+00
1.035841517448386595e+00
1.029661884243110226e+00
1.018271657056367463e+00
1.000845197729471669e+00
9.767292696946818786e-01
9.456041729661579520e-01
9.077141465132233522e-01
8.638003657941112357e-01
8.149127681143544244e-01
7.622648202701820530e-01
7.072920873328892855e-01
6.516358530174937158e-01
5.969125466508249378e-01
5.444923998364665785e-01
4.955282183531843909e-01
4.510924381461257071e-01
4.120990872006013994e-01
3.791970249758056521e-01
3.527443194927287196e-01
3.329384005578250871e-01
3.199004351032006532e-01
3.136208446308373921e-01
3.139183000265667878e-01
3.205035061864291435e-01
3.330740326771595705e-01
3.513059410936466564e-01
3.748230801587079108e-01
4.031944611519572841e-01
4.359879523508587429e-01
4.728005247535924660e-01
5.132329273033117145e-01
5.568696653027325194e-01
6.032988028966432825e-01
6.521407707928890130e-01
7.030388502119634397e-01
7.556434154667940328e-01
8.096087794600518306e-01
8.646093779189424344e-01
9.203459141839732682e-01
9.765338937903004224e-01
1.032894526837588423e+00
1.089162468052329080e+00
1.145095264513550148e+00
1.200467354798194330e+00
1.255063774948186328e+00
1.308680258170142219e+00
1.361129161686194244e+00
1.412240130654664361e+00
1.461855815213280341e+00
1.509829036467716046e+00
1.556026581287135002e+00
1.600332280489381143e+00
1.642643985546398566e+00
1.682871092219537568e+00
1.720935568424995843e+00
1.756774166297750073e+00
1.790337420780901523e+00
1.821587654183248972e+00
1.850498312533464862e+00
1.877055137513830907e+00
1.901256153510577418e+00
1.923109920559002983e+00
1.942634071983672994e+00
1.959855779310404333e+00
1.974812022159526892e+00
1.987548018923702697e+00
1.998115800674547193e+00
2.006573916657794499e+00
2.012987433507073209e+00
2.017426900681593693e+00
2.019967101030686774e+00
2.020686391038906571e+00
2.019666546024251996e+00
2.016992129416126378e+00
2.012749465599007692e+00
2.007025909122031493e+00
1.999909685188913988e+00
1.991489552991185796e+00
1.981854017121271738e+00
1.971090671118588933e+00
1.959286099115698621e+00
1.946525757032943504e+00
1.932893408986736450e+00
1.918470643639751616e+00
1.903336824647281045e+00
1.887569098372419152e+00
1.871242060827418952e+00
1.854427445404964514e+00
1.837194113253436623e+00
1.819608134868270888e+00
1.801732639205479325e+00
1.783627630604990522e+00
1.765350025080112628e+00
1.746953786584707791e+00
1.728489892752779422e+00
1.710006241563927443e+00
1.691547720349140693e+00
1.673156368423093898e+00
1.654871409980956054e+00
1.636729220411462959e+00
1.618763423618326813e+00
1.601005071946813851e+00
1.583482715024457477e+00
1.566222402064445296e+00
1.549247797664764281e+00
1.532580365372614883e+00
1.516239449334562783e+00
1.500242297076568976e+00
1.484604189392008111e+00
1.469338621331517158e+00
1.454457382564392276e+00
1.439970591297106806e+00
1.425886832970112428e+00
1.412213330804876987e+00
1.398956016268463998e+00
1.386119571367711245e+00
1.373707581781360876e+00
1.361722702824161857e+00
1.350166719332727583e+00
1.339040601456583879e+00
1.328344674443842965e+00
1.318078782485290423e+00
1.308242346448314830e+00
1.298834460671993707e+00
1.289854077951796629e+00
1.281300170165857732e+00
1.273171816823335467e+00
1.265468363473758684e+00
1.258189643185589457e+00
1.251336156793422250e+00
1.244909223055013614e+00
1.238911237563804724e+00
1.233345971110803907e+00
1.228218802501115592e+00
1.223536972348403751e+00
1.219309929493594957e+00
1.215549639145591332e+00
1.212270729837335193e+00
1.209490517150322964e+00
1.207228670128130288e+00
1.205505988593361888e+00
1.204341460220192506e+00
1.203746011200335753e+00
1.203709256947280481e+00
1.204171377064509274e+00
1.204962736860357264e+00
1.205669562322632338e+00
1.205319871122491726e+00
1.201599960530986166e+00
1.188727967478019343e+00
1.151026116140010824e+00
1.041057421537695760e+00
7.255566479286797987e-01
9.109685476696125495e-01
9.999585519882280282e-01
9.999999999377953142e-01
1.000000000000000000e+00
1.000000000000000000e+00
