1.000000000000000000e+00
1.000000004518020402e+00
1.000000016823350268e+00
1.000000069385204693e+00
1.000000255569248431e+00
1.000000763954907557e+00
1.000001927196187967e+00
1.000004289862362672e+00
1.000008707362447069e+00
1.000016493376831406e+00
1.000029641396311675e+00
1.000051157783599320e+00
1.000085560513273242e+00
1.000139620808429886e+00
1.000223455587015531e+00
1.000352117942570951e+00
1.000547882594381655e+00
1.000843480872493529e+00
1.001286598618614798e+00
1.001946005861664268e+00
1.002919748168063840e+00
1.004345885979622155e+00
1.006416189384515825e+00
1.009392983440539293e+00
1.013628969056276752e+00
1.019590451359201788e+00
1.027883686428900267e+00
1.039281305228059393e+00
1.054744907047658664e+00
1.075440848540404337e+00
1.102756275401740371e+00
1.138308849745604867e+00
1.183926999835664740e+00
1.241585288740028048e+00
1.313346919703552551e+00
1.401357022679937891e+00
1.507785159657490937e+00
1.634640114554013257e+00
1.783409849149576454e+00
1.954994957501084318e+00
2.149841490318339599e+00
2.367515899358258569e+00
2.605790427693153610e+00
2.859886650286791898e+00
3.122819218000686181e+00
3.385615963234401615e+00
3.636398078142567325e+00
3.858630370143548927e+00
4.032536132533865114e+00
4.139350302366771928e+00
4.162788774403189507e+00
4.089477309219607726e+00
3.910299103601063031e+00
3.625129902426312167e+00
3.245211856503351200e+00
2.789491784534595897e+00
2.279129660626301401e+00
1.736037293590765529e+00
1.183552542034640220e+00
6.432150172332049554e-01
1.315402337068008187e-01
-3.409585739522957293e-01
-7.671924397429639164e-01
-1.141742783874750922e+00
-1.461845824044946562e+00
-1.728033993190600359e+00
-1.942675602811908986e+00
-2.108009938608315981e+00
-2.226314263715027053e+00
-2.300524248685764217e+00
-2.334321358785019562e+00
-2.331164956146205558e+00
-2.293803025975294840e+00
-2.224851251525266971e+00
-2.127253379297852742e+00
-2.003978525306504999e+00
-1.857529979679280352e+00
-1.690164466756373107e+00
-1.504213619673199220e+00
-1.302158235122761853e+00
-1.086331512658657683e+00
-8.587974336486761118e-01
-6.215528590711664192e-01
-3.766843525719165142e-01
-1.262192563131498968e-01
1.280557246385145009e-01
3.844911762569715452e-01
6.414632348203851420e-01
8.973734893457279149e-01
1.150751774907864622e+00
1.400264765623515872e+00
1.644635851390020331e+00
1.882590793452626032e+00
2.112921404379536128e+00
2.334539920770141386e+00
2.546427732850527370e+00
2.747595526951705835e+00
2.937107196762944739e+00
3.114127790583284039e+00
3.277917283812060489e+00
3.427808196982150779e+00
3.563207750426355069e+00
3.683633670519762315e+00
3.788729853277484683e+00
3.878250908782091333e+00
3.952050758328434998e+00
4.010104591562914322e+00
4.052526258444976826e+00
4.079550878942461267e+00
4.091517838424441500e+00
4.088872209113481482e+00
4.072169713211129860e+00
4.042061172097458410e+00
3.999271360311780654e+00
3.944587284743972688e+00
3.878854753130670296e+00
3.802965556033780281e+00
3.717836953972389669e+00
3.624396487278505496e+00
3.523577460816685214e+00
3.416311439178451703e+00
3.303512814990137603e+00
3.186066340676966036e+00
3.064825589072741163e+00
2.940611537515187557e+00
2.814203408214476010e+00
2.686331471374243218e+00
2.557678338958467634e+00
2.428881577430532790e+00
2.300530183016980423e+00
2.173161595815968905e+00
2.047264428472304942e+00
1.923282836037434107e+00
1.801616452286586290e+00
1.682619606260126410e+00
1.566604469956741630e+00
1.453845831926990462e+00
1.344582439836141008e+00
1.239017007327010145e+00
1.137319009436383421e+00
1.039628949114514311e+00
9.460599389868959985e-01
8.566978106879056254e-01
7.716034477095352617e-01
6.908164250213386648e-01
6.143563645268602658e-01
5.422228746082535800e-01
4.743974434612489577e-01
4.108464273851433202e-01
3.515219947194638817e-01
2.963618590056679158e-01
2.452909020522986705e-01
1.982236374647041721e-01
1.550647100033940851e-01
1.157084609887614191e-01
8.004037537361780030e-02
4.793904437642645261e-02
1.927620513061951632e-02
-6.083796100702894630e-03
-2.828254067152259632e-02
-4.746591055106259838e-02
-6.378449848654292598e-02
-7.739416558009735991e-02
-8.845457247926330480e-02
-9.712793416584057649e-02
-1.035798620086880728e-01
-1.079796231366302456e-01
-1.104989415242075418e-01
-1.113114642829793055e-01
-1.105938086086701994e-01
-1.085256076014131515e-01
-1.052887404883573602e-01
-1.010677358477538729e-01
-9.605119759785243905e-02
-9.043174336677566039e-02
-8.440578294786948987e-02
-7.817506917205616079e-02
-7.194832079409720083e-02
-6.594131181698834054e-02
-6.037720643695441980e-02
-5.548807082351844139e-02
-5.151419917829928863e-02
-4.870035586029104052e-02
-4.728848142078281164e-02
-4.750178467419464978e-02
-4.950809845922822527e-02
-5.334440239746675305e-02
-5.876164797717139260e-02
-6.489082442212409929e-02
-6.950222106367454078e-02
-6.728371072755144622e-02
-4.556760893475265972e-02
2.720085993961240262e-02
2.360991528285278640e-01
8.371976952871131861e-01
2.259590402112631846e+00
1.245504862745310470e+00
1.000210380220406536e+00
1.000000000318592708e+00
1.000000000000000000e+00
1.000000000000000000e+00
