1.000000000000000000e+00
1.000000000067090555e+00
1.000000000253765675e+00
1.000000001062767208e+00
1.000000003937073334e+00
1.000000011795827426e+00
1.000000029798389534e+00
1.000000066410143829e+00
1.000000134959147635e+00
1.000000255951414285e+00
1.000000460528750468e+00
1.000000795616484028e+00
1.000001331535218974e+00
1.000002173162894525e+00
1.000003476154820214e+00
1.000005470287627540e+00
1.000008492730009024e+00
1.000013034974316595e+00
1.000019808279823730e+00
1.000029833803435020e+00
1.000044565281501541e+00
1.000066054177271679e+00
1.000097168543833792e+00
1.000141877461918627e+00
1.000205612411543710e+00
1.000295725261052482e+00
1.000422058593297914e+00
1.000597619064782506e+00
1.000839330902571600e+00
1.001168841762156925e+00
1.001613425723349549e+00
1.002206865336802588e+00
1.002989967416426431e+00
1.004010346286914102e+00
1.005321704537447847e+00
1.006982757556421415e+00
1.009054452398480350e+00
1.011594372273178166e+00
1.014647778838622783e+00
1.018240827225227685e+00
1.022376088883817369e+00
1.027023564771526898e+00
1.032109798509048604e+00
1.037514303592827813e+00
1.043083790798617017e+00
1.048649466548888798e+00
1.054035316237252218e+00
1.059059794340386551e+00
1.063563763188398958e+00
1.067450841112471682e+00
1.070688101099436240e+00
1.073289551479480020e+00
1.075303800528087050e+00
1.076828213408062895e+00
1.078010630030043160e+00
1.079018324164284559e+00
1.080005602705899737e+00
1.081115333155201252e+00
1.082495630725584412e+00
1.084285403858617158e+00
1.086595345605289475e+00
1.089500639033821550e+00
1.093056912028971928e+00
1.097310298440203225e+00
1.102287581513859749e+00
1.107988563983599128e+00
1.114394371217764856e+00
1.121480890040317924e+00
1.129217200429682988e+00
1.137560819983233884e+00
1.146457299818397502e+00
1.155848493696888246e+00
1.165677432928517998e+00
1.175884856366082420e+00
1.186406547559748503e+00
1.197176774822849676e+00
1.208133120092177215e+00
1.219215443796520359e+00
1.230363862018796883e+00
1.241518632874936801e+00
1.252622992466008389e+00
1.263624399946635890e+00
1.274473026387981767e+00
1.285120569566636339e+00
1.295521639826985538e+00
1.305635359837715948e+00
1.315424531564809429e+00
1.324854724654533022e+00
1.333894327157312043e+00
1.342515467184650646e+00
1.350694086159295981e+00
1.358409223215144124e+00
1.365642508856691473e+00
1.372378672392071453e+00
1.378605920552460562e+00
1.384315362150483564e+00
1.389500515775118128e+00
1.394157359809906183e+00
1.398284564064650626e+00
1.401883226520755477e+00
1.404956463328789873e+00
1.407509212870919679e+00
1.409548330738102262e+00
1.411082509677328956e+00
1.412121942395326402e+00
1.412678039224256610e+00
1.412763452243404050e+00
1.412392077824100589e+00
1.411578785630259292e+00
1.410339178793614590e+00
1.408689535527253511e+00
1.406646802123662887e+00
1.404228433379869356e+00
1.401452205531745543e+00
1.398336123779153617e+00
1.394898410220257512e+00
1.391157421509426895e+00
1.387131507954366016e+00
1.382838919197578731e+00
1.378297797635854582e+00
1.373526144912027958e+00
1.368541719318471905e+00
1.363361952832116364e+00
1.358003952245031565e+00
1.352484496114006784e+00
1.346819962858233133e+00
1.341026269787136460e+00
1.335118876784312514e+00
1.329112797384931710e+00
1.323022556783885584e+00
1.316862151774846890e+00
1.310645055461548303e+00
1.304384234754240035e+00
1.298092131600718346e+00
1.291780638449772534e+00
1.285461106209276005e+00
1.279144366723209858e+00
1.272840728833655843e+00
1.266559965018327905e+00
1.260311322270748047e+00
1.254103546924694168e+00
1.247944889641972033e+00
1.241843100197496996e+00
1.235805442083842909e+00
1.229838719694153593e+00
1.223949288787837819e+00
1.218143057027371690e+00
1.212425501920905813e+00
1.206801699316486065e+00
1.201276336778900333e+00
1.195853718397414278e+00
1.190537786219076688e+00
1.185332149891513032e+00
1.180240101563822641e+00
1.175264624288997473e+00
1.170408416898031989e+00
1.165673924380450810e+00
1.161063353838223344e+00
1.156578686977939086e+00
1.152221710304836888e+00
1.147994048302364956e+00
1.143897181694207177e+00
1.139932466393439370e+00
1.136101171232928309e+00
1.132404516547902418e+00
1.128843698682730157e+00
1.125419922748899459e+00
1.122134451486125561e+00
1.118988653646375564e+00
1.115984045212532472e+00
1.113122345633736465e+00
1.110405548839411560e+00
1.107835994113084643e+00
1.105416439506070381e+00
1.103150159916583162e+00
1.101041060362897728e+00
1.099093789273241972e+00
1.097313864953072926e+00
1.095707824559249310e+00
1.094283370884718387e+00
1.093049486849711371e+00
1.092016499001636554e+00
1.091196004290390542e+00
1.090600477646038735e+00
1.090242227491248883e+00
1.090131032590625271e+00
1.090269001146253469e+00
1.090639498610163516e+00
1.091183058972119202e+00
1.091743316902570982e+00
1.091939827305565824e+00
1.090849361878411639e+00
1.086138148500928713e+00
1.071432003277991818e+00
1.027272836583491999e+00
8.951987182207058469e-01
9.511790207902055538e-01
9.999729991500341253e-01
9.999999999589399557e-01
1.000000000000000000e+00
1.000000000000000000e+00
