1.000000000000000000e+00
1.000000007858994344e+00
1.000000029085999831e+00
1.000000119233266149e+00
1.000000438161451122e+00
1.000001308547366241e+00
1.000003299144098134e+00
1.000007340170387282e+00
1.000014891493470781e+00
1.000028193591253389e+00
1.000050645812806893e+00
1.000087377658126275e+00
1.000146108926385891e+00
1.000238435864550413e+00
1.000381734582840076e+00
1.000601940497803266e+00
1.000937544864263673e+00
1.001445238209550892e+00
1.002207707487546395e+00
1.003344144435180274e+00
1.005024058907019846e+00
1.007484984621848767e+00
1.011054345096357165e+00
1.016175129214881290e+00
1.023434088081766058e+00
1.033592217073612707e+00
1.047615712369580843e+00
1.066700284010735134e+00
1.092280787541705545e+00
1.126021399404470325e+00
1.169802530512841221e+00
1.225696153992455795e+00
1.295894348336717128e+00
1.382577561005994715e+00
1.487834789241591738e+00
1.613721391282558093e+00
1.762277403375018148e+00
1.935389111603554868e+00
2.134431362530648357e+00
2.360463329956743905e+00
2.614742561507338081e+00
2.898294013696049998e+00
3.210675435265278654e+00
3.548917292390204814e+00
3.908047993020192123e+00
4.281223739983671450e+00
4.657770151503881628e+00
5.019281006961265668e+00
5.340207025174161792e+00
5.593173368029534132e+00
5.749924300136156852e+00
5.780868142170661805e+00
5.657378193407207156e+00
5.362924828403722977e+00
4.902094391516778060e+00
4.297482955842331975e+00
3.580488964734505064e+00
2.788273429998127551e+00
1.964102198154159318e+00
1.149091750383086863e+00
3.742819198180528661e-01
-3.417662746535574114e-01
-9.872673382657539687e-01
-1.553341795253637914e+00
-2.036176909219261422e+00
-2.438410224698120743e+00
-2.765905615296418762e+00
-3.023553329520034971e+00
-3.215710463934757346e+00
-3.347575509430166019e+00
-3.425418790757677190e+00
-3.454633337165083251e+00
-3.438817565495577711e+00
-3.381069060310784025e+00
-3.285011414995644863e+00
-3.154240365161387061e+00
-2.991365058911823915e+00
-2.798520821487287868e+00
-2.578099965699863549e+00
-2.332969250825124963e+00
-2.065889452519984903e+00
-1.779270690745140771e+00
-1.475596752738025597e+00
-1.157745312603991827e+00
-8.286506574887437804e-01
-4.908841503238253190e-01
-1.468395832686723301e-01
2.010572174167902793e-01
5.503676050610835091e-01
8.988698983646571383e-01
1.244584905322080992e+00
1.585609709996847805e+00
1.920001834147542441e+00
2.245906778199783904e+00
2.561664900411163792e+00
2.865696985850195944e+00
3.156413256990181271e+00
3.432255041990221578e+00
3.691787808133629056e+00
3.933683494694994565e+00
4.156671176259896683e+00
4.359540921527659485e+00
4.541220531248927550e+00
4.700813559346316950e+00
4.837575052390839403e+00
4.950897662539985866e+00
5.040369181703120205e+00
5.105821883114199267e+00
5.147309259722804953e+00
5.165082798075147252e+00
5.159606329045860917e+00
5.131576319857097168e+00
5.081896970526548429e+00
5.011641265496516340e+00
4.922029864060010418e+00
4.814425692022719083e+00
4.690307026902271303e+00
4.551223013077239088e+00
4.398759692169262436e+00
4.234528353666887845e+00
4.060147376200412772e+00
3.877207380965951522e+00
3.687243122607439805e+00
3.491729225440280970e+00
3.292076609298618450e+00
3.089612913779904879e+00
2.885567627484174835e+00
2.681075765411706779e+00
2.477184543662002802e+00
2.274847120661930067e+00
2.074917619248440204e+00
1.878158376681184683e+00
1.685250549990824132e+00
1.496795107649040890e+00
1.313312151151467377e+00
1.135248453802724988e+00
9.629882109193861339e-01
7.968562457851601222e-01
6.371181986881466752e-01
4.839864957528851042e-01
3.376292513460242839e-01
1.981732868574339612e-01
6.570391001773150108e-02
-5.973066343000187767e-02
-1.781122205819551940e-01
-2.894504047389949153e-01
-3.937836145054727788e-01
-4.911757755791686386e-01
-5.817108309413318024e-01
-6.654915968845735996e-01
-7.426411788831094318e-01
-8.133003613678653210e-01
-8.776232183882193283e-01
-9.357768782075081004e-01
-9.879432330132552620e-01
-1.034316624994688016e+00
-1.075100422864693650e+00
-1.110507641594459916e+00
-1.140762738339450300e+00
-1.166099131803574052e+00
-1.186756350498910262e+00
-1.202981454934359595e+00
-1.215030725845045456e+00
-1.223167024394755442e+00
-1.227657599316108517e+00
-1.228776270283341132e+00
-1.226804337200578576e+00
-1.222028372077038627e+00
-1.214739391530122781e+00
-1.205235338613890539e+00
-1.193821417675131613e+00
-1.180808686146500364e+00
-1.166515113681082072e+00
-1.151268796032834274e+00
-1.135408033724512045e+00
-1.119281112615808427e+00
-1.103249904310436902e+00
-1.087693750964209061e+00
-1.073010340827400100e+00
-1.059617500960231995e+00
-1.047958145209451075e+00
-1.038501736672121423e+00
-1.031741189793839553e+00
-1.028185740600982667e+00
-1.028341807027244315e+00
-1.032661500361429896e+00
-1.041431118711378279e+00
-1.054535405806008574e+00
-1.070937107718624270e+00
-1.087505034998824005e+00
-1.096269588164815900e+00
-1.077594962656499566e+00
-9.817520059354234441e-01
-6.732034153836055079e-01
2.637824751953915525e-01
2.787771788233484038e+00
1.674527616973993771e+00
1.001818366943569627e+00
1.000000003108407975e+00
1.000000000000000000e+00
1.000000000000000000e+00
