1.000000000000000000e+00
1.000000001956423024e+00
1.000000007346656616e+00
1.000000030552436137e+00
1.000000112887201364e+00
1.000000337868688804e+00
1.000000852984412436e+00
1.000001900014491518e+00
1.000003859376724646e+00
1.000007316392510504e+00
1.000013161121770411e+00
1.000022738874815742e+00
1.000038076334290649e+00
1.000062219180857248e+00
1.000099732050347967e+00
1.000157431409684605e+00
1.000245447921834563e+00
1.000378746983430434e+00
1.000579272819663412e+00
1.000878922545836991e+00
1.001323607781051894e+00
1.001978720953234925e+00
1.002936337726475724e+00
1.004324455488268431e+00
1.006318474691971332e+00
1.009155461148911748e+00
1.013151479126053633e+00
1.018721072833157937e+00
1.026397420541685701e+00
1.036851730689211104e+00
1.050914471196417788e+00
1.069594158526212091e+00
1.094080095032926803e+00
1.125716490720650276e+00
1.165965950416416597e+00
1.216377995159758196e+00
1.278507782695947670e+00
1.353739123059904292e+00
1.442983349367425117e+00
1.546502497099669027e+00
1.663836803182558111e+00
1.793465830057247690e+00
1.932264753861154816e+00
2.075150573669513498e+00
2.215453153886262516e+00
2.345370585758927540e+00
2.455988296024277151e+00
2.537059216715531917e+00
2.578407985554109771e+00
2.572394477868738871e+00
2.514557385773399822e+00
2.403360764644289382e+00
2.240026960535603795e+00
2.029600891100936000e+00
1.781018156422616849e+00
1.505075846790612015e+00
1.212211065548992828e+00
9.122295611143730332e-01
6.149510310629739962e-01
3.292321273247574287e-01
6.188577242931764255e-02
-1.826277645089081081e-01
-4.011870116993386248e-01
-5.913410513409679270e-01
-7.517289837854300716e-01
-8.823719765321061947e-01
-9.841343408447397190e-01
-1.057960832819708985e+00
-1.104942268157789842e+00
-1.126557067917928201e+00
-1.124694772365997686e+00
-1.101248271692747416e+00
-1.057892536782077730e+00
-9.962924154976802171e-01
-9.182648480431048199e-01
-8.256354684752494899e-01
-7.200247132715146270e-01
-6.029241671482891141e-01
-4.758175425430046235e-01
-3.402053645423449013e-01
-1.974843365699911202e-01
-4.890114216375650996e-02
1.043621691136749352e-01
2.611204611756488547e-01
4.202413508037552425e-01
5.807139257191233916e-01
7.416032927501748917e-01
9.020027592720079035e-01
1.061032458963357961e+00
1.217880702128216086e+00
1.371807516156113405e+00
1.522112478245195133e+00
1.668113394636190128e+00
1.809173539591946822e+00
1.944724808936183491e+00
2.074247297322008077e+00
2.197253299850870256e+00
2.313297197365935531e+00
2.421994684460241132e+00
2.523019222720879196e+00
2.616091480692439131e+00
2.700978537035909621e+00
2.777506569668737324e+00
2.845564999808792184e+00
2.905097792072182994e+00
2.956096478178380504e+00
2.998606942148684951e+00
3.032734497872954460e+00
3.058635052052111281e+00
3.076506810100843037e+00
3.086589864232975877e+00
3.089167582610930385e+00
3.084560010797794405e+00
3.073115329880578894e+00
3.055205396193898970e+00
3.031224826497433522e+00
3.001586405489813814e+00
2.966713435965139478e+00
2.927034232163560290e+00
2.882980864594839154e+00
2.834986610662779238e+00
2.783480081223532743e+00
2.728880399195376061e+00
2.671596637188561552e+00
2.612027183174819189e+00
2.550555859986029628e+00
2.487548722076257324e+00
2.423354181174018684e+00
2.358303612924157910e+00
2.292709450075368416e+00
2.226863464623907163e+00
2.161037344123367454e+00
2.095483951685909396e+00
2.030436828428329843e+00
1.966109437023183748e+00
1.902696029181941251e+00
1.840373223852891371e+00
1.779300256917289103e+00
1.719618740657576694e+00
1.661453595899734070e+00
1.604914631618657994e+00
1.550097090999354998e+00
1.497081643586824828e+00
1.445935311560681003e+00
1.396712962211592579e+00
1.349457911474854610e+00
1.304201980100568647e+00
1.260966359930014713e+00
1.219762944476006972e+00
1.180594850550014563e+00
1.143456460853253587e+00
1.108334238654268500e+00
1.075207891655695969e+00
1.044050746996875612e+00
1.014829749367104128e+00
9.875062204309490443e-01
9.620368286158884619e-01
9.383737793653195158e-01
9.164647682563452635e-01
8.962537404128971819e-01
8.776817149440604426e-01
8.606867807113138813e-01
8.452040278598651479e-01
8.311662971003997979e-01
8.185048377049669588e-01
8.071491175750631353e-01
7.970268680496231939e-01
7.880647209010167575e-01
7.801885792726079849e-01
7.733233520632053493e-01
7.673931010512652362e-01
7.623215298022349984e-01
7.580320117239452982e-01
7.544472219894456932e-01
7.514893971261559225e-01
7.490806913458858407e-01
7.471428526623635769e-01
7.455969162926120442e-01
7.443635748566452826e-01
7.433635101876814311e-01
7.425173079503314399e-01
7.417463023289886381e-01
7.409746635325261677e-01
7.401327827954283789e-01
7.391637190596651585e-01
7.380369639255193182e-01
7.367753969614035947e-01
7.355086840208758803e-01
7.345855459214418737e-01
7.348185539058635918e-01
7.380460352165688631e-01
7.485154025891220808e-01
7.765978045293917553e-01
8.498804509077139135e-01
1.049404420119761205e+00
1.452817170624151499e+00
1.006406714357689802e+00
9.999908267234232095e-01
9.999999999839652709e-01
1.000000000000000000e+00
1.000000000000000000e+00
