1.000000000000000000e+00
1.000000003443834995e+00
1.000000012860683185e+00
1.000000053193866867e+00
1.000000196143284725e+00
1.000000586571920147e+00
1.000001480114509400e+00
1.000003295451595386e+00
1.000006690592755376e+00
1.000012676616403251e+00
1.000022788610435365e+00
1.000039342659294395e+00
1.000065820647052517e+00
1.000107442534198032e+00
1.000172009760447622e+00
1.000271134521643290e+00
1.000422009574068571e+00
1.000649920690819927e+00
1.000991754758270957e+00
1.001500808410645593e+00
1.002253262840320236e+00
1.003356753956227365e+00
1.004961437900059096e+00
1.007273830321610442e+00
1.010573461967004594e+00
1.015232883519305851e+00
1.021741051351957807e+00
1.030728059721158330e+00
1.042988423117877650e+00
1.059500582970372529e+00
1.081447590520592694e+00
1.110233243211997456e+00
1.147474329364853052e+00
1.194954107440688640e+00
1.254573404335706854e+00
1.328330589219425484e+00
1.418248874527509473e+00
1.526186337049708852e+00
1.653488198443853197e+00
1.800857743052343141e+00
1.968386188899886147e+00
2.155143920387980305e+00
2.358394566346597276e+00
2.572978357993481069e+00
2.791647549423400321e+00
3.005375592238598959e+00
3.202841547561134927e+00
3.369389682972009581e+00
3.488591175307706571e+00
3.545925024447508900e+00
3.530055968523347243e+00
3.433065614744178706e+00
3.251113949950995785e+00
2.987360720160175287e+00
2.653013289201531677e+00
2.264160455612968637e+00
1.837675772255193740e+00
1.390323753870744250e+00
9.394926325068478912e-01
5.010799026750762941e-01
8.730669825283790542e-02
-2.939341005569988119e-01
-6.372267159591237240e-01
-9.383840774183893618e-01
-1.195171514350219066e+00
-1.407790199918916851e+00
-1.577849582183250110e+00
-1.706959662437411707e+00
-1.796849783750436025e+00
-1.849813712152150957e+00
-1.868766320189589214e+00
-1.856528925489363324e+00
-1.815457470662480199e+00
-1.747846185164978250e+00
-1.656246093746459369e+00
-1.543229511468376947e+00
-1.411021163997655092e+00
-1.261648065401677066e+00
-1.097165641597729779e+00
-9.197065788837961442e-01
-7.312638861314844085e-01
-5.336044741736841734e-01
-3.284186708949171085e-01
-1.174374618053500713e-01
9.767193843841917578e-02
3.154337381082690239e-01
5.344852936770789764e-01
7.534936073303003523e-01
9.711538794120908591e-01
1.186263646598568089e+00
1.397728902265599427e+00
1.604506069284437730e+00
1.805563071077768145e+00
1.999926741788886408e+00
2.186723350011464451e+00
2.365141902568848931e+00
2.534405635225077447e+00
2.693789885539846551e+00
2.842657159363788377e+00
2.980452244706551124e+00
3.106685220302532358e+00
3.220932107508387432e+00
3.322859795668230198e+00
3.412235988020679844e+00
3.488916297054810656e+00
3.552834269192015171e+00
3.604015751497468667e+00
3.642589994927966313e+00
3.668775588303148982e+00
3.682866932421841710e+00
3.685234391725712655e+00
3.676327290939755077e+00
3.656662266169582676e+00
3.626807810340449301e+00
3.587375878684635477e+00
3.539019674913295166e+00
3.482424736593103365e+00
3.418294496736723698e+00
3.347339716149951183e+00
3.270275625573361378e+00
3.187816846343467958e+00
3.100666479180665736e+00
3.009507239982605942e+00
2.915000410970864930e+00
2.817784796170201833e+00
2.718469976999223991e+00
2.617630909108866977e+00
2.515808606400237846e+00
2.413511748016649250e+00
2.311213812377342691e+00
2.209350583950649316e+00
2.108321797374323570e+00
2.008493990247444128e+00
1.910200166538571276e+00
1.813738961997632737e+00
1.719376687451805941e+00
1.627350590626861937e+00
1.537869669829082797e+00
1.451114552328172325e+00
1.367239426325971952e+00
1.286375075700759485e+00
1.208630000608611255e+00
1.134090495466827164e+00
1.062822361752795208e+00
9.948735924752790671e-01
9.302754198667462227e-01
8.690423494195659293e-01
8.111736223618492003e-01
7.566554846934900880e-01
7.054619817184405450e-01
6.575548780069712107e-01
6.128849515944296833e-01
5.713939021672366225e-01
5.330148349440947397e-01
4.976720648094558053e-01
4.652822843190356772e-01
4.357561053468317902e-01
4.089982017536297199e-01
3.849070289966575187e-01
3.633759920229272522e-01
3.442947296102813470e-01
3.275489149206543549e-01
3.130199440515466502e-01
3.005860924813568147e-01
2.901235067106157084e-01
2.815056759274605080e-01
2.746033235512295168e-01
2.692853562969847458e-01
2.654193293052063418e-01
2.628707620958631308e-01
2.615031825325495052e-01
2.611787663810662963e-01
2.617581293985674074e-01
2.630993831607043032e-01
2.650582824602911725e-01
2.674885047095747481e-01
2.702406626940920820e-01
2.731612944779334695e-01
2.760930089650983077e-01
2.788745108009191842e-01
2.813398509300713557e-01
2.833193805881799032e-01
2.846431132399185326e-01
2.851469029649636444e-01
2.846852565033349824e-01
2.831597966557197754e-01
2.805768885237170940e-01
2.771647815305771645e-01
2.736235288013034728e-01
2.716761134411213585e-01
2.753444852080244032e-01
2.941091316789806176e-01
3.514242802636196594e-01
5.102454575574304485e-01
9.586959836117991962e-01
1.962237467981274186e+00
1.131988906744188395e+00
1.000073785744158616e+00
1.000000000107191811e+00
1.000000000000000000e+00
1.000000000000000000e+00
