1.000000000000000000e+00
1.000000000701399827e+00
1.000000002653117948e+00
1.000000011111594311e+00
1.000000041163989994e+00
1.000000123332648316e+00
1.000000311571377365e+00
1.000000694452158889e+00
1.000001411619059200e+00
1.000002678583781002e+00
1.000004824522396696e+00
1.000008350120612954e+00
1.000014016040063902e+00
1.000022977648075351e+00
1.000036988737746046e+00
1.000058706585739143e+00
1.000092143697586033e+00
1.000143328210274296e+00
1.000221254822932782e+00
1.000339231700087650e+00
1.000516759473823791e+00
1.000782116280091394e+00
1.001175842934575844e+00
1.001755324545799297e+00
1.002600640275257637e+00
1.003822033951114356e+00
1.005569260190425362e+00
1.008042475193583698e+00
1.011504024869092522e+00
1.016290392393177422e+00
1.022825374120114539e+00
1.031631900904306454e+00
1.043334704781172073e+00
1.058645700701902337e+00
1.078338762223283620e+00
1.103219605685813454e+00
1.134060644738751789e+00
1.171475335934328621e+00
1.215718228144879287e+00
1.266546685018421048e+00
1.323147256829574347e+00
1.383949222386642308e+00
1.446377478507353542e+00
1.506771424594181674e+00
1.560746130911550233e+00
1.603634763594535384e+00
1.630709529230572441e+00
1.637248199711377250e+00
1.619307115776588368e+00
1.574826303305752795e+00
1.503681293334698355e+00
1.407243287429343459e+00
1.288005663200284756e+00
1.149855031970945518e+00
9.979806419991443800e-01
8.379452067028732021e-01
6.747682227843844194e-01
5.129266564433564435e-01
3.567584196450719891e-01
2.101053274902086876e-01
7.588018089699707924e-02
-4.404824612465880335e-02
-1.483963681201402596e-01
-2.361699243690281447e-01
-3.068615843303019730e-01
-3.605935883301451539e-01
-3.978852539814976552e-01
-4.193138883302436892e-01
-4.255447575376163916e-01
-4.174388610668535171e-01
-3.960608115249142358e-01
-3.624897747780988499e-01
-3.177139086228328302e-01
-2.627195005615538537e-01
-1.985604595099518810e-01
-1.262894768554273517e-01
-4.685813358445875543e-02
3.884999769261639202e-02
1.299649976936468887e-01
2.256196205226886076e-01
3.250044060658403566e-01
4.273883156614810552e-01
5.320789700314700887e-01
6.383909408025610910e-01
7.456710912659240131e-01
8.533298526776516013e-01
9.608200360318951416e-01
1.067614678820076657e+00
1.173206532643491506e+00
1.277127410388958495e+00
1.378950009749439820e+00
1.478273191595339098e+00
1.574712284475237034e+00
1.667911918799347193e+00
1.757556793978803933e+00
1.843362076133693517e+00
1.925065765779771620e+00
2.002433013639938864e+00
2.075264634966814015e+00
2.143394914101377502e+00
2.206686089468597789e+00
2.265027344278941257e+00
2.318340027235274103e+00
2.366578876238202511e+00
2.409727304985084473e+00
2.447793550474060442e+00
2.480813266174700438e+00
2.508851379934356807e+00
2.531997587814876383e+00
2.550362199454367040e+00
2.564075719456767821e+00
2.573289335897328556e+00
2.578171786931815479e+00
2.578905395761616592e+00
2.575684039720563590e+00
2.568712787451803869e+00
2.558205859705187990e+00
2.544383190208213907e+00
2.527467971887183751e+00
2.507686147776778451e+00
2.485265287405018952e+00
2.460431908934668233e+00
2.433409257834276307e+00
2.404417014642162620e+00
2.373670943831418079e+00
2.341381024275166034e+00
2.307749867243218400e+00
2.272972643549255434e+00
2.237237218692369911e+00
2.200723122604324899e+00
2.163600598569194844e+00
2.126030702217883039e+00
2.088165717274970579e+00
2.050148769033389051e+00
2.012113325235525885e+00
1.974183451286620317e+00
1.936474404320094322e+00
1.899092630439283447e+00
1.862135549596770412e+00
1.825691892214778234e+00
1.789842348105007197e+00
1.754659755292359291e+00
1.720209047434183569e+00
1.686547642672415082e+00
1.653726105510515909e+00
1.621788412333480034e+00
1.590771975564349461e+00
1.560708049145682841e+00
1.531622356630600867e+00
1.503535355781471683e+00
1.476462289564411501e+00
1.450413597679982347e+00
1.425395494454213097e+00
1.401410189085308788e+00
1.378455936349440414e+00
1.356527440530352902e+00
1.335616359670007247e+00
1.315711454349723475e+00
1.296798629697227367e+00
1.278861350422134224e+00
1.261881088711567234e+00
1.245837393631413770e+00
1.230707933528376596e+00
1.216468917674054850e+00
1.203095480134332762e+00
1.190561677985776168e+00
1.178840602648741909e+00
1.167904770169712947e+00
1.157726397180570910e+00
1.148277393259749646e+00
1.139529554273665424e+00
1.131454926432811536e+00
1.124025973974627890e+00
1.117215582309630584e+00
1.110997369876330021e+00
1.105346065869335037e+00
1.100237595240825872e+00
1.095649186947971643e+00
1.091559796110270986e+00
1.087950482515934070e+00
1.084804512751362360e+00
1.082107691504157865e+00
1.079848842692114674e+00
1.078020028444431011e+00
1.076616452230088949e+00
1.075636255319711632e+00
1.075079270335745685e+00
1.074942990102017548e+00
1.075213024785431681e+00
1.075840046198683009e+00
1.076682128405502148e+00
1.077354547743828883e+00
1.076809820414515562e+00
1.072027633169723160e+00
1.052895319090802140e+00
9.580631543504715131e-01
9.351188732468367348e-01
9.999649650441272408e-01
9.999999999468700551e-01
1.000000000000000000e+00
1.000000000000000000e+00
