1.000000000000000000e+00
1.000000010888039581e+00
1.000000040146916902e+00
1.000000163960473198e+00
1.000000601662331290e+00
1.000001795799441817e+00
1.000004526054039111e+00
1.000010067063315411e+00
1.000020418801764954e+00
1.000038651794648903e+00
1.000069431115030438e+00
1.000119815338692764e+00
1.000200472913091110e+00
1.000327521976246858e+00
1.000525282527946480e+00
1.000830331486634694e+00
1.001297371999928520e+00
1.002007551087590320e+00
1.003079949144595417e+00
1.004686991475406410e+00
1.007074511368488023e+00
1.010587072633709393e+00
1.015698475225808250e+00
1.023046164775464062e+00
1.033466551307326675e+00
1.048029952178461510e+00
1.068071233623191896e+00
1.095203712298654430e+00
1.131303422660797864e+00
1.178457926486906393e+00
1.238909711633391142e+00
1.314984988535930821e+00
1.408958887656764469e+00
1.522848520260065897e+00
1.658322310949388090e+00
1.816855782002858799e+00
1.999853770636593087e+00
2.208574236814528025e+00
2.443782487701464223e+00
2.706259413467447583e+00
2.997737015981752240e+00
3.320450132922474040e+00
3.675591369536518549e+00
4.062017711607588843e+00
4.477071787970072769e+00
4.916759500664444893e+00
5.372977842932542991e+00
5.827697471813600316e+00
6.252799088639725333e+00
6.616413637705305106e+00
6.882948188016550617e+00
7.010533989606909877e+00
6.952346311632315867e+00
6.673576873590430836e+00
6.168776843487516537e+00
5.461051691426500376e+00
4.589562984901368381e+00
3.605512672469679103e+00
2.572784267026467564e+00
1.552888624769642067e+00
5.904484514840077081e-01
-2.908832346667452051e-01
-1.077773619789129445e+00
-1.760126160182502453e+00
-2.335035767566268738e+00
-2.809421282947837550e+00
-3.194443975516283007e+00
-3.498383645598673652e+00
-3.727751053836882988e+00
-3.889937742219318206e+00
-3.993787134633229652e+00
-4.046388436479052331e+00
-4.051642782403217069e+00
-4.012557106110102190e+00
-3.933012348126055713e+00
-3.816817411171746333e+00
-3.666061286250478890e+00
-3.481973783147777723e+00
-3.266177423932708823e+00
-3.021098170623850443e+00
-2.749023429681030972e+00
-2.451725103591237964e+00
-2.131240376268698444e+00
-1.790476381296451702e+00
-1.432655831307956040e+00
-1.060579319619400218e+00
-6.769233845228734836e-01
-2.845770390520309667e-01
1.134213445745561322e-01
5.143126333169761866e-01
9.156850815401469390e-01
1.315202279659591245e+00
1.710413050540902313e+00
2.098976268569569203e+00
2.478846013478541277e+00
2.848071408420179473e+00
3.204634036708464251e+00
3.546510144789587038e+00
3.871819158449320675e+00
4.178781276671712064e+00
4.465620222922406235e+00
4.730557369430761661e+00
4.971932567265111125e+00
5.188261902600348030e+00
5.378192175124628882e+00
5.540477010031239047e+00
5.674080373192105675e+00
5.778271074543503971e+00
5.852596101193621614e+00
5.896856583426147047e+00
5.911150666884464222e+00
5.895927856335804407e+00
5.851964912456971923e+00
5.780316031444372449e+00
5.682292103436577868e+00
5.559464940952309142e+00
5.413631175497013004e+00
5.246742483316055861e+00
5.060851443830808094e+00
4.858094181870354689e+00
4.640659687154436774e+00
4.410728539777627688e+00
4.170422623761246506e+00
3.921796276504905698e+00
3.666828282094770408e+00
3.407385729516782202e+00
3.145196309134666190e+00
2.881853445335019082e+00
2.618826742132985608e+00
2.357449863800886281e+00
2.098910895138931476e+00
1.844264358342032617e+00
1.594449076764073103e+00
1.350289128221864088e+00
1.112491902743931504e+00
8.816605948913475155e-01
6.583122017360999445e-01
4.428821810569131823e-01
2.357238077583998226e-01
3.711766725408952722e-02
-1.527137885495467584e-01
-3.336020533464881255e-01
-5.054340292783218169e-01
-6.681453219690333123e-01
-8.217088917822978900e-01
-9.661323700865588338e-01
-1.101460657381922559e+00
-1.227771248549592631e+00
-1.345165568357577390e+00
-1.453767929458047226e+00
-1.553728909372485534e+00
-1.645221637440531959e+00
-1.728434963080055731e+00
-1.803573853975343200e+00
-1.870863133437285608e+00
-1.930544140566689215e+00
-1.982869436322456824e+00
-2.028104529086215191e+00
-2.066531595323849224e+00
-2.098445690467015456e+00
-2.124150291473541508e+00
-2.143960247991941070e+00
-2.158205139887245050e+00
-2.167225040787212897e+00
-2.171367032341812831e+00
-2.170989292112706970e+00
-2.166462900606893616e+00
-2.158168165071570055e+00
-2.146493303195985636e+00
-2.131838827556968408e+00
-2.114618121526840699e+00
-2.095254918551408885e+00
-2.074185014617394796e+00
-2.051861659550944683e+00
-2.028755419160733542e+00
-2.005353470288159468e+00
-1.982165515129534539e+00
-1.959730201910421910e+00
-1.938616410478882779e+00
-1.919426415453793000e+00
-1.902805129538399642e+00
-1.889444437211117656e+00
-1.880081823439891275e+00
-1.875496246548083334e+00
-1.876491277961026993e+00
-1.883837854198056050e+00
-1.898144428405233564e+00
-1.919576917976679287e+00
-1.947226190109043298e+00
-1.977669817119563911e+00
-2.001604722155228888e+00
-1.995533203197428884e+00
-1.899551006331093195e+00
-1.549757915843296585e+00
-4.324105368504491675e-01
2.817196918220878032e+00
2.145023343045254549e+00
1.007989339711957477e+00
1.000000015787388952e+00
1.000000000000000000e+00
1.000000000000000000e+00
