1.000000000000000000e+00
1.000000005412664317e+00
1.000000020114998112e+00
1.000000082798843781e+00
1.000000304749780300e+00
1.000000910695011846e+00
1.000002296951465253e+00
1.000005112106783001e+00
1.000010374625159182e+00
1.000019648120332283e+00
1.000035304826017324e+00
1.000060921955442161e+00
1.000101875699821230e+00
1.000166225177426149e+00
1.000266015140425679e+00
1.000419172594900541e+00
1.000652230458930703e+00
1.001004177231675785e+00
1.001531796107909322e+00
1.002316913325980829e+00
1.003476033522362698e+00
1.005172885223411861e+00
1.007634269117102077e+00
1.011169299351054152e+00
1.016191628590404017e+00
1.023244958004659644e+00
1.033031209135173212e+00
1.046437366233180954e+00
1.064556074374482852e+00
1.088696497386291151e+00
1.120394505135728025e+00
1.161415064454768498e+00
1.213720534062589618e+00
1.279389521364536320e+00
1.360552657726741943e+00
1.459399695901010929e+00
1.578138515006566100e+00
1.718818876407267160e+00
1.882969041725036208e+00
2.071591195236743399e+00
2.285389117452825580e+00
2.524338707054341935e+00
2.786681433150114184e+00
3.068072969013253992e+00
3.361956152827979771e+00
3.659732065570470816e+00
3.949529048039185586e+00
4.213856501614011485e+00
4.430820257173002652e+00
4.578721081885044342e+00
4.637512717484804092e+00
4.589211386279016480e+00
4.419718945919275832e+00
4.125231906550578032e+00
3.716074555926328404e+00
3.212888512780271544e+00
2.640037821637357673e+00
2.023663405837833107e+00
1.392259904340080068e+00
7.723386025397760424e-01
1.841702702291996285e-01
-3.595145513196699727e-01
-8.502554498075913791e-01
-1.281631313353719159e+00
-1.650498496144762628e+00
-1.957786119737729091e+00
-2.206626766273388718e+00
-2.399870312175631515e+00
-2.540300950733199503e+00
-2.631423478691678586e+00
-2.677579911282833791e+00
-2.682749225081121569e+00
-2.649953555891832568e+00
-2.582002831607428828e+00
-2.482089065978177356e+00
-2.353425564969066741e+00
-2.198646477678102507e+00
-2.020094137772804999e+00
-1.820233393535882094e+00
-1.601754080554876891e+00
-1.367203059607958071e+00
-1.118830589261746944e+00
-8.588412699601293276e-01
-5.895869344610306095e-01
-3.133744098069572437e-01
-3.223134377313224830e-02
2.519692130994483081e-01
5.373724066952004774e-01
8.221440341104614413e-01
1.104600981984850350e+00
1.383222608185875613e+00
1.656550131061673703e+00
1.923117773179181977e+00
2.181531187116996229e+00
2.430534192247078007e+00
2.668943341092307797e+00
2.895596847739806190e+00
3.109383411487630422e+00
3.309301495442988905e+00
3.494451340696778541e+00
3.664007198957037748e+00
3.817220662362617478e+00
3.953466562575115972e+00
4.072264162420133893e+00
4.173259740374380300e+00
4.256214429858614423e+00
4.321033950011184288e+00
4.367792665678622122e+00
4.396713941407531578e+00
4.408150702434786794e+00
4.402588788256706742e+00
4.380654404325690976e+00
4.343095450951341085e+00
4.290755441402745340e+00
4.224558925228953044e+00
4.145507056719213601e+00
4.054661156800785093e+00
3.953116465084944853e+00
3.841982524940313670e+00
3.722376999197282377e+00
3.595415762662602877e+00
3.462193108102059824e+00
3.323765797810304345e+00
3.181150997413920933e+00
3.035324466317254277e+00
2.887209110130347867e+00
2.737666106312821590e+00
2.587496800537213648e+00
2.437446301292296891e+00
2.288199378943103213e+00
2.140377064632591697e+00
1.994540445786572525e+00
1.851196499413750196e+00
1.710798313161512541e+00
1.573744370473662668e+00
1.440382747491632864e+00
1.311017305194717375e+00
1.185909515958095684e+00
1.065278570866678320e+00
9.493049590436103413e-01
8.381358553244231402e-01
7.318870932465290080e-01
6.306432592334776377e-01
5.344605606886544402e-01
4.433713118798349173e-01
3.573855263633656243e-01
2.764907168445319696e-01
2.006541426126220440e-01
1.298264221609069513e-01
6.394256793886433921e-02
2.921497643931443653e-03
-5.333207876718669416e-02
-1.049247181109275867e-01
-1.519737710528680785e-01
-1.946080782126193010e-01
-2.329662966650465905e-01
-2.671945761661166929e-01
-2.974466466411024856e-01
-3.238846226077525814e-01
-3.466772881054738797e-01
-3.659981716926158368e-01
-3.820261739916562260e-01
-3.949463727332461760e-01
-4.049482759060942794e-01
-4.122243514444559054e-01
-4.169711721841102281e-01
-4.193898226478474656e-01
-4.196844696763088467e-01
-4.180617652093331915e-01
-4.147322301596874095e-01
-4.099103781995540041e-01
-4.038138149745277294e-01
-3.966638117102971317e-01
-3.886871663478834726e-01
-3.801162037935826854e-01
-3.711885887683882834e-01
-3.621493846640821967e-01
-3.532532345602157342e-01
-3.447646663371828901e-01
-3.369587842805949474e-01
-3.301235606000933465e-01
-3.245595777461406928e-01
-3.205762180762551927e-01
-3.184839501412007889e-01
-3.185767268242741257e-01
-3.210900050314176024e-01
-3.261130965968354611e-01
-3.334074828399702373e-01
-3.420130996217601860e-01
-3.493711083597998424e-01
-3.492795270296061849e-01
-3.268122174444337280e-01
-2.445978604601899697e-01
-1.541644378619273304e-03
7.082095750883764529e-01
2.458950588004988003e+00
1.350737104709216041e+00
1.000413570518381645e+00
1.000000000645320020e+00
1.000000000000000000e+00
1.000000000000000000e+00
