1.000000000000000000e+00
1.000000007168307503e+00
1.000000026556961297e+00
1.000000108977734170e+00
1.000000400631220199e+00
1.000001196653799163e+00
1.000003017323545240e+00
1.000006713699146177e+00
1.000013621577384715e+00
1.000025791107839179e+00
1.000046332533000903e+00
1.000079937619658299e+00
1.000133663446240773e+00
1.000218102352787186e+00
1.000349110673368180e+00
1.000550330012727196e+00
1.000856809877127551e+00
1.001320122558815973e+00
1.002015434957850504e+00
1.003051055434639682e+00
1.004581018140884963e+00
1.006821278729448155e+00
1.010069836711842584e+00
1.014730581778326091e+00
1.021339860919788123e+00
1.030595707457952814e+00
1.043388297282774602e+00
1.060825481529205083e+00
1.084246298022321309e+00
1.115218020386160136e+00
1.155530653492331306e+00
1.207180839956180751e+00
1.272312599075482664e+00
1.353100668442626553e+00
1.451674606678830193e+00
1.570160220849718957e+00
1.710679129484734551e+00
1.875198197689945445e+00
2.065169016725286522e+00
2.281662952143127754e+00
2.525800554214673088e+00
2.798321035522995270e+00
3.098411437327599938e+00
3.422701083826313884e+00
3.765735242248330117e+00
4.120106079330489557e+00
4.474685394778097347e+00
4.811151637190875796e+00
5.104755280081871405e+00
5.329441428332126307e+00
5.458983160597290052e+00
5.466872266326401331e+00
5.328615901470256766e+00
5.031545175439415374e+00
4.582227406370210865e+00
4.003021203523159599e+00
3.323556274980305592e+00
2.577955178409485182e+00
1.805214447660242971e+00
1.042186020449915596e+00
3.168206110117996466e-01
-3.538914546235656378e-01
-9.590017144418889750e-01
-1.490257170197553771e+00
-1.943961682524041557e+00
-2.322163031306705427e+00
-2.629849534889085572e+00
-2.871280755493980763e+00
-3.050347184870082273e+00
-3.171752960124161635e+00
-3.241206429628970209e+00
-3.263701039977357166e+00
-3.242695526192372224e+00
-3.181236271132220406e+00
-3.082851631097779599e+00
-2.951060107271519239e+00
-2.788524724499560570e+00
-2.597497271380734940e+00
-2.380450804678960974e+00
-2.140259290121073299e+00
-1.879680312187065327e+00
-1.601136124667144056e+00
-1.307081264684637034e+00
-1.000280740920215905e+00
-6.835171822109163964e-01
-3.592299753015699149e-01
-2.968263494745726830e-02
3.028494020510613116e-01
6.360915626018689428e-01
9.679676544726097953e-01
1.296620104220368663e+00
1.620263737681407745e+00
1.937084271164104754e+00
2.245350264935284557e+00
2.543507385533520626e+00
2.830079409758607056e+00
3.103589955332399342e+00
3.362600519209578476e+00
3.605793453874219789e+00
3.831957880147796036e+00
4.039947682348979718e+00
4.228685801080902529e+00
4.397231880190187958e+00
4.544815448319214468e+00
4.670814066763575134e+00
4.774740088679021000e+00
4.856289419764898696e+00
4.915382674669551477e+00
4.952142611151947094e+00
4.966871541693190117e+00
4.960061607744309597e+00
4.932410368783633814e+00
4.884797178293059261e+00
4.818247643711707440e+00
4.733914008454255473e+00
4.633069577824985075e+00
4.517084726748691104e+00
4.387387882785430904e+00
4.245435897275469550e+00
4.092704016201687445e+00
3.930670284118527036e+00
3.760785449447186402e+00
3.584448726981046995e+00
3.403004283767364413e+00
3.217738292961356716e+00
3.029861996242560362e+00
2.840498796741635079e+00
2.650687442911253022e+00
2.461387799689412237e+00
2.273475333477994464e+00
2.087736688488820658e+00
1.904875899741883094e+00
1.725523546481560144e+00
1.550237552568588750e+00
1.379502545439046823e+00
1.213736388211863026e+00
1.053299541122915350e+00
8.984978804277409248e-01
7.495829067383006361e-01
6.067570033473965729e-01
4.701812731310021642e-01
3.399782682954636259e-01
2.162319059749814310e-01
9.899143455804100544e-02
-1.172226436782786672e-02
-1.159146730622185040e-01
-2.136182889091450543e-01
-3.048896799092272736e-01
-3.898045481851042937e-01
-4.684565980355876458e-01
-5.409586400908017456e-01
-6.074401907357284136e-01
-6.680435213569656527e-01
-7.229233323174110160e-01
-7.722481297791295995e-01
-8.161981006827808693e-01
-8.549620231859134112e-01
-8.887377081730727379e-01
-9.177334740814645508e-01
-9.421658988879132446e-01
-9.622572521733873119e-01
-9.782366610974034815e-01
-9.903415160570248066e-01
-9.988151078814825334e-01
-1.003904659158536328e+00
-1.005863179785858597e+00
-1.004950218587387534e+00
-1.001429901738293049e+00
-9.955701809490542509e-01
-9.876449756948249004e-01
-9.779344495552744210e-01
-9.667237716207001119e-01
-9.543040358992915806e-01
-9.409750661695394092e-01
-9.270454894308806093e-01
-9.128325492553057696e-01
-8.986652477205898659e-01
-8.848877233623125838e-01
-8.718599765844357030e-01
-8.599593418972998338e-01
-8.495846151574676375e-01
-8.411569620725345420e-01
-8.351165245958406258e-01
-8.319149172901183498e-01
-8.319961430738656016e-01
-8.357471870469262987e-01
-8.433921227546913313e-01
-8.547694087889180503e-01
-8.688427847776934998e-01
-8.826029501139737166e-01
-8.884980563720417113e-01
-8.680399231407173177e-01
-7.745374522152901342e-01
-4.809691191376901931e-01
4.007111978047535050e-01
2.725240378682833420e+00
1.578326469259137665e+00
1.001241547919950348e+00
1.000000002064427518e+00
1.000000000000000000e+00
1.000000000000000000e+00
