1.000000000000000000e+00
1.000000005934460923e+00
1.000000022031837688e+00
1.000000090597685132e+00
1.000000333326411139e+00
1.000000995938166604e+00
1.000002511714973785e+00
1.000005589629078928e+00
1.000011342789050683e+00
1.000021479891501031e+00
1.000038593119185082e+00
1.000066591502788205e+00
1.000111350831297985e+00
1.000181681486845164e+00
1.000290755586919156e+00
1.000458185399664135e+00
1.000713007889364015e+00
1.001097900871186219e+00
1.001675023694456046e+00
1.002533931469139716e+00
1.003802066810102644e+00
1.005658370017884051e+00
1.008350383832309127e+00
1.012214867949939201e+00
1.017701356227936671e+00
1.025398864447500502e+00
1.036064905578359507e+00
1.050652221119817487e+00
1.070327694109945327e+00
1.096479654485759125e+00
1.130723955217617149e+00
1.174901394336931970e+00
1.231038352512788148e+00
1.301255510182476094e+00
1.387699923065659480e+00
1.492561297685088384e+00
1.618041972384215432e+00
1.766187370243563537e+00
1.938522498479149370e+00
2.136086594321639165e+00
2.359718781216535000e+00
2.609627801924977675e+00
2.884335369059180199e+00
3.179775592569610509e+00
3.489692621966745456e+00
3.805792955318851867e+00
4.116345583229202632e+00
4.403494013185239808e+00
4.644341002856292810e+00
4.815715498752974888e+00
4.895567483728238578e+00
4.863285658966734815e+00
4.701730392890850041e+00
4.404649829486706025e+00
3.981489388452491784e+00
3.453604728487400077e+00
2.847061142864365291e+00
2.190418413620454974e+00
1.515243283223308479e+00
8.510441237784123203e-01
2.203390097650967383e-01
-3.628521537269720487e-01
-8.892919397085200517e-01
-1.351990334768488511e+00
-1.747609383556373741e+00
-2.077360890266002791e+00
-2.344878216641731683e+00
-2.553401476320827701e+00
-2.706029616343425648e+00
-2.806613371072990581e+00
-2.859890962551248528e+00
-2.870142729748869748e+00
-2.840533189380101575e+00
-2.773960270460597677e+00
-2.673733677962717881e+00
-2.543178192802030946e+00
-2.384965397610512738e+00
-2.201444701145068183e+00
-1.995117597138334142e+00
-1.768760014075365650e+00
-1.525011282249737921e+00
-1.266201221334259053e+00
-9.946323938077253901e-01
-7.127958931374641649e-01
-4.231512657919996867e-01
-1.278579798529265732e-01
1.710874931108523067e-01
4.717004562510733190e-01
7.720126982297401685e-01
1.070220916458782590e+00
1.364700176632494211e+00
1.653890498354149141e+00
1.936218861520666579e+00
2.210186861583816054e+00
2.474445095298073216e+00
2.727718569999885823e+00
2.968748289642888505e+00
3.196322863519349244e+00
3.409344610590659741e+00
3.606820168998551956e+00
3.787829071623624699e+00
3.951527605037017388e+00
4.097200938945667836e+00
4.224287772009079234e+00
4.332361745126656949e+00
4.421118954911715804e+00
4.490412828210321727e+00
4.540282703514602503e+00
4.570933113797812197e+00
4.582713175741929490e+00
4.576121528386827286e+00
4.551815700593578207e+00
4.510591764236665746e+00
4.453355371276067842e+00
4.381105556512921773e+00
4.294929806400503480e+00
4.195985406890837766e+00
4.085469594341469168e+00
3.964597136986075299e+00
3.834593073669828378e+00
3.696681247195042985e+00
3.552061699608153322e+00
3.401892474076582129e+00
3.247287180925823247e+00
3.089312908506046451e+00
2.928977299010487645e+00
2.767218593770345958e+00
2.604907905813165669e+00
2.442853433814016206e+00
2.281795992531270745e+00
2.122405347888230764e+00
1.965284691499678660e+00
1.810977402080055088e+00
1.659967442760448941e+00
1.512678683484726561e+00
1.369479756285739036e+00
1.230691136600787106e+00
1.096587262121446082e+00
9.673966872859789401e-01
8.433061428510866264e-01
7.244666159579050690e-01
6.109955505420228139e-01
5.029769108992180326e-01
4.004643689652729321e-01
3.034863064046066650e-01
2.120475363857211026e-01
1.261289946600611112e-01
4.569019267306467791e-02
-2.932679229775900231e-02
-9.899624283123782675e-02
-1.634094476521410211e-01
-2.226726627528459734e-01
-2.769038825310387586e-01
-3.262323977737845437e-01
-3.707996705115276792e-01
-4.107575286465804387e-01
-4.462656242374800075e-01
-4.774916117827368578e-01
-5.046121313554703391e-01
-5.278109418408467590e-01
-5.472768143380999373e-01
-5.632043038979065441e-01
-5.757947166982505527e-01
-5.852541911971669286e-01
-5.917920886606766739e-01
-5.956223325453690043e-01
-5.969639099493914136e-01
-5.960392963172782554e-01
-5.930738170533170761e-01
-5.882972426561268176e-01
-5.819439581997006838e-01
-5.742519744252900793e-01
-5.654636027460352432e-01
-5.558275839264104068e-01
-5.455991177762986588e-01
-5.350396868318050281e-01
-5.244194253831030439e-01
-5.140196427464710505e-01
-5.041332562187370581e-01
-4.950657065014603120e-01
-4.871377554068057059e-01
-4.806855324326824164e-01
-4.760567866083845745e-01
-4.736031074555795417e-01
-4.736616529444033774e-01
-4.765105868744339279e-01
-4.822753092253230789e-01
-4.907332086633741097e-01
-5.008888598815112170e-01
-5.100252144457119163e-01
-5.114894686683029157e-01
-4.891869308588793208e-01
-4.027088532328747528e-01
-1.425466078006818738e-01
6.235630385034841572e-01
2.554986028704314904e+00
1.415707516084544704e+00
1.000587569758601969e+00
1.000000000933465305e+00
1.000000000000000000e+00
1.000000000000000000e+00
