1.000000000000000000e+00
1.000000008210577551e+00
1.000000030372335980e+00
1.000000124445223904e+00
1.000000457228594541e+00
1.000001365387341190e+00
1.000003442293340816e+00
1.000007658365752228e+00
1.000015536484107237e+00
1.000029413823274149e+00
1.000052836731840866e+00
1.000091157593064883e+00
1.000152434349491415e+00
1.000248776865474865e+00
1.000398341278410985e+00
1.000628244370451725e+00
1.000978756144687898e+00
1.001509221036524178e+00
1.002306236763212510e+00
1.003494668734492778e+00
1.005252109525634818e+00
1.007827376480223913e+00
1.011563287185852422e+00
1.016923279296825244e+00
1.024520428783382009e+00
1.035148532447083713e+00
1.049813239459988390e+00
1.069755592629509922e+00
1.096459442849934351e+00
1.131637802260442083e+00
1.177215593151146544e+00
1.235300335020862894e+00
1.308104185820169629e+00
1.397804274279698555e+00
1.506461052926529653e+00
1.636085154652098916e+00
1.788665880826616483e+00
1.966039292827582941e+00
2.169532113785846317e+00
2.400189693784162692e+00
2.659334422009213217e+00
2.948134222017134931e+00
3.266334986250583938e+00
3.611173368906004821e+00
3.977930470600927304e+00
4.360063392975119356e+00
4.747152136632232455e+00
5.120781867776964091e+00
5.455043228610887418e+00
5.721951918305693496e+00
5.892291033309425607e+00
5.934956336466171933e+00
5.819222213881293904e+00
5.526541918912520224e+00
5.060421196211074779e+00
4.443517277201106452e+00
3.708087957862266304e+00
2.892832416418876562e+00
2.043227682015372970e+00
1.202605415014775581e+00
4.035852552775071045e-01
-3.345105011451738886e-01
-9.995170140331703923e-01
-1.582268089695877844e+00
-2.078922644060211766e+00
-2.492459147659613627e+00
-2.829224282671725099e+00
-3.094446738159668087e+00
-3.292726165020644746e+00
-3.429515674191257357e+00
-3.511376145650204617e+00
-3.543903555425234941e+00
-3.530759874195227521e+00
-3.475060227891004327e+00
-3.380470980155477978e+00
-3.250621225507405843e+00
-3.088081688511322920e+00
-2.894913641636688517e+00
-2.673452360585299559e+00
-2.426545137113794937e+00
-2.156937186483697921e+00
-1.867013812438003795e+00
-1.559256571532257496e+00
-1.236587434536466690e+00
-9.020080628251816446e-01
-5.581484602775702575e-01
-2.074620120764616438e-01
1.475532583310118495e-01
5.043777376327847062e-01
8.607179759993804913e-01
1.214535410168416707e+00
1.563869486235454076e+00
1.906714197421949475e+00
2.241154252610138009e+00
2.565478912565998915e+00
2.878059183796065401e+00
3.177249889306229758e+00
3.461433242027802670e+00
3.729117232333652776e+00
3.978915857136886114e+00
4.209495607737898659e+00
4.419578883271968017e+00
4.608025461563213909e+00
4.773872963113849899e+00
4.916311126207641991e+00
5.034667459648535015e+00
5.128469501987200196e+00
5.197498639084532357e+00
5.241766547660808406e+00
5.261491757247459766e+00
5.257116401136590511e+00
5.229329284454564686e+00
5.179040512925713102e+00
5.107340915495205635e+00
5.015480338895565104e+00
4.904862525884428948e+00
4.777016770042942007e+00
4.633550574229936991e+00
4.476113403983146277e+00
4.306384215712374619e+00
4.126051932343592910e+00
3.936778012100250468e+00
3.740166219305668616e+00
3.537757936071624698e+00
3.331028220652287430e+00
3.121364759670854028e+00
2.910051892161601206e+00
2.698274525611672914e+00
2.487125272829682210e+00
2.277597755472587249e+00
2.070581294433656794e+00
1.866868700879126708e+00
1.667167650372785692e+00
1.472101755136034695e+00
1.282209843155374784e+00
1.097954027258924103e+00
9.197311951917175321e-01
7.478764086252128740e-01
5.826630647570711918e-01
4.243092383945797907e-01
2.729871525414651612e-01
1.288263418626113821e-01
-8.086654259878504544e-03
-1.377036314786586058e-01
-2.600072106317201093e-01
-3.750086213494396858e-01
-4.827487441909659172e-01
-5.832947339977062606e-01
-6.767342029610486920e-01
-7.631740757340257364e-01
-8.427421804919871251e-01
-9.155845284302953635e-01
-9.818606888959244827e-01
-1.041743607233252877e+00
-1.095421499549857680e+00
-1.143095438440035139e+00
-1.184975749869715766e+00
-1.221282732720314845e+00
-1.252248632141100604e+00
-1.278115033650364607e+00
-1.299129858120105174e+00
-1.315548925271773140e+00
-1.327637797206122183e+00
-1.335668988068416274e+00
-1.339919649323176642e+00
-1.340673932223660270e+00
-1.338223982815135438e+00
-1.332867598414165133e+00
-1.324907357569809152e+00
-1.314653285407008543e+00
-1.302423217821138568e+00
-1.288541297343072323e+00
-1.273339104343023109e+00
-1.257159088913465173e+00
-1.240354645943601675e+00
-1.223289870172073801e+00
-1.206343397921189275e+00
-1.189912558369668361e+00
-1.174414319936310402e+00
-1.160287246809873940e+00
-1.147996885567202918e+00
-1.138037526203733885e+00
-1.130929275011261836e+00
-1.127211166573683698e+00
-1.127422090259520226e+00
-1.132048382391830810e+00
-1.141409725522237295e+00
-1.155417299189197333e+00
-1.173038436693309094e+00
-1.191089518036771100e+00
-1.201408051688874767e+00
-1.183819222444589814e+00
-1.087163119359635832e+00
-7.718854151134543207e-01
1.909838156934553499e-01
2.811143055899496979e+00
1.724924556462992919e+00
1.002190660673950795e+00
1.000000003800437964e+00
1.000000000000000000e+00
1.000000000000000000e+00
