1.000000000000000000e+00
1.000000009151044145e+00
1.000000033809962829e+00
1.000000138360191304e+00
1.000000508115103104e+00
1.000001517059216694e+00
1.000003824239704242e+00
1.000008507313584705e+00
1.000017257276692551e+00
1.000032669435723776e+00
1.000058683032385209e+00
1.000101247407609417e+00
1.000169328934672919e+00
1.000276422764482032e+00
1.000442798535982725e+00
1.000698789761232277e+00
1.001089533708535706e+00
1.001681670657121215e+00
1.002572593975512127e+00
1.003902885506866349e+00
1.005872587522474326e+00
1.008761915319224212e+00
1.012956561437601710e+00
1.018976907782138897e+00
1.027509232396841776e+00
1.039438286581164883e+00
1.055878632651595428e+00
1.078195599879719468e+00
1.108005914123501467e+00
1.147152679878897352e+00
1.197675929987902732e+00
1.261769970497387039e+00
1.341687009118756269e+00
1.439575344426480052e+00
1.557393463103997400e+00
1.697003720852019670e+00
1.860230252864180978e+00
2.048745495686841611e+00
2.263718428602564448e+00
2.506133333821703335e+00
2.777471837321217940e+00
3.079278429066599543e+00
3.411801880818833510e+00
3.772836346537494112e+00
4.158358344241925408e+00
4.562668752111737724e+00
4.976090495927366852e+00
5.380270690409727052e+00
5.748448337074046677e+00
6.051164101236261139e+00
6.256818704492619787e+00
6.330419766341713661e+00
6.235642331996816168e+00
5.948408049648720386e+00
5.469169433238471711e+00
4.820647350128199449e+00
4.037348920130913399e+00
3.162120795959674435e+00
2.246523636571061910e+00
1.339979279442707227e+00
4.793418523832748690e-01
-3.142008272610591901e-01
-1.027672155030483925e+00
-1.651283023836169095e+00
-2.181250684685584140e+00
-2.621629941038936984e+00
-2.980202709795777949e+00
-3.263165895145925255e+00
-3.475780654959476301e+00
-3.624185817158528167e+00
-3.715731759355762165e+00
-3.756552756793359649e+00
-3.750450950066850364e+00
-3.700557639184216985e+00
-3.610637269944013905e+00
-3.484394222300597921e+00
-3.324265734859196630e+00
-3.132071920561838141e+00
-2.909948925244893125e+00
-2.660645170685986827e+00
-2.386809697018110299e+00
-2.090697937328462430e+00
-1.774724298326599614e+00
-1.441880596966738759e+00
-1.095310310635462470e+00
-7.377656952143700764e-01
-3.718316204052813934e-01
-1.806929790898720951e-04
3.744619011406073450e-01
7.496200621133148889e-01
1.123106046379217959e+00
1.492813265898484731e+00
1.856571273606565597e+00
2.212307833518365907e+00
2.558183588453994073e+00
2.892445004309939893e+00
3.213306244086481023e+00
3.518998222648828555e+00
3.807882369713212700e+00
4.078424262660244715e+00
4.329127316080111143e+00
4.558534174133047401e+00
4.765321229094111821e+00
4.948345465749222072e+00
5.106613777227615003e+00
5.239266720571247760e+00
5.345654228610993819e+00
5.425402403059781165e+00
5.478389221140808729e+00
5.504720813208035857e+00
5.504755769296902912e+00
5.479137030848139744e+00
5.428765949855169026e+00
5.354757781360210522e+00
5.258419070983399557e+00
5.141244164761156199e+00
5.004883361366741390e+00
4.851087752767532457e+00
4.681666725986655564e+00
4.498473385414619941e+00
4.303381208977358874e+00
4.098239116222641698e+00
3.884835027739070856e+00
3.664889895721407775e+00
3.440052602348777633e+00
3.211874473440497368e+00
2.981789927117576955e+00
2.751120961921771801e+00
2.521085517574224166e+00
2.292789357490431890e+00
2.067219658773379543e+00
1.845254280527054869e+00
1.627675290479085657e+00
1.415170172195850951e+00
1.208330886768310686e+00
1.007663418365320140e+00
8.136013619106357009e-01
6.265098167916143268e-01
4.466854026536917210e-01
2.743636417649459314e-01
1.097300476177638789e-01
-4.707633411811122659e-02
-1.959635274775709535e-01
-3.368812998096063493e-01
-4.698124470941771325e-01
-5.947704011096279775e-01
-7.118007160865610361e-01
-8.209772760626354859e-01
-9.223955939788833769e-01
-1.016171680915147091e+00
-1.102444166006624648e+00
-1.181371263893037593e+00
-1.253125469335337749e+00
-1.317893541988423456e+00
-1.375878953555913498e+00
-1.427299186321575819e+00
-1.472381609936134872e+00
-1.511364500861575921e+00
-1.544499542290832750e+00
-1.572048855070912188e+00
-1.594281547255852693e+00
-1.611475696267303581e+00
-1.623920650921200970e+00
-1.631913800721804586e+00
-1.635757904560137588e+00
-1.635763978798012941e+00
-1.632252542147180296e+00
-1.625550871557364108e+00
-1.615992002762278501e+00
-1.603917927534878718e+00
-1.589680034715113210e+00
-1.573637312688381140e+00
-1.556157677235828318e+00
-1.537622024524335940e+00
-1.518424272617134418e+00
-1.498971014191654350e+00
-1.479686033961943314e+00
-1.461015204078716767e+00
-1.443427595946118469e+00
-1.427417872772217988e+00
-1.413512921237681574e+00
-1.402274459732764322e+00
-1.394296619137887605e+00
-1.390199852061692720e+00
-1.390612314425805129e+00
-1.396115384442186746e+00
-1.407123341929909399e+00
-1.423626646911833271e+00
-1.444619643400246733e+00
-1.466805811547981175e+00
-1.481562832194420753e+00
-1.467404851199539673e+00
-1.369690943148985651e+00
-1.039096304080284749e+00
-1.379957235649519921e-02
2.847086255420720136e+00
1.864723074311043005e+00
1.003527796149792151e+00
1.000000006381467577e+00
1.000000000000000000e+00
1.000000000000000000e+00
