1.000000000000000000e+00
1.000000007194576490e+00
1.000000026653200313e+00
1.000000109368204493e+00
1.000000402060448712e+00
1.000001200915294319e+00
1.000003028057282695e+00
1.000006737560521275e+00
1.000013669947821038e+00
1.000025882617243456e+00
1.000046496816593855e+00
1.000080220962114907e+00
1.000134137308609894e+00
1.000218876273193169e+00
1.000350351724665687e+00
1.000552291927473858e+00
1.000859876146452443e+00
1.001324869257284256e+00
1.002022720618156004e+00
1.003062146779643449e+00
1.004597761685910529e+00
1.006846328843921334e+00
1.010106949101867713e+00
1.014784976080165491e+00
1.021418645810552306e+00
1.030708355318763925e+00
1.043547141752061869e+00
1.061046175806723113e+00
1.084548136924403661e+00
1.115624016011131925e+00
1.156067336893817021e+00
1.207877749581654392e+00
1.273201319180038871e+00
1.354213305799392364e+00
1.453042110545643917e+00
1.571811294187747343e+00
1.712639824375772779e+00
1.877491954747920522e+00
2.067816801729394971e+00
2.284685642304683739e+00
2.529224486171748776e+00
2.802183547259210261e+00
3.102763996955612669e+00
3.427610304468682756e+00
3.771285748779794833e+00
4.126403211228978130e+00
4.481850486674504808e+00
4.819300899414499462e+00
5.113971901404952725e+00
5.339755026748789213e+00
5.470342456636375417e+00
5.479105851384691306e+00
5.341395006345336149e+00
5.044397057625804592e+00
4.594608031739246812e+00
4.014399083418071612e+00
3.333469671210058216e+00
2.586058652561779247e+00
1.811323346561609426e+00
1.046275845812660643e+00
3.189838838407546007e-01
-3.535009425008226458e-01
-9.601964195321237572e-01
-1.492824424082459078e+00
-1.947683095920065055e+00
-2.326840881418883455e+00
-2.635317751904469930e+00
-2.877396453423337164e+00
-3.056984953848719044e+00
-3.178806013995660429e+00
-3.248589124442919918e+00
-3.271342933981565615e+00
-3.250531827197015833e+00
-3.189204536682154867e+00
-3.090893343734385290e+00
-2.959120022517891524e+00
-2.796546123468938827e+00
-2.605419757215903243e+00
-2.388211713042359463e+00
-2.147796468886259635e+00
-1.886932558518581216e+00
-1.608042643482824552e+00
-1.313583153077151566e+00
-1.006323962886558787e+00
-6.890538976683159289e-01
-3.642177299594976936e-01
-3.408421517613126339e-02
2.990653062839912502e-01
6.329499129918795264e-01
9.654877784929467577e-01
1.294816588209126929e+00
1.619146581691543352e+00
1.936658514231730743e+00
2.245616173548212302e+00
2.544461099365743273e+00
2.831713024316706573e+00
3.105891142429299645e+00
3.365552283959713620e+00
3.609374264654186426e+00
3.836141675463383027e+00
4.044703618808773271e+00
4.233977994819178470e+00
4.403019489049308177e+00
4.551052938337434739e+00
4.677451396682807960e+00
4.781722874559216407e+00
4.863559420584558701e+00
4.922878574333895862e+00
4.959800770356808108e+00
4.974626719691790377e+00
4.967847824151111702e+00
4.940161927013394738e+00
4.892449632198262677e+00
4.825738630164113196e+00
4.741184016434187853e+00
4.640062715477160538e+00
4.523749375437510878e+00
4.393677147119418258e+00
4.251307893634659330e+00
4.098122100052009387e+00
3.935603182974560355e+00
3.765207222742738224e+00
3.588338585488766164e+00
3.406346382500896830e+00
3.220521502325522256e+00
3.032079578513632079e+00
2.842148012440687044e+00
2.651769176373645731e+00
2.461906218751589659e+00
2.273437523341274691e+00
2.087152266547730228e+00
1.903756669132542934e+00
1.723883203413103971e+00
1.548091401565011793e+00
1.376867214107298398e+00
1.210629579432487279e+00
1.049739836543246430e+00
8.945045588077703558e-01
7.451757623114722007e-01
6.019561906723579492e-01
4.650071913161406001e-01
3.344514563238093485e-01
2.103729336002060357e-01
9.282081023032605349e-02
-1.818415650438106462e-02
-1.226476305379948506e-01
-2.206023569528510753e-01
-3.121052068359468912e-01
-3.972322196317815690e-01
-4.760774704842478111e-01
-5.487541854918774886e-01
-6.153923332920110401e-01
-6.761346581480968121e-01
-7.311363570347030327e-01
-7.805664684105115825e-01
-8.246057401807652676e-01
-8.634435278468570729e-01
-8.972782423773592031e-01
-9.263188366135582941e-01
-9.507825487000591824e-01
-9.708923237346112067e-01
-9.868779889957078888e-01
-9.989776698328790561e-01
-1.007435416741905732e+00
-1.012499228502125259e+00
-1.014422919650070254e+00
-1.013466877847564396e+00
-1.009896093365299397e+00
-1.003979404565002786e+00
-9.959916525726766334e-01
-9.862139598638641758e-01
-9.749324856440902964e-01
-9.624393505295175677e-01
-9.490354565230207928e-01
-9.350305609399955920e-01
-9.207430889024398324e-01
-9.065032923526072928e-01
-8.926566468973095025e-01
-8.795645831554278482e-01
-8.676059711179067158e-01
-8.571812776142105905e-01
-8.487134950384250809e-01
-8.426447578964441076e-01
-8.394288507644845909e-01
-8.395121171313928432e-01
-8.432839666704368131e-01
-8.509707542879026976e-01
-8.624125533796266341e-01
-8.765728050732688459e-01
-8.904370777287445859e-01
-8.964366172519799836e-01
-8.760372880830341602e-01
-7.824266140876280362e-01
-4.882433378490956821e-01
3.956547178086384231e-01
2.728033714533762311e+00
1.581918190598769147e+00
1.001260227999608121e+00
1.000000002097632512e+00
1.000000000000000000e+00
1.000000000000000000e+00
