1.000000000000000000e+00
1.000000008265050866e+00
1.000000030571577936e+00
1.000000125252257233e+00
1.000000460180644479e+00
1.000001374187102332e+00
1.000003464454572333e+00
1.000007707625257813e+00
1.000015636333406732e+00
1.000029602725575062e+00
1.000053175918387049e+00
1.000091742837259989e+00
1.000153413876245789e+00
1.000250378661622808e+00
1.000400914627667559e+00
1.000632322528928198e+00
1.000985149773293115e+00
1.001519155255566451e+00
1.002321548182735889e+00
1.003518082010178336e+00
1.005287615417653546e+00
1.007880734191055172e+00
1.011642669168764552e+00
1.017040063381817516e+00
1.024690117263555411e+00
1.035391762083056166e+00
1.050156813846390147e+00
1.070233385725859465e+00
1.097112943948307606e+00
1.132516048601884373e+00
1.178374438494534271e+00
1.236800982555012363e+00
1.310010695585542617e+00
1.400179825583887538e+00
1.509363934422516262e+00
1.639566201104793342e+00
1.792767524678650082e+00
1.970795644944621561e+00
2.174969295489328047e+00
2.406331238766645786e+00
2.666213635808429405e+00
2.955806433638559216e+00
3.274884652483546432e+00
3.620716999775092759e+00
3.988624094596894931e+00
4.372110404875174439e+00
4.760796580275775902e+00
5.136268212138554112e+00
5.472562522542323116e+00
5.741604019634879208e+00
5.914030725947892364e+00
5.958507233581046947e+00
5.843983109313851898e+00
5.551596390854130370e+00
5.084681842952133657e+00
4.465903524348859399e+00
3.727650704732825560e+00
2.908860907992904643e+00
2.055356416809603459e+00
1.210814924726161923e+00
4.081011244728176557e-01
-3.333474673139876221e-01
-1.001310510850100588e+00
-1.586579681595001734e+00
-2.085311664434092549e+00
-2.500540478718149995e+00
-2.838690040044351548e+00
-3.105042568915785672e+00
-3.304235559798383459e+00
-3.441761701720512878e+00
-3.524227137611568139e+00
-3.557259232251106962e+00
-3.544529306883978936e+00
-3.489154674918394594e+00
-3.394808015679656954e+00
-3.265123297069173258e+00
-3.102664690480161802e+00
-2.909481166547305708e+00
-2.687898264826249939e+00
-2.440759359345235247e+00
-2.170806236518362020e+00
-1.880419209121935165e+00
-1.572078407945590284e+00
-1.248711824407636062e+00
-9.133309084058367500e-01
-5.685741742811152299e-01
-2.169037823772023144e-01
1.391713578306501553e-01
4.971192645369129637e-01
8.546355210235726529e-01
1.209672528113545420e+00
1.560260943744599782e+00
1.904385019095264697e+00
2.240120150636057961e+00
2.565747830764870674e+00
2.879631511626978391e+00
3.180117571755934680e+00
3.465579189951732086e+00
3.734515579029309418e+00
3.985531871574307772e+00
4.217284932512237461e+00
4.428486689080940231e+00
4.617986341556036045e+00
4.784811203548648528e+00
4.928140733371788151e+00
5.047292105316028454e+00
5.141783216119907962e+00
5.211387214473975682e+00
5.256108901143391243e+00
5.276161264093692793e+00
5.271982621560181492e+00
5.244260144614915298e+00
5.193904425333340846e+00
5.122008654225829183e+00
5.029826833778306749e+00
4.918768715164937078e+00
4.790371236159354673e+00
4.646250733188083792e+00
4.488066338455396043e+00
4.317507381643496345e+00
4.136273650599083140e+00
3.946037549285118295e+00
3.748413530650917647e+00
3.544953339902471523e+00
3.337142012840119687e+00
3.126376591525231063e+00
2.913949970054519500e+00
2.701054846575114077e+00
2.488790931700025855e+00
2.278158180137866751e+00
2.070051426236243053e+00
1.865268259504547999e+00
1.664520519615052985e+00
1.468435379899406090e+00
1.277554618213163629e+00
1.092342769236980260e+00
9.131987312571566706e-01
7.404591947651445460e-01
5.743987986112795152e-01
4.152365306489163577e-01
2.631452880280450435e-01
1.182550629162874012e-01
-1.934737890516172523e-02
-1.496138003676673600e-01
-2.725269167529535408e-01
-3.880981686848197776e-01
-4.963687875000489247e-01
-5.974063953070305466e-01
-6.912991394351735153e-01
-7.781545477107087994e-01
-8.581011477069541149e-01
-9.312857288904995423e-01
-9.978686804268683819e-01
-1.058023817713132697e+00
-1.111940306808497425e+00
-1.159820234309552500e+00
-1.201874975748025820e+00
-1.238325931171938565e+00
-1.269406526882596919e+00
-1.295359589663173550e+00
-1.316434317424822531e+00
-1.332887865294921204e+00
-1.344987213946970295e+00
-1.353006355309112063e+00
-1.357223958443502410e+00
-1.357925760557721961e+00
-1.355405575640580507e+00
-1.349962929313757831e+00
-1.341902181937460803e+00
-1.331535223082625397e+00
-1.319181840242285464e+00
-1.305168199208326385e+00
-1.289827986505063029e+00
-1.273505875690709832e+00
-1.256557601467382490e+00
-1.239349710202252375e+00
-1.222263439566382504e+00
-1.205698911632411940e+00
-1.190076089843057794e+00
-1.175836760917695401e+00
-1.163449990708449011e+00
-1.153413932420047416e+00
-1.146252927002604505e+00
-1.142510655493851113e+00
-1.142731081082764000e+00
-1.147405906497532380e+00
-1.156860085622307688e+00
-1.171009056809652060e+00
-1.188821148534309646e+00
-1.207105149833751723e+00
-1.217669777056404445e+00
-1.200259227837692455e+00
-1.103498494041900369e+00
-7.872291669290543137e-01
1.795211748766785131e-01
2.814269357948294026e+00
1.732821043947375239e+00
1.002253831879450052e+00
1.000000003919132352e+00
1.000000000000000000e+00
1.000000000000000000e+00
