1.000000000000000000e+00
1.000000009747668450e+00
1.000000035988364067e+00
1.000000147168019105e+00
1.000000540310797437e+00
1.000001613004475098e+00
1.000004065828885569e+00
1.000009044256431334e+00
1.000018345624886562e+00
1.000034728659348726e+00
1.000062381772616860e+00
1.000107634016241143e+00
1.000180032066652736e+00
1.000293960821781347e+00
1.000471055931773101e+00
1.000743743841504552e+00
1.001160349594539145e+00
1.001792321354093351e+00
1.002744205601876937e+00
1.004167045266282976e+00
1.006275878591575745e+00
1.009371946694107791e+00
1.013869692974999737e+00
1.020327687965008501e+00
1.029481230700421301e+00
1.042275795377386238e+00
1.059898296815013685e+00
1.083795985312733690e+00
1.115672069953090650e+00
1.157452540153766751e+00
1.211248119511789456e+00
1.279302411200110345e+00
1.363883021149545627e+00
1.467104924769111918e+00
1.590842413222338658e+00
1.736842045798747458e+00
1.906801053265873014e+00
2.102266224680997109e+00
2.324284681585804258e+00
2.573784174780278988e+00
2.852337967284044762e+00
3.161727008122525273e+00
3.502520547493107372e+00
3.872871713641006686e+00
4.269212962673423206e+00
4.686408265335887613e+00
5.115292728528706867e+00
5.537600818865811902e+00
5.926087837663474467e+00
6.250440683273241760e+00
6.477653265386387638e+00
6.570352973486186521e+00
6.488655070151257753e+00
6.204878382816080062e+00
5.717463753199743870e+00
5.049173839239440298e+00
4.235982564662969629e+00
3.323453509106718329e+00
2.367179956295309751e+00
1.420592624326343589e+00
5.232277258221005312e-01
-3.027093133699096383e-01
-1.043921250295494652e+00
-1.690365167922183387e+00
-2.238424951575828104e+00
-2.692989386282557795e+00
-3.062878818834890549e+00
-3.354957484229454501e+00
-3.574913092592160169e+00
-3.729319067166045443e+00
-3.826034140957703222e+00
-3.871527965841518704e+00
-3.869664095736153442e+00
-3.823557212330711330e+00
-3.737022023929992720e+00
-3.613803038464122430e+00
-3.456232378532765548e+00
-3.265947859521338703e+00
-3.044928503803563835e+00
-2.795829417451276555e+00
-2.521200199336071979e+00
-2.223165591340178882e+00
-1.904048602762010933e+00
-1.566845041119105941e+00
-1.214754961459445504e+00
-8.505768065848428039e-01
-4.769527823829149416e-01
-9.664840029603215255e-02
2.874916429254118500e-01
6.728843319390698241e-01
1.057256019426760840e+00
1.438414434260265384e+00
1.814089038439570034e+00
2.182112116634115306e+00
2.540568726395814547e+00
2.887632735265625694e+00
3.221434556945961258e+00
3.540114147326026917e+00
3.841945571284405503e+00
4.125305701097599531e+00
4.388598434934570136e+00
4.630254131965438447e+00
4.848832768076396071e+00
5.043074667232318120e+00
5.211865686973209399e+00
5.354219082548932640e+00
5.469360341329987385e+00
5.556802949151809834e+00
5.616323535007838430e+00
5.647938088846736093e+00
5.651931952424282812e+00
5.628898459683192357e+00
5.579713189548899166e+00
5.505487332267446909e+00
5.407545130067060946e+00
5.287422235194583209e+00
5.146831995952726224e+00
4.987605261466873330e+00
4.811643852777553576e+00
4.620904800779385369e+00
4.417374490454282210e+00
4.203018498753776200e+00
3.979740769986254367e+00
3.749376726065741128e+00
3.513687283830429831e+00
3.274330113592637037e+00
3.032837772140869248e+00
2.790622484920683988e+00
2.548985258685382504e+00
2.309106626956065167e+00
2.072039338747086568e+00
1.838718575928359078e+00
1.609976916891904031e+00
1.386545547006214019e+00
1.169053081402879446e+00
9.580360905612483879e-01
7.539541170357465516e-01
5.571938593215003399e-01
3.680690281367037242e-01
1.868284235759453960e-01
1.366813562111651031e-02
-1.512646840201731235e-01
-3.078726669318889164e-01
-4.561024532440851043e-01
-5.959351410302760055e-01
-7.273837886185120505e-01
-8.504952356559810633e-01
-9.653460275921310618e-01
-1.072035096657481867e+00
-1.170682652337907026e+00
-1.261432687556723886e+00
-1.344449730906880358e+00
-1.419913062988535035e+00
-1.488016826687900807e+00
-1.548972873467816758e+00
-1.603007861498776832e+00
-1.650358766118622533e+00
-1.691274117155022072e+00
-1.726016877426798324e+00
-1.754861217422393427e+00
-1.778088750137880814e+00
-1.795990813855198542e+00
-1.808871102284407506e+00
-1.817042120727165422e+00
-1.820822261190717439e+00
-1.820539064573443611e+00
-1.816530641962870618e+00
-1.809142642429176329e+00
-1.798727157688093214e+00
-1.785646292966771798e+00
-1.770272655440785048e+00
-1.752987338383272364e+00
-1.734181377400174418e+00
-1.714260231105773302e+00
-1.693643780438097712e+00
-1.672765886527023182e+00
-1.652079363147866742e+00
-1.632061371152344620e+00
-1.613214612589629837e+00
-1.596069995087514792e+00
-1.581194111183596762e+00
-1.569192417188526978e+00
-1.560707164095108679e+00
-1.556411914698995202e+00
-1.556993403835636336e+00
-1.563095980935147900e+00
-1.575197786501028041e+00
-1.593345516089037295e+00
-1.616560485222599652e+00
-1.641492348699594261e+00
-1.659263501468315471e+00
-1.647643244478307345e+00
-1.550021858047934797e+00
-1.211572110412714398e+00
-1.514140031294037847e-01
2.850651703099274403e+00
1.957487905458449085e+00
1.004707853105366144e+00
1.000000008762595982e+00
1.000000000000000000e+00
1.000000000000000000e+00
