1.000000000000000000e+00
1.000000008676942942e+00
1.000000032077595469e+00
1.000000131350276211e+00
1.000000482483571318e+00
1.000001440666231867e+00
1.000003631869682996e+00
1.000008079743818223e+00
1.000016390612182171e+00
1.000031029743473576e+00
1.000055738358676338e+00
1.000096164683845990e+00
1.000160816325780244e+00
1.000262487795706479e+00
1.000420377911747982e+00
1.000663187368555862e+00
1.001033578220389630e+00
1.001594474039857907e+00
1.002437760104690545e+00
1.003695989193876814e+00
1.005557723227293865e+00
1.008287110013511789e+00
1.012247893434795154e+00
1.017931304858402886e+00
1.025986166876658778e+00
1.037250736555575648e+00
1.052783987144213285e+00
1.073887964373110293e+00
1.102111996819138851e+00
1.139233626168631996e+00
1.187235504317326829e+00
1.248269635926437804e+00
1.324570479442106707e+00
1.418304474702632323e+00
1.531486163795959587e+00
1.666057845945053906e+00
1.823932238833544828e+00
2.006869538071826664e+00
2.216123485432615947e+00
2.452713471789601307e+00
2.718043291081948531e+00
3.013468471859301889e+00
3.338984194865129318e+00
3.692102452730342765e+00
4.068445728483505164e+00
4.461882759865980930e+00
4.862351423300869335e+00
5.251454018575417493e+00
5.602841627983856654e+00
5.887774015289212848e+00
6.075822402541696476e+00
6.133928754018183938e+00
6.028589317616126486e+00
5.738537335716591414e+00
5.265788744402957633e+00
4.633042767232096182e+00
3.873674218608855746e+00
3.028427379765905592e+00
2.145761275683697455e+00
1.271995847221513154e+00
4.418501443642152693e-01
-3.243937634049523511e-01
-1.014127581461266914e+00
-1.617846874603027230e+00
-2.131712382937376304e+00
-2.559203856937894983e+00
-2.907351721860194971e+00
-3.181852846116161704e+00
-3.387632895249681919e+00
-3.530484583347139438e+00
-3.617358254935634232e+00
-3.654117919027511707e+00
-3.644500940307853654e+00
-3.591636362663597204e+00
-3.499242055648559280e+00
-3.370986625548263227e+00
-3.209379835397816461e+00
-3.016370816554021062e+00
-2.794204098784089041e+00
-2.545685990305686097e+00
-2.273523693646158694e+00
-1.980049739208773696e+00
-1.667723818120733226e+00
-1.339511780441020150e+00
-9.984930551305103430e-01
-6.473650844663160209e-01
-2.886520158958737481e-01
7.505781892663908328e-02
4.411406274009077588e-01
8.072105204369780518e-01
1.171153080368886323e+00
1.530933791167861768e+00
1.884464106357568225e+00
2.229749904222751766e+00
2.565015212362436792e+00
2.888567724167626860e+00
3.198691159716863464e+00
3.493691470656166587e+00
3.772002636549258714e+00
4.032163801396659863e+00
4.272759723672193033e+00
4.492423344145964670e+00
4.689923651275750949e+00
4.864209342659127522e+00
5.014380850366877418e+00
5.139675192566092399e+00
5.239534758840540540e+00
5.313667381484962426e+00
5.362022416808769343e+00
5.384767123119190479e+00
5.382306948012630876e+00
5.355312707752401202e+00
5.304694804790957896e+00
5.231560618572773436e+00
5.137192214087137998e+00
5.023041856019959006e+00
4.890701856848818529e+00
4.741853385112972497e+00
4.578227142622545820e+00
4.401589823749979757e+00
4.213722724030463773e+00
4.016380699158249357e+00
3.811258957538729231e+00
3.599987763152624698e+00
3.384127952187418131e+00
3.165147781361771884e+00
2.944405360056112642e+00
2.723152864011600283e+00
2.502544282902300576e+00
2.283628069221450563e+00
2.067341325839254118e+00
1.854518325200244178e+00
1.645902933495563936e+00
1.442149766581357628e+00
1.243823382322480464e+00
1.051407071344413025e+00
8.653153648963507472e-01
6.858976838265158360e-01
5.134384422295470429e-01
3.481638974700655975e-01
1.902524041834033064e-01
3.983776679147296718e-02
-1.029912013098216450e-01
-2.381856927108443878e-01
-3.657288142487277738e-01
-4.856332813417862382e-01
-5.979426687694837650e-01
-7.027278316397199687e-01
-8.000806624468963513e-01
-8.901129502075545430e-01
-9.729582223265134111e-01
-1.048768872885285308e+00
-1.117711210313884429e+00
-1.179965353463541700e+00
-1.235727389355774530e+00
-1.285206820296864505e+00
-1.328622710679946195e+00
-1.366204549002669744e+00
-1.398194472388782028e+00
-1.424844486154126511e+00
-1.446413244871653125e+00
-1.463167815674387029e+00
-1.475385740867647621e+00
-1.483352036585934730e+00
-1.487356707222565078e+00
-1.487697359557248244e+00
-1.484680317702924190e+00
-1.478618088399557218e+00
-1.469828429832908512e+00
-1.458637272791478923e+00
-1.445379123271208766e+00
-1.430395419968773618e+00
-1.414035762230177795e+00
-1.396661642553091554e+00
-1.378646509645068852e+00
-1.360375479332744275e+00
-1.342249505538280374e+00
-1.324689894548915170e+00
-1.308139338256180340e+00
-1.293064087623187142e+00
-1.279959943357256824e+00
-1.269354428631982445e+00
-1.261804105672302168e+00
-1.257888057017339856e+00
-1.258188989372201139e+00
-1.263239733179741142e+00
-1.273405937379113340e+00
-1.288636598601302863e+00
-1.307909906829503477e+00
-1.327981592909012187e+00
-1.340451577501046598e+00
-1.324472429026388065e+00
-1.227097543889062115e+00
-9.037550541965503337e-01
9.126371077234639306e-02
2.833704245412324241e+00
1.793313824706661563e+00
1.002784685338690807e+00
1.000000004929953779e+00
1.000000000000000000e+00
1.000000000000000000e+00
