1.000000000000000000e+00
1.000000000743780371e+00
1.000000002812539757e+00
1.000000011775699083e+00
1.000000043619317935e+00
1.000000130683224686e+00
1.000000330131353810e+00
1.000000735798693530e+00
1.000001495608991320e+00
1.000002837804767841e+00
1.000005110891051485e+00
1.000008844688057730e+00
1.000014843562101241e+00
1.000024328179367039e+00
1.000039149488612056e+00
1.000062108623753110e+00
1.000097429896490198e+00
1.000151451259280622e+00
1.000233617201468084e+00
1.000357883386774116e+00
1.000544673983807309e+00
1.000823571575734761e+00
1.001236940113367391e+00
1.001844683245360246e+00
1.002730314444969295e+00
1.004008702017972654e+00
1.005835750128862394e+00
1.008419671602225121e+00
1.012033182546040244e+00
1.017025858779315506e+00
1.023837767066562598e+00
1.033011718517163668e+00
1.045196118518194606e+00
1.061130071787189433e+00
1.081617713923763047e+00
1.107497735306314457e+00
1.139577025031071278e+00
1.178502135602690792e+00
1.224554200471915877e+00
1.277507282144530132e+00
1.336552646949601186e+00
1.400105103878547030e+00
1.465544516144374310e+00
1.529125987340219206e+00
1.586344713123069461e+00
1.632384596956196754e+00
1.662339902199166275e+00
1.671280762449597557e+00
1.655054651274386224e+00
1.611438379721243708e+00
1.540204773928258497e+00
1.442680362137009453e+00
1.321368669707443155e+00
1.180237140963847020e+00
1.024625086906305826e+00
8.602785625413141846e-01
6.923955888690617178e-01
5.256219465966254223e-01
3.644651869370445496e-01
2.129212022421539952e-01
7.402326188135538443e-02
-5.027824412486903149e-02
-1.586403313810565152e-01
-2.500206702172727002e-01
-3.238822795747043903e-01
-3.803410902245794034e-01
-4.199245993393176390e-01
-4.432202028924040471e-01
-4.509062512262938527e-01
-4.438637831111627019e-01
-4.231847383675885199e-01
-3.899761031864471539e-01
-3.452506293645666857e-01
-2.900193263561487433e-01
-2.253635504274228984e-01
-1.523637413152264808e-01
-7.199596208749901860e-02
1.483378007093618528e-02
1.072332198450447749e-01
2.043124664956036396e-01
3.052410999859719309e-01
4.092695611434679637e-01
5.156879834515153416e-01
6.237933657090346529e-01
7.329158130826269879e-01
8.424509243658709901e-01
9.518378478580774571e-01
1.060536334825797233e+00
1.168026194279901953e+00
1.273827307935240238e+00
1.377501506187731817e+00
1.478637317025531805e+00
1.576839919649725585e+00
1.671744423001379820e+00
1.763027012935072246e+00
1.850395018832680982e+00
1.933579023018942467e+00
2.012337342003498453e+00
2.086464860007471778e+00
2.155790780808964691e+00
2.220172945215805882e+00
2.279496813733374871e+00
2.333680899920397067e+00
2.382678067072590000e+00
2.426470677381178387e+00
2.465066629856261127e+00
2.498502069038759821e+00
2.526843330641993290e+00
2.550182295210058570e+00
2.568632101999091422e+00
2.582326727904201480e+00
2.591421503078971789e+00
2.596089873761344702e+00
2.596519301442398842e+00
2.592909162865131290e+00
2.585470376092790179e+00
2.574423289734863118e+00
2.559994121832144032e+00
2.542412418909859362e+00
2.521910529155879210e+00
2.498722439582407695e+00
2.473081004103252489e+00
2.445215645081771694e+00
2.415352053594221449e+00
2.383711829413926786e+00
2.350510549117361236e+00
2.315956132649084065e+00
2.280248773549612640e+00
2.243581084993111041e+00
2.206137039089701712e+00
2.168090988397679997e+00
2.129607775149997995e+00
2.090843168451182787e+00
2.051943470323999819e+00
2.013045004894125078e+00
1.974274388574649430e+00
1.935749150773416583e+00
1.897577735936249121e+00
1.859859285147813734e+00
1.822683988713331704e+00
1.786133761645752438e+00
1.750282442029067020e+00
1.715195738821320592e+00
1.680931636385544437e+00
1.647541081289422005e+00
1.615068258068671936e+00
1.583550614556749503e+00
1.553019281780539496e+00
1.523499724019956592e+00
1.495012011996571299e+00
1.467570874501549438e+00
1.441186123170689282e+00
1.415863249276520852e+00
1.391603649822324318e+00
1.368404677814099024e+00
1.346260058186965258e+00
1.325160407421390296e+00
1.305093384781733201e+00
1.286043732787223171e+00
1.267993703868020905e+00
1.250923520841521475e+00
1.234811445153663811e+00
1.219633816938755722e+00
1.205365487625902565e+00
1.191980213110326092e+00
1.179450647153040377e+00
1.167748451555049805e+00
1.156844694784832095e+00
1.146710131640843455e+00
1.137315188545423128e+00
1.128630156255022721e+00
1.120625558504182440e+00
1.113272316250811356e+00
1.106541740381243644e+00
1.100405842923551480e+00
1.094837715215560836e+00
1.089811601750845238e+00
1.085302997390675595e+00
1.081289069984991302e+00
1.077749040169751593e+00
1.074664281495494089e+00
1.072018672595887123e+00
1.069799134847244204e+00
1.067995959198393852e+00
1.066602926338754420e+00
1.065617557188230924e+00
1.065040773419327236e+00
1.064874700041151367e+00
1.065116989863021058e+00
1.065746237436567156e+00
1.066683856303983990e+00
1.067692150825537256e+00
1.068084406598030833e+00
1.065804742507397540e+00
1.053590570822104056e+00
9.749529718192454508e-01
9.370080336992655523e-01
9.999655058312382216e-01
9.999999999476367751e-01
1.000000000000000000e+00
1.000000000000000000e+00
