1.000000000000000000e+00
1.000000008319628098e+00
1.000000030771183157e+00
1.000000126060696104e+00
1.000000463137741269e+00
1.000001383001796418e+00
1.000003486653245233e+00
1.000007756967729478e+00
1.000015736350621021e+00
1.000029791946017266e+00
1.000053515680139116e+00
1.000092329089470766e+00
1.000154395137213603e+00
1.000251983416055923e+00
1.000403493013583445e+00
1.000636409271457028e+00
1.000991558041360863e+00
1.001529114388046704e+00
1.002336901739932173e+00
1.003541565817471559e+00
1.005323237698399153e+00
1.007934280666105575e+00
1.011722351340862858e+00
1.017157314718101890e+00
1.024860516519228604e+00
1.035636047160375162e+00
1.050501916780846923e+00
1.070713336076025701e+00
1.097769408832752980e+00
1.133398253709278158e+00
1.179538418669971112e+00
1.238308090823491581e+00
1.311925079804978855e+00
1.402564653280883533e+00
1.512277347779402703e+00
1.643058733895886858e+00
1.796881147723968342e+00
1.975563847670429585e+00
2.180417420074705515e+00
2.412481916125594150e+00
2.673099215721799649e+00
2.963481299776240974e+00
3.283432367493641202e+00
3.630253268948919310e+00
3.999304312863581234e+00
4.384137617336016923e+00
4.774414874897522587e+00
5.151722543965154166e+00
5.490044912581557135e+00
5.761215936622240186e+00
5.935729267273223364e+00
5.982018703685547223e+00
5.868708470961570889e+00
5.576620105881945122e+00
5.108916197706115270e+00
4.488267045636900043e+00
3.747193294260863894e+00
2.924871346063411703e+00
2.067470160994954842e+00
1.219014904403908917e+00
4.126158467111693540e-01
-3.321748404532957610e-01
-1.003082148663798634e+00
-1.590856202318080781e+00
-2.091652068914882978e+00
-2.508560190261007516e+00
-2.848082539964948090e+00
-3.115555272564642930e+00
-3.315653864349083602e+00
-3.453910686212004588e+00
-3.536977293155630697e+00
-3.570512479980004539e+00
-3.558196797020926283e+00
-3.503149603486155339e+00
-3.409049825441088810e+00
-3.279536240462434193e+00
-3.117166299300379251e+00
-2.923976431139640564e+00
-2.702282186210178683e+00
-2.454922777347512408e+00
-2.184636284644893678e+00
-1.893797710260880951e+00
-1.584885460889568387e+00
-1.260833327238818358e+00
-9.246623846977075623e-01
-5.790195122186729826e-01
-2.263755322337392684e-01
1.307498245227312617e-01
4.898122346086832835e-01
8.484963366715393418e-01
1.204745523694841447e+00
1.556581687600625763e+00
1.901979345871235072e+00
2.239004592946822303e+00
2.565931177736252344e+00
2.881115025994809287e+00
3.182894092867735836e+00
3.469632539438476382e+00
3.739820819132054996e+00
3.992055214756346171e+00
4.224982966700713938e+00
4.437305515285076218e+00
4.627861454581174705e+00
4.795667749052576312e+00
4.939893515897280096e+00
5.059845511705765020e+00
5.155031891624448193e+00
5.225217457091042128e+00
5.270400012885695595e+00
5.290786876889187695e+00
5.286812421527515404e+00
5.259162058406240625e+00
5.208746749038229318e+00
5.136661938640395775e+00
5.044165691699229015e+00
4.932673691280407446e+00
4.803730461067917901e+00
4.658961129223264663e+00
4.500034467689414619e+00
4.328650167508002689e+00
4.146518883274277201e+00
3.955323976643343009e+00
3.756690608028866230e+00
3.552180910610748477e+00
3.343289927693252839e+00
3.131424088992926347e+00
2.917884875834413361e+00
2.703872808909751235e+00
2.490494728338100483e+00
2.278756952100905231e+00
2.069559855651017077e+00
1.863705832245094340e+00
1.661910909523617086e+00
1.464805843900208959e+00
1.272935382690376871e+00
1.086766500080579290e+00
9.067001214045203872e-01
7.330745812927791372e-01
5.661657740324701482e-01
4.061936130841725667e-01
2.533316817183577929e-01
1.077104409902172322e-01
-3.058310645615640658e-02
-1.615006810863011122e-01
-2.850250831004632057e-01
-4.011679548404631368e-01
-5.099708697348674935e-01
-6.115019089321525048e-01
-7.058497467475367548e-01
-7.931225061848554692e-01
-8.734494067179379151e-01
-9.469780089747898977e-01
-1.013869514910666680e+00
-1.074298603162533228e+00
-1.128455383474636697e+00
-1.176542950609113625e+00
-1.218773724017490290e+00
-1.255370199647156682e+00
-1.286566980364329593e+00
-1.312608130140945795e+00
-1.333744120149793044e+00
-1.350233437681625626e+00
-1.362344479526882424e+00
-1.370352713504595865e+00
-1.374538324765539832e+00
-1.375188635620320898e+00
-1.372599127931324547e+00
-1.367071056114222083e+00
-1.358910563301282126e+00
-1.348431405191641508e+00
-1.335955323280170637e+00
-1.321810509542367562e+00
-1.306332760137010274e+00
-1.289868976370809328e+00
-1.272777237728691668e+00
-1.255426547693638151e+00
-1.238200751505077468e+00
-1.221502771310260860e+00
-1.205755573626195121e+00
-1.191404176665136649e+00
-1.178921175907060359e+00
-1.168808599841977491e+00
-1.161595038195980312e+00
-1.157828835451752525e+00
-1.158059049905684423e+00
-1.162782777984632476e+00
-1.172330281138164398e+00
-1.186621307417301097e+00
-1.204625256513224052e+00
-1.223143450249395636e+00
-1.233956041902530609e+00
-1.216726746031314255e+00
-1.119866776498462002e+00
-8.026173308777309057e-01
1.679875485740206231e-01
2.817270151398431732e+00
1.740756598978753455e+00
1.002318693476482059e+00
1.000000004041368573e+00
1.000000000000000000e+00
1.000000000000000000e+00
