1.000000000000000000e+00
1.000000004661107944e+00
1.000000017350286541e+00
1.000000071534472346e+00
1.000000263452235361e+00
1.000000787478754649e+00
1.000001986476626303e+00
1.000004421696937928e+00
1.000008974700874687e+00
1.000016999255097350e+00
1.000030549585486428e+00
1.000052723558031431e+00
1.000088176617489610e+00
1.000143886083056266e+00
1.000230277006857404e+00
1.000362861222926281e+00
1.000564592235111183e+00
1.000869197545816380e+00
1.001325809798090605e+00
1.002005273840022026e+00
1.003008567562177822e+00
1.004477829299552205e+00
1.006610398076096757e+00
1.009676047109179686e+00
1.014037201236174690e+00
1.020172551907296166e+00
1.028703731040298219e+00
1.040421857250856785e+00
1.056309890481563318e+00
1.077557736235039476e+00
1.105577452203263311e+00
1.142011911730025364e+00
1.188713249429851793e+00
1.247675667980066461e+00
1.320976837370712698e+00
1.410773227444449107e+00
1.519245040864877661e+00
1.648412185200458957e+00
1.799773362264636134e+00
1.974248926175190544e+00
2.172328429818512596e+00
2.393644477875331411e+00
2.636042715284016236e+00
2.894809097748533677e+00
3.163017064172992665e+00
3.431738264258152427e+00
3.689071147890385038e+00
3.918295350307194003e+00
4.099257857029458663e+00
4.212687759904928164e+00
4.241673277393869235e+00
4.172099431216525822e+00
3.994079925246067031e+00
3.706952934751688300e+00
3.321868263450292957e+00
2.858085405025973191e+00
2.337300731020803823e+00
1.782108072299454005e+00
1.216659475038302407e+00
6.632744671788327606e-01
1.390596005617842079e-01
-3.451181356552809332e-01
-7.819482321019172177e-01
-1.165850035235654669e+00
-1.493995280801677206e+00
-1.766972529642365064e+00
-1.987264361963863246e+00
-2.157202614837963939e+00
-2.279142674200050234e+00
-2.356109133012589396e+00
-2.391887611699885507e+00
-2.390021045104487651e+00
-2.353304127618103703e+00
-2.284387705909583399e+00
-2.186259657990407668e+00
-2.061933107486134453e+00
-1.913938259924385266e+00
-1.744551940386229516e+00
-1.556133083043398146e+00
-1.351201028902978329e+00
-1.132127628125561891e+00
-9.010106288606969382e-01
-6.598832373962471021e-01
-4.108764890902229516e-01
-1.560637785035111358e-01
1.027284893098640711e-01
3.638141722352973284e-01
6.255317706534500033e-01
8.862446389215732356e-01
1.144447951903295957e+00
1.398777689895594811e+00
1.647927363954492908e+00
1.890591450589326428e+00
2.125531350087268567e+00
2.351631681616093150e+00
2.567846874887632413e+00
2.773159631647803103e+00
2.966605633351588445e+00
3.147323268065615132e+00
3.314547169241611968e+00
3.467585037076998944e+00
3.605819994662777805e+00
3.728747952046246983e+00
3.835994113342862999e+00
3.927297203527967184e+00
4.002497921573349160e+00
4.061562051589241662e+00
4.104598831044124374e+00
4.131843165335742363e+00
4.143638200984267606e+00
4.140436995959102973e+00
4.122807821265025652e+00
4.091418096712055252e+00
4.047012461714539988e+00
3.990400597408200412e+00
3.922453629210797210e+00
3.844090748883304709e+00
3.756257823807442886e+00
3.659911533044258203e+00
3.556014601672114139e+00
3.445527934933285241e+00
3.329394526306894253e+00
3.208526463092473247e+00
3.083803310739219317e+00
2.956070640117509640e+00
2.826130520503409294e+00
2.694734067213348627e+00
2.562582826987084950e+00
2.430331539922776507e+00
2.298584525653557975e+00
2.167892632657680174e+00
2.038756128435874171e+00
1.911629291945753595e+00
1.786920392942948466e+00
1.664990918882670368e+00
1.546158883150568819e+00
1.430703816263814154e+00
1.318868183825298912e+00
1.210857410502262477e+00
1.106842797238731579e+00
1.006965961480547955e+00
9.113404813974719243e-01
8.200520056630682397e-01
7.331606708873119604e-01
6.507048734732445716e-01
5.727026642485143482e-01
4.991516695302758433e-01
4.300310413445717628e-01
3.653045438837644321e-01
3.049215139900139926e-01
2.488165629019646052e-01
1.969112420171011124e-01
1.491165816793202092e-01
1.053335886395966592e-01
6.545277344199822156e-02
2.935563392353287074e-02
-3.083325221660574485e-03
-3.199657066491470858e-02
-5.752411675814485259e-02
-7.981202252091582072e-02
-9.901071791351850893e-02
-1.152754462426839738e-01
-1.287668587489692595e-01
-1.396495025771403720e-01
-1.480905405521872609e-01
-1.542606391429874324e-01
-1.583342501345844644e-01
-1.604883763686635600e-01
-1.609020283770251081e-01
-1.597573231158896656e-01
-1.572395421572567176e-01
-1.535363425003716809e-01
-1.488381866862000524e-01
-1.433398363898049366e-01
-1.372403014793594500e-01
-1.307426250812508406e-01
-1.240555135595477476e-01
-1.173950460470993412e-01
-1.109847975544601822e-01
-1.050562281108804175e-01
-9.985031115999422335e-02
-9.561691617025003254e-02
-9.261102714406188596e-02
-9.108535284163300771e-02
-9.127409758154608754e-02
-9.335537929370187060e-02
-9.737365068035860882e-02
-1.030799853589741272e-01
-1.095879898325487350e-01
-1.146099826077523753e-01
-1.126808165233062348e-01
-9.074844212791606524e-02
-1.627296390360882458e-02
1.985274928977655839e-01
8.180897496623333875e-01
2.294444392207471761e+00
1.261756093303311621e+00
1.000236295652732643e+00
1.000000000359555719e+00
1.000000000000000000e+00
1.000000000000000000e+00
