1.000000000000000000e+00
1.000000002901272556e+00
1.000000010853665078e+00
1.000000044970554391e+00
1.000000165929841200e+00
1.000000496348078638e+00
1.000001252652320760e+00
1.000002789411242210e+00
1.000005664064911759e+00
1.000010733486864645e+00
1.000019299175344045e+00
1.000033325632702752e+00
1.000055767538515994e+00
1.000091056663000799e+00
1.000145820145728726e+00
1.000229928746953822e+00
1.000358008592713066e+00
1.000551592037150384e+00
1.000842129472510056e+00
1.001275132779058330e+00
1.001915779764768644e+00
1.002856373138093504e+00
1.004226037986381881e+00
1.006202958201119380e+00
1.009029274856436897e+00
1.013029202447352617e+00
1.018630517593231311e+00
1.026387833368341607e+00
1.037005378187937366e+00
1.051357283629163364e+00
1.070509401750913137e+00
1.095737410044408389e+00
1.128523868840507927e+00
1.170519945624468150e+00
1.223500994030893185e+00
1.289341282609451245e+00
1.369936078837017623e+00
1.467012950361686663e+00
1.581795729820909990e+00
1.714851101189156957e+00
1.866073718232504230e+00
2.034294119917557264e+00
2.216570147217653108e+00
2.407655666202840994e+00
2.600343975214301828e+00
2.785831845778123039e+00
2.953411375984930753e+00
3.089764386841484356e+00
3.180529215994511105e+00
3.213600452173634103e+00
3.180217972312282981e+00
3.075029852118432938e+00
2.896410302407106840e+00
2.648597899474915973e+00
2.342270576893459300e+00
1.991746568154647345e+00
1.611593452455539088e+00
1.215991668374501122e+00
8.194605230738487567e-01
4.352115688864897081e-01
7.341011852471629462e-02
-2.593368921062410015e-01
-5.584575699377476443e-01
-8.203949118549300756e-01
-1.043213194578601621e+00
-1.227009038947036057e+00
-1.373077465046950163e+00
-1.482756892235929547e+00
-1.557527006825249583e+00
-1.599374253077403107e+00
-1.610834909309333707e+00
-1.594398190242090951e+00
-1.552190873096537027e+00
-1.486302804703017344e+00
-1.399042657376479371e+00
-1.292736126039517153e+00
-1.169415642630566188e+00
-1.030940456052853005e+00
-8.791809355950904736e-01
-7.160573799238113546e-01
-5.433603659003729547e-01
-3.626802559147314642e-01
-1.755321811999237258e-01
1.654550022702479251e-02
2.120762134569281199e-01
4.097493397733114051e-01
6.083542686105880559e-01
8.067104523023806983e-01
1.003665790885005293e+00
1.198157935061004764e+00
1.389219383344886705e+00
1.575929538830924459e+00
1.757382706665439276e+00
1.932727814513119036e+00
2.101202329724470186e+00
2.262101989231646737e+00
2.414757240978810948e+00
2.558548100385478641e+00
2.692933114400827943e+00
2.817444980464172577e+00
2.931675991845044127e+00
3.035278034402323133e+00
3.127982635883079787e+00
3.209608493368377946e+00
3.280050009188289817e+00
3.339268282155146483e+00
3.387302336465191743e+00
3.424277698466778652e+00
3.450394193349421990e+00
3.465914314533918184e+00
3.471163052509321112e+00
3.466530196898360838e+00
3.452460614590237231e+00
3.429441478473224780e+00
3.397995424030419986e+00
3.358678881343931444e+00
3.312074896371450805e+00
3.258781395188045327e+00
3.199402646954591312e+00
3.134547085701805624e+00
3.064823264621641119e+00
2.990830944077980558e+00
2.913153826193163987e+00
2.832358706398903525e+00
2.748994589104546638e+00
2.663587048410382518e+00
2.576633661576325451e+00
2.488604447518244278e+00
2.399943052496348095e+00
2.311064223345630886e+00
2.222351580074541921e+00
2.134158807876211483e+00
2.046811856111145911e+00
1.960608508743893363e+00
1.875817553014024863e+00
1.792680341344618844e+00
1.711413379005819690e+00
1.632208904323158238e+00
1.555234710779608065e+00
1.480635683447997897e+00
1.408536265094004758e+00
1.339041354567372499e+00
1.272236355478557845e+00
1.208188589260789314e+00
1.146949524554942812e+00
1.088555662813743163e+00
1.033028592861129136e+00
9.803762341501023325e-01
9.305947544103159164e-01
8.836692723478424272e-01
8.395738396998615460e-01
7.982725631828808677e-01
7.597212374980794047e-01
7.238678009773421573e-01
6.906522286978370451e-01
6.600075545166876889e-01
6.318612028326187069e-01
6.061351616071077864e-01
5.827458037766336529e-01
5.616049065213024605e-01
5.426207663769877509e-01
5.256980844452469048e-01
5.107377572527433962e-01
4.976378819163939093e-01
4.862946244082335667e-01
4.766018282282694640e-01
4.684509701004602178e-01
4.617319915297681265e-01
4.563337304118382787e-01
4.521434019249113700e-01
4.490466841490476924e-01
4.469283000533755823e-01
4.456719018226660833e-01
4.451593508132883903e-01
4.452709088483148836e-01
4.458855485444987443e-01
4.468802265628048498e-01
4.481291528625296339e-01
4.495040355002817289e-01
4.508742474184003202e-01
4.521063763284112746e-01
4.530652100383509850e-01
4.536167344491905395e-01
4.536334608960218562e-01
4.530051879385358915e-01
4.516625310582481068e-01
4.496240973327749746e-01
4.470917149472100616e-01
4.446526602913009052e-01
4.437241128085537278e-01
4.475797375642479037e-01
4.638876356199659878e-01
5.115439086151493120e-01
6.411371580347959842e-01
1.003141317956881551e+00
1.788847010275285587e+00
1.081379959373939936e+00
1.000033385591534207e+00
1.000000000046525450e+00
1.000000000000000000e+00
1.000000000000000000e+00
