1.000000000000000000e+00
1.000000008787791161e+00
1.000000032482741164e+00
1.000000132990113810e+00
1.000000488480211835e+00
1.000001458539544918e+00
1.000003676878674863e+00
1.000008179784278584e+00
1.000016593390705033e+00
1.000031413386017087e+00
1.000056427295309192e+00
1.000097353708848225e+00
1.000162807334204373e+00
1.000265746047826809e+00
1.000425617990134519e+00
1.000671503451264543e+00
1.001046639049795628e+00
1.001614809881750112e+00
1.002469176377525972e+00
1.003744148128540958e+00
1.005630939834597282e+00
1.008397409896535590e+00
1.012412369400297107e+00
1.018173779549279789e+00
1.026339113172940909e+00
1.037757373046810594e+00
1.053500395498049302e+00
1.074884897326357391e+00
1.103475878931653442e+00
1.141066204219291391e+00
1.189652050372594028e+00
1.251395569396533736e+00
1.328535809774641585e+00
1.423235626075713078e+00
1.537497303574858254e+00
1.673245397272610013e+00
1.832372880612006982e+00
2.016620387109327783e+00
2.227222793101810261e+00
2.465192062627125313e+00
2.731950613861212407e+00
3.028898287947825896e+00
3.356089518804728389e+00
3.711102056538025717e+00
4.089640528994451074e+00
4.485673498779880752e+00
4.889227038084952071e+00
5.281911668645371982e+00
5.637279357457869899e+00
5.926417752087155932e+00
6.118619358509306494e+00
6.180369627511268504e+00
6.077505159618209696e+00
5.788105887128166316e+00
5.313825970434879586e+00
4.677370567694189241e+00
3.912378506398844102e+00
3.060082709425404612e+00
2.169660451782295940e+00
1.288150864545249075e+00
4.507722629035157413e-01
-3.219747077132563140e-01
-1.017387644231370070e+00
-1.625889776795015118e+00
-2.143649747700765218e+00
-2.574275490339596129e+00
-2.924967784359143064e+00
-3.201538161132821525e+00
-3.408990395492784931e+00
-3.553198098924377213e+00
-3.641204800122270324e+00
-3.678937934248536656e+00
-3.670151148998198831e+00
-3.617975137713228317e+00
-3.526139176314966761e+00
-3.398320592149648434e+00
-3.237013105967075699e+00
-3.044136995127173950e+00
-2.821912845967581074e+00
-2.573134833928752752e+00
-2.300498288987767648e+00
-2.006319838876366113e+00
-1.693050704843696685e+00
-1.363664540556468463e+00
-1.021257164717682242e+00
-6.685401465821558808e-01
-3.080529099323962017e-01
5.759577841837570239e-02
4.257579776727967724e-01
7.940263420931942262e-01
1.160268948952672741e+00
1.522434139394789554e+00
1.878414035868571919e+00
2.226196073025945132e+00
2.563989195268900012e+00
2.890086498759025790e+00
3.202755197232631801e+00
3.500283475127905053e+00
3.781088103962601643e+00
4.043690792401724465e+00
4.286657113480087489e+00
4.508598826775320312e+00
4.708263284719356179e+00
4.884577844962491255e+00
5.036621302985028414e+00
5.163608515354348505e+00
5.264960778495729521e+00
5.340367438901800767e+00
5.389761889176971188e+00
5.413297915947127059e+00
5.411370888107899901e+00
5.384645988583364407e+00
5.334032370808539092e+00
5.260640089981691858e+00
5.165757710276905890e+00
5.050848018128491823e+00
4.917517459622394504e+00
4.767464025194361632e+00
4.602437188005152890e+00
4.424224115237358035e+00
4.234627824638363514e+00
4.035425254158838015e+00
3.828333317607813591e+00
3.615003455124762066e+00
3.397017011517211582e+00
3.175861557221143716e+00
2.952912919126610358e+00
2.729439461233939213e+00
2.506609976486542823e+00
2.285486166200546343e+00
2.067016696267840015e+00
1.852045890843805998e+00
1.641326411134714780e+00
1.435520426641170966e+00
1.235198781085054431e+00
1.040849957734423015e+00
8.528928355409006734e-01
6.716803962783823856e-01
4.974998104257893905e-01
3.305794101701940990e-01
1.710991349445052101e-01
1.919392835802587877e-02
-1.250467379200638218e-01
-2.615738003811360346e-01
-3.903703692775735701e-01
-5.114494022612017243e-01
-6.248550080911863258e-01
-7.306588184296124444e-01
-8.289536402067756438e-01
-9.198523165789072031e-01
-1.003489631650291480e+00
-1.080019401857299721e+00
-1.149609443025863875e+00
-1.212441486339647767e+00
-1.268713401691235809e+00
-1.318636610803455511e+00
-1.362432172411181641e+00
-1.400331679913152438e+00
-1.432579548402061809e+00
-1.459430191198172855e+00
-1.481144748124532784e+00
-1.497992898502640946e+00
-1.510254978171322815e+00
-1.518218925928389584e+00
-1.522177755679850364e+00
-1.522432232911072214e+00
-1.519292019259397275e+00
-1.513073090271814802e+00
-1.504096788839692111e+00
-1.492692809392310416e+00
-1.479199609542749094e+00
-1.463962732691783897e+00
-1.447336059184634038e+00
-1.429685612335818812e+00
-1.411389617329336099e+00
-1.392838199780174424e+00
-1.374437636604312285e+00
-1.356614958262195580e+00
-1.339819001306886692e+00
-1.324522633247507963e+00
-1.311228890612418541e+00
-1.300473252010332814e+00
-1.292821015143352792e+00
-1.288860873540472962e+00
-1.289186076816616122e+00
-1.294340689926131827e+00
-1.304701562353945965e+00
-1.320227119656560921e+00
-1.339898884004101509e+00
-1.360459558618030140e+00
-1.373455440976766084e+00
-1.357885895655871700e+00
-1.260397450751045145e+00
-9.352761021383149131e-01
6.703364884665677370e-02
2.837684486289847374e+00
1.809835461035794957e+00
1.002944881423784018e+00
1.000000005239426004e+00
1.000000000000000000e+00
1.000000000000000000e+00
