1.000000000000000000e+00
1.000000009661687006e+00
1.000000035674539989e+00
1.000000145899624604e+00
1.000000535675047875e+00
1.000001599190446733e+00
1.000004031046434205e+00
1.000008966952394163e+00
1.000018188934926888e+00
1.000034432182321797e+00
1.000061849195592156e+00
1.000106714239034300e+00
1.000178490124561392e+00
1.000291432904292455e+00
1.000466979955279445e+00
1.000737253198377585e+00
1.001150112742611897e+00
1.001776303968418880e+00
1.002719325723467447e+00
1.004128686330693965e+00
1.006217221380950821e+00
1.009283080852934500e+00
1.013736479103633625e+00
1.020130368905038942e+00
1.029192841078940601e+00
1.041860449483954287e+00
1.059309497022993041e+00
1.082975249099697113e+00
1.114548314752930480e+00
1.155942693361646345e+00
1.209259011075638934e+00
1.276734028957165590e+00
1.360633610351304590e+00
1.463078264098069070e+00
1.585955371327964603e+00
1.731029240740659336e+00
1.900016463947717948e+00
2.094482990321388627e+00
2.315494557238840567e+00
2.563987911101488937e+00
2.841523510751810200e+00
3.149848264056637426e+00
3.489485085246495810e+00
3.858535057885998487e+00
4.253364172721923353e+00
4.668753900463204154e+00
5.095463706599212550e+00
5.515213648844201622e+00
5.900826948025842178e+00
6.222110860078950090e+00
6.446258480359430720e+00
6.536237530920218752e+00
6.452677784967542074e+00
6.168421895399681887e+00
5.682202631234281043e+00
5.016773567181715521e+00
4.207892080118964095e+00
3.300723365333961823e+00
2.350269125607206355e+00
1.409374356176925636e+00
5.171893264646926225e-01
-3.042177236948418462e-01
-1.041584738395520571e+00
-1.684897237516892687e+00
-2.230507672279072207e+00
-2.683176229092154585e+00
-3.051566627999221737e+00
-3.342444128305919193e+00
-3.561434729292652701e+00
-3.715049386355859795e+00
-3.811073265843199387e+00
-3.855928082804402024e+00
-3.853470078703150836e+00
-3.806817799993380991e+00
-3.719779308466904855e+00
-3.596093621942948904e+00
-3.438108932497430992e+00
-3.247490650541723589e+00
-3.026241772322219692e+00
-2.777032132524290375e+00
-2.502427378654641377e+00
-2.204573393955240324e+00
-1.885808775733984977e+00
-1.549130808444260321e+00
-1.197733155528739823e+00
-8.344093159375502999e-01
-4.617946906555423503e-01
-8.264242430347269741e-02
3.002193700428317791e-01
6.842225657065184041e-01
1.067105405344411118e+00
1.446687589226030246e+00
1.820712790227655420e+00
2.187026859225567499e+00
2.543725457441023963e+00
2.888992609042758897e+00
3.220970542568034833e+00
3.537812089435049767e+00
3.837803632487697847e+00
4.119334552020566420e+00
4.380822878793564357e+00
4.620715045032711465e+00
4.837587774508375738e+00
5.030198262541405008e+00
5.197450011647960721e+00
5.338375008551423662e+00
5.452217216382444498e+00
5.538507012738406843e+00
5.597036425621277900e+00
5.627835358258152176e+00
5.631200716962897701e+00
5.607734020180404677e+00
5.558315595636782902e+00
5.484058234202490389e+00
5.386284588598305945e+00
5.266525219652806733e+00
5.126485129692313514e+00
4.967984294365876963e+00
4.792911715256143346e+00
4.603209817689810635e+00
4.400848959531893811e+00
4.187778046523117581e+00
3.965884362119736828e+00
3.736986815293943831e+00
3.502830092149014973e+00
3.265056407131922356e+00
3.025184018904512495e+00
2.784611974170790649e+00
2.544629113733375192e+00
2.306404995067805608e+00
2.070982722453257097e+00
1.839289027434545254e+00
1.612149021987286268e+00
1.390287413361713575e+00
1.174327367094941676e+00
9.648008892880804988e-01
7.621636322843163835e-01
5.667990381618087659e-01
3.790182217441029344e-01
1.990679458162956939e-01
2.714265681494319737e-02
-1.366117761303929368e-01
-2.920988681582903368e-01
-4.392658099705420427e-01
-5.780940416164812579e-01
-7.085967695927841703e-01
-8.308207369500132389e-01
-9.448421896420696742e-01
-1.050759649761265901e+00
-1.148692802364941423e+00
-1.238784943323218757e+00
-1.321199763574251840e+00
-1.396115636975817420e+00
-1.463725711502023463e+00
-1.524240695440861160e+00
-1.577885985446331851e+00
-1.624897231807911790e+00
-1.665521542925460174e+00
-1.700020306884959531e+00
-1.728666004498378594e+00
-1.751738491263798769e+00
-1.769527234953256256e+00
-1.782333896477530821e+00
-1.790468833019017714e+00
-1.794248211183705255e+00
-1.793997213085817721e+00
-1.790051431260673453e+00
-1.782753879815632603e+00
-1.772453913655779756e+00
-1.759510743549489220e+00
-1.744293917800034732e+00
-1.727181339592246179e+00
-1.708560704520065698e+00
-1.688833917798042927e+00
-1.668417100779300055e+00
-1.647740164105401250e+00
-1.627251713160833946e+00
-1.607424369147504084e+00
-1.588755952612672884e+00
-1.571772109003201745e+00
-1.557033662881648350e+00
-1.545139713069757503e+00
-1.536725512141099870e+00
-1.532456891405805210e+00
-1.533012043689893744e+00
-1.539026111407184150e+00
-1.550967850130057446e+00
-1.568875582084106712e+00
-1.591766306774969664e+00
-1.616296679833482797e+00
-1.633624345056489791e+00
-1.621622181730433265e+00
-1.523953404057862393e+00
-1.186551465288587126e+00
-1.312019676729723472e-01
2.851036749818364413e+00
1.943909233414994553e+00
1.004518654318240056e+00
1.000000008375040439e+00
1.000000000000000000e+00
1.000000000000000000e+00
