1.000000000000000000e+00
1.000000008074844793e+00
1.000000029875811158e+00
1.000000122433744032e+00
1.000000449870381170e+00
1.000001343452757485e+00
1.000003387052781800e+00
1.000007535577105200e+00
1.000015287589638868e+00
1.000028942948101962e+00
1.000051991260909379e+00
1.000089698853715348e+00
1.000149993047750208e+00
1.000244785182904161e+00
1.000391929686390347e+00
1.000618086047918132e+00
1.000962835213441648e+00
1.001484492797686476e+00
1.002268139487641152e+00
1.003436438631252647e+00
1.005163844454374900e+00
1.007694791896967645e+00
1.011366118950872695e+00
1.016633320648168803e+00
1.024099250646741233e+00
1.034544974761167691e+00
1.048960841238812502e+00
1.068570332198017336e+00
1.094838353852583213e+00
1.129459091797218262e+00
1.174340392504934050e+00
1.231576263967873341e+00
1.303371450947383270e+00
1.391904850478828282e+00
1.499248556320368575e+00
1.627431164221471382e+00
1.778462282152407647e+00
1.954198079291005863e+00
2.155984566244065537e+00
2.384873023088733834e+00
2.642161174474753960e+00
2.928961924250611748e+00
3.244948563343122760e+00
3.587278001615510803e+00
3.951133292249098705e+00
4.329854368165507061e+00
4.712921351652457069e+00
5.081920336024144724e+00
5.411077734809579987e+00
5.672640129211130144e+00
5.837756477160731983e+00
5.875902195230422898e+00
5.757161467978574088e+00
5.463769925764417223e+00
4.999655377522038258e+00
4.387455178937875289e+00
3.659097777995093281e+00
2.852688632429696725e+00
2.012847695939575132e+00
1.182047739369361583e+00
3.922980902827097327e-01
-3.373693409555419964e-01
-9.949319373850434856e-01
-1.571331245797332965e+00
-2.062734336007409741e+00
-2.471984516298055823e+00
-2.805238906204852611e+00
-3.067594098365300948e+00
-3.263555745307551437e+00
-3.398478477278621845e+00
-3.478810671237380969e+00
-3.510070019258314300e+00
-3.495894602499698856e+00
-3.439393471482007136e+00
-3.344216895854160043e+00
-3.213981495939575161e+00
-3.051273638249967668e+00
-2.858184295137949693e+00
-2.637071967589834198e+00
-2.390792670152348087e+00
-2.122098979385691475e+00
-1.833387293675054153e+00
-1.527141451199459876e+00
-1.206267425017100381e+00
-8.737417136530132300e-01
-5.321724292766309983e-01
-1.839905441442805378e-01
1.683334029290511347e-01
5.223108291314040308e-01
8.756757933716481368e-01
1.226412440359457401e+00
1.572582280946226208e+00
1.912203700071019696e+00
2.243384733767199712e+00
2.564434172215740215e+00
2.873742029559685385e+00
3.169684331908613206e+00
3.450665948726739263e+00
3.715216891880508854e+00
3.961973379875727730e+00
4.189625974867730918e+00
4.396923187016505530e+00
4.582751109533488965e+00
4.746172942265680206e+00
4.886403853875790126e+00
5.002796825170481299e+00
5.094903063981043978e+00
5.162524070234681517e+00
5.205688190008186389e+00
5.224627251126607419e+00
5.219792360807772980e+00
5.191875870018848538e+00
5.141786167247686556e+00
5.070607720659043416e+00
4.979579588074241059e+00
4.870090166381103813e+00
4.743649392591762215e+00
4.601842510334131831e+00
4.446294707070640229e+00
4.278658958763950970e+00
4.100597037285920621e+00
3.913743090682036296e+00
3.719674244871196578e+00
3.519906082722657370e+00
3.315888848319027638e+00
3.108986978548852864e+00
2.900463562977543042e+00
2.691484169027731799e+00
2.483123800456340291e+00
2.276360375141617709e+00
2.072069547986586713e+00
1.871032292180078160e+00
1.673945974183963292e+00
1.481425396478674328e+00
1.294002095210252223e+00
1.112132203131322106e+00
9.362076513178294590e-01
7.665594940537039381e-01
6.034580825737938525e-01
4.471192620902232906e-01
2.977136208376452986e-01
1.553695978907065067e-01
2.017321095393012978e-02
-1.078273760940418186e-01
-2.286145074993916060e-01
-3.421988459133201155e-01
-4.486203578998884112e-01
-5.479449949749461979e-01
-6.402589965839471375e-01
-7.256677451603015250e-01
-8.042972881787844308e-01
-8.762916605665451719e-01
-9.418083518453674863e-01
-1.001018102843593827e+00
-1.054106727717079695e+00
-1.101272738801345907e+00
-1.142723813697251956e+00
-1.178677475529626761e+00
-1.209362996630056308e+00
-1.235018841600364459e+00
-1.255889722238773265e+00
-1.272228105567439815e+00
-1.284295996440644183e+00
-1.292362206150933002e+00
-1.296700085420773307e+00
-1.297589816692924503e+00
-1.295319375581885479e+00
-1.290182240472070863e+00
-1.282476539247483949e+00
-1.272507642878985878e+00
-1.260588518330193475e+00
-1.247038262273668430e+00
-1.232183204389175613e+00
-1.216360254246740213e+00
-1.199916978301028614e+00
-1.183211365549456273e+00
-1.166615575427203844e+00
-1.150519985501096798e+00
-1.135334111009481006e+00
-1.121488498145158497e+00
-1.109439939646657214e+00
-1.099673119316745939e+00
-1.092697617534579946e+00
-1.089040926044038349e+00
-1.089229341775990623e+00
-1.093735903599245773e+00
-1.102867273846452445e+00
-1.116524208189862089e+00
-1.133671887282193591e+00
-1.151146216805562617e+00
-1.160857702722284834e+00
-1.142836231908521460e+00
-1.046465451256753276e+00
-7.337174232917735850e-01
2.193320057367617038e-01
2.802779118220228849e+00
1.705352118356855629e+00
1.002039846827535552e+00
1.000000003518527913e+00
1.000000000000000000e+00
1.000000000000000000e+00
