1.000000000000000000e+00
1.000000004589473024e+00
1.000000017086506654e+00
1.000000070458666457e+00
1.000000259506584444e+00
1.000000775704593670e+00
1.000001956805828041e+00
1.000004355712132531e+00
1.000008840895671547e+00
1.000016746060182982e+00
1.000030095033608069e+00
1.000051939882877550e+00
1.000086867242225619e+00
1.000141751260837930e+00
1.000226862725026811e+00
1.000357483775601075e+00
1.000556228005444748e+00
1.000856324014026910e+00
1.001306179790742545e+00
1.001975600911826803e+00
1.002964096436638641e+00
1.004411762081347526e+00
1.006513147591816537e+00
1.009534296194253500e+00
1.013832764130783826e+00
1.019881043209093452e+00
1.028293072673067687e+00
1.039850726980080520e+00
1.055526293985169284e+00
1.076497927168873270e+00
1.104165270823922018e+00
1.140158661702562970e+00
1.186318483297666759e+00
1.244629259166659896e+00
1.317161604639263128e+00
1.406066527251475407e+00
1.513519133707305508e+00
1.641533996710581089e+00
1.791604659881228301e+00
1.964641761444360535e+00
2.161113186343909476e+00
2.380618442736492923e+00
2.620966321410309163e+00
2.877410253065967982e+00
3.142993700958140568e+00
3.408765508279363754e+00
3.662834232009619218e+00
3.888570520979965028e+00
4.066007846297717165e+00
4.176126773763595423e+00
4.202328614653072947e+00
4.130869270800991089e+00
3.952249234158604185e+00
3.666078447269846219e+00
3.283555662498689465e+00
2.823785846582267389e+00
2.308197936156801244e+00
1.759044528512543115e+00
1.200069506115769125e+00
6.532011761820899487e-01
1.352496983902437555e-01
-3.430951247418416727e-01
-7.746336227475631997e-01
-1.153866213223916137e+00
-1.477996739851569208e+00
-1.747585316214727458e+00
-1.965056934537519062e+00
-2.132696849019219965e+00
-2.252821188900147042e+00
-2.328409928255382955e+00
-2.363196476636162835e+00
-2.360681959287413090e+00
-2.323637833160058896e+00
-2.254697548942051988e+00
-2.156827115333749045e+00
-2.033017872053977992e+00
-1.885786842884300984e+00
-1.717401098113118918e+00
-1.530206188197867467e+00
-1.326702396180009291e+00
-1.109242428613727682e+00
-8.799073099819514354e-01
-6.407121918405881411e-01
-3.937659370270227832e-01
-1.411189450889892560e-01
1.154222013424138493e-01
3.741897032543355928e-01
6.335408703072047398e-01
8.918581732633457104e-01
1.147654110057826360e+00
1.399579992262373951e+00
1.646344254143500940e+00
1.886657004044117958e+00
2.119294838558003935e+00
2.343156172788566138e+00
2.557208908295682370e+00
2.760449741366950871e+00
2.951928472409484083e+00
3.130796840247259460e+00
3.296302179907012686e+00
3.447764645576660847e+00
3.584579466239841139e+00
3.706253526942297150e+00
3.812421451463104294e+00
3.902829987706611270e+00
3.977326531703207380e+00
4.035881656765747394e+00
4.078606988738706640e+00
4.105737616818710300e+00
4.117614876680117497e+00
4.114687893553863773e+00
4.097518711779494893e+00
4.066766487140226261e+00
4.023165950233848598e+00
3.967515457588817185e+00
3.900673477190143679e+00
3.823545491882903491e+00
3.737063050074907355e+00
3.642168240778436150e+00
3.539809054126216381e+00
3.430931697383734935e+00
3.316464835308199799e+00
3.197306860563024156e+00
3.074324316590311579e+00
2.948350453588924225e+00
2.820175896235560309e+00
2.690541319778213758e+00
2.560138789291373840e+00
2.429614446512755155e+00
2.299564940718412664e+00
2.170534410505104539e+00
2.043017292651836847e+00
1.917462802556695767e+00
1.794274891886818324e+00
1.673811470232596355e+00
1.556387632602997506e+00
1.442280541230821056e+00
1.331730805668132289e+00
1.224942498226273990e+00
1.122086010032562475e+00
1.023302404021215306e+00
9.287050278715655027e-01
8.383796236910192601e-01
7.523867030511093290e-01
6.707652524962893770e-01
5.935341086220393692e-01
5.206918885714483247e-01
4.522189117907171596e-01
3.880802372663412769e-01
3.282266158226064268e-01
2.725942077889319526e-01
2.211062274142354955e-01
1.736754439323976162e-01
1.302046800863416731e-01
9.058635872918750775e-02
5.470396810274309740e-02
2.243405286708782115e-02
-6.353755055749019977e-03
-3.179729285053538301e-02
-5.404038372018158537e-02
-7.323118659002345043e-02
-8.952262225083125469e-02
-1.030729492949262888e-01
-1.140442737783361193e-01
-1.226012865680229935e-01
-1.289121282007739955e-01
-1.331486593297508403e-01
-1.354852442273424273e-01
-1.360982122742202260e-01
-1.351669306674693760e-01
-1.328738564112569853e-01
-1.294037569145663757e-01
-1.249441266234071340e-01
-1.196866466723782302e-01
-1.138271286239983388e-01
-1.075652962696623111e-01
-1.011063758979925953e-01
-9.466276231579513756e-02
-8.845412499359689429e-02
-8.270776991977660253e-02
-7.766020920686937667e-02
-7.355651487715310355e-02
-7.064654841488580972e-02
-6.917761751097273315e-02
-6.937840518069683660e-02
-7.142185304398945833e-02
-7.534862689119246892e-02
-8.090966032360975835e-02
-8.722712074323006604e-02
-9.204208284733504664e-02
-8.996547552250240554e-02
-6.813653268167318977e-02
5.494148790533580351e-03
2.173615001464346552e-01
8.277336212892471012e-01
2.277136470187550277e+00
1.253590451683433749e+00
1.000223048325706632e+00
1.000000000338587158e+00
1.000000000000000000e+00
1.000000000000000000e+00
