1.000000000000000000e+00
1.000000000997620209e+00
1.000000003765813883e+00
1.000000015740323489e+00
1.000000058268438075e+00
1.000000174528026475e+00
1.000000440821659842e+00
1.000000982353883794e+00
1.000001996383470981e+00
1.000003786985191212e+00
1.000006817759231392e+00
1.000011791949690032e+00
1.000019773989963889e+00
1.000032372983025830e+00
1.000052017618499267e+00
1.000082364149949221e+00
1.000128895314498667e+00
1.000199788696076286e+00
1.000307157492383636e+00
1.000468795294566560e+00
1.000710593424303463e+00
1.001069844377870721e+00
1.001599666952103895e+00
1.002374787249435739e+00
1.003498874328031309e+00
1.005113848682587019e+00
1.007411454664597361e+00
1.010646662037792076e+00
1.015152083255225213e+00
1.021352512625961051e+00
1.029780975447305513e+00
1.041093241886750231e+00
1.056071487983448298e+00
1.075607611271054642e+00
1.100675072435164603e+00
1.132296884847009188e+00
1.171473295522036828e+00
1.219038186512270361e+00
1.275426474989469261e+00
1.340515987819409949e+00
1.413542843350360956e+00
1.492867927944372397e+00
1.575651849750982603e+00
1.657710765884847337e+00
1.733895720063052037e+00
1.798566952442303135e+00
1.845806599670976267e+00
1.869465007779469001e+00
1.864123764474235667e+00
1.826530264120000080e+00
1.755764804426492187e+00
1.652798999882179931e+00
1.520115314235420900e+00
1.362103341381263322e+00
1.184966765122504651e+00
9.955399471734971417e-01
8.000961043754563073e-01
6.043074965916230834e-01
4.137190328439114828e-01
2.332705978197776031e-01
6.673291716512912142e-02
-8.344587865510515179e-02
-2.155624656642877446e-01
-3.282841784032600740e-01
-4.208966389680091069e-01
-4.934809272494296017e-01
-5.466172602212848730e-01
-5.809557274952169559e-01
-5.972539965587811972e-01
-5.965134932569926551e-01
-5.799898688097944177e-01
-5.489556818337862909e-01
-5.045685948076539251e-01
-4.479848021922087642e-01
-3.804473611655098675e-01
-3.032002740723994672e-01
-2.173632872815624839e-01
-1.239738175689833327e-01
-2.405536807002985750e-02
8.136869206095148632e-02
1.913443990412931894e-01
3.050132391839154300e-01
4.215623820701187574e-01
5.401850233615902441e-01
6.601121775573867145e-01
7.806519087605325868e-01
9.011627739398774262e-01
1.021026028449539602e+00
1.139644886080505737e+00
1.256468626917762954e+00
1.370994793685976765e+00
1.482750694161492522e+00
1.591281201206540707e+00
1.696164746787004685e+00
1.797026795383932951e+00
1.893527886495704138e+00
1.985354168900450800e+00
2.072222903503764702e+00
2.153893264666229879e+00
2.230163787449024770e+00
2.300865680003493896e+00
2.365861778698207463e+00
2.425053305954484983e+00
2.478381637023776563e+00
2.525822629829014954e+00
2.567382011655653162e+00
2.603098812298362930e+00
2.633047861158973380e+00
2.657334293134143266e+00
2.676088463959307440e+00
2.689465517215662516e+00
2.697646066077520999e+00
2.700832317589082709e+00
2.699243134706757363e+00
2.693111506159818980e+00
2.682684096605767898e+00
2.668218688953926332e+00
2.649979867466778050e+00
2.628235935012812607e+00
2.603258271040097327e+00
2.575319923004565137e+00
2.544692254050582303e+00
2.511642169629987098e+00
2.476431771275080962e+00
2.439317943035284042e+00
2.400550039608019937e+00
2.360367941217611953e+00
2.319002007448097036e+00
2.276673295508182981e+00
2.233592318905534224e+00
2.189957907401970161e+00
2.145957385677794260e+00
2.101767148667395002e+00
2.057552228526627669e+00
2.013465718331204357e+00
1.969649139909668500e+00
1.926233233213367368e+00
1.883337992564142027e+00
1.841072432387505842e+00
1.799535041311897343e+00
1.758814623554717516e+00
1.718990558191324292e+00
1.680132751203416541e+00
1.642302137506190363e+00
1.605551521381679780e+00
1.569925915421202411e+00
1.535462573051262769e+00
1.502191496442191632e+00
1.470136220539914218e+00
1.439314137936876348e+00
1.409736553203581044e+00
1.381409187482662171e+00
1.354332889592372968e+00
1.328503896299038978e+00
1.303913878199778109e+00
1.280550427389707480e+00
1.258397669406277730e+00
1.237436427669554195e+00
1.217644252696055363e+00
1.198995918143894501e+00
1.181463956567581075e+00
1.165018718770516104e+00
1.149628397782028300e+00
1.135259526952845821e+00
1.121877428465113846e+00
1.109446175599500206e+00
1.097928694232143121e+00
1.087287211042860857e+00
1.077483554317180792e+00
1.068479094385558881e+00
1.060234930896335026e+00
1.052712287946943936e+00
1.045872655558325315e+00
1.039677716583262468e+00
1.034089652003497450e+00
1.029071519578276250e+00
1.024587256832751425e+00
1.020601707777748723e+00
1.017081045028059183e+00
1.013993153594027419e+00
1.011307714177362760e+00
1.008996677915236839e+00
1.007035144535467275e+00
1.005402343944547194e+00
1.004083081230640717e+00
1.003070768125681189e+00
1.002372650979198587e+00
1.002018887280740955e+00
1.002080672691574526e+00
1.002707825370980022e+00
1.004211070960852714e+00
1.007257724884738748e+00
1.013383691663872099e+00
1.026477699459122039e+00
1.056875490337965129e+00
1.076811175631199546e+00
9.490593160001364881e-01
9.999691196297051388e-01
9.999999999527707795e-01
1.000000000000000000e+00
1.000000000000000000e+00
