1.000000000000000000e+00
1.000000002304583191e+00
1.000000008640957505e+00
1.000000035881946747e+00
1.000000132505550976e+00
1.000000396497899180e+00
1.000001000862606571e+00
1.000002229135676046e+00
1.000004527287923217e+00
1.000008581221987658e+00
1.000015433414313870e+00
1.000026658557868098e+00
1.000044627069054171e+00
1.000072897892770873e+00
1.000116799092059860e+00
1.000184277148118195e+00
1.000287125220224116e+00
1.000442736525405829e+00
1.000676569440674735e+00
1.001025555264155598e+00
1.001542734142933044e+00
1.002303466891456774e+00
1.003413577572489945e+00
1.005019733330428489e+00
1.007322246564199997e+00
1.010590853781478504e+00
1.015183724256339515e+00
1.021568549898675515e+00
1.030343959042134383e+00
1.042259617999249377e+00
1.058238110278989286e+00
1.079393941122147593e+00
1.107034642032049598e+00
1.142630657264858796e+00
1.187775905467205684e+00
1.244158091955142487e+00
1.313477643004670625e+00
1.397264654301326958e+00
1.496562191983453305e+00
1.611754580511731261e+00
1.742512294578110854e+00
1.887428976133084690e+00
2.043411748295903774e+00
2.205257671593892521e+00
2.366013641363981179e+00
2.517401182792944780e+00
2.649723995198619342e+00
2.751488568109744737e+00
2.810897511512144398e+00
2.818646480076174132e+00
2.768744391692221196e+00
2.658372210619947218e+00
2.487870263714251795e+00
2.262151552367328566e+00
1.990911616680810292e+00
1.686301417785779133e+00
1.360288109237366427e+00
1.024263404286673840e+00
6.897290816344202602e-01
3.670943696908444687e-01
6.437048197271606764e-02
-2.132072846405819178e-01
-4.619870893756650720e-01
-6.791095991125989384e-01
-8.629940764024507383e-01
-1.013673481114876873e+00
-1.132153218294364994e+00
-1.219511107658789228e+00
-1.276974311119873917e+00
-1.306204311808684793e+00
-1.309326935346440068e+00
-1.288457266250269351e+00
-1.245444327575416565e+00
-1.182119435539154884e+00
-1.100490489684270656e+00
-1.002577145968167160e+00
-8.901623234189470768e-01
-7.648834874757864943e-01
-6.283755953987280041e-01
-4.823005488684356523e-01
-3.282057456274609653e-01
-1.674694512800359858e-01
-1.400296525087020398e-03
1.686839907796468252e-01
3.415225084447748305e-01
5.159921879165627612e-01
6.910549670054073612e-01
8.657020641619928014e-01
1.038952453862269865e+00
1.209901222193420889e+00
1.377723652458950010e+00
1.541637511386352744e+00
1.700877994136671179e+00
1.854729416972275891e+00
2.002552213665968139e+00
2.143759071526514681e+00
2.277796291066463752e+00
2.404155444754596971e+00
2.522396043541082378e+00
2.632141676206636749e+00
2.733068004045493105e+00
2.824902196754529804e+00
2.907438160152821194e+00
2.980541803156790071e+00
3.044141285262925045e+00
3.098219246388384196e+00
3.142821086721400814e+00
3.178061210931181879e+00
3.204112945289543823e+00
3.221199021488924341e+00
3.229591217438662731e+00
3.229612049255108808e+00
3.221627065491363684e+00
3.206034819939989511e+00
3.183261585789609605e+00
3.153760196175213082e+00
3.118004565733555111e+00
3.076480628359430813e+00
3.029679789214644092e+00
2.978097367760919933e+00
2.922229541415973575e+00
2.862566417455783441e+00
2.799586360839078747e+00
2.733755335193102987e+00
2.665526180146100543e+00
2.595334106936104224e+00
2.523593006428183738e+00
2.450695672777769119e+00
2.377014600156489799e+00
2.302899842730710578e+00
2.228677101621784562e+00
2.154648501995584997e+00
2.081094168619753937e+00
2.008271738446592458e+00
1.936415565211341949e+00
1.865737820249944390e+00
1.796430416930087537e+00
1.728665369463423973e+00
1.662594568812394202e+00
1.598350923572518401e+00
1.536050249449787852e+00
1.475791938668645109e+00
1.417658972511440352e+00
1.361719020567338623e+00
1.308026195386908563e+00
1.256621758917832787e+00
1.207534182258434230e+00
1.160780149341330558e+00
1.116366099431669312e+00
1.074288818002127943e+00
1.034535463574009162e+00
9.970844962672783529e-01
9.619070126653833652e-01
9.289671549130406047e-01
8.982220773404838710e-01
8.696228037318592952e-01
8.431153298361451220e-01
8.186408124889467119e-01
7.961354809467652283e-01
7.755314922052938265e-01
7.567578619724097955e-01
7.397404252484552911e-01
7.244017217017107990e-01
7.106618382361330477e-01
6.984391439329689089e-01
6.876500316312936789e-01
6.782089334847012374e-01
6.700290284001350072e-01
6.630226359625726040e-01
6.571008627740761998e-01
6.521737289459137443e-01
6.481506906778158328e-01
6.449406183782541158e-01
6.424513051914003681e-01
6.405897033009203545e-01
6.392622652266568561e-01
6.383744798893330463e-01
6.378304199019831922e-01
6.375330735334123755e-01
6.373846287502068497e-01
6.372862772597088776e-01
6.371391398686354623e-01
6.368467289050051550e-01
6.363191125060473352e-01
6.354810508557283688e-01
6.342895096376824915e-01
6.327683156042570589e-01
6.310774090365002253e-01
6.296590596359769032e-01
6.295577915189790597e-01
6.331568208723558078e-01
6.459945660530059808e-01
6.816487402849078503e-01
7.763405325036102367e-01
1.037083474086960555e+00
1.581372656619337125e+00
1.031958919891093007e+00
1.000003306326998187e+00
1.000000000002139400e+00
1.000000000000000000e+00
1.000000000000000000e+00
