1.000000000000000000e+00
1.000000008483987290e+00
1.000000031372197506e+00
1.000000128494516138e+00
1.000000472039566102e+00
1.000001409536209751e+00
1.000003553475761420e+00
1.000007905497068084e+00
1.000016037418197223e+00
1.000030361532529222e+00
1.000054538447275876e+00
1.000094093951092944e+00
1.000157349431569642e+00
1.000256815629496199e+00
1.000411258773458378e+00
1.000648721733958579e+00
1.001010872069983071e+00
1.001559143863516521e+00
1.002383220000768072e+00
1.003612448954386061e+00
1.005430817734521032e+00
1.008096077884980568e+00
1.011963240589094148e+00
1.017511939012496258e+00
1.025376083243607406e+00
1.036375393592005922e+00
1.051546631513709862e+00
1.072166468828052999e+00
1.099757060943016285e+00
1.136069270775347029e+00
1.183062033067473706e+00
1.242869303652555102e+00
1.317716903840250309e+00
1.409776558880968311e+00
1.521082914659270369e+00
1.653607782446766317e+00
1.809296839634448650e+00
1.989942936295386433e+00
2.196831264793501770e+00
2.430992997503157671e+00
2.693798857810393077e+00
2.986527001276651827e+00
3.309069481074343955e+00
3.658824116386021785e+00
4.031271313864285055e+00
4.420107840435878011e+00
4.815120850535051567e+00
5.197901972135466231e+00
5.542279464910214948e+00
5.819819291435456954e+00
6.000586041772352885e+00
6.052323279345743323e+00
5.942676001348968562e+00
5.651508577881521056e+00
5.181460134222209746e+00
4.555216549224891942e+00
3.805692371999339851e+00
2.972784144163717723e+00
2.103709675636747711e+00
1.243545340297261603e+00
4.261412526110076593e-01
-3.286100675138443061e-01
-1.008274847431059884e+00
-1.603482233904558241e+00
-2.110386297867862027e+00
-2.532252169843764555e+00
-2.875821083230828634e+00
-3.146593456874762218e+00
-3.349359533126554656e+00
-3.489771334322137264e+00
-3.574617543107623252e+00
-3.609651479800419338e+00
-3.598580623172339177e+00
-3.544529597663162335e+00
-3.451195659443918373e+00
-3.322231650434622541e+00
-3.160173866436008172e+00
-2.967019683864591251e+00
-2.745053177551192825e+00
-2.497099626717820708e+00
-2.225884323851353042e+00
-1.933764397806312596e+00
-1.623211258722075945e+00
-1.297174732436453315e+00
-9.587037585668766182e-01
-6.104693990467907616e-01
-2.549677526621166868e-01
1.052493970114325716e-01
4.676008762979358968e-01
8.297386331870874043e-01
1.189579213358387566e+00
1.545118347847852069e+00
1.894301403235920889e+00
2.235166629219993428e+00
2.565964694168616944e+00
2.885029113528549072e+00
3.190672699236157595e+00
3.481232658562050997e+00
3.755173278590858477e+00
4.011064384462485144e+00
4.247524358738914430e+00
4.463223095433690446e+00
4.656967202861642008e+00
4.827742349181577630e+00
4.974686264592275364e+00
5.097073954051973388e+00
5.194383747334840429e+00
5.266354739453402267e+00
5.312963020001819636e+00
5.334398115224532333e+00
5.331081762687370329e+00
5.303693328518735761e+00
5.253144165228688323e+00
5.180535824330358530e+00
5.087137977065657957e+00
4.974383627303486044e+00
4.843839692688622023e+00
4.697157413351478183e+00
4.536034308675321647e+00
4.362201074515325239e+00
4.177400971410419217e+00
3.983350302701549772e+00
3.781706462911821998e+00
3.574062898846981806e+00
3.361944858108115941e+00
3.146787129860948884e+00
2.929917154007089852e+00
2.712559114685435535e+00
2.495841435770938865e+00
2.280789711634824357e+00
2.068321112140580897e+00
1.859252599306237208e+00
1.654312912865618879e+00
1.454143695146994375e+00
1.259298723897128047e+00
1.070252401933108333e+00
8.874118387338089109e-01
7.111203969612949205e-01
5.416578232696267481e-01
3.792468863449821037e-01
2.240633024767481329e-01
7.623901027230794991e-02
-6.413821195871093062e-02
-1.970198967752525288e-01
-3.223890401072988521e-01
-4.402578320889922181e-01
-5.506688188105710591e-01
-6.536914078606315126e-01
-7.494158043876952835e-01
-8.379518678542480226e-01
-9.194308475043110329e-01
-9.940025739702091911e-01
-1.061830644648980915e+00
-1.123092286344537616e+00
-1.177980401703018876e+00
-1.226701074504285005e+00
-1.269469821674416021e+00
-1.306512394919482123e+00
-1.338066899056282288e+00
-1.364381085027134732e+00
-1.385709221028970761e+00
-1.402313771368914663e+00
-1.414467366548511018e+00
-1.422449890877797385e+00
-1.426546068933353562e+00
-1.427047973526718527e+00
-1.424256090124465635e+00
-1.418476862927555260e+00
-1.410021789672090353e+00
-1.399210235148210302e+00
-1.386369817984870245e+00
-1.371834827004741797e+00
-1.355947408975552326e+00
-1.339061175069613752e+00
-1.321541269942893226e+00
-1.303764102401909764e+00
-1.286121378839134799e+00
-1.269024465945449931e+00
-1.252905389075155806e+00
-1.238218916065801922e+00
-1.225448294870178145e+00
-1.215107253859289527e+00
-1.207737215412285403e+00
-1.203900617934136719e+00
-1.204161934377811827e+00
-1.209034607396999750e+00
-1.218865039239581893e+00
-1.233586211621941375e+00
-1.252171190297555192e+00
-1.271399627669962396e+00
-1.282967339407720342e+00
-1.266299572427924014e+00
-1.169174059625410322e+00
-8.490528793283548259e-01
1.329572474733843879e-01
2.825517876780129889e+00
1.764801060805530675e+00
1.002523871303203640e+00
1.000000004430415590e+00
1.000000000000000000e+00
1.000000000000000000e+00
