1.000000000000000000e+00
9.999999999223574410e-01
9.999999997072716029e-01
9.999999987779089050e-01
9.999999954780343092e-01
9.999999864586490705e-01
9.999999658075956477e-01
9.999999238557887304e-01
9.999998455029079913e-01
9.999997079196819572e-01
9.999994775675415948e-01
9.999991066908083814e-01
9.999985298515703391e-01
9.999976617768098208e-01
9.999963988647710966e-01
9.999946282538072495e-01
9.999922505710830967e-01
9.999892253620195071e-01
9.999856516105184445e-01
9.999818997352503125e-01
9.999788168243504138e-01
9.999780336103817335e-01
9.999824033434590032e-01
9.999965992825330385e-01
1.000027886907441932e+00
1.000087129914256856e+00
1.000190060167056805e+00
1.000358688065771551e+00
1.000622649452284074e+00
1.001020268962833804e+00
1.001599603426370777e+00
1.002418807677297741e+00
1.003543861598139131e+00
1.005041698709029152e+00
1.006970742667003149e+00
1.009370784482604533e+00
1.012245148080100021e+00
1.015529757442811265e+00
1.019047345833814289e+00
1.022483865431879302e+00
1.025389485274357249e+00
1.027159809179362115e+00
1.027010564710511442e+00
1.023999873757530210e+00
1.017158873124540897e+00
1.005627587942396373e+00
9.887114866456517825e-01
9.658726349983378645e-01
9.368691319358918301e-01
9.019563930179926858e-01
8.618255396449576722e-01
8.174351919574848191e-01
7.698821567707582192e-01
7.204538934558508689e-01
6.706152158547162845e-01
6.218048152675078599e-01
5.752395714131749438e-01
5.319408743365483527e-01
4.928573095697593165e-01
4.587958547467138604e-01
4.303271180844335242e-01
4.077625133075353792e-01
3.912701543391634562e-01
3.809500903269634198e-01
3.767857573415678285e-01
3.786073156545550211e-01
3.861484390491559671e-01
3.991308956281665044e-01
4.172570919576186754e-01
4.401826471323588286e-01
4.675140211105803245e-01
4.988564816702636961e-01
5.338411577345920644e-01
5.721024433901068518e-01
6.132601250823036532e-01
6.569371312979139788e-01
7.027853485147439461e-01
7.504771657016547914e-01
7.996914300401883891e-01
8.501106821865134222e-01
9.014357065852247608e-01
9.533910908598575151e-01
1.005715015225037146e+00
1.058151157573380852e+00
1.110455678414181024e+00
1.162405724727987977e+00
1.213794087340122507e+00
1.264423588868914816e+00
1.314107194213862684e+00
1.362673332812204929e+00
1.409966494151845495e+00
1.455843383137257474e+00
1.500170367935937277e+00
1.542826861547166306e+00
1.583708051853608856e+00
1.622722158981216634e+00
1.659788180001858127e+00
1.694836771055117541e+00
1.727812186901497515e+00
1.758671339659598321e+00
1.787381967735682808e+00
1.813921999403032892e+00
1.838280561934044766e+00
1.860457930948453464e+00
1.880463929749247143e+00
1.898316587568522840e+00
1.914042527338128741e+00
1.927677181877849533e+00
1.939263367004668837e+00
1.948849986983209215e+00
1.956491756637158463e+00
1.962249189359937862e+00
1.966187662619884646e+00
1.968376293961414669e+00
1.968887347159192336e+00
1.967796092104615591e+00
1.965180240275149925e+00
1.961119026761543482e+00
1.955692558491183064e+00
1.948981674217100446e+00
1.941067646353776599e+00
1.932031478705835914e+00
1.921953322472206294e+00
1.910912391367416863e+00
1.898986858191710647e+00
1.886253353218684037e+00
1.872786533744754678e+00
1.858659041497800368e+00
1.843941510858970290e+00
1.828702271893573705e+00
1.813007071597280806e+00
1.796919065441654029e+00
1.780498890184572858e+00
1.763804528499089086e+00
1.746891144578754274e+00
1.729811115715656156e+00
1.712614153148866114e+00
1.695347270325265443e+00
1.678054698270017298e+00
1.660777946093547452e+00
1.643555945241668814e+00
1.626425077788337115e+00
1.609419145256859363e+00
1.592569454675145435e+00
1.575904978620835672e+00
1.559452416080131076e+00
1.543236193957056468e+00
1.527278570223528087e+00
1.511599797845923243e+00
1.496218197775207370e+00
1.481150179485325680e+00
1.466410357476790161e+00
1.452011713689344674e+00
1.437965670157085318e+00
1.424282120354300130e+00
1.410969554457118802e+00
1.398035213337485150e+00
1.385485153328636532e+00
1.373324286072157729e+00
1.361556517765757146e+00
1.350184900218606376e+00
1.339211687412204643e+00
1.328638388791191671e+00
1.318465924928993394e+00
1.308694778395987468e+00
1.299325050322742703e+00
1.290356552551786606e+00
1.281788979419283825e+00
1.273622058658368417e+00
1.265855638893347290e+00
1.258489840820185224e+00
1.251525266209042808e+00
1.244963171688268089e+00
1.238805617509333601e+00
1.233055715695754229e+00
1.227717915807693183e+00
1.222798234498830627e+00
1.218304506024278533e+00
1.214246716981495888e+00
1.210637306278704806e+00
1.207491316211055654e+00
1.204826420034361911e+00
1.202662599664320098e+00
1.201020964066898511e+00
1.199920897223265559e+00
1.199373978906048466e+00
1.199371085684100224e+00
1.199855001836993118e+00
1.200661581842001446e+00
1.201388801569713616e+00
1.201090510521583443e+00
1.197512286156934502e+00
1.185017254310905210e+00
1.148315529216696884e+00
1.041121807296541135e+00
7.329671282404416344e-01
9.119981352369399552e-01
9.999588303815029056e-01
9.999999999381918858e-01
1.000000000000000000e+00
1.000000000000000000e+00
