1.000000000000000000e+00
1.000000000167383218e+00
1.000000000636916742e+00
1.000000002682673861e+00
1.000000009959134406e+00
1.000000029864330564e+00
1.000000075489761775e+00
1.000000168373590625e+00
1.000000342626433669e+00
1.000000651351494074e+00
1.000001176893734023e+00
1.000002047453884435e+00
1.000003464169559653e+00
1.000005745113757838e+00
1.000009396040977938e+00
1.000015222403817239e+00
1.000024503634157735e+00
1.000039259064932073e+00
1.000062644984281324e+00
1.000099534406553525e+00
1.000157347181417800e+00
1.000247218138444083e+00
1.000385601334846664e+00
1.000596408988248864e+00
1.000913769378148244e+00
1.001385589132938847e+00
1.002078050385958097e+00
1.003080842980081044e+00
1.004512747591537414e+00
1.006527122060745238e+00
1.009317843112625734e+00
1.013124172477203766e+00
1.018230018125457770e+00
1.024952808829262096e+00
1.033625582354883887e+00
1.044575490749362734e+00
1.058081859669347535e+00
1.074300068016134091e+00
1.093145211833674857e+00
1.114215873323746608e+00
1.136763488371974606e+00
1.159610486756756709e+00
1.181050010535202865e+00
1.198854816348853936e+00
1.210541502108334333e+00
1.213670032806124510e+00
1.205994168481639317e+00
1.185492150771316311e+00
1.150748877260648895e+00
1.101481418987334537e+00
1.038466324921941020e+00
9.632091696056483965e-01
8.776790914111273212e-01
7.844267866325701499e-01
6.865359836070029642e-01
5.871431055322819947e-01
4.889759907255852300e-01
3.943897831139382415e-01
3.056169403148220054e-01
2.245978593678625568e-01
1.527617777845809155e-01
9.097220815447987219e-02
3.977904656699973035e-02
-4.191766326230772412e-04
-2.948274640434762200e-02
-4.760993579371673029e-02
-5.521216150091522862e-02
-5.272987206479969047e-02
-4.064892237522863688e-02
-1.955957723150832453e-02
9.839033917861617073e-03
4.684264760479980860e-02
9.080011556184745813e-02
1.410648092766506878e-01
1.969564736671741423e-01
2.577991879289479038e-01
3.229764021351813064e-01
3.919126417878890378e-01
4.640433489588443594e-01
5.388086777747307377e-01
6.156839493721021350e-01
6.941910111067918221e-01
7.738761370526069383e-01
8.542924181725701782e-01
9.350139774480547006e-01
1.015653483082099351e+00
1.095850474337965785e+00
1.175259166118916454e+00
1.253548354701871315e+00
1.330412397243022848e+00
1.405572359210616407e+00
1.478767893023786861e+00
1.549751903506294992e+00
1.618297779225393640e+00
1.684205383674904688e+00
1.747295603560931498e+00
1.807405966554138210e+00
1.864392907766569074e+00
1.918136328017321812e+00
1.968538122624888143e+00
2.015518838998903384e+00
2.059016845486336678e+00
2.098990969231674608e+00
2.135420891788164077e+00
2.168304240761410817e+00
2.197654184146867529e+00
2.223500640382939153e+00
2.245891093022185370e+00
2.264887883622459075e+00
2.280565732707450888e+00
2.293011368908003167e+00
2.302323684670384285e+00
2.308611898740630775e+00
2.311993279000526869e+00
2.312591959014859366e+00
2.310538694294050899e+00
2.305969697056721834e+00
2.299024701911853263e+00
2.289845583905539161e+00
2.278576057208999917e+00
2.265361032445711853e+00
2.250345110550018290e+00
2.233671327285775110e+00
2.215480962930831854e+00
2.195913315359702800e+00
2.175104627824748338e+00
2.153187172286274542e+00
2.130289164778735866e+00
2.106534793495550506e+00
2.082043599721955296e+00
2.056929901301656649e+00
2.031302796595811255e+00
2.005266344407773182e+00
1.978919301220925409e+00
1.952354797808683484e+00
1.925660435337487097e+00
1.898918572071395472e+00
1.872206283410610572e+00
1.845595207962182904e+00
1.819151702448373875e+00
1.792937173546520047e+00
1.767008159514243504e+00
1.741416282276303518e+00
1.716208447523498881e+00
1.691427199925564118e+00
1.667110863125417231e+00
1.643293549811431831e+00
1.620005386025399341e+00
1.597272862039263108e+00
1.575118985447486963e+00
1.553563318954096717e+00
1.532622220188351037e+00
1.512309176264711841e+00
1.492634943070912268e+00
1.473607593010265893e+00
1.455232760247358481e+00
1.437513943761711488e+00
1.420452615982220834e+00
1.404048274443041144e+00
1.388298701961632853e+00
1.373200247523702844e+00
1.358747900363536543e+00
1.344935351837447612e+00
1.331755270220852383e+00
1.319199558344781753e+00
1.307259401967896473e+00
1.295925385423025711e+00
1.285187767168753936e+00
1.275036698667424861e+00
1.265462293877231525e+00
1.256454818717365418e+00
1.248004985254616672e+00
1.240104148938597994e+00
1.232744427830479328e+00
1.225919006874786721e+00
1.219622493271805164e+00
1.213851123000091459e+00
1.208602988496954911e+00
1.203878437038774951e+00
1.199680418085805389e+00
1.196014603238993557e+00
1.192889466728928927e+00
1.190316105203532704e+00
1.188307224360652059e+00
1.186874584534030275e+00
1.186023656266860016e+00
1.185742138883923324e+00
1.185975297781147964e+00
1.186572950868216347e+00
1.187171292408790713e+00
1.186915981993666547e+00
1.183770411216000573e+00
1.172636754086662014e+00
1.139670904271639751e+00
1.042845856632158785e+00
7.605817921844691964e-01
9.145729554763531999e-01
9.999594700613201326e-01
9.999999999390954963e-01
1.000000000000000000e+00
1.000000000000000000e+00
