1.000000000000000000e+00
1.000000001039861974e+00
1.000000003924198522e+00
1.000000016398028047e+00
1.000000060697231907e+00
1.000000181795733578e+00
1.000000459167080580e+00
1.000001023211982698e+00
1.000002079358910612e+00
1.000003944236354192e+00
1.000007100492249279e+00
1.000012280063354630e+00
1.000020590399408382e+00
1.000033704837138382e+00
1.000054147581104225e+00
1.000085716218989118e+00
1.000134101409171805e+00
1.000207784546210732e+00
1.000319319282667152e+00
1.000487132101688159e+00
1.000738014879124060e+00
1.001110528284757883e+00
1.001659556980200039e+00
1.002462255441817884e+00
1.003625585967275580e+00
1.005295875122510285e+00
1.007670683328617978e+00
1.011012536029189279e+00
1.015663677792137065e+00
1.022060932946756262e+00
1.030752108428716785e+00
1.042410831871801946e+00
1.057840300743319695e+00
1.077956275418571641e+00
1.103758527432998848e+00
1.136298663784728991e+00
1.176607004750304997e+00
1.225546803020612474e+00
1.283577545624328797e+00
1.350594659442818646e+00
1.425843991506889230e+00
1.507682187202540325e+00
1.593240871677058523e+00
1.678273175197969591e+00
1.757534424449347377e+00
1.825259040641600050e+00
1.875369678134917839e+00
1.901518143887541923e+00
1.898073707800942644e+00
1.861604790338317494e+00
1.791064431837346094e+00
1.687351259608331100e+00
1.552930951284412719e+00
1.392253232758355663e+00
1.211660098019432752e+00
1.018165610356609241e+00
8.182231224060103614e-01
6.176784877898970905e-01
4.222530199638719339e-01
2.370474099383825251e-01
6.595786581012344496e-02
-8.848315141779913851e-02
-2.245116226123467507e-01
-3.407462117098706833e-01
-4.364431318695605744e-01
-5.116782707045789413e-01
-5.670413710517868688e-01
-6.031934483622941601e-01
-6.209056295933049752e-01
-6.211995332076766241e-01
-6.053581573458266529e-01
-5.746815215303949786e-01
-5.303510689077554074e-01
-4.735467300628614651e-01
-4.055380796857508963e-01
-3.275959556065634048e-01
-2.408635712195564271e-01
-1.463997628934363415e-01
-4.524948701756960345e-02
6.154198186496440126e-02
1.730004020499665007e-01
2.882494086541675382e-01
4.064592835190181663e-01
5.268061378391891703e-01
6.485046580696054441e-01
7.708485103534707950e-01
8.931830006185165205e-01
1.014876455679396550e+00
1.135319451378972389e+00
1.253949618874390159e+00
1.370253895536900357e+00
1.483749473292544030e+00
1.593971230738696399e+00
1.700488189103946723e+00
1.802917381980588818e+00
1.900911553309612367e+00
1.994149424168605522e+00
2.082341371166832378e+00
2.165240565379283666e+00
2.242640370713276265e+00
2.314367488469889267e+00
2.380280911449724535e+00
2.440278911359369030e+00
2.494300889682387723e+00
2.542321571682331083e+00
2.584346285490787931e+00
2.620414521660886731e+00
2.650602526718150109e+00
2.675017666373698422e+00
2.693793205893540321e+00
2.707087875621379425e+00
2.715086581052891468e+00
2.717996417729651171e+00
2.716041589604730522e+00
2.709460804334115291e+00
2.698506809093502046e+00
2.683443755191209146e+00
2.664542750775924063e+00
2.642078684301040425e+00
2.616329561662078085e+00
2.587575054723032064e+00
2.556093049249411386e+00
2.522156790054741471e+00
2.486034526690284796e+00
2.447989090834748360e+00
2.408275519918694929e+00
2.367139059373341681e+00
2.324815121237830517e+00
2.281529515616953052e+00
2.237497179500223421e+00
2.192921010193347175e+00
2.147992056918948123e+00
2.102890120799910445e+00
2.057783316203337431e+00
2.012827484269716916e+00
1.968166578356008944e+00
1.923933483044473425e+00
1.880250056990985685e+00
1.837226896625528072e+00
1.794963808156418761e+00
1.753550677741922748e+00
1.713067741529296306e+00
1.673585538718111998e+00
1.635165430430870481e+00
1.597860466482421415e+00
1.561715735148448303e+00
1.526768396904004899e+00
1.493048207278289352e+00
1.460578323618686447e+00
1.429375638609163390e+00
1.399450834860543003e+00
1.370808902891999859e+00
1.343449871478917590e+00
1.317369073480316510e+00
1.292557190687315227e+00
1.269000753436192452e+00
1.246682768002588704e+00
1.225582882992681366e+00
1.205677416339905550e+00
1.186939862894246911e+00
1.169341442728403013e+00
1.152851158692756783e+00
1.137435817378022129e+00
1.123060538118737739e+00
1.109689210685938399e+00
1.097284451997507126e+00
1.085807705897460007e+00
1.075219699588868760e+00
1.065480747812819651e+00
1.056550685412101842e+00
1.048389053451552977e+00
1.040955498635918186e+00
1.034209910659596998e+00
1.028112337636866380e+00
1.022623290109272665e+00
1.017704119458596512e+00
1.013317008442933931e+00
1.009424985457104462e+00
1.005992346031409301e+00
1.002985036635832383e+00
1.000370734250079607e+00
9.981193408961767100e-01
9.962039183757628313e-01
9.946017794996793171e-01
9.932961562226845231e-01
9.922797013940977129e-01
9.915606604215889686e-01
9.911738618010874635e-01
9.912028900597671388e-01
9.918265455677790499e-01
9.934216262779085316e-01
9.968092907317352980e-01
1.003903635509954428e+00
1.019605467686994782e+00
1.057252123458809479e+00
1.093790655428791947e+00
9.511884049292618215e-01
9.999697887835514720e-01
9.999999999537233508e-01
1.000000000000000000e+00
1.000000000000000000e+00
