1.000000000000000000e+00
1.000000004780912999e+00
1.000000017791334628e+00
1.000000073332812489e+00
1.000000270047251671e+00
1.000000807158101024e+00
1.000002036067292321e+00
1.000004531979354683e+00
1.000009198329562254e+00
1.000017422413195911e+00
1.000031309258359480e+00
1.000054033279751842e+00
1.000090364951572441e+00
1.000147454101331768e+00
1.000235983800641604e+00
1.000371850184373912e+00
1.000578575649979651e+00
1.000890722946476297e+00
1.001358638216647057e+00
1.002054906973137482e+00
1.003082967423123195e+00
1.004588379175833879e+00
1.006773152272231409e+00
1.009913304027479919e+00
1.014379404666576168e+00
1.020660509291213991e+00
1.029391094809861906e+00
1.041377691710456022e+00
1.057621014423548278e+00
1.079330460786703139e+00
1.107938594443791391e+00
1.145108883893387830e+00
1.192712604491612982e+00
1.252759476169128972e+00
1.327338144758389404e+00
1.418613275489899461e+00
1.528772583100879601e+00
1.659843874005044961e+00
1.813333518703576619e+00
1.990177342838145957e+00
2.190900643079722876e+00
2.415191260083447311e+00
2.660956905946554762e+00
2.923539162832442084e+00
3.196063910158604582e+00
3.469644661101114913e+00
3.732368475832478882e+00
3.967370129548942526e+00
4.154193111977941832e+00
4.273153851853808582e+00
4.306822231272088963e+00
4.240463149908254792e+00
4.063536869820195463e+00
3.774915540664416813e+00
3.385655099170354010e+00
2.915264494330426004e+00
2.385882346342540927e+00
1.820672134983582380e+00
1.244470925286981888e+00
6.802559019271940954e-01
1.456314771072793890e-01
-3.482387109582681384e-01
-7.938591552490554815e-01
-1.185513942239684315e+00
-1.520321891898988476e+00
-1.798920697063967955e+00
-2.023890952088403417e+00
-2.197643504818218574e+00
-2.322600040648377107e+00
-2.401860226431629552e+00
-2.439297307833332429e+00
-2.438524020478274767e+00
-2.402373279144137452e+00
-2.333524110173999411e+00
-2.234999979385850821e+00
-2.109849347589408008e+00
-1.960623162724473900e+00
-1.789613185611739654e+00
-1.599199457402683544e+00
-1.391932115015156235e+00
-1.170214090246593841e+00
-9.361702770078450531e-01
-6.918634343810278198e-01
-4.394612611929111790e-01
-1.810753332086717793e-01
8.143503307874326580e-02
3.463532183808352150e-01
6.119864124550734585e-01
8.766661115589368114e-01
1.138858648851412969e+00
1.397174521737807318e+00
1.650282441640346764e+00
1.896850879545718849e+00
2.135615953992742622e+00
2.365439350901222593e+00
2.585253088387557963e+00
2.794016538486621126e+00
2.990741798835269361e+00
3.174544919599765702e+00
3.344639233846435467e+00
3.500311494455635941e+00
3.640924396363255156e+00
3.765955262455837005e+00
3.875013269849662212e+00
3.967823413023338297e+00
4.044214843773167090e+00
4.104144974738757945e+00
4.147718691107845856e+00
4.175170244107041739e+00
4.186845479733964481e+00
4.183203734088252190e+00
4.164823434622064724e+00
4.132385609258424353e+00
4.086651298746958538e+00
4.028448995292246870e+00
3.958670907090622304e+00
3.878259105430128972e+00
3.788183387118237100e+00
3.689424836256520290e+00
3.582970843899026203e+00
3.469806933067046018e+00
3.350900103217821169e+00
3.227185386561528091e+00
3.099564166305997404e+00
2.968902654713654776e+00
2.836022090082340519e+00
2.701691066987630840e+00
2.566626999933547815e+00
2.431499012654655623e+00
2.296924249031426779e+00
2.163464767888182205e+00
2.031630571194568802e+00
1.901884386322647780e+00
1.774641682299073375e+00
1.650269905709252916e+00
1.529091925557489740e+00
1.411391209436712479e+00
1.297413305285796348e+00
1.187365879484059583e+00
1.081421737133729133e+00
9.797234093829466639e-01
8.823848500166869835e-01
7.894915448168472460e-01
7.011030001228679698e-01
6.172566263036188827e-01
5.379691648226631040e-01
4.632365927169298514e-01
3.930361203574248563e-01
3.273293605632491832e-01
2.660633023386208551e-01
2.091699851272081356e-01
1.565682001592688111e-01
1.081660925390062339e-01
6.386165642229947592e-02
2.354222945413787099e-02
-1.291399331972576184e-02
-4.563589201026119202e-02
-7.475941580061075398e-02
-1.004281933192846810e-01
-1.227919962121336167e-01
-1.420050260462497882e-01
-1.582263844534396169e-01
-1.716206994584215662e-01
-1.823565769211462906e-01
-1.906052907293699639e-01
-1.965417099416559010e-01
-2.003445995090545328e-01
-2.021953560012882956e-01
-2.022774560228531304e-01
-2.007775989203096079e-01
-1.978857753722969570e-01
-1.937944615206267374e-01
-1.886990717176493804e-01
-1.827995093097668777e-01
-1.763001244421043001e-01
-1.694095043695694747e-01
-1.623421703215525147e-01
-1.553203603819316436e-01
-1.485741811679146540e-01
-1.423420432696549109e-01
-1.368723897583956350e-01
-1.324231292501376056e-01
-1.292578393611732435e-01
-1.276383054916525039e-01
-1.278080379776094511e-01
-1.299539307171603264e-01
-1.341269697958858143e-01
-1.400788098757310973e-01
-1.469093638396380408e-01
-1.522840329973343954e-01
-1.506127897986032638e-01
-1.285287478944125705e-01
-5.268366543186652623e-02
1.669259367220171653e-01
8.016207127979850799e-01
2.322757029207884738e+00
1.275542262846754982e+00
1.000259728589019348e+00
1.000000000396792377e+00
1.000000000000000000e+00
1.000000000000000000e+00
