1.000000000000000000e+00
1.000000005834232875e+00
1.000000021663802530e+00
1.000000089100948841e+00
1.000000327842964110e+00
1.000000979582325256e+00
1.000002470509368191e+00
1.000005498012267457e+00
1.000011157043655841e+00
1.000021128467262876e+00
1.000037962263910396e+00
1.000065503777861409e+00
1.000109532861353179e+00
1.000178715535084750e+00
1.000286007106456543e+00
1.000450695447790306e+00
1.000701335074770881e+00
1.001079892369093560e+00
1.001647489172931005e+00
1.002492188169613163e+00
1.003739319074231862e+00
1.005564883327643377e+00
1.008212417033709007e+00
1.012013342529640925e+00
1.017410273029844214e+00
1.024983497061913384e+00
1.035479843296496227e+00
1.049839452246814631e+00
1.069215041320413340e+00
1.094979929525651263e+00
1.128734940971469092e+00
1.172306817714071414e+00
1.227710364622354167e+00
1.297059141840976038e+00
1.382498236912103717e+00
1.486218712291490496e+00
1.610425405234119589e+00
1.757166023602550586e+00
1.927967586913985398e+00
2.123863380202537510e+00
2.345667337917188178e+00
2.593543868187981438e+00
2.865960692025380396e+00
3.158797443133437799e+00
3.465738183596385635e+00
3.778426808899378653e+00
4.085098935361503258e+00
4.367959120831194753e+00
4.604291128598911875e+00
4.771193813880801216e+00
4.846990811810137245e+00
4.811570285337707809e+00
4.648381925439110773e+00
4.351658772602558400e+00
3.931032765955013275e+00
3.407737177724503130e+00
2.807520037198095508e+00
2.158479600875169435e+00
1.491589198493841195e+00
8.357763093259973353e-01
2.131245696439080795e-01
-3.625929453516568146e-01
-8.822862407374014726e-01
-1.339073390734809355e+00
-1.729652060247496959e+00
-2.055176714287678230e+00
-2.319181328616985116e+00
-2.524829155871274100e+00
-2.675157671475440591e+00
-2.773950401059505300e+00
-2.825868809211669053e+00
-2.835135371964095707e+00
-2.804888147616372507e+00
-2.738009447760168413e+00
-2.637787722599627571e+00
-2.507527913813031528e+00
-2.349896485723507844e+00
-2.167243847318266692e+00
-1.962066771086580674e+00
-1.737126721839991728e+00
-1.495047178217656647e+00
-1.238144444559030832e+00
-9.687037018756288198e-01
-6.891902676849943621e-01
-4.020350087195413424e-01
-1.093726205444790767e-01
1.868236998641583935e-01
4.845939050653448321e-01
7.819953257548362124e-01
1.077247523112295990e+00
1.368745318438508773e+00
1.654947886848076699e+00
1.934302556486335867e+00
2.205330649653420849e+00
2.466700370116828633e+00
2.717154023752176961e+00
2.955451062261542194e+00
3.180399161331714186e+00
3.390919001274432354e+00
3.586035170881278322e+00
3.764845479119288019e+00
3.926524725023573748e+00
4.070375613176979712e+00
4.195852725866163091e+00
4.302544166628306854e+00
4.390159132434174438e+00
4.458561765757285578e+00
4.507798830841762694e+00
4.538079188196308067e+00
4.549753393707173466e+00
4.543318304103832972e+00
4.519426046657974538e+00
4.478863983380663605e+00
4.422526299230731262e+00
4.351398110957128473e+00
4.266550624443390838e+00
4.169122911926351094e+00
4.060292768363424898e+00
3.941254843528787077e+00
3.813213592846256272e+00
3.677372119103560433e+00
3.534910123422487782e+00
3.386966152514117923e+00
3.234635239150627228e+00
3.078966870065093175e+00
2.920952354469044554e+00
2.761515083580333929e+00
2.601512729989845507e+00
2.441741340405792382e+00
2.282930939471346843e+00
2.125741917414804671e+00
1.970769371238646483e+00
1.818549683824368213e+00
1.669560887229299295e+00
1.524221978503124131e+00
1.382897646029772609e+00
1.245905176588732344e+00
1.113516517700231301e+00
9.859584239465342126e-01
8.634164230477597846e-01
7.460407607006426245e-01
6.339485574220056208e-01
5.272238793561638825e-01
4.259208638253673684e-01
3.300686208722218851e-01
2.396729306905648893e-01
1.547159572058682542e-01
7.515866166506270096e-02
9.447193721020997895e-04
-6.799841286471261514e-02
-1.317601111259466551e-01
-1.904445746339674950e-01
-2.441676528493475495e-01
-2.930563966611018367e-01
-3.372498973947287149e-01
-3.768975068387337979e-01
-4.121563379104660751e-01
-4.431914245584946399e-01
-4.701766692615954035e-01
-4.932930057574037574e-01
-5.127263278545272085e-01
-5.286682324663380950e-01
-5.413169546089880990e-01
-5.508754822308888910e-01
-5.575499739860314552e-01
-5.615510602248140470e-01
-5.630943257635286914e-01
-5.623987633455622692e-01
-5.596861434375165478e-01
-5.551825679111578316e-01
-5.491186307566761071e-01
-5.417284468365066719e-01
-5.332503073167061958e-01
-5.239287561527481429e-01
-5.140146145732804595e-01
-5.037648032972844581e-01
-4.934446512187061762e-01
-4.833303520364525818e-01
-4.737093727033863666e-01
-4.648813251571827787e-01
-4.571606640714867553e-01
-4.508766718781708760e-01
-4.463696940338173214e-01
-4.439833632662401053e-01
-4.440464397226949744e-01
-4.468287169826590799e-01
-4.524483772585088381e-01
-4.606792496923097779e-01
-4.705317811996637123e-01
-4.793175541620616209e-01
-4.804667860084487208e-01
-4.581013885518199213e-01
-3.723771189959796390e-01
-1.153517146936543364e-01
6.403054020766185683e-01
2.537678989694819087e+00
1.403041354339930491e+00
1.000550298426120976e+00
1.000000000871192452e+00
1.000000000000000000e+00
1.000000000000000000e+00
