1.000000000000000000e+00
1.000000001293543495e+00
1.000000004874027404e+00
1.000000020336782924e+00
1.000000075234785291e+00
1.000000225287498656e+00
1.000000568936528555e+00
1.000001267657874449e+00
1.000002575725901011e+00
1.000004884806821037e+00
1.000008791374522810e+00
1.000015198790213500e+00
1.000025471459181414e+00
1.000041666360999004e+00
1.000066878104602708e+00
1.000105748196293387e+00
1.000165208576545561e+00
1.000255553849056955e+00
1.000391965221760326e+00
1.000596642239241829e+00
1.000901740597267553e+00
1.001353365115987826e+00
1.002016888667064620e+00
1.002983860013728634e+00
1.004380713754849941e+00
1.006379751129193423e+00
1.009212700217765546e+00
1.013186293622887479e+00
1.018698865374377149e+00
1.026256912986109882e+00
1.036493356906685648e+00
1.050184037154919370e+00
1.068251723125268171e+00
1.091747008336859004e+00
1.121817473391925724e+00
1.159674958564710590e+00
1.206518562761184521e+00
1.263377393551541106e+00
1.330851716105015736e+00
1.408942645563631579e+00
1.496964365746954240e+00
1.593270949283859039e+00
1.694857937104592427e+00
1.797152408400972456e+00
1.894397086822482201e+00
1.980134426887744103e+00
2.047383180680081960e+00
2.088633897257029304e+00
2.096978371819248288e+00
2.067872954005099739e+00
1.999442033018191456e+00
1.892067423507253876e+00
1.748036547621407255e+00
1.572100013366138249e+00
1.371397278865005731e+00
1.154013420204231366e+00
9.274913378577667178e-01
6.987367492097676935e-01
4.745539463358940946e-01
2.610324476624590884e-01
6.283899624040700793e-02
-1.169786272758869122e-01
-2.762879091372658080e-01
-4.134135653180717185e-01
-5.274364881988988785e-01
-6.184058291207803482e-01
-6.869738898752331124e-01
-7.338709547295193536e-01
-7.599511162659673413e-01
-7.663587192170114859e-01
-7.545420705469800815e-01
-7.259658969782373239e-01
-6.819526652857983429e-01
-6.238224593025386566e-01
-5.530019069672635901e-01
-4.709208532371108591e-01
-3.788608975458025441e-01
-2.780069358859644235e-01
-1.695305938905089516e-01
-5.460705093167685792e-02
6.566914689921755921e-02
1.903158932974116646e-01
3.184032967358453314e-01
4.490057448081870572e-01
5.812405683191134154e-01
7.143157243750681840e-01
8.474976545123360516e-01
9.800776016629388909e-01
1.111370651603640347e+00
1.240744848016611446e+00
1.367623779637552550e+00
1.491464110813372823e+00
1.611740741385648601e+00
1.727966102028579698e+00
1.839706463265096570e+00
1.946567512884620488e+00
2.048182980034628287e+00
2.144221402821616440e+00
2.234399359780912420e+00
2.318478585245270285e+00
2.396258101173043720e+00
2.467573187599545026e+00
2.532303808113933297e+00
2.590377003717864834e+00
2.641760274144285159e+00
2.686456215780296475e+00
2.724506878855099679e+00
2.755996971136468687e+00
2.781047354130917526e+00
2.799808999480827065e+00
2.812462549122672684e+00
2.819219200139153614e+00
2.820316042436971760e+00
2.816010085701739385e+00
2.806575187267452254e+00
2.792301490550601617e+00
2.773492300928432908e+00
2.750458824897842547e+00
2.723516406313626792e+00
2.692983727229888657e+00
2.659181085340994066e+00
2.622426321889697043e+00
2.583031461273820995e+00
2.541302305613165835e+00
2.497537956592680519e+00
2.452028043024454540e+00
2.405050401695683515e+00
2.356871069814244102e+00
2.307744602975285719e+00
2.257912625603324841e+00
2.207602507027339289e+00
2.157027639349911041e+00
2.106388195836657484e+00
2.055870663765261952e+00
2.005647201166537386e+00
1.955876136436738744e+00
1.906702975139535017e+00
1.858260487974084496e+00
1.810668465801621663e+00
1.764034305369053701e+00
1.718454059659701993e+00
1.674012776400956914e+00
1.630784458914970481e+00
1.588832689897341055e+00
1.548211661123343852e+00
1.508966590057874813e+00
1.471133760797881163e+00
1.434741138501530955e+00
1.399809315421901346e+00
1.366351896589955928e+00
1.334375554666545449e+00
1.303880628989575685e+00
1.274861972952360700e+00
1.247309252360657705e+00
1.221206982143635766e+00
1.196535097832876371e+00
1.173269676393997374e+00
1.151383112839626133e+00
1.130844131792868801e+00
1.111618364525181146e+00
1.093668972950268881e+00
1.076956694470352138e+00
1.061439842804748679e+00
1.047074882753489922e+00
1.033816943064586269e+00
1.021619737531362926e+00
1.010435652895977032e+00
1.000216254747870126e+00
9.909126113231137012e-01
9.824751763670005467e-01
9.748539670172114979e-01
9.679989885026102359e-01
9.618603448885317819e-01
9.563880825058126423e-01
9.515324846294459515e-01
9.472444468447681620e-01
9.434753889150595541e-01
9.401771898523375581e-01
9.373026024844003379e-01
9.348056331298167931e-01
9.326415923313159384e-01
9.307677029034636673e-01
9.291443708557116654e-01
9.277369331192916180e-01
9.265186703450258854e-01
9.254771568880701960e-01
9.246261624703256965e-01
9.240282844065114132e-01
9.238417634750661911e-01
9.244210556583168925e-01
9.265446625263710212e-01
9.319708243257849301e-01
9.449198523167910979e-01
9.764682676380735948e-01
1.058304170600029792e+00
1.195352877233299305e+00
9.647320828387559999e-01
9.999742744747486256e-01
9.999999999601250078e-01
1.000000000000000000e+00
1.000000000000000000e+00
