1.000000000000000000e+00
1.000000004304730128e+00
1.000000016037518646e+00
1.000000066178431402e+00
1.000000243805436728e+00
1.000000728847596498e+00
1.000001838721295000e+00
1.000004093094417845e+00
1.000008308335817109e+00
1.000015738284019129e+00
1.000028285768525427e+00
1.000048820585212273e+00
1.000081655597627739e+00
1.000133254653715165e+00
1.000213275352677122e+00
1.000336087362278636e+00
1.000522954748027660e+00
1.000805126424094693e+00
1.001228136186519846e+00
1.001857668792220268e+00
1.002787409894402737e+00
1.004149356033692708e+00
1.006126992977140144e+00
1.008971557924834839e+00
1.013021259517072670e+00
1.018723912847294244e+00
1.026662771429565302e+00
1.037582726794921362e+00
1.052413197546903989e+00
1.072284861258912425e+00
1.098546832518312311e+00
1.132777891744501275e+00
1.176769341209631392e+00
1.232464132240695509e+00
1.301901038240160124e+00
1.387205007695458292e+00
1.490526212439145182e+00
1.613853282938195299e+00
1.758654841881852171e+00
1.925799350921195474e+00
2.115666362284529978e+00
2.327723458353206265e+00
2.559635228914420413e+00
2.806531972370534866e+00
3.061349291080928570e+00
3.315063295685676259e+00
3.555848873738765903e+00
3.767472771423240108e+00
3.930748118940766478e+00
4.027690223396024116e+00
4.042966980328175808e+00
3.964306515889843396e+00
3.783714597385154477e+00
3.501827955864647901e+00
3.129985494060560480e+00
2.686638053256985348e+00
2.192129878986381009e+00
1.667353331221855584e+00
1.134441082444096915e+00
6.137817709990180948e-01
1.210174903632276339e-01
-3.338643897731003451e-01
-7.441061018619679057e-01
-1.104531631842415873e+00
-1.412475900804700091e+00
-1.668392846896513682e+00
-1.874486122264269916e+00
-2.032860767680382708e+00
-2.145679776920188075e+00
-2.215747770312915588e+00
-2.246591925163321957e+00
-2.241546538467301897e+00
-2.203287730295477420e+00
-2.134375610866901862e+00
-2.037684741876001571e+00
-1.916114904216278392e+00
-1.772124881818846642e+00
-1.607936848347316205e+00
-1.425837534091179526e+00
-1.228246763247576867e+00
-1.017437094691522548e+00
-7.954195243937143278e-01
-5.641346764803700786e-01
-3.256014885986147078e-01
-8.177777375782580016e-02
1.656097156619327215e-01
4.149669672477289128e-01
6.647267030356905915e-01
9.133478836156914138e-01
1.159412444045864188e+00
1.401633334293273414e+00
1.638779003875587614e+00
1.869622295778182730e+00
2.093000781377409414e+00
2.307868302776193037e+00
2.513246801437554190e+00
2.708188889755457573e+00
2.891800569267217291e+00
3.063286550227878546e+00
3.221944344103606195e+00
3.367143029916708219e+00
3.498325104773600369e+00
3.615040012027407990e+00
3.716958580404605694e+00
3.803858049136272346e+00
3.875610898651159708e+00
3.932205150515183600e+00
3.973760366336464234e+00
4.000510869178794948e+00
4.012789388872897156e+00
4.011028150752974142e+00
3.995763371431885869e+00
3.967620479342496065e+00
3.927294128052588817e+00
3.875537153333425966e+00
3.813157389761253402e+00
3.741005671502815932e+00
3.659956598908891134e+00
3.570894327973977767e+00
3.474708415816460061e+00
3.372286837532445070e+00
3.264501512881039069e+00
3.152196601723560754e+00
3.036187073202834874e+00
2.917257370869042354e+00
2.796152758924010939e+00
2.673572498235913475e+00
2.550171007592219929e+00
2.426560260221478860e+00
2.303306390626868705e+00
2.180926805031485394e+00
2.059892676313261450e+00
1.940632990650960732e+00
1.823534422126461774e+00
1.708940534885206697e+00
1.597154697042244775e+00
1.488444536712063559e+00
1.383043174004160658e+00
1.281149202031123036e+00
1.182929303507738839e+00
1.088522262391468765e+00
9.980404527981343588e-01
9.115699458490612583e-01
8.291727172093525944e-01
7.508900917447774992e-01
6.767440397192877599e-01
6.067371412341736603e-01
5.408543945452014556e-01
4.790660590948305209e-01
4.213285733228678831e-01
3.675843317914053165e-01
3.177632441694958620e-01
2.717850872200853751e-01
2.295600052914137934e-01
1.909881296936602468e-01
1.559609712155318739e-01
1.243632983507536871e-01
9.607320181120494740e-02
7.096161434068824769e-02
4.889371495801433237e-02
2.973048685865860297e-02
1.332835351682454782e-02
-4.613255449296746859e-04
-1.179084959303127768e-02
-2.081498305539476387e-02
-2.769173092215026707e-02
-3.258256580452130458e-02
-3.565128073355292027e-02
-3.706346956102641449e-02
-3.698749819249504828e-02
-3.559453208996693485e-02
-3.305779444172751713e-02
-2.955292961666523138e-02
-2.525932981853417497e-02
-2.036005708559578478e-02
-1.504161126951712203e-02
-9.495364614342060791e-03
-3.919057503157468911e-03
1.483161758372931929e-03
6.500480387143675945e-03
1.091407700107500066e-02
1.449787204710632424e-02
1.702223860175958170e-02
1.826113163522815469e-02
1.800747895493224129e-02
1.610836390895026976e-02
1.253725338446097515e-02
7.542183183844156091e-03
1.964114577203109838e-03
-2.057666736721594416e-03
5.528761937139132880e-04
2.187330806374177330e-02
9.194957145934160025e-02
2.917232424955487069e-01
8.644972198179363687e-01
2.205541048655999425e+00
1.221733006525799192e+00
1.000175620224546202e+00
1.000000000264033462e+00
1.000000000000000000e+00
1.000000000000000000e+00
