1.000000000000000000e+00
1.000000006958969179e+00
1.000000025789898217e+00
1.000000105864918609e+00
1.000000389236586074e+00
1.000001162677654376e+00
1.000002931743811496e+00
1.000006523450558404e+00
1.000013235912365683e+00
1.000025061487517242e+00
1.000045022687396479e+00
1.000077678589522456e+00
1.000129885707107036e+00
1.000211933202274528e+00
1.000339219591273920e+00
1.000534697376006532e+00
1.000832384957839549e+00
1.001282325302244258e+00
1.001957443589470476e+00
1.002962810152113748e+00
1.004447861493487970e+00
1.006622148516927773e+00
1.009774939706664210e+00
1.014298517618796858e+00
1.020714245935560482e+00
1.029701397930063100e+00
1.042127419128661137e+00
1.059073752578673755e+00
1.081850404402623367e+00
1.111994914440089355e+00
1.151268994610076701e+00
1.201644894389730878e+00
1.265249687020132630e+00
1.344253054829346095e+00
1.440792661436263167e+00
1.557010953936804887e+00
1.695049354753297877e+00
1.856894212282840018e+00
2.044015544206708945e+00
2.257484324778796569e+00
2.498376854444653627e+00
2.767344267508907496e+00
3.063460919580912378e+00
3.383235828683383239e+00
3.721071901349907396e+00
4.069398578580183390e+00
4.416964228783006874e+00
4.745494252397799428e+00
5.030510601261781289e+00
5.246395800819765753e+00
5.367578887189743853e+00
5.368517178341455143e+00
5.225971661426176418e+00
4.928411472816846661e+00
4.482959001519755127e+00
3.911861371523253972e+00
3.244184309181410431e+00
2.513120862595022764e+00
1.756390391439923482e+00
1.009574245042735186e+00
2.996922710130957568e-01
-3.567571094960034217e-01
-9.490990990148940876e-01
-1.469284053558311376e+00
-1.913664639739311779e+00
-2.284128556740256499e+00
-2.585416283815718863e+00
-2.821604860125265013e+00
-2.996446354479080476e+00
-3.114497084579614938e+00
-3.181297614200048418e+00
-3.201720263686336221e+00
-3.179177830438680186e+00
-3.116696820962623793e+00
-3.017773362796707382e+00
-2.885898784958162100e+00
-2.723746100763695832e+00
-2.533594161217007645e+00
-2.317931717202162289e+00
-2.079626360079882552e+00
-1.821425760380649406e+00
-1.545746521727931366e+00
-1.255025992490262476e+00
-9.519888523491155663e-01
-6.393672417388166496e-01
-3.195566856032557301e-01
5.221795183047953960e-03
3.327402779248879727e-01
6.607750572917602261e-01
9.872951092884665325e-01
1.310480960169400078e+00
1.628584289063842894e+00
1.939830596166321586e+00
2.242526744218988899e+00
2.535151634224193540e+00
2.816261630424514717e+00
3.084415914025437022e+00
3.338213435328889034e+00
3.576372941391764648e+00
3.797719833848548276e+00
4.001146173650305116e+00
4.185614999936090541e+00
4.350225276012960940e+00
4.494243603540311938e+00
4.617083000668351644e+00
4.718289810230540837e+00
4.797589939328164910e+00
4.854927696176289054e+00
4.890443476701561210e+00
4.904451433387241543e+00
4.897448674676388336e+00
4.870129612255693630e+00
4.823362811032553488e+00
4.758156528232560412e+00
4.675639618000041686e+00
4.577055994035005071e+00
4.463741540965683541e+00
4.337086711129352068e+00
4.198508171623648977e+00
4.049439260654422057e+00
3.891315134113841445e+00
3.725544029258715639e+00
3.553484127975536921e+00
3.376440248500152563e+00
3.195661066952822704e+00
3.012322919268510812e+00
2.827517440910380930e+00
2.642254596991736815e+00
2.457468182608947060e+00
2.274010507451148300e+00
2.092648118790287004e+00
1.914067708198047502e+00
1.738884840514599128e+00
1.567644689793529444e+00
1.400821399753944707e+00
1.238824320163516512e+00
1.082006963632763386e+00
9.306697059254029902e-01
7.850599922695209454e-01
6.453773860452014510e-01
5.117810950169764395e-01
3.843926123425873698e-01
2.632956654454822187e-01
1.485400473687094047e-01
4.014768931780929306e-02
-6.188538178417008623e-02
-1.575896277025859438e-01
-2.470191387894367374e-01
-3.302468643800936521e-01
-4.073634872635815141e-01
-4.784784414520471540e-01
-5.437175737795015840e-01
-6.032193205940529213e-01
-6.571343578952090203e-01
-7.056268848677172967e-01
-7.488725543812981833e-01
-7.870554803074906181e-01
-8.203686294901006981e-01
-8.490152060098701270e-01
-8.732064706154837319e-01
-8.931592548025117928e-01
-9.090970543816327964e-01
-9.212513549984581163e-01
-9.298593488832358478e-01
-9.351620305535461863e-01
-9.374059588219083583e-01
-9.368439632383850357e-01
-9.337332526179314973e-01
-9.283346842916069264e-01
-9.209148084299130232e-01
-9.117461264376365282e-01
-9.011058992477558593e-01
-8.892770248138271993e-01
-8.765507235946575770e-01
-8.632266074856290716e-01
-8.496124989764434199e-01
-8.360274379371447351e-01
-8.228049100754228906e-01
-8.102935244920829172e-01
-7.988583896011017815e-01
-7.888850023036946268e-01
-7.807799979124698808e-01
-7.749676790806103721e-01
-7.718824276671267803e-01
-7.719496898857692857e-01
-7.755372823788125869e-01
-7.828513511855604845e-01
-7.937179224917444431e-01
-8.071039009060717584e-01
-8.200423735271981096e-01
-8.251192879263760105e-01
-8.042196087890883804e-01
-7.116368217523257877e-01
-4.231034529311062387e-01
4.405640977458297747e-01
2.701776572840653756e+00
1.549894061007663915e+00
1.001100810417564713e+00
1.000000001815699591e+00
1.000000000000000000e+00
1.000000000000000000e+00
