1.000000000000000000e+00
1.000000000078206996e+00
1.000000000298826519e+00
1.000000001263601002e+00
1.000000004697776612e+00
1.000000014095606016e+00
1.000000035646643859e+00
1.000000079558330368e+00
1.000000162085463717e+00
1.000000308815503391e+00
1.000000560197530808e+00
1.000000981051655913e+00
1.000001677000775135e+00
1.000002822605567498e+00
1.000004708661220709e+00
1.000007819859153102e+00
1.000012959212824404e+00
1.000021442389889437e+00
1.000035393214180113e+00
1.000058181285371939e+00
1.000095055563749114e+00
1.000154043942503845e+00
1.000247196572085606e+00
1.000392249899270780e+00
1.000614774878433977e+00
1.000950957534377350e+00
1.001451112155319567e+00
1.002183745839674511e+00
1.003239837071589369e+00
1.004736939650871408e+00
1.006823579084372255e+00
1.009682646482362056e+00
1.013529963651552013e+00
1.018604008708571484e+00
1.025149957399805967e+00
1.033400907462163509e+00
1.043542180379363415e+00
1.055647372765578185e+00
1.069581502831261410e+00
1.084939939835736444e+00
1.101028100196172588e+00
1.116799872745746436e+00
1.130782319870325958e+00
1.141093633754811432e+00
1.145675719779261748e+00
1.142552175158055183e+00
1.129953729395526851e+00
1.106335722815168676e+00
1.070686829206088930e+00
1.022955438489354441e+00
9.639710995342194444e-01
8.951523361372483167e-01
8.182749249101034517e-01
7.355696224868302213e-01
6.496842016238055795e-01
5.632836180965780093e-01
4.786668984102366853e-01
3.978033807065358696e-01
3.225494187671237856e-01
2.545095206565933244e-01
1.948538204054944267e-01
1.442733169948421101e-01
1.031939454145126972e-01
7.191452906177039917e-02
5.051608495776519631e-02
3.879463477278000810e-02
3.636678285212134598e-02
4.282572713426652244e-02
5.772739497619245458e-02
8.054030891588415120e-02
1.106416723221136100e-01
1.474053655353404213e-01
1.902513839625971925e-01
2.386045132916914668e-01
2.918618184461608256e-01
3.494248680725285938e-01
4.107465065262875803e-01
4.753152591277371997e-01
5.426296292885586237e-01
6.121928016279877260e-01
6.835385987443155509e-01
7.562411780243738502e-01
8.298962273181005322e-01
9.041059929821858576e-01
9.784914668891513401e-01
1.052707379817056088e+00
1.126432297373259450e+00
1.199358270098958901e+00
1.271190811238759766e+00
1.341658316321884925e+00
1.410513073635963677e+00
1.477524352231189164e+00
1.542473860522852291e+00
1.605161922269244812e+00
1.665412571351518434e+00
1.723068863547402074e+00
1.777989093354720884e+00
1.830048678799333306e+00
1.879143989600831732e+00
1.925191019220194200e+00
1.968122456960980093e+00
2.007886902768054149e+00
2.044451040714984735e+00
2.077799897732424572e+00
2.107934286714359118e+00
2.134868684571086472e+00
2.158632200059688699e+00
2.179269208434664318e+00
2.196836989163601928e+00
2.211403566273192567e+00
2.223047353254011149e+00
2.231857252487447596e+00
2.237931061349917261e+00
2.241373509630918637e+00
2.242295234107047897e+00
2.240812557605068367e+00
2.237046485949604424e+00
2.231121052470711241e+00
2.223162135190315247e+00
2.213297195673127771e+00
2.201654727769090769e+00
2.188362971373174481e+00
2.173548839772529995e+00
2.157337753646042522e+00
2.139853443405729916e+00
2.121217031277104592e+00
2.101546245251302736e+00
2.080955340678045662e+00
2.059555117277160896e+00
2.037452384805341854e+00
2.014749464559594028e+00
1.991544184660037464e+00
1.967930025012229800e+00
1.943995885522239009e+00
1.919825802823308170e+00
1.895499024204441607e+00
1.871090244128864821e+00
1.846669563228787947e+00
1.822302350815106164e+00
1.798049370744620346e+00
1.773967058516618289e+00
1.750107586159020068e+00
1.726518817569603348e+00
1.703244475582806450e+00
1.680324441781055222e+00
1.657794873930221735e+00
1.635688213562611848e+00
1.614033376529650621e+00
1.592856051968711162e+00
1.572178833671981080e+00
1.552021253975848003e+00
1.532399990164711845e+00
1.513329152138565004e+00
1.494820404546796322e+00
1.476883011602289519e+00
1.459524050523508976e+00
1.442748674790927055e+00
1.426560212588766641e+00
1.410960217374577441e+00
1.395948696533058753e+00
1.381524358393311891e+00
1.367684684047962840e+00
1.354425989622187743e+00
1.341743670677387090e+00
1.329632433130228719e+00
1.318086347336782316e+00
1.307098960839099266e+00
1.296663548846346270e+00
1.286773318438236835e+00
1.277421487881330142e+00
1.268601470636084194e+00
1.260307151507355172e+00
1.252533083752279897e+00
1.245274623681516424e+00
1.238528226985755154e+00
1.232291792993448265e+00
1.226564886392966791e+00
1.221348979899745224e+00
1.216647842198163021e+00
1.212467876140272960e+00
1.208818244381115292e+00
1.205710917566204188e+00
1.203160408650834068e+00
1.201182612291414431e+00
1.199791961486804892e+00
1.198995464662742094e+00
1.198779998415894887e+00
1.199085189892367342e+00
1.199745220395510126e+00
1.200359303762200014e+00
1.199988633908374513e+00
1.196400076936082968e+00
1.184013158965396384e+00
1.147692669554565059e+00
1.041604988073794980e+00
7.359811551089433523e-01
9.120286144092111247e-01
9.999588238997708656e-01
9.999999999381811167e-01
1.000000000000000000e+00
1.000000000000000000e+00
