1.000000000000000000e+00
1.000000000011658008e+00
1.000000000044787507e+00
1.000000000190369276e+00
1.000000000709088344e+00
1.000000002129199705e+00
1.000000005387088553e+00
1.000000012028554597e+00
1.000000024518829855e+00
1.000000046746984950e+00
1.000000084879275830e+00
1.000000148834282454e+00
1.000000254841981961e+00
1.000000429837137661e+00
1.000000718854695547e+00
1.000001197174309020e+00
1.000001989758254384e+00
1.000003301548778811e+00
1.000005463399909811e+00
1.000008999829270717e+00
1.000014726628074779e+00
1.000023888645348524e+00
1.000038348916997721e+00
1.000060839752486608e+00
1.000095283849430805e+00
1.000147206204075268e+00
1.000224249707950319e+00
1.000336764343404461e+00
1.000498418405624923e+00
1.000726777001335277e+00
1.001043928501436753e+00
1.001476978941533647e+00
1.002057872931177762e+00
1.002822005485806800e+00
1.003806174356972392e+00
1.005046353465350872e+00
1.006573264026487502e+00
1.008404180335249256e+00
1.010530370904867192e+00
1.012909995638663574e+00
1.015466752284944540e+00
1.018082163825642317e+00
1.020585222634375233e+00
1.022754145414339844e+00
1.024346983280055134e+00
1.025134277224317270e+00
1.024911991573202119e+00
1.023498880901602792e+00
1.020775875508699082e+00
1.016744806436136184e+00
1.011518113857708068e+00
1.005279962325531296e+00
9.982568878307225280e-01
9.907368858964217262e-01
9.830696584247309300e-01
9.756127946930926997e-01
9.686775939815445158e-01
9.625345715040625194e-01
9.574455657932742225e-01
9.536424439298145650e-01
9.512979442013372866e-01
9.505163745051400381e-01
9.513637294690484580e-01
9.538871473557324343e-01
9.580997653013167970e-01
9.639690158908185147e-01
9.714318228676867006e-01
9.804182332524884469e-01
9.908491121873074237e-01
1.002628207415769301e+00
1.015641502669952123e+00
1.029771254549298964e+00
1.044904147387599069e+00
1.060925155174512691e+00
1.077712755657475929e+00
1.095144530373819425e+00
1.113105131045837748e+00
1.131484260855380342e+00
1.150172989543985391e+00
1.169063339236783738e+00
1.188052916088675026e+00
1.207046861702967711e+00
1.225955137171123699e+00
1.244690385656449738e+00
1.263170194005448721e+00
1.281319745151843215e+00
1.299070350990595646e+00
1.316357868534230757e+00
1.333122769031534371e+00
1.349311704667376821e+00
1.364877644283297276e+00
1.379778674790189452e+00
1.393977164683974479e+00
1.407440658722113769e+00
1.420142558370496966e+00
1.432061179290368136e+00
1.443178949588425075e+00
1.453482530736413203e+00
1.462963246915609528e+00
1.471616668887945512e+00
1.479441944220296623e+00
1.486441488524868682e+00
1.492621169131526981e+00
1.497990186917924404e+00
1.502560515744722602e+00
1.506346431483801984e+00
1.509364560321817761e+00
1.511633887340891658e+00
1.513175295472311666e+00
1.514011154848920127e+00
1.514165219517772387e+00
1.513662610062372460e+00
1.512529534227446293e+00
1.510792959253673962e+00
1.508480444709452639e+00
1.505620111975100706e+00
1.502240493287918977e+00
1.498370280504443430e+00
1.494038153360331744e+00
1.489272757747833298e+00
1.484102638258370188e+00
1.478556053039801421e+00
1.472660822626857158e+00
1.466444323000379857e+00
1.459933472060990889e+00
1.453154599018730897e+00
1.446133333053501779e+00
1.438894603096285030e+00
1.431462650831707650e+00
1.423860953554213715e+00
1.416112150867650854e+00
1.408238048444772073e+00
1.400259644115618318e+00
1.392197092391314950e+00
1.384069659528057494e+00
1.375895734514171354e+00
1.367692865193923968e+00
1.359477749498599453e+00
1.351266210802587464e+00
1.343073214936628901e+00
1.334912911202152275e+00
1.326798639586644901e+00
1.318742920626691628e+00
1.310757479226753119e+00
1.302853290011505960e+00
1.295040594084489349e+00
1.287328898779583453e+00
1.279727007123796723e+00
1.272243065254696326e+00
1.264884583868791212e+00
1.257658444877832959e+00
1.250570936331772076e+00
1.243627801178520231e+00
1.236834260580541578e+00
1.230195025856652302e+00
1.223714338293387049e+00
1.217396018024025528e+00
1.211243487841703104e+00
1.205259790646453055e+00
1.199447636653213634e+00
1.193809455111578988e+00
1.188347419836576657e+00
1.183063475134002118e+00
1.177959392936227090e+00
1.173036830333310965e+00
1.168297361799360168e+00
1.163742524084235175e+00
1.159373886940790133e+00
1.155193121029046699e+00
1.151202051204080146e+00
1.147402732692670568e+00
1.143797549247539624e+00
1.140389307191108204e+00
1.137181329286427900e+00
1.134177585572278879e+00
1.131382844283876699e+00
1.128802816383350116e+00
1.126444316102283461e+00
1.124315454305178097e+00
1.122425825313110304e+00
1.120786642625788643e+00
1.119410806479114395e+00
1.118312787433264122e+00
1.117508076601369638e+00
1.117011760867211434e+00
1.116835346469543078e+00
1.116979892100378180e+00
1.117421272357280282e+00
1.118078214038257467e+00
1.118740698347214124e+00
1.118901780385868516e+00
1.117336575987466052e+00
1.110956778821617252e+00
1.091341065252014797e+00
1.032827098775556118e+00
8.593739275008909217e-01
9.395615812505739850e-01
9.999681398299568036e-01
9.999999999517388272e-01
1.000000000000000000e+00
1.000000000000000000e+00
