1.000000000000000000e+00
1.000000007115837031e+00
1.000000026364722849e+00
1.000000108197713455e+00
1.000000397776056982e+00
1.000001188140543507e+00
1.000002995880461709e+00
1.000006666030399893e+00
1.000013524945674304e+00
1.000025608295435964e+00
1.000046004337759253e+00
1.000079371583177723e+00
1.000132716828664226e+00
1.000216556381466670e+00
1.000346631713841195e+00
1.000546411463707930e+00
1.000850686208578644e+00
1.001310644032443076e+00
1.002000888436538562e+00
1.003028913726594862e+00
1.004547597912694545e+00
1.006771285856550957e+00
1.009995781143853577e+00
1.014622054444930255e+00
1.021182685614003161e+00
1.030370993272694990e+00
1.043071444396015623e+00
1.060385263696038471e+00
1.083644214555229635e+00
1.114408136753821221e+00
1.154459985795238230e+00
1.205790361948107847e+00
1.270539144798423559e+00
1.350879954074035050e+00
1.448944567179484055e+00
1.566863172938212756e+00
1.706762574808101451e+00
1.870614743599257501e+00
2.059876105948019731e+00
2.275618113009211463e+00
2.518950348726082034e+00
2.790590017831629854e+00
3.089695931017470976e+00
3.412867192878951350e+00
3.754613189953258878e+00
4.107484906072571107e+00
4.460322522802227851e+00
4.794815224838944623e+00
5.086280125797804530e+00
5.308770198776972649e+00
5.436221042039182549e+00
5.442365078275110513e+00
5.303023770323756381e+00
5.005815039732869565e+00
4.557447532704548721e+00
3.980253858260545563e+00
3.303723738397804865e+00
2.561747214359765046e+00
1.793000018000556084e+00
1.034014671229445348e+00
3.125082886480328725e-01
-3.546515002160689489e-01
-9.565840522337100138e-01
-1.485086823372193221e+00
-1.936475376134739967e+00
-2.312756602448614807e+00
-2.618855969308419684e+00
-2.858986918827531643e+00
-3.037005105579777098e+00
-3.157577516181316657e+00
-3.226370327529735960e+00
-3.248346622723050636e+00
-3.226953775286886650e+00
-3.165233378700401445e+00
-3.066705871412734652e+00
-2.934883128048464407e+00
-2.772430972977292907e+00
-2.581608354715134723e+00
-2.364892661556517339e+00
-2.125156645005313649e+00
-1.865155796679844435e+00
-1.587311353937446379e+00
-1.294073896347884167e+00
-9.881985806344170120e-01
-6.724555653434258762e-01
-3.492733994498263272e-01
-2.090506777216974421e-02
3.103858246049662206e-01
6.423374083448603056e-01
9.728847677074030642e-01
1.300179825866467409e+00
1.622446594828666599e+00
1.937880720785596367e+00
2.244760319150363337e+00
2.541539328424110344e+00
2.826749633325713607e+00
3.098923713553948467e+00
3.356632409593069521e+00
3.598567156065619610e+00
3.823526137382220025e+00
4.030372795486620419e+00
4.218040133508568879e+00
4.385597683299901739e+00
4.532284318939149514e+00
4.657486566348132406e+00
4.760725401382175370e+00
4.841704372449521010e+00
4.900350168429426390e+00
4.936790114043441591e+00
4.951329643029155569e+00
4.944462296142147828e+00
4.916884991277443717e+00
4.869474514714264402e+00
4.803252249766093662e+00
4.719364687045544571e+00
4.619077856201565524e+00
4.503753559649297245e+00
4.374810762111524198e+00
4.233696283422654361e+00
4.081874891479049694e+00
3.920813893857235222e+00
3.751953387076025770e+00
3.576682298078569300e+00
3.396334922618330587e+00
3.212188022080864513e+00
3.025444073728827288e+00
2.837218502648971352e+00
2.648542827209676265e+00
2.460370362161396596e+00
2.273570754667249894e+00
2.088925598237212355e+00
1.907134568574480937e+00
1.728824469911958372e+00
1.554550019480484657e+00
1.384793207217347444e+00
1.219969753334375628e+00
1.060438367632761336e+00
9.065035387176970660e-01
7.584157421426570567e-01
6.163766459444139922e-01
4.805468691635367828e-01
3.510486893959931520e-01
2.279659670662358417e-01
1.113480778011611411e-01
1.216156500137514657e-03
-1.024349110064318169e-01
-1.996371221232750293e-01
-2.904464341957283535e-01
-3.749378701226440125e-01
-4.532043878948954219e-01
-5.253579627535351904e-01
-5.915272022456382617e-01
-6.518534276345251399e-01
-7.064903417413485043e-01
-7.556053820623420680e-01
-7.993776097295169913e-01
-8.379946444048196330e-01
-8.716530931817123573e-01
-9.005600024261499748e-01
-9.249306267907114742e-01
-9.449858819979914948e-01
-9.609534924450835458e-01
-9.730693765442547383e-01
-9.815753040377918071e-01
-9.867169436062404042e-01
-9.887456947300715671e-01
-9.879194278733838264e-01
-9.845005406707806328e-01
-9.787552114688540250e-01
-9.709555168067083297e-01
-9.613797032664280762e-01
-9.503109608191361302e-01
-9.380383317083983430e-01
-9.248594851922085081e-01
-9.110807899824698852e-01
-8.970171292223237947e-01
-8.829950083845307107e-01
-8.693558955771044650e-01
-8.564569350485129462e-01
-8.446723952354882048e-01
-8.343977358633317687e-01
-8.260504762728660966e-01
-8.200667818194703473e-01
-8.168939377315443950e-01
-8.169712798390997843e-01
-8.206809631402293137e-01
-8.282425253766003692e-01
-8.394912358736872360e-01
-8.533914955821182424e-01
-8.669443766099945714e-01
-8.726320523544425223e-01
-8.520587071692042880e-01
-7.587771206777935706e-01
-4.664482329224134971e-01
4.107741920027705995e-01
2.719560605058831460e+00
1.571168278111185534e+00
1.001204931667181164e+00
1.000000001999467036e+00
1.000000000000000000e+00
1.000000000000000000e+00
