1.000000000000000000e+00
1.000000006212194092e+00
1.000000023051297759e+00
1.000000094742133028e+00
1.000000348507851688e+00
1.000001041218252062e+00
1.000002625786082788e+00
1.000005843248473525e+00
1.000011856969081459e+00
1.000022452688804853e+00
1.000040339428150515e+00
1.000069602590546891e+00
1.000116383779284135e+00
1.000189893621428183e+00
1.000303905814807548e+00
1.000478933500192458e+00
1.000745354617364802e+00
1.001147826076253855e+00
1.001751395521263577e+00
1.002649775207913097e+00
1.003976295503471228e+00
1.005918087415823114e+00
1.008733859241582431e+00
1.012775238465586591e+00
1.018511021485110080e+00
1.026554484561650327e+00
1.037692788508864927e+00
1.052913552302654709e+00
1.073422721549640801e+00
1.100649790313902532e+00
1.136251493612469465e+00
1.182106396906578372e+00
1.240271269206447036e+00
1.312884258821272354e+00
1.402095075080934450e+00
1.510086493522749818e+00
1.639050557571286371e+00
1.791022952075784325e+00
1.967519837266199723e+00
2.169594184435415851e+00
2.398152989821963121e+00
2.653526856172491843e+00
2.934387301938068848e+00
3.236821372956047327e+00
3.554744380458128461e+00
3.880044806277892278e+00
4.201098118322009078e+00
4.499899302703807891e+00
4.753076181102717790e+00
4.936739930259228970e+00
5.027832891869055132e+00
5.004374553291280669e+00
4.847582890483957740e+00
4.549829842453954498e+00
4.120003092560188485e+00
3.579762606292578031e+00
2.956029768577212558e+00
2.278635399559652441e+00
1.580798548315561103e+00
8.936497970217723852e-01
2.409172407675740091e-01
-3.626983094422763232e-01
-9.075562970691111175e-01
-1.386370695691200527e+00
-1.795709411934608868e+00
-2.136950963231047940e+00
-2.414012203381444177e+00
-2.630350913858730433e+00
-2.789238766870155484e+00
-2.894714532951005115e+00
-2.951730763374231792e+00
-2.964728151023422686e+00
-2.936942440101125484e+00
-2.871311849930302973e+00
-2.771201918309310841e+00
-2.639988806173957592e+00
-2.480353389538795916e+00
-2.294636620253362125e+00
-2.085347403307578507e+00
-1.855296595132684301e+00
-1.607162618641786000e+00
-1.343308201349629361e+00
-1.066080330546935739e+00
-7.780389554414149922e-01
-4.817213484028809445e-01
-1.793541665372687666e-01
1.270027632705332532e-01
4.352971939041608285e-01
7.434906335145917700e-01
1.049716969337386008e+00
1.352297202985748958e+00
1.649618964669164800e+00
1.940053458852232682e+00
2.222048258719599545e+00
2.494205924408683828e+00
2.755204260905721902e+00
3.003733745204566485e+00
3.238530595709397275e+00
3.458446577520425169e+00
3.662438731627373212e+00
3.849535820835384481e+00
4.018842399029011858e+00
4.169594344139373021e+00
4.301185391442246875e+00
4.413147889425903969e+00
4.505140155279510950e+00
4.576984267121964933e+00
4.628697244998243754e+00
4.660469836982604086e+00
4.672645365368429005e+00
4.665725663440437820e+00
4.640381623962486657e+00
4.597432021390087442e+00
4.537813030873204312e+00
4.462561199861485584e+00
4.372808294426854481e+00
4.269761450052467211e+00
4.154671334993737197e+00
4.028808176957818787e+00
3.893453902348490203e+00
3.749889793357537027e+00
3.599372303250836680e+00
3.443113590046006589e+00
3.282278866377989601e+00
3.117984143320555734e+00
2.951282471032391275e+00
2.783153372247235247e+00
2.614505319215070234e+00
2.446180288442739048e+00
2.278949080227668400e+00
2.113507502311967823e+00
1.950481220633258239e+00
1.790433035615347279e+00
1.633863373527860929e+00
1.481209625059309420e+00
1.332851363793789989e+00
1.189117918948447761e+00
1.050290651405805908e+00
9.166031282862812102e-01
7.882454446540954063e-01
6.653706839598729772e-01
5.480972388028151343e-01
4.365088508833757652e-01
3.306579704433261768e-01
2.305710406311791971e-01
1.362502855155247050e-01
4.767333474748931127e-02
-3.520421366182201195e-02
-1.124445973780075075e-01
-1.841267981836707535e-01
-2.503472807382370324e-01
-3.112178729451016701e-01
-3.668623801870571355e-01
-4.174161642295402541e-01
-4.630271211985565460e-01
-5.038538055390058279e-01
-5.400627694059012551e-01
-5.718287942205189101e-01
-5.993359758481573429e-01
-6.227757751113511819e-01
-6.423448116213767989e-01
-6.582457175921500037e-01
-6.706881968005785621e-01
-6.798870107080596803e-01
-6.860602921066749627e-01
-6.894309935531074407e-01
-6.902274418391809441e-01
-6.886816810972472558e-01
-6.850288109983010409e-01
-6.795086989901799601e-01
-6.723661740269066822e-01
-6.638499867909979368e-01
-6.542135391607618589e-01
-6.437171595689850090e-01
-6.326281459385048045e-01
-6.212205917599697980e-01
-6.097779242225840335e-01
-5.985956143478708968e-01
-5.879816775027847386e-01
-5.782577113789834078e-01
-5.697619771990228843e-01
-5.628496240486936530e-01
-5.578889972559211152e-01
-5.552538718719052246e-01
-5.553049085211160252e-01
-5.583438559727924577e-01
-5.645167830677874088e-01
-5.736121200419986854e-01
-5.846203212809460981e-01
-5.947491203127419634e-01
-5.971240533758425117e-01
-5.750687485167381707e-01
-4.866551351172816453e-01
-2.181527607229274135e-01
5.760371450451284847e-01
2.600153674411866955e+00
1.451248455385328429e+00
1.000701606704079039e+00
1.000000001125680882e+00
1.000000000000000000e+00
1.000000000000000000e+00
