1.000000000000000000e+00
9.999999999157413999e-01
9.999999996821679060e-01
9.999999986724612544e-01
9.999999950869625787e-01
9.999999852863696859e-01
9.999999628446257782e-01
9.999999172454528962e-01
9.999998320385191652e-01
9.999996822636137983e-01
9.999994309937493275e-01
9.999990249916396179e-01
9.999983897740359895e-01
9.999974249015410876e-01
9.999960011312205577e-01
9.999939622639985037e-01
9.999911362295260675e-01
9.999873621793440304e-01
9.999825429768184337e-01
9.999767355003508218e-01
9.999702952859573779e-01
9.999640971779747423e-01
9.999598545386685355e-01
9.999605561961570910e-01
9.999710310251033185e-01
9.999986846587876066e-01
1.000054428701133702e+00
1.000153697163727262e+00
1.000317380582626203e+00
1.000572498183582182e+00
1.000952828304362496e+00
1.001498972653500852e+00
1.002256282326170700e+00
1.003269099053856861e+00
1.004573016733986135e+00
1.006186815003245361e+00
1.008098423907215269e+00
1.010240660332068385e+00
1.012455407935736407e+00
1.014476295376157244e+00
1.015931615485378581e+00
1.016331272479788383e+00
1.015048179608705414e+00
1.011337447939469891e+00
1.004442103021455202e+00
9.937017078138216108e-01
9.785955957733871724e-01
9.587322998511718097e-01
9.339587956150817716e-01
9.045206631983514489e-01
8.710104281910446833e-01
8.342304643909194128e-01
7.950881496423396477e-01
7.546393878164439073e-01
7.140795085777190687e-01
6.745794996868332838e-01
6.371278434335660990e-01
6.025525119200221269e-01
5.716215484188728047e-01
5.449874749298544430e-01
5.231100370900992891e-01
5.062372892967621496e-01
4.944999810472068824e-01
4.879729542420983002e-01
4.866353553331745352e-01
4.903404221491939885e-01
4.988617799631655525e-01
5.119626523428059128e-01
5.293897692391364984e-01
5.508508707593485765e-01
5.760127436390585220e-01
6.045406210349694165e-01
6.361204700780893617e-01
6.704405227543127621e-01
7.071766657100756470e-01
7.460071322702488406e-01
7.866338437217050839e-01
8.287755701337180536e-01
8.721564831961273745e-01
9.165039922514164328e-01
9.615608412958153162e-01
1.007089791562455705e+00
1.052865304318922668e+00
1.098666956769349445e+00
1.144285282574144968e+00
1.189528845906339116e+00
1.234219885260630312e+00
1.278189722887959512e+00
1.321278882812961353e+00
1.363341492168351987e+00
1.404245766969794085e+00
1.443870823927756009e+00
1.482104549405425020e+00
1.518846353738218857e+00
1.554009375089813183e+00
1.587518162014466494e+00
1.619306754605104981e+00
1.649319350444093280e+00
1.677511838434507796e+00
1.703850955497661301e+00
1.728312711481334807e+00
1.750881802095626272e+00
1.771552381092273309e+00
1.790327961888920516e+00
1.807220046819444592e+00
1.822246975890650766e+00
1.835434206281273184e+00
1.846814455266741817e+00
1.856426495207154526e+00
1.864314063579913805e+00
1.870525615607777636e+00
1.875114300205691809e+00
1.878137180461462830e+00
1.879654302113142439e+00
1.879728201838768209e+00
1.878423791609150850e+00
1.875807895791744784e+00
1.871948499173510472e+00
1.866914215409928079e+00
1.860774177391617323e+00
1.853597797923847823e+00
1.845454198170877635e+00
1.836411733425437065e+00
1.826537929176194952e+00
1.815899401487322429e+00
1.804561449359805447e+00
1.792587705060347592e+00
1.780040102765518384e+00
1.766978888340257070e+00
1.753462377505166980e+00
1.739546728371039297e+00
1.725285935629583989e+00
1.710731891042785113e+00
1.695934272301775181e+00
1.680940407614271992e+00
1.665795301051680388e+00
1.650541731021235803e+00
1.635220223091621516e+00
1.619868979180016266e+00
1.604523925941360840e+00
1.589218831965907519e+00
1.573985329671513611e+00
1.558852888351027088e+00
1.543848883662958693e+00
1.528998728073771352e+00
1.514325919931752029e+00
1.499852043927208278e+00
1.485596855289288198e+00
1.471578414169881999e+00
1.457813145526680509e+00
1.444315856138549847e+00
1.431099830759468450e+00
1.418176966300338959e+00
1.405557832535351936e+00
1.393251699156836887e+00
1.381266640345250707e+00
1.369609663313902770e+00
1.358286763883501669e+00
1.347302961963833701e+00
1.336662419164432736e+00
1.326368566593640663e+00
1.316424155505350635e+00
1.306831305829768031e+00
1.297591639504051431e+00
1.288706410612606934e+00
1.280176558854428270e+00
1.272002793233969253e+00
1.264185742341205509e+00
1.256726088794995144e+00
1.249624653097165083e+00
1.242882531631498866e+00
1.236501284298689107e+00
1.230483095645632963e+00
1.224830918238060784e+00
1.219548700927048257e+00
1.214641651576848780e+00
1.210116457291410486e+00
1.205981525370541485e+00
1.202247296050551473e+00
1.198926526652806857e+00
1.196034447680482948e+00
1.193588800117681314e+00
1.191609544457646663e+00
1.190117775912411968e+00
1.189133084966003784e+00
1.188667891177541680e+00
1.188715393230715067e+00
1.189223953602039918e+00
1.190041993484856286e+00
1.190795239676019079e+00
1.190599474983558226e+00
1.187343473513784220e+00
1.175741969059338699e+00
1.141447808150985344e+00
1.040983511081986501e+00
7.508560491054798725e-01
9.147697984115800152e-01
9.999596132679891003e-01
9.999999999393126560e-01
1.000000000000000000e+00
1.000000000000000000e+00
