1.000000000000000000e+00
1.000000002502062779e+00
1.000000009373985588e+00
1.000000038895763055e+00
1.000000143593278601e+00
1.000000429625801157e+00
1.000001084408029817e+00
1.000002415053401039e+00
1.000004904537866279e+00
1.000009295529962650e+00
1.000016716513396853e+00
1.000028871614442094e+00
1.000048325226702506e+00
1.000078926010812053e+00
1.000126433098576850e+00
1.000199431278878670e+00
1.000310653132523209e+00
1.000478864082325448e+00
1.000731508759423738e+00
1.001108363068871077e+00
1.001666492489433402e+00
1.002486880354261256e+00
1.003683092071857796e+00
1.005412282062277063e+00
1.007888711252367342e+00
1.011400333428850162e+00
1.016328675639897039e+00
1.023170725751007426e+00
1.032560901951415255e+00
1.045291349871441122e+00
1.062333954537131975e+00
1.084859211930040201e+00
1.114236156360845165e+00
1.151999663488611381e+00
1.199809358557690331e+00
1.259421216780273189e+00
1.332607190631491356e+00
1.420969700777946931e+00
1.525617629706168543e+00
1.646999484472289721e+00
1.784860322759209250e+00
1.937867619501296712e+00
2.102967006005160844e+00
2.274921398363687786e+00
2.446664795869239128e+00
2.609707571168692564e+00
2.753975196818206239e+00
2.867327277147804665e+00
2.937085638641473206e+00
2.953007504981396636e+00
2.908200534975863505e+00
2.799049087973144889e+00
2.625303088202395774e+00
2.391714086946917117e+00
2.108348396184217322e+00
1.788097363976815846e+00
1.443793555862740607e+00
1.087743176233374243e+00
7.324289359542804911e-01
3.891685727167630837e-01
6.667280441138026537e-02
-2.293747486773791977e-01
-4.950190442872449137e-01
-7.271694118748938118e-01
-9.241245507882198673e-01
-1.085932432860586827e+00
-1.213687673372347842e+00
-1.308549827749485805e+00
-1.371827026626801560e+00
-1.405286767131509018e+00
-1.411190004864873115e+00
-1.391776649693054146e+00
-1.348990602913979764e+00
-1.284752592617151024e+00
-1.201173906907599509e+00
-1.100379351407626993e+00
-9.842386354538299464e-01
-8.544667333217014216e-01
-7.127799924079012417e-01
-5.609285071947778256e-01
-4.005423719683900985e-01
-2.330719993488566122e-01
-5.989587535731603907e-02
1.175942938860992104e-01
2.980655652687962398e-01
4.803321343055829695e-01
6.632982262123241490e-01
8.458977524169114526e-01
1.027092729639018209e+00
1.205925787943917138e+00
1.381524579755982973e+00
1.553060781352632258e+00
1.719722815712526609e+00
1.880750149274704075e+00
2.035462534879103558e+00
2.183234100801795030e+00
2.323473139620512384e+00
2.455634806187927843e+00
2.579245814928697644e+00
2.693900406654107460e+00
2.799247511134892896e+00
2.894990347146605636e+00
2.980903180950432052e+00
3.056837294355572610e+00
3.122710651817464989e+00
3.178499701824907930e+00
3.224248576993117954e+00
3.260076061740388109e+00
3.286164803235856358e+00
3.302751095947993765e+00
3.310124569040181708e+00
3.308630065835739487e+00
3.298659285840188193e+00
3.280639875899782787e+00
3.255029647979405638e+00
3.222315263386274165e+00
3.183006216724111326e+00
3.137624924018963313e+00
3.086699544990595623e+00
3.030762235121224890e+00
2.970345778843448858e+00
2.905976029599933064e+00
2.838165729329999998e+00
2.767413790158820053e+00
2.694204519711413059e+00
2.619002750285980063e+00
2.542249862564738283e+00
2.464364073819862888e+00
2.385741354550357407e+00
2.306753158661674075e+00
2.227744403594961842e+00
2.149034374913741274e+00
2.070918496762858219e+00
1.993667858079326560e+00
1.917528401153500761e+00
1.842722166698901543e+00
1.769449428261648860e+00
1.697889119742575170e+00
1.628198624319663779e+00
1.560515041218432764e+00
1.494957259932954363e+00
1.431626703216797747e+00
1.370607351655086958e+00
1.311966944582012573e+00
1.255758888532462869e+00
1.202023022787694018e+00
1.150785679173668141e+00
1.102060764633943313e+00
1.055851426376069879e+00
1.012150680847508921e+00
9.709414283501229814e-01
9.321974459452903039e-01
8.958848203747465933e-01
8.619623742946304068e-01
8.303816113529579601e-01
8.010876284458404717e-01
7.740202938939647614e-01
7.491144332371562076e-01
7.262997133766244673e-01
7.055015522244840742e-01
6.866421104089288630e-01
6.696402290039447092e-01
6.544112857581355636e-01
6.408680910810629072e-01
6.289216668857606773e-01
6.184809463129704588e-01
6.094527707923579340e-01
6.017426380434511834e-01
5.952551086582702489e-01
5.898933996459310158e-01
5.855594980919900383e-01
5.821547030799723021e-01
5.795795738167079936e-01
5.777333647794390403e-01
5.765142477104518992e-01
5.758196432526473396e-01
5.755456730564287859e-01
5.755866187449780735e-01
5.758352279006807573e-01
5.761829641255269419e-01
5.765197359592260096e-01
5.767348531776266274e-01
5.767196819586367651e-01
5.763722194998125437e-01
5.756061397464939944e-01
5.743703608076927702e-01
5.726879504585611347e-01
5.707341674618340299e-01
5.690015702857240676e-01
5.686618632361847281e-01
5.723998843666026071e-01
5.864724857778239597e-01
6.262472965713771211e-01
7.327739862009869931e-01
1.027638589327315666e+00
1.651902194427934401e+00
1.047547403612709704e+00
1.000011900196977166e+00
1.000000000014741541e+00
1.000000000000000000e+00
1.000000000000000000e+00
