1.000000000000000000e+00
1.000000002282719125e+00
1.000000008559753573e+00
1.000000035547886856e+00
1.000000131276285620e+00
1.000000392824776263e+00
1.000000991598837263e+00
1.000002208519580327e+00
1.000004485453319658e+00
1.000008502005850231e+00
1.000015291112608340e+00
1.000026413108074497e+00
1.000044216891152971e+00
1.000072229272554125e+00
1.000115730509884449e+00
1.000182596308037741e+00
1.000284515678462993e+00
1.000438729727236797e+00
1.000670476658753305e+00
1.001016372423117362e+00
1.001529010817010956e+00
1.002283128931504841e+00
1.003383691496664065e+00
1.004976200433637334e+00
1.007259416398127216e+00
1.010501045994193436e+00
1.015056650568995078e+00
1.021390642876572885e+00
1.030097632554646037e+00
1.041922497284842430e+00
1.057782237258391822e+00
1.078784983575439060e+00
1.106231222413695203e+00
1.141583959802294990e+00
1.186429466550501521e+00
1.242447459393389186e+00
1.311329982339491274e+00
1.394598667858818697e+00
1.493288909889882277e+00
1.607777693742617142e+00
1.737727245026218448e+00
1.881723386139409815e+00
2.036669799946301040e+00
2.197368720334913039e+00
2.356881527364699469e+00
2.506955629415278608e+00
2.637939414616491174e+00
2.738413658129237760e+00
2.796680321669267943e+00
2.803539376798934946e+00
2.753098239740462194e+00
2.642623193016861549e+00
2.472516032943528508e+00
2.247703806803160731e+00
1.977838283131871266e+00
1.674987159428123595e+00
1.351021602116563525e+00
1.017232688847566235e+00
6.850147495466893943e-01
3.646776374715755553e-01
6.415598001003372519e-02
-2.113641898704310962e-01
-4.582645045665527661e-01
-6.737112628482019305e-01
-8.561372614218871746e-01
-1.005574168786917966e+00
-1.123017920782182877e+00
-1.209537565395301995e+00
-1.266351460766972137e+00
-1.295109448202522495e+00
-1.297922439100952285e+00
-1.276891640964089358e+00
-1.233855397373450513e+00
-1.170634897466463764e+00
-1.089226368890887864e+00
-9.916376011770603460e-01
-8.796416587378887986e-01
-7.548671863109558400e-01
-6.189399285713911292e-01
-4.735118692659111561e-01
-3.201211228789331287e-01
-1.601378538061074552e-01
5.137129595293583352e-03
1.743943458521449164e-01
3.463809075783677027e-01
5.199807315798080642e-01
6.941621814881959729e-01
8.679228475686465716e-01
1.040288029732122643e+00
1.210358641376195976e+00
1.377315259830118821e+00
1.540380770064680993e+00
1.698795551067939780e+00
1.851848883574179983e+00
1.998905700614480141e+00
2.139382945865183849e+00
2.272731103925820673e+00
2.398445745388046557e+00
2.516089971994689645e+00
2.625290575264878967e+00
2.725726122708703514e+00
2.817126376938221544e+00
2.899287357929923648e+00
2.972076535244204010e+00
3.035423140550133070e+00
3.089310445932482718e+00
3.133783945143527205e+00
3.168957520533360661e+00
3.195003438460640499e+00
3.212142910339366164e+00
3.220645729087375120e+00
3.220831941116419461e+00
3.213064211745524368e+00
3.197737893911504869e+00
3.175275796056701960e+00
3.146127039218770793e+00
3.110761636552781262e+00
3.069661522998373915e+00
3.023314075269034173e+00
2.972210575141620570e+00
2.916843186460635895e+00
2.857698095494606960e+00
2.795249893892241211e+00
2.729960926031825608e+00
2.662280572026906711e+00
2.592640783347640809e+00
2.521452422002189664e+00
2.449105477454401658e+00
2.375969850613077305e+00
2.302393228292995531e+00
2.228699182176294702e+00
2.155187932390826955e+00
2.082137902194141965e+00
2.009805229394386217e+00
1.938422972988900428e+00
1.868202198534319791e+00
1.799333879926758639e+00
1.731989250901926125e+00
1.666319579656642347e+00
1.602457296117389296e+00
1.540517861353634776e+00
1.480600428990703321e+00
1.422787856428945563e+00
1.367147792985746291e+00
1.313734417740042293e+00
1.262589139448817344e+00
1.213740656200192891e+00
1.167205950398441328e+00
1.122991817785698787e+00
1.081095454040843507e+00
1.041504482823225830e+00
1.004197877182952059e+00
9.691472836128771640e-01
9.363174291481111133e-01
9.056660902095257093e-01
8.771449437592925280e-01
8.507006614496270824e-01
8.262750989923060008e-01
8.038052103474788712e-01
7.832238970229669084e-01
7.644609323363427134e-01
7.474429243966462799e-01
7.320932045753790751e-01
7.183326641828924330e-01
7.060804845615775704e-01
6.952538831679994091e-01
6.857681310941510233e-01
6.775372560439363312e-01
6.704744348414460875e-01
6.644916454908017522e-01
6.594997950415915078e-01
6.554092400405064911e-01
6.521297679018910332e-01
6.495701134126383725e-01
6.476381965758329917e-01
6.462414649316239323e-01
6.452864387220066389e-01
6.446782677245210813e-01
6.443210659057621026e-01
6.441181989223250248e-01
6.439720959285269997e-01
6.437851708406383544e-01
6.434622625063189938e-01
6.429147520931066673e-01
6.420685963342699365e-01
6.408816101116203701e-01
6.393776457459052764e-01
6.377148622884130091e-01
6.363298313686708285e-01
6.362527852111080628e-01
6.398331784337166761e-01
6.525291878394582357e-01
6.877188630738444441e-01
7.810851908588000159e-01
1.038019493657249326e+00
1.573454861205220823e+00
1.030281217668637783e+00
1.000002427189312648e+00
1.000000000000854872e+00
1.000000000000000000e+00
1.000000000000000000e+00
