1.000000000000000000e+00
1.000000003952637773e+00
1.000000014739267140e+00
1.000000060876363728e+00
1.000000224349208988e+00
1.000000670776225897e+00
1.000001692363010175e+00
1.000003767573121483e+00
1.000007648169339403e+00
1.000014488956560310e+00
1.000026042738599630e+00
1.000044953376000745e+00
1.000075194544730595e+00
1.000122722108990780e+00
1.000196435161460284e+00
1.000309575751161084e+00
1.000481741869044594e+00
1.000741740605117558e+00
1.001131563206628883e+00
1.001711817742025667e+00
1.002569016543517044e+00
1.003825176660230190e+00
1.005650140576026530e+00
1.008276862305437005e+00
1.012019607491122075e+00
1.017295560993696446e+00
1.024649733511981742e+00
1.034780674885243723e+00
1.048563685460537132e+00
1.067068890834336647e+00
1.091580081300945304e+00
1.123608183479551714e+00
1.164878187387236474e+00
1.217274310652239011e+00
1.282786969588092685e+00
1.363498598865286349e+00
1.461517443355165646e+00
1.578788832282769672e+00
1.716740169870499155e+00
1.876179505515849444e+00
2.057372278252563635e+00
2.259622717090248756e+00
2.480423667508763863e+00
2.714769457101453121e+00
2.955491284504527361e+00
3.193520252704580287e+00
3.417177313150616236e+00
3.610800910888249504e+00
3.756257014202467825e+00
3.836917837793250463e+00
3.839060732568757572e+00
3.752220151938992387e+00
3.570181263054637011e+00
3.294724065774117250e+00
2.937236696650632695e+00
2.515273061230682838e+00
2.047790543898877491e+00
1.553993742904487219e+00
1.054050022632295525e+00
5.664799902431413292e-01
1.055052832544074032e-01
-3.197496905883695506e-01
-7.030755571600791898e-01
-1.039698991434645503e+00
-1.327124659892750413e+00
-1.565690579055240894e+00
-1.757343593880277721e+00
-1.903977063776739254e+00
-2.007571200528635469e+00
-2.070718207528392085e+00
-2.096692937024982939e+00
-2.088621666468038818e+00
-2.049055649493800590e+00
-1.980454572207440256e+00
-1.885569483097037757e+00
-1.767175612994944078e+00
-1.627646621309664088e+00
-1.469135614428264125e+00
-1.293844297087348272e+00
-1.104082835420649999e+00
-9.020160069400833258e-01
-6.895606541134292611e-01
-4.685593983257431705e-01
-2.409162083503577079e-01
-8.471912630803534253e-03
2.271476724031550598e-01
4.644416738053649962e-01
7.019374915604847942e-01
9.381897954936153639e-01
1.171867671582188297e+00
1.401761823401535878e+00
1.626716426148680172e+00
1.845583175251255037e+00
2.057276226627143156e+00
2.260819155137100189e+00
2.455301673190744882e+00
2.639846017128667288e+00
2.813627685238399678e+00
2.975916490738986564e+00
3.126071117477888794e+00
3.263519689868534801e+00
3.387761120949357885e+00
3.498395002423558164e+00
3.595134115020618637e+00
3.677790271893834451e+00
3.746263587539667039e+00
3.800560206007696173e+00
3.840806159614409854e+00
3.867231655945487567e+00
3.880155844595375214e+00
3.879987449466652194e+00
3.867228582201592157e+00
3.842461244756213201e+00
3.806329229163537775e+00
3.759528178737667758e+00
3.702802810894223473e+00
3.636936224557840713e+00
3.562732700701289890e+00
3.481005042770003222e+00
3.392570983996273437e+00
3.298247022001876250e+00
3.198835461019339466e+00
3.095113915108747005e+00
2.987834043913369708e+00
2.877720342965901956e+00
2.765462295438136042e+00
2.651708144555238178e+00
2.537065847788848583e+00
2.422105133662280974e+00
2.307354324008886515e+00
2.193297604155472147e+00
2.080377151275756287e+00
1.968996670713228703e+00
1.859521176107966189e+00
1.752276171652587200e+00
1.647550195227009073e+00
1.545598768584118599e+00
1.446645452288505718e+00
1.350881783868957298e+00
1.258469606837979482e+00
1.169544672469020163e+00
1.084217976502598102e+00
1.002575857513916313e+00
9.246819997862655294e-01
8.505805617919249828e-01
7.802973724273758460e-01
7.138399297597486370e-01
6.511990683904357313e-01
5.923515653850782714e-01
5.372610111074004324e-01
4.858776514386825007e-01
4.381398397181593407e-01
3.939762060808386090e-01
3.533061553028189472e-01
3.160395681734113893e-01
2.820781031221536450e-01
2.513169361113005151e-01
2.236448614685635494e-01
1.989438990037824262e-01
1.770906013440019799e-01
1.579574990313824534e-01
1.414128082452434376e-01
1.273200098244457457e-01
1.155391512361806927e-01
1.059279564927110562e-01
9.834115608554032384e-02
9.263031078260915152e-02
8.864487585545639814e-02
8.623269801540255075e-02
8.523916525344987782e-02
8.550720914091892999e-02
8.687800293046965550e-02
8.919066279868134717e-02
9.228108130565716716e-02
9.598203332597989024e-02
1.001234266982284765e-01
1.045310551019693890e-01
1.090253065626341222e-01
1.134212027385247401e-01
1.175282647873434061e-01
1.211494289980492994e-01
1.240819017533009577e-01
1.261207596777603190e-01
1.270657471040665676e-01
1.267357099591432112e-01
1.250011926569026821e-01
1.218509872166353425e-01
1.175281782683964132e-01
1.128215983838886105e-01
1.097104023931682742e-01
1.128593807044423053e-01
1.333259700749158116e-01
1.985577874853498570e-01
3.823911727444087583e-01
9.062669735605567434e-01
2.110864719401536860e+00
1.183760724742057180e+00
1.000127241281885793e+00
1.000000000188911775e+00
1.000000000000000000e+00
1.000000000000000000e+00
