1.000000000000000000e+00
1.000000010444517917e+00
1.000000038530362012e+00
1.000000157436168102e+00
1.000000577830543858e+00
1.000001724799172376e+00
1.000004347303699248e+00
1.000009669816895652e+00
1.000019613596928814e+00
1.000037127974415352e+00
1.000066692526105250e+00
1.000115081371816261e+00
1.000192524355081769e+00
1.000314459615305074e+00
1.000504149975431245e+00
1.000796531329638750e+00
1.001243775459353946e+00
1.001923166740168236e+00
1.002947979951023472e+00
1.004482078016620372e+00
1.006758938878838050e+00
1.010105720676422347e+00
1.014972356086530025e+00
1.021964568220302461e+00
1.031878121549050453e+00
1.045733209293072452e+00
1.064805418950927285e+00
1.090641755119361900e+00
1.125049628931332535e+00
1.170053085377902091e+00
1.227843777076464526e+00
1.300717579000168378e+00
1.390950207595568422e+00
1.500602403196790391e+00
1.631430014912444770e+00
1.785022085287937710e+00
1.962905235940036741e+00
2.166457592646858554e+00
2.396561960668498692e+00
2.654062520854998386e+00
2.940631816086861416e+00
3.258327243171499799e+00
3.608096575150874674e+00
3.988519607894160046e+00
4.396578078757364061e+00
4.827822550351196007e+00
5.273723768551232816e+00
5.716151612006995286e+00
6.127324036919278072e+00
6.475972636746478273e+00
6.727504398978958911e+00
6.841802765298391265e+00
6.774775909638160343e+00
6.494431911276160818e+00
5.996834747267590693e+00
5.304894385775939192e+00
4.456446327712761502e+00
3.500405796454725493e+00
2.497320956195409281e+00
1.505484452024775210e+00
5.675491664380813983e-01
-2.933049776536622022e-01
-1.063654915088847241e+00
-1.733346393068083025e+00
-2.299126395723130489e+00
-2.767046228960665211e+00
-3.147293838748904449e+00
-3.447574202851941827e+00
-3.674077238427795766e+00
-3.833879086495735056e+00
-3.935438197039470065e+00
-3.985606724998009387e+00
-3.988285446281147451e+00
-3.946536778982801419e+00
-3.864221125198652462e+00
-3.745124196988378618e+00
-3.591436395127488801e+00
-3.404555652019985779e+00
-3.186251386608465630e+00
-2.939045480808736954e+00
-2.665337670600698150e+00
-2.367052970872319140e+00
-2.046357378117823256e+00
-1.706208099261656841e+00
-1.349833334223709436e+00
-9.800477747378700810e-01
-5.995279806326707650e-01
-2.111247596126144543e-01
1.821923732108334248e-01
5.777275110712600803e-01
9.731178196783292211e-01
1.366079395614264280e+00
1.754229446672801229e+00
2.135292791128776457e+00
2.507272246597548104e+00
2.868263211266634194e+00
3.216303430727067258e+00
3.549431299179350852e+00
3.865824451790314420e+00
4.163761943288683653e+00
4.441535912789387197e+00
4.697448025217595635e+00
4.929923204219038624e+00
5.137564718574225253e+00
5.319113321144979700e+00
5.473425986125111109e+00
5.599571962546547432e+00
5.696919741483716493e+00
5.765111257085555607e+00
5.804038009210465532e+00
5.813878604432144215e+00
5.795146528595505941e+00
5.748665202943680441e+00
5.675519263568161499e+00
5.577032816895262535e+00
5.454770970530758767e+00
5.310504440368853274e+00
5.146143476344311019e+00
4.963686645998551583e+00
4.765203960781668968e+00
4.552808058933164759e+00
4.328597434615240047e+00
4.094610010568756842e+00
3.852815077603918059e+00
3.605106129425158290e+00
3.353267803129322822e+00
3.098950625483583021e+00
2.843676047333939749e+00
2.588846391209793651e+00
2.335733970581069130e+00
2.085472465461020164e+00
1.839068245219132702e+00
1.597417080495602937e+00
1.361305245460507463e+00
1.131407929554938852e+00
9.083009502852231742e-01
6.924775492592333270e-01
4.843528811299867010e-01
2.842635995231052037e-01
9.247678468048094180e-02
-9.079645675226158397e-02
-2.653969610123240175e-01
-4.312187028370373376e-01
-5.882024652661588249e-01
-7.363252256689335473e-01
-8.755975421271626757e-01
-1.006065825465576768e+00
-1.127807908255205493e+00
-1.240924932856530161e+00
-1.345540278852412897e+00
-1.441802578504652654e+00
-1.529882194568075393e+00
-1.609964820107214756e+00
-1.682251756644994822e+00
-1.746963282793794425e+00
-1.804335494733080969e+00
-1.854615343721939924e+00
-1.898062159413166139e+00
-1.934951022377039420e+00
-1.965569207463723878e+00
-1.990212011714638685e+00
-2.009185429233492748e+00
-2.022809208321444174e+00
-2.031412901026679929e+00
-2.035332608977418190e+00
-2.034914730737555022e+00
-2.030517610318931521e+00
-2.022508127849144355e+00
-2.011260475817374438e+00
-1.997160209595066016e+00
-1.980604789836466484e+00
-1.962001273441076776e+00
-1.941767924396309963e+00
-1.920339234482062007e+00
-1.898165848635133157e+00
-1.875713976494878032e+00
-1.853470927738931184e+00
-1.831951120991545112e+00
-1.811697345636186451e+00
-1.793283735111293575e+00
-1.777324299826156473e+00
-1.764476802121165200e+00
-1.755441111583674108e+00
-1.750954521999561253e+00
-1.751774339260306457e+00
-1.758621244582195597e+00
-1.772051705959182044e+00
-1.792183499442102645e+00
-1.818077847877495934e+00
-1.846336087910816381e+00
-1.867812013862703013e+00
-1.859478336145104160e+00
-1.762641734703948027e+00
-1.416706097812606480e+00
-3.201642864826844126e-01
2.836475781588025047e+00
2.070355899358853780e+00
1.006523971598711098e+00
1.000000012583581510e+00
1.000000000000000000e+00
1.000000000000000000e+00
