1.000000000000000000e+00
1.000000005094901168e+00
1.000000018946645364e+00
1.000000078040998330e+00
1.000000287309945390e+00
1.000000858665252457e+00
1.000002165855454095e+00
1.000004820597240718e+00
1.000009783561034871e+00
1.000018529772349174e+00
1.000033297200543014e+00
1.000057460623832606e+00
1.000096091722371572e+00
1.000156792291045260e+00
1.000250921870059928e+00
1.000395384912266872e+00
1.000615197621490760e+00
1.000947117536695519e+00
1.001444681477790422e+00
1.002185053709159446e+00
1.003278145564434620e+00
1.004878517557851403e+00
1.007200463891233966e+00
1.010536410344551994e+00
1.015278304781434660e+00
1.021942352262497966e+00
1.031196596736331905e+00
1.043887706733020337e+00
1.061062416104810779e+00
1.083980306775844671e+00
1.114126253882735007e+00
1.153215603132332845e+00
1.203166890301237801e+00
1.266026693986823437e+00
1.343907748723627726e+00
1.438990859747739881e+00
1.553477697327171558e+00
1.689410963693918299e+00
1.848311672396526717e+00
2.031151736513421291e+00
2.238547233096383593e+00
2.470329922135310330e+00
2.724572282224594577e+00
2.996768116142204619e+00
3.280193091861788979e+00
3.566090664944550070e+00
3.842548463967791594e+00
4.092362821853360089e+00
4.294329725911722129e+00
4.427730554673633634e+00
4.473809621471970921e+00
4.416210843570525846e+00
4.242647124673968761e+00
3.950704429482954083e+00
3.551123424465928657e+00
3.064013975377540167e+00
2.512643399791821608e+00
1.921661040084423622e+00
1.317712719096550078e+00
7.255185801146771807e-01
1.640000320632888364e-01
-3.549006218332886875e-01
-8.232057345349131916e-01
-1.234847047149929544e+00
-1.586809393083681297e+00
-1.879868482299278831e+00
-2.116871870119037435e+00
-2.300443950892366196e+00
-2.433183923965639206e+00
-2.518390882466137626e+00
-2.560169610457519784e+00
-2.562315179706460277e+00
-2.527757034391291402e+00
-2.459242844061315214e+00
-2.359883711355606373e+00
-2.232814407431156223e+00
-2.080632636796452051e+00
-1.905661171979279311e+00
-1.710327772677446845e+00
-1.497256815150399101e+00
-1.268927028531992685e+00
-1.027529432400262177e+00
-7.752003028047645961e-01
-5.142008502402640735e-01
-2.467410143451216620e-01
2.523509989665170816e-02
2.999322088790651875e-01
5.755763167276934933e-01
8.504160871724965043e-01
1.122843027319566200e+00
1.391401780201904526e+00
1.654697003627824792e+00
1.911329837652686825e+00
2.159970950496377995e+00
2.399422785635846544e+00
2.628559377636135785e+00
2.846279458066906187e+00
3.051533553747292959e+00
3.243379186268112058e+00
3.420973596367022473e+00
3.583548005690958771e+00
3.730410557701057339e+00
3.860988539652128626e+00
3.974847545580291186e+00
4.071674754255077744e+00
4.151267001809260115e+00
4.213557599335391757e+00
4.258637869452631897e+00
4.286738241835352348e+00
4.298209620668508535e+00
4.293525945527310483e+00
4.273290652995346939e+00
4.238219085454224100e+00
4.189114169523828757e+00
4.126852849661329259e+00
4.052381998173760991e+00
3.966703293116606410e+00
3.870849073315958400e+00
3.765864352019226757e+00
3.652801252842014179e+00
3.532709995151982696e+00
3.406620714049966026e+00
3.275528800782131711e+00
3.140393037732490455e+00
3.002133939791847617e+00
2.861623152208045529e+00
2.719675194985686328e+00
2.577049137762962960e+00
2.434451832912812641e+00
2.292534025423604849e+00
2.151887102883255132e+00
2.013046497020971604e+00
1.876496978034624341e+00
1.742672770824298167e+00
1.611956815323826842e+00
1.484684578674084099e+00
1.361149727914448881e+00
1.241605781539141917e+00
1.126266183287220723e+00
1.015307597095844949e+00
9.088748870392279189e-01
8.070829513179996750e-01
7.100168268982671727e-01
6.177343657758698203e-01
5.302704148993508948e-01
4.476383266208393552e-01
3.698298148192497026e-01
2.968170769312206692e-01
2.285561818116103872e-01
1.649880756393377612e-01
1.060381789651542034e-01
5.161818069803743997e-02
1.628807469748507798e-03
-4.403969012614757789e-02
-8.550813426909156800e-02
-1.229068265766589257e-01
-1.563733541449387754e-01
-1.860526277119798622e-01
-2.120975854376943859e-01
-2.346675682582702316e-01
-2.539265024352855282e-01
-2.700434455907086972e-01
-2.831932994730338438e-01
-2.935551640939454976e-01
-3.013109491431861797e-01
-3.066464070195336067e-01
-3.097514850948817622e-01
-3.108189808703835100e-01
-3.100439682278854359e-01
-3.076250580378524502e-01
-3.037644941295358225e-01
-2.986673017606177871e-01
-2.925418001392661171e-01
-2.856013056161696984e-01
-2.780641114143001524e-01
-2.701532902949441151e-01
-2.620985694279535094e-01
-2.541383088321020889e-01
-2.465197288731954539e-01
-2.394994706757069824e-01
-2.333455972865049466e-01
-2.283371717163217018e-01
-2.247604403170087584e-01
-2.229012207921300392e-01
-2.230278185771404909e-01
-2.253508022897812157e-01
-2.299394209862432037e-01
-2.365488379047915035e-01
-2.442466621449845277e-01
-2.505821097898708882e-01
-2.496514619136974422e-01
-2.272921215232448500e-01
-1.481069740669681833e-01
8.354872491553320957e-02
7.565233722510376069e-01
2.393196225623976936e+00
1.312409520900809090e+00
1.000329383224320523e+00
1.000000000508494358e+00
1.000000000000000000e+00
1.000000000000000000e+00
