1.000000000000000000e+00
1.000000002856611836e+00
1.000000010688261831e+00
1.000000044292045365e+00
1.000000163435779577e+00
1.000000488898909135e+00
1.000001233870208006e+00
1.000002747622192212e+00
1.000005579285560664e+00
1.000010572991178570e+00
1.000019010933823616e+00
1.000032828564484166e+00
1.000054937011169764e+00
1.000089702960999416e+00
1.000143656642856538e+00
1.000226525193488536e+00
1.000352723189748660e+00
1.000543473780136194e+00
1.000829779649424767e+00
1.001256511618205947e+00
1.001887941099705026e+00
1.002815106784850085e+00
1.004165397789257286e+00
1.006114654848464296e+00
1.008901918216301041e+00
1.012847379089384381e+00
1.018373697945126777e+00
1.026029137803729174e+00
1.036510272186629056e+00
1.050682299255932373e+00
1.069600909684396584e+00
1.094530508175209471e+00
1.126941622282942257e+00
1.168473272900289128e+00
1.220888924647641538e+00
1.286050832091778062e+00
1.365841785271329600e+00
1.461976662281834427e+00
1.575667577739707115e+00
1.707468756300838386e+00
1.857258271005117756e+00
2.023847696321784628e+00
2.204280379126586364e+00
2.393307706749482566e+00
2.583733509809676310e+00
2.766782749019624621e+00
2.931810167421784907e+00
3.065620909677993389e+00
3.154034937686064133e+00
3.185152213940192656e+00
3.150423623018923092e+00
3.044698871149286834e+00
2.866517497706216222e+00
2.620187622624601698e+00
2.316328047759849351e+00
1.969102328670357949e+00
1.592885235336335192e+00
1.201646109926889583e+00
8.096730721569260769e-01
4.299621685828518558e-01
7.251341215720308320e-02
-2.561706028061904172e-01
-5.515872071663602272e-01
-8.102314634317530073e-01
-1.030193256885811648e+00
-1.211562559303688280e+00
-1.355610650450337129e+00
-1.463655043902932773e+00
-1.537155716111766823e+00
-1.578074313293256870e+00
-1.588916175682206333e+00
-1.572142836510487029e+00
-1.529861215587561940e+00
-1.464143025941477383e+00
-1.377275650310860744e+00
-1.271563110761322557e+00
-1.149020508198357549e+00
-1.011491804364520908e+00
-8.608308641633715119e-01
-6.989395073482215226e-01
-5.275908223447106637e-01
-3.483599222023381903e-01
-1.627469656838684275e-01
2.772589593178666212e-02
2.215980190374846059e-01
4.175726123716285154e-01
6.144517887864027195e-01
8.110677109036636967e-01
1.006280973831814363e+00
1.199040897315622578e+00
1.388390543441963887e+00
1.573419570475728779e+00
1.753232774559690510e+00
1.926989193235015385e+00
2.093935491381464065e+00
2.253376193897886015e+00
2.404650513539210888e+00
2.547146962693630279e+00
2.680331830016025485e+00
2.803744838731334177e+00
2.916984786793083373e+00
3.019709495257658638e+00
3.111655476611303595e+00
3.192645278364548922e+00
3.262576142576313121e+00
3.321411083747585202e+00
3.369189879250761521e+00
3.406037455954311177e+00
3.432151843772031530e+00
3.447792703002416914e+00
3.453281133774792622e+00
3.449001927556749614e+00
3.435394000544279347e+00
3.412937835795851083e+00
3.382148762177915824e+00
3.343575328041908268e+00
3.297792257527010218e+00
3.245388925858939899e+00
3.186960980102067964e+00
3.123108212028295583e+00
3.054430591784607518e+00
2.981519512147895234e+00
2.904950648307166094e+00
2.825283124675216140e+00
2.743058643139673514e+00
2.658795931597897511e+00
2.572986244496789698e+00
2.486093783209893271e+00
2.398556849870787211e+00
2.310785349003453781e+00
2.223158582797208460e+00
2.136026409016959615e+00
2.049711389786134319e+00
1.964508356005792766e+00
1.880683577460152689e+00
1.798476287650422334e+00
1.718101218891783466e+00
1.639749164577171348e+00
1.563586797163572184e+00
1.489758173481614545e+00
1.418387155827641966e+00
1.349578292578605954e+00
1.283416864233275945e+00
1.219970272345832107e+00
1.159290232383090258e+00
1.101413645897292071e+00
1.046362656058069440e+00
9.941458728834240421e-01
9.447602623631841112e-01
8.981918411526048640e-01
8.544156628086454486e-01
8.133969253877413319e-01
7.750925819576031106e-01
7.394517933104992613e-01
7.064158274564451556e-01
6.759190694745980110e-01
6.478903360563693647e-01
6.222530503591909845e-01
5.989250709518639804e-01
5.778196988338949458e-01
5.588467786986892616e-01
5.419125904356437706e-01
5.269196477260521538e-01
5.137676909106071443e-01
5.023545452001171308e-01
4.925757399539844039e-01
4.843244692590117362e-01
4.774924140263098749e-01
4.719701708276214380e-01
4.676467457699667873e-01
4.644096433763609255e-01
4.621454440105263184e-01
4.607396955313700082e-01
4.600762110425162255e-01
4.600372637145688226e-01
4.605038995859236373e-01
4.613552313962225315e-01
4.624677297693373657e-01
4.637154753980004540e-01
4.649703360826841769e-01
4.661015384234912795e-01
4.669766521265645287e-01
4.674645528111099346e-01
4.674406704061788709e-01
4.667975674885820880e-01
4.654680391721915389e-01
4.634713858867162140e-01
4.610067622411520016e-01
4.586513311249533209e-01
4.577956371221603149e-01
4.616489921274580799e-01
4.777246626944021135e-01
5.245307785575163972e-01
6.516056929413914789e-01
1.006236309683837149e+00
1.773911880664105878e+00
1.077445635343874830e+00
1.000030675411009762e+00
1.000000000042496229e+00
1.000000000000000000e+00
1.000000000000000000e+00
