1.000000000000000000e+00
1.000000003812920868e+00
1.000000014223718647e+00
1.000000058769295874e+00
1.000000216615005710e+00
1.000000647689149647e+00
1.000001634172186016e+00
1.000003638140879669e+00
1.000007385661977999e+00
1.000013992149504150e+00
1.000025150737122281e+00
1.000043415440125649e+00
1.000072625100174140e+00
1.000118533749030370e+00
1.000189739299647274e+00
1.000299036374044048e+00
1.000465362353447629e+00
1.000716556754690734e+00
1.001093207803154694e+00
1.001653913551443509e+00
1.002482346270961999e+00
1.003696570750280959e+00
1.005461022464276821e+00
1.008001401014175125e+00
1.011622454942836979e+00
1.016729163838229200e+00
1.023851249962561605e+00
1.033668656285044340e+00
1.047034825618145426e+00
1.064995230749478772e+00
1.088806788643144285e+00
1.119952135064716137e+00
1.160128081789631782e+00
1.211193114708844831e+00
1.275115489257988566e+00
1.353957360138934973e+00
1.449806653692689906e+00
1.564587796832536570e+00
1.699708414367575138e+00
1.855949911922135875e+00
2.033530961844025153e+00
2.231691155858078535e+00
2.447857801695264346e+00
2.676977311974481299e+00
2.911849871403485057e+00
3.143404481945504703e+00
3.360041943149866484e+00
3.546354745241803830e+00
3.684655028780754016e+00
3.758876778998661461e+00
3.755947026620246820e+00
3.666109059315467711e+00
3.483825222626387497e+00
3.211287717239367456e+00
2.859865091115556535e+00
2.446728568537072768e+00
1.990272150481017244e+00
1.509029961005532217e+00
1.022398600629731868e+00
5.481690371155628627e-01
1.000071411276384215e-01
-3.133029099352764857e-01
-6.857696589726960390e-01
-1.012780283718262897e+00
-1.291909192283485108e+00
-1.523453172688747026e+00
-1.709262410158445267e+00
-1.851149762174066238e+00
-1.951024970622672328e+00
-2.011397291121102882e+00
-2.035442207427994088e+00
-2.026202814229617566e+00
-1.986178541340230197e+00
-1.917786093773515832e+00
-1.823724176758708460e+00
-1.706715028270073375e+00
-1.569094467441052299e+00
-1.412984051893574788e+00
-1.240548037240249757e+00
-1.054050045358122079e+00
-8.556095230041250721e-01
-6.471037298136409488e-01
-4.303346874111931286e-01
-2.071596440802479788e-01
2.062772378240321225e-02
2.514423142209551432e-01
4.838207873816515736e-01
7.163285506096737087e-01
9.475586016018270330e-01
1.176215005226864729e+00
1.401119784124959855e+00
1.621147614289434324e+00
1.835181852531447610e+00
2.042167378230607788e+00
2.241155762564097209e+00
2.431263851151882704e+00
2.611641598979277390e+00
2.781492020845273583e+00
2.940110578012308906e+00
3.086879898527002286e+00
3.221251034721202444e+00
3.342744614962116945e+00
3.450979334706598678e+00
3.545683735488413646e+00
3.626682383249935970e+00
3.693885330156309710e+00
3.747304878353087343e+00
3.787068643115015565e+00
3.813404280432700411e+00
3.826624713522502663e+00
3.827128613448333105e+00
3.815403969768770942e+00
3.792015102449837638e+00
3.757585298673227214e+00
3.712787305103021573e+00
3.658340709019551884e+00
3.595001747498699274e+00
3.523546887432215780e+00
3.444760758170601012e+00
3.359432769832248589e+00
3.268351257403018906e+00
3.172291101699271643e+00
3.072003693989648010e+00
2.968215733750135588e+00
2.861628066017742444e+00
2.752908143100209148e+00
2.642684027550465942e+00
2.531545268581909980e+00
2.420044830348715426e+00
2.308695999543459276e+00
2.197969719657451915e+00
2.088296580841234373e+00
1.980070162027020686e+00
1.873646776485641707e+00
1.769344647868038800e+00
1.667446311704987805e+00
1.568202371422901198e+00
1.471832485169207283e+00
1.378525287155980772e+00
1.288440605362468627e+00
1.201712904549469663e+00
1.118452563079398221e+00
1.038745966556874123e+00
9.626574303230780449e-01
8.902322044597439366e-01
8.214976296752859453e-01
7.564631473841681997e-01
6.951219109346260527e-01
6.374532983527984031e-01
5.834237632074384949e-01
5.329867000899330964e-01
4.860838536085264616e-01
4.426474157050462321e-01
4.026005208682606473e-01
3.658569775814479175e-01
3.323225335467194230e-01
3.018965609702189412e-01
2.744721701502234046e-01
2.499358491041771546e-01
2.281687325684271239e-01
2.090480027136855379e-01
1.924466236268841390e-01
1.782329516914649414e-01
1.662719971985475720e-01
1.564265014934104470e-01
1.485563070750819392e-01
1.425182006897387499e-01
1.381669454040399814e-01
1.353557687210719673e-01
1.339355590930267903e-01
1.337548798545739048e-01
1.346606507367474614e-01
1.364978744004080313e-01
1.391085320512987222e-01
1.423317006791663120e-01
1.460038114497781425e-01
1.499574753046828135e-01
1.540202704394549871e-01
1.580148118274050384e-01
1.617586630002442460e-01
1.650633485768221720e-01
1.677352427678656388e-01
1.695791136267661148e-01
1.704047673296660848e-01
1.700410653123969884e-01
1.683674334811012530e-01
1.653780463068714734e-01
1.613128421144873481e-01
1.569378870373492885e-01
1.541649423805132313e-01
1.574880287183836047e-01
1.775436754086471836e-01
2.407109463297628926e-01
4.179101733668461605e-01
9.216347407946311465e-01
2.071429967913097414e+00
1.169161809039119371e+00
1.000110792981932839e+00
1.000000000163611569e+00
1.000000000000000000e+00
1.000000000000000000e+00
