1.000000000000000000e+00
1.000000000094502850e+00
1.000000000360635966e+00
1.000000001523148052e+00
1.000000005660226288e+00
1.000000016980332251e+00
1.000000042935828670e+00
1.000000095807477285e+00
1.000000195117897395e+00
1.000000371491584605e+00
1.000000673050347011e+00
1.000001176229096789e+00
1.000002004169855185e+00
1.000003357786600322e+00
1.000005567403730922e+00
1.000009176794973476e+00
1.000015076887167620e+00
1.000024713447826841e+00
1.000040401576270499e+00
1.000065789961992913e+00
1.000106531373551322e+00
1.000171232764403895e+00
1.000272766632064769e+00
1.000430024725139644e+00
1.000670181546449378e+00
1.001031622970364188e+00
1.001567646057512251e+00
1.002350745261342047e+00
1.003477138702684623e+00
1.005071134362868213e+00
1.007289819206059311e+00
1.010326730383160232e+00
1.014410546251065526e+00
1.019794636661869536e+00
1.026740710508555754e+00
1.035499490326076799e+00
1.046273778617287320e+00
1.059152128459924791e+00
1.074008207536705672e+00
1.090436794904898310e+00
1.107731517979190450e+00
1.124819481755238160e+00
1.140181370518333681e+00
1.151867960477177544e+00
1.157739112303320939e+00
1.155730012243675775e+00
1.143981572172142691e+00
1.120860431253067446e+00
1.085281498046692272e+00
1.037152838953544709e+00
9.772977255943416930e-01
9.071547046467276498e-01
8.285391449130848907e-01
7.437446803609091273e-01
6.555032329315667594e-01
5.665699688452763283e-01
4.793254859884263919e-01
3.958121590579440352e-01
3.179573230839312092e-01
2.474287199229081857e-01
1.854450901177499278e-01
1.327295879256813749e-01
8.973110135650472219e-02
5.676683141737649124e-02
3.392841111769762108e-02
2.101243222566501895e-02
1.762968036219569531e-02
2.336648668124167647e-02
3.777038565842151530e-02
6.029829340436710511e-02
9.031249012140467325e-02
1.271716100777005309e-01
1.702817568925220626e-01
2.190537956299347944e-01
2.728697684665053469e-01
3.311162099493711874e-01
3.932324906523451680e-01
4.586947064104543448e-01
5.269891246908195992e-01
5.976067125747589470e-01
6.700699483407153156e-01
7.439428330645445619e-01
8.188114568834642393e-01
8.942685230825385689e-01
9.699259209510128210e-01
1.045430198978586800e+00
1.120452323181396759e+00
1.194676975474919578e+00
1.267802518156315505e+00
1.339550711562667917e+00
1.409667751297406513e+00
1.477917126285791971e+00
1.544074926851668250e+00
1.607936222756006561e+00
1.669320329521547963e+00
1.728065975010298239e+00
1.784027402327556411e+00
1.837076327688338173e+00
1.887105907912100866e+00
1.934029385042141946e+00
1.977777079185162989e+00
2.018295594277289773e+00
2.055550079784251860e+00
2.089524515087244794e+00
2.120219085081150201e+00
2.147648003651410953e+00
2.171840527233353413e+00
2.192841623318982247e+00
2.210709541976174641e+00
2.225513594903851811e+00
2.237333796980117473e+00
2.246260976096031925e+00
2.252395132524950050e+00
2.255843416118390898e+00
2.256719070531517879e+00
2.255141207729139730e+00
2.251233773817370221e+00
2.245123840211273425e+00
2.236940382670339567e+00
2.226814012288785172e+00
2.214876406598762504e+00
2.201258981193382702e+00
2.186091781989325522e+00
2.169503314332402510e+00
2.151620339490885492e+00
2.132566927051033900e+00
2.112463643688005099e+00
2.091427473273357762e+00
2.069571835697275652e+00
2.047006036094181525e+00
2.023834751186233127e+00
2.000158025935014017e+00
1.976071424894122908e+00
1.951665794266899345e+00
1.927026970750886026e+00
1.902235859469541879e+00
1.877368679851632693e+00
1.852496924646382048e+00
1.827687219143923514e+00
1.803001452438737218e+00
1.778497064841296993e+00
1.754227115860807373e+00
1.730240238853918422e+00
1.706580814330725726e+00
1.683289280285890310e+00
1.660402253914788240e+00
1.637952539669232710e+00
1.615969326253480887e+00
1.594478495506961968e+00
1.573502757950777209e+00
1.553061687469170060e+00
1.533171934137547154e+00
1.513847520891725251e+00
1.495099969005975193e+00
1.476938343547637977e+00
1.459369472966738357e+00
1.442398220029011524e+00
1.426027582299451257e+00
1.410258743023311112e+00
1.395091305894817335e+00
1.380523548641164444e+00
1.366552495391828215e+00
1.353173978996726090e+00
1.340382891350910599e+00
1.328173419541789579e+00
1.316539098990870738e+00
1.305472926907884190e+00
1.294967617714581021e+00
1.285015810223528954e+00
1.275610145277209506e+00
1.266743451006944632e+00
1.258409022651957754e+00
1.250600819946166231e+00
1.243313599068818220e+00
1.236543210786632985e+00
1.230286947151344457e+00
1.224543760657817781e+00
1.219314504375136110e+00
1.214602322139945123e+00
1.210412988618952301e+00
1.206755033682276546e+00
1.203639795966771731e+00
1.201081171544145176e+00
1.199094477210624454e+00
1.197693653744070552e+00
1.196885404012425935e+00
1.196656685663050723e+00
1.196947992877505973e+00
1.197596004274224413e+00
1.198205910340782721e+00
1.197852621439851495e+00
1.194334985553379136e+00
1.182151153821842993e+00
1.146376358878521629e+00
1.041797836166424185e+00
7.400064791442473311e-01
9.124525692493732354e-01
9.999589316678267892e-01
9.999999999383337723e-01
1.000000000000000000e+00
1.000000000000000000e+00
