1.000000000000000000e+00
1.000000004375651619e+00
1.000000016298867145e+00
1.000000067245132795e+00
1.000000247718846103e+00
1.000000740526926002e+00
1.000001868155230511e+00
1.000004158556430545e+00
1.000008441088483302e+00
1.000015989500117497e+00
1.000028736784389194e+00
1.000049598170829279e+00
1.000082954752433917e+00
1.000135372607757978e+00
1.000216662071062190e+00
1.000341420015351090e+00
1.000531246421910270e+00
1.000817882818884730e+00
1.001247578014867079e+00
1.001887041726346572e+00
1.002831407962271326e+00
1.004214687790034866e+00
1.006223119614036321e+00
1.009111625906464305e+00
1.013223234357941260e+00
1.019011912516459395e+00
1.027068574614225849e+00
1.038147361454855755e+00
1.053188439339447280e+00
1.073334428982518407e+00
1.099947213702491933e+00
1.134618680490299347e+00
1.179152720696821310e+00
1.235503115656963580e+00
1.305717152777156720e+00
1.391926938449511431e+00
1.496289573846856902e+00
1.620800878385904253e+00
1.766936358754706005e+00
1.935575523821315258e+00
2.127120257590279007e+00
2.341071042557067550e+00
2.575128005306184242e+00
2.824451125856448641e+00
3.082001082049704799e+00
3.338769284598058551e+00
3.582910027411003728e+00
3.798086107001162670e+00
3.964910612546677093e+00
4.065135867475674125e+00
4.083111131656870896e+00
4.006198388878144279e+00
3.826033579048577771e+00
3.543005903503270382e+00
3.168427600390984367e+00
2.720918404250223244e+00
2.221095909720921746e+00
1.690191781507238700e+00
1.150738267862315700e+00
6.235051484898563867e-01
1.244239015574126472e-01
-3.363434668799339389e-01
-7.519289524395730284e-01
-1.117075762083582058e+00
-1.429085653303615588e+00
-1.688437976139212537e+00
-1.897390377797005589e+00
-2.058092039743152579e+00
-2.172743658901818531e+00
-2.244193232215766720e+00
-2.276019114304315583e+00
-2.271597258642820361e+00
-2.233627986381871544e+00
-2.164690314632220947e+00
-2.067682270264401989e+00
-1.945527192140129147e+00
-1.800699249623782139e+00
-1.635432715183007701e+00
-1.452029806715266158e+00
-1.252931085803359101e+00
-1.040429672171454767e+00
-8.165545270121611354e-01
-5.832652427572248000e-01
-3.426034174379024577e-01
-9.655009833569193345e-02
1.531479256002039047e-01
4.048781340433545983e-01
6.570543692411648928e-01
9.081164645526538237e-01
1.156628973213272182e+00
1.401289388501149258e+00
1.640851108153008830e+00
1.874071261119149012e+00
2.099772148118177917e+00
2.316893720522585021e+00
2.524444390108512071e+00
2.721462802992617114e+00
2.907040955241039892e+00
3.080370382744034075e+00
3.240736150887775224e+00
3.387495244062068256e+00
3.520078517626757275e+00
3.638024977566977736e+00
3.740996622266743010e+00
3.828763306712955394e+00
3.901191492947382322e+00
3.958265092694382759e+00
4.000101921279784811e+00
4.026936712690628362e+00
4.039104546151099484e+00
4.037042040558350919e+00
4.021292000888221807e+00
3.992488381600979519e+00
3.951335915664921483e+00
3.898598846802212137e+00
3.835097663603688645e+00
3.761696830228247634e+00
3.679285131465017677e+00
3.588761139780209053e+00
3.491028942518618283e+00
3.386990987497428218e+00
3.277533294423073951e+00
3.163513499117531325e+00
3.045759387262428675e+00
2.925067533047398971e+00
2.802194478754809648e+00
2.677849787802803583e+00
2.552697249500007537e+00
2.427357346620184764e+00
2.302403818619686238e+00
2.178360740054470668e+00
2.055705092287527513e+00
1.934870916454036083e+00
1.816249208241522917e+00
1.700187124669483074e+00
1.586990974985843961e+00
1.476930781375743074e+00
1.370241547467000442e+00
1.267123247966195576e+00
1.167743504344965988e+00
1.072241680687934906e+00
9.807304034391964853e-01
8.932956693104566748e-01
8.099990943810086996e-01
7.308814232964327973e-01
6.559638452830260924e-01
5.852479506584803426e-01
5.187175674491161237e-01
4.563416525825620407e-01
3.980752185803735355e-01
3.438590964447768572e-01
2.936215160114148959e-01
2.472804949449720069e-01
2.047443390806861496e-01
1.659112442138434562e-01
1.306707067943198575e-01
9.890543016286167111e-02
7.049138103411357881e-02
4.529729080005714947e-02
2.318607936411817491e-02
4.016435950140230873e-03
-1.235755993961416312e-02
-2.608696025053492545e-02
-3.732652214957907916e-02
-4.623349732319915334e-02
-5.296842930351255974e-02
-5.769539114785707246e-02
-6.058082116842267162e-02
-6.179299867719953432e-02
-6.150304019765966135e-02
-5.988493303974702642e-02
-5.711478430446217253e-02
-5.337119751795067063e-02
-4.883663212313092694e-02
-4.369733097601034844e-02
-3.814309188508070714e-02
-3.236874063840492616e-02
-2.657566875136031445e-02
-2.097188960307297401e-02
-1.577232072459445328e-02
-1.120018283223998129e-02
-7.486273769044551885e-03
-4.865240436314931943e-03
-3.568391803269453308e-03
-3.808130917331373037e-03
-5.742277619159875772e-03
-9.400744431688186006e-03
-1.453499699465487724e-02
-2.029445841179413484e-02
-2.450923495357087978e-02
-2.202371184988924369e-02
-5.617977807953611477e-04
7.042956417480039644e-02
2.732811742738190386e-01
8.555809144552057877e-01
2.223790892863832358e+00
1.229575655482826990e+00
1.000186688392181944e+00
1.000000000281356050e+00
1.000000000000000000e+00
1.000000000000000000e+00
