1.000000000000000000e+00
1.000000000934244238e+00
1.000000003528055403e+00
1.000000014752489452e+00
1.000000054619806455e+00
1.000000163609318538e+00
1.000000413258903542e+00
1.000000920964712492e+00
1.000001871707523859e+00
1.000003550693557175e+00
1.000006392890871343e+00
1.000011058409423725e+00
1.000018547010201653e+00
1.000030371217831782e+00
1.000048816101162918e+00
1.000077325380903215e+00
1.000121069099161097e+00
1.000187767872458000e+00
1.000288872271564378e+00
1.000441223494354492e+00
1.000669357183399333e+00
1.001008655831851835e+00
1.001509577040092136e+00
1.002243184524551634e+00
1.003308175973244509e+00
1.004839813257439873e+00
1.007021039995135592e+00
1.010095375907873239e+00
1.014380811684886918e+00
1.020283844203116352e+00
1.028314969737908369e+00
1.039102684358458761e+00
1.053396987952335495e+00
1.072053169907898562e+00
1.096004250345525177e+00
1.126229262147617760e+00
1.163682231360125829e+00
1.209152015401936398e+00
1.263036094259564202e+00
1.325185991626175230e+00
1.394824309026069464e+00
1.470320634510915436e+00
1.548882831334034815e+00
1.626426717071541184e+00
1.697952860904223815e+00
1.758016165814072940e+00
1.800942840809053092e+00
1.820883628460997272e+00
1.812738016227899651e+00
1.773518094918642651e+00
1.702488908159683234e+00
1.600724289947716983e+00
1.470724863676176497e+00
1.316784625369681772e+00
1.144896816929797501e+00
9.616254745289323225e-01
7.729742415385537635e-01
5.843564597404823369e-01
4.010544439955359142e-01
2.277688474333421087e-01
6.808363179058087022e-02
-7.567879185594715563e-02
-2.019057819391988085e-01
-3.093375195189679294e-01
-3.973038314686946904e-01
-4.658939431945720022e-01
-5.156742155451758958e-01
-5.472786378395350093e-01
-5.614448474192907934e-01
-5.591440821644700909e-01
-5.415910409141603266e-01
-5.100170502776303350e-01
-4.655439278829732741e-01
-4.092920396841146502e-01
-3.424644591272334448e-01
-2.662647318254564577e-01
-1.817771673166775070e-01
-9.000681423202365472e-02
8.055208695634360344e-03
1.114185512920617127e-01
2.191598129804846196e-01
3.304474021142950191e-01
4.444939465635811549e-01
5.605183640638318199e-01
6.777762413068417757e-01
7.955973232948206908e-01
9.133601229814541922e-01
1.030465353881325097e+00
1.146335238318199057e+00
1.260436577115536361e+00
1.372282864807522484e+00
1.481416615636850675e+00
1.587397710264389472e+00
1.689818702336641110e+00
1.788317702408465326e+00
1.882566933009883758e+00
1.972263661180746031e+00
2.057135440996049169e+00
2.136950413992495079e+00
2.211514830707340895e+00
2.280666614495741484e+00
2.344274320135285805e+00
2.402243552308886088e+00
2.454518609453071321e+00
2.501077017652286738e+00
2.541925079176642566e+00
2.577101119231191007e+00
2.606677840947825509e+00
2.630757044432434633e+00
2.649464743445737902e+00
2.662950734916836204e+00
2.671389238573194991e+00
2.674975183586666194e+00
2.673919483740683223e+00
2.668446617502422402e+00
2.658794198739433234e+00
2.645210533768992178e+00
2.627950497510052941e+00
2.607272589421685716e+00
2.583438321803135818e+00
2.556710874460473626e+00
2.527351890266757994e+00
2.495618822644596779e+00
2.461764601260318930e+00
2.426037231943492412e+00
2.388677580871263029e+00
2.349917507966566621e+00
2.309979814020437505e+00
2.269078439797485469e+00
2.227417269594638149e+00
2.185189031169788354e+00
2.142575455744897273e+00
2.099747817264913774e+00
2.056866508270136062e+00
2.014080479235751842e+00
1.971527580720906503e+00
1.929335309126534614e+00
1.887620833527252184e+00
1.846490764775129412e+00
1.806041583282966601e+00
1.766360437864590960e+00
1.727525389185899041e+00
1.689605360450930460e+00
1.652660614493624225e+00
1.616743555119515507e+00
1.581899049973310101e+00
1.548164461248965784e+00
1.515570131338025206e+00
1.484140132997726846e+00
1.453892581273472873e+00
1.424839687336128646e+00
1.396988243050566014e+00
1.370340303332582499e+00
1.344893438016621312e+00
1.320640779125070496e+00
1.297571490621865387e+00
1.275671357230216296e+00
1.254922945814845203e+00
1.235305637737066808e+00
1.216796107585250031e+00
1.199368840119349855e+00
1.182996192150489678e+00
1.167648420860105674e+00
1.153294165543746086e+00
1.139900882338243049e+00
1.127434814625292825e+00
1.115861096962467602e+00
1.105144190947302762e+00
1.095248180885053380e+00
1.086136725825958438e+00
1.077773248441640463e+00
1.070121323670698121e+00
1.063144826208812788e+00
1.056807874358555610e+00
1.051075137107856605e+00
1.045912212973473698e+00
1.041285651321121053e+00
1.037162997388707986e+00
1.033513215048677880e+00
1.030307070222404864e+00
1.027517219238934798e+00
1.025118653506005728e+00
1.023089492622127006e+00
1.021411801620430548e+00
1.020072702230006234e+00
1.019066702029347349e+00
1.018399514364362490e+00
1.018094280703399246e+00
1.018203667160789916e+00
1.018834224035048974e+00
1.020198136791125032e+00
1.022733420042580166e+00
1.027412496710888412e+00
1.036616485489721295e+00
1.056212878165526448e+00
1.051329911192669941e+00
9.459315881778316282e-01
9.999681536847591090e-01
9.999999999513967675e-01
1.000000000000000000e+00
1.000000000000000000e+00
