1.000000000000000000e+00
1.000000007326269369e+00
1.000000027135604208e+00
1.000000111325203056e+00
1.000000409223244402e+00
1.000001222271990731e+00
1.000003081849300202e+00
1.000006857140481431e+00
1.000013912352062828e+00
1.000026341208242853e+00
1.000047320116188576e+00
1.000081640955688522e+00
1.000136512225298091e+00
1.000222755344160719e+00
1.000356572910809927e+00
1.000562128282819652e+00
1.000875252514767944e+00
1.001348678284825988e+00
1.002059274978950976e+00
1.003117811962319639e+00
1.004681819715329327e+00
1.006972126124765721e+00
1.010293373201617273e+00
1.015058279429272403e+00
1.021814582087283485e+00
1.031274561911396770e+00
1.044345632313541383e+00
1.062155627545882108e+00
1.086065481470028349e+00
1.117664777316517366e+00
1.158764578485918184e+00
1.211379435904456070e+00
1.277665404455977205e+00
1.359799993160671683e+00
1.459905334150705114e+00
1.580093202431114063e+00
1.722468727471748728e+00
1.888982520061567083e+00
2.081070751134038055e+00
2.299803797786246662e+00
2.546334732081052099e+00
2.821468752170745997e+00
3.124477829431578257e+00
3.452082505929480405e+00
3.798936823650870931e+00
4.157758450250071292e+00
4.517516983438276235e+00
4.859862505300909241e+00
5.159850266678026820e+00
5.391107505490221108e+00
5.526925490594425838e+00
5.540077108922636384e+00
5.405123321173477713e+00
5.108525802125534199e+00
4.656417956317575602e+00
4.071229241030165369e+00
3.383005534423405791e+00
2.626567674531967711e+00
1.841880816734254411e+00
1.066762342818457165e+00
3.298672658647796019e-01
-3.514473067851275334e-01
-9.660320593531974698e-01
-1.505484322749085724e+00
-1.966074981521984011e+00
-2.349978091512271661e+00
-2.662374203096745440e+00
-2.907663232514115847e+00
-3.089841100634519666e+00
-3.213724167138533705e+00
-3.285148199269805946e+00
-3.309198060576940215e+00
-3.289366066769675356e+00
-3.228712248627624959e+00
-3.130788180818961930e+00
-2.999131611101411465e+00
-2.836395979825423463e+00
-2.644810032807369371e+00
-2.426832207627104498e+00
-2.185338594163122483e+00
-1.923091494980355254e+00
-1.642514592973313592e+00
-1.346072897008204317e+00
-1.036560012758399152e+00
-7.167953405960257873e-01
-3.892502401747902074e-01
-5.621941845352975559e-02
2.799863941157669234e-01
6.170545722637489350e-01
9.528751600402789457e-01
1.285562209940807055e+00
1.613303098296867022e+00
1.934253813730429261e+00
2.246654330635642349e+00
2.548925646373681797e+00
2.839567371143949526e+00
3.117076654043416717e+00
3.379987043463652086e+00
3.626953716561832408e+00
3.856738636552484500e+00
4.068166968019619745e+00
4.260131318937859568e+00
4.431661442709069476e+00
4.581958528186437896e+00
4.710372844159782524e+00
4.816390374293602505e+00
4.899683523328295820e+00
4.960154073700346444e+00
4.997910443305748629e+00
5.013244923337275338e+00
5.006644812168713266e+00
4.978808996293979661e+00
4.930623994040908897e+00
4.863127614292091394e+00
4.777488964144864347e+00
4.675002871761857470e+00
4.557065216283203490e+00
4.425132679018155990e+00
4.280692138963522630e+00
4.125250274792800376e+00
3.960317397606013312e+00
3.787376306440028095e+00
3.607857198296942514e+00
3.423133992231364608e+00
3.234521249954875888e+00
3.043256662512349831e+00
2.850487716452624110e+00
2.657274992729008467e+00
2.464598143398503804e+00
2.273350218591973171e+00
2.084333126145292869e+00
1.898264078347379202e+00
1.715785070497464426e+00
1.537463728204489621e+00
1.363792662468313210e+00
1.195196227858097426e+00
1.032040194219310703e+00
8.746346547663719218e-01
7.232342336698944774e-01
5.780435043004790163e-01
4.392250642166125596e-01
3.069023315381242956e-01
1.811594330418222210e-01
6.204527321542351037e-02
-5.041998799812804494e-02
-1.562428985748119392e-01
-2.554574186322930984e-01
-3.481219118052176209e-01
-4.343140808225386951e-01
-5.141298315872723235e-01
-5.876844449620470812e-01
-6.551101289140731643e-01
-7.165519700077276344e-01
-7.721676264822227020e-01
-8.221287777620629456e-01
-8.666189570615937532e-01
-9.058303874676489897e-01
-9.399644621887064400e-01
-9.692332897482877074e-01
-9.938573941948082302e-01
-1.014063084112024615e+00
-1.030083674805490901e+00
-1.042160956082212930e+00
-1.050542768122763038e+00
-1.055480983181478871e+00
-1.057233433458751426e+00
-1.056064697587601131e+00
-1.052244084793698908e+00
-1.046044866630779557e+00
-1.037746494580412682e+00
-1.027634889871472668e+00
-1.016001168164158752e+00
-1.003142590713919313e+00
-9.893654606626762771e-01
-9.749851990293552095e-01
-9.603261524594767229e-01
-9.457248382800181874e-01
-9.315334365045087051e-01
-9.181205506972679453e-01
-9.058727532055010911e-01
-8.951988953375691338e-01
-8.865311385123620935e-01
-8.803216230916081075e-01
-8.770350377109428219e-01
-8.771294994289928759e-01
-8.810066362771338255e-01
-8.889043444004118832e-01
-9.006709719158959571e-01
-9.152687862971806698e-01
-9.296582476324758426e-01
-9.361871123453484600e-01
-9.160937140386021804e-01
-8.219642446182363615e-01
-5.247536668896074508e-01
3.701220193955729321e-01
2.741534807006554608e+00
1.600004035111573630e+00
1.001357477982592892e+00
1.000000002271199673e+00
1.000000000000000000e+00
1.000000000000000000e+00
