1.000000000000000000e+00
1.000000007379110212e+00
1.000000027329135177e+00
1.000000112110195349e+00
1.000000412096217817e+00
1.000001230837889388e+00
1.000003103424294215e+00
1.000006905101314292e+00
1.000014009574258456e+00
1.000026525137327482e+00
1.000047650324199289e+00
1.000082210502412305e+00
1.000137464839430113e+00
1.000224311447604819e+00
1.000359068918597272e+00
1.000566075499693008e+00
1.000881424385887009e+00
1.001358237699855325e+00
1.002073956520415754e+00
1.003140176986760057e+00
1.004715604564573761e+00
1.007022704859035223e+00
1.010368352788716839e+00
1.015168234360566135e+00
1.021973914132048522e+00
1.031502457526478622e+00
1.044667062054141615e+00
1.062602259133836213e+00
1.086676307138975117e+00
1.118486230069145160e+00
1.159850082354326295e+00
1.212788312583919392e+00
1.279460860425934765e+00
1.362045964898399575e+00
1.462663025733900390e+00
1.583418844826861127e+00
1.726412744019700130e+00
1.893589603933717003e+00
2.086380150671667710e+00
2.305854188314482744e+00
2.553175505520758559e+00
2.829171285223481824e+00
3.133141889030046645e+00
3.461838448678741464e+00
3.809951635766402056e+00
4.170241590667885134e+00
4.531711469711961371e+00
4.876003141797530027e+00
5.178108297446818220e+00
5.411550080798450679e+00
5.549461040529470424e+00
5.564375425073642134e+00
5.430537729891875109e+00
5.134116869294704344e+00
4.681098375150806845e+00
4.093933019323278799e+00
3.402804204798998811e+00
2.642765819357769441e+00
1.854108010692273822e+00
1.074972404895333744e+00
3.342499400511137475e-01
-3.505804992786397123e-01
-9.683035671104518460e-01
-1.510467306870942661e+00
-1.973332354063109584e+00
-2.359116096009452601e+00
-2.673064414436275182e+00
-2.919624683961834943e+00
-3.102828272322598835e+00
-3.227529200775841822e+00
-3.299606011549832019e+00
-3.324174148689711839e+00
-3.304736950063761114e+00
-3.244358754823140512e+00
-3.146598703688506138e+00
-3.015000756639065305e+00
-2.852214769496694391e+00
-2.660461289613234914e+00
-2.442193341978549981e+00
-2.200287218413881973e+00
-1.937506269928370273e+00
-1.656274107195039980e+00
-1.359058752421519856e+00
-1.048663014745369271e+00
-7.279183306383836261e-01
-3.993065298098161797e-01
-6.513257813266763729e-02
2.722811002362288124e-01
6.106092173799688716e-01
9.477305856842408449e-01
1.281749838954706622e+00
1.610845240196654427e+00
1.933162888914728539e+00
2.246933256847444049e+00
2.550569167220127387e+00
2.842562227400033947e+00
3.121400803089530829e+00
3.385609154460303305e+00
3.633833425101734793e+00
3.864826538325955685e+00
4.077404071511710804e+00
4.270448474958477014e+00
4.442979464581907401e+00
4.594188682753731712e+00
4.723417168635489993e+00
4.830141948888686088e+00
4.914027402863305305e+00
4.974968830959658028e+00
5.013069655906554623e+00
5.028618606287364123e+00
5.022101147451360603e+00
4.994216405038907958e+00
4.945853102603292584e+00
4.878052954992845081e+00
4.791990554878010400e+00
4.688967799624084165e+00
4.570388995455986425e+00
4.437720193987125583e+00
4.292458259001104892e+00
4.136120344678869465e+00
3.970227535252867757e+00
3.796273344530483929e+00
3.615698336483430531e+00
3.429886393952193746e+00
3.240161593347203883e+00
3.047770495215583075e+00
2.853868664828917101e+00
2.659524009328665617e+00
2.465722823368298400e+00
2.273364061728476937e+00
2.083254758666554185e+00
1.896116553338013544e+00
1.712595278042284397e+00
1.533261820842388490e+00
1.358611478779791604e+00
1.189070792232165497e+00
1.025007321369015623e+00
8.667325840077972909e-01
7.145022624913749398e-01
5.685216757628825945e-01
4.289539347159673222e-01
2.959227607890422829e-01
1.695123643901645383e-01
4.977154849157935240e-02
-6.327975428163083726e-02
-1.696484338720151142e-01
-2.693689252080436747e-01
-3.625001780407479113e-01
-4.491205493266353654e-01
-5.293266661422439956e-01
-6.032346205689194107e-01
-6.709775059442455447e-01
-7.327013353349959290e-01
-7.885647412192481331e-01
-8.387404497589082686e-01
-8.834130991291637702e-01
-9.227760504759459081e-01
-9.570318813873462949e-01
-9.863939550231227704e-01
-1.011084102826026676e+00
-1.031329972206108225e+00
-1.047366267839122456e+00
-1.059436240549488151e+00
-1.067789242412080952e+00
-1.072678691642978910e+00
-1.074364025005072332e+00
-1.073111496112644669e+00
-1.069192141168314292e+00
-1.062881005086627306e+00
-1.054459384600515026e+00
-1.044215122577572874e+00
-1.032441320155164322e+00
-1.019437298552728466e+00
-1.005511526220123297e+00
-9.909816955055925636e-01
-9.761745282894801479e-01
-9.614290557582001462e-01
-9.471001488041280725e-01
-9.335592906132178515e-01
-9.211961463650520932e-01
-9.104229352376308482e-01
-9.016755031375291995e-01
-8.954100131459465928e-01
-8.920955409734988573e-01
-8.921949463316787288e-01
-8.961147892936653925e-01
-9.040976451784319412e-01
-9.159952652011368324e-01
-9.307695949083667486e-01
-9.453713033724370218e-01
-9.521152297630882666e-01
-9.321497303422271452e-01
-8.378230340253254305e-01
-5.394234895343175129e-01
3.597918789538142037e-01
2.746717925773258351e+00
1.607298227966009074e+00
1.001398237141858161e+00
1.000000002344283878e+00
1.000000000000000000e+00
1.000000000000000000e+00
