1.000000000000000000e+00
1.000000000021635360e+00
1.000000000082427176e+00
1.000000000347606610e+00
1.000000001291034168e+00
1.000000003872087984e+00
1.000000009788694966e+00
1.000000021834565933e+00
1.000000044434012247e+00
1.000000084472567163e+00
1.000000152618661708e+00
1.000000265457269721e+00
1.000000448951189114e+00
1.000000744036142253e+00
1.000001215570911928e+00
1.000001966435131395e+00
1.000003159347765180e+00
1.000005049977295002e+00
1.000008036098318120e+00
1.000012728934517314e+00
1.000020054637797307e+00
1.000031396074173573e+00
1.000048786026422887e+00
1.000075162589049604e+00
1.000114695390843966e+00
1.000173203082938889e+00
1.000258675444605672e+00
1.000381874143978500e+00
1.000556966368914003e+00
1.000802142132869665e+00
1.001140288870030481e+00
1.001599556379011657e+00
1.002213311521605643e+00
1.003018983174126300e+00
1.004056284067533333e+00
1.005365224322764650e+00
1.006982033645335894e+00
1.008931525383956140e+00
1.011215316499699091e+00
1.013804846708091789e+00
1.016639451877296318e+00
1.019618459877603689e+00
1.022590789592153326e+00
1.025355658474084608e+00
1.027689847516361166e+00
1.029377187444776132e+00
1.030220488214591557e+00
1.030039717379228392e+00
1.028708951651422066e+00
1.026211261078957104e+00
1.022630615426721512e+00
1.018117542588624413e+00
1.012863234815421842e+00
1.007117624901779029e+00
1.001189951307939419e+00
9.953996105210264345e-01
9.900264313844544528e-01
9.853153701860210001e-01
9.815054825397512284e-01
9.788100286537040340e-01
9.773893788160522567e-01
9.773421100915726800e-01
9.787322365524740997e-01
9.816067553570796411e-01
9.859815741712703030e-01
9.918306299856289865e-01
9.990996838615088249e-01
1.007727888064346322e+00
1.017645634396517895e+00
1.028767266615959741e+00
1.040990487008574439e+00
1.054209232003422425e+00
1.068321170837981615e+00
1.083222114555277393e+00
1.098801666315299963e+00
1.114948392426124979e+00
1.131557162413684647e+00
1.148527336089423478e+00
1.165759420701541815e+00
1.183154723421182997e+00
1.200619626164462606e+00
1.218067399194583178e+00
1.235415732114462095e+00
1.252584791680591003e+00
1.269499309420822453e+00
1.286091023485737450e+00
1.302297340294498618e+00
1.318059886521515844e+00
1.333324574298134557e+00
1.348043037108799913e+00
1.362172751573417440e+00
1.375675934486330076e+00
1.388518770891186360e+00
1.400672228507837902e+00
1.412112674880372287e+00
1.422821006306508096e+00
1.432781905907852815e+00
1.441983947748745720e+00
1.450419983846842342e+00
1.458086756481675739e+00
1.464984278580285126e+00
1.471115545686365822e+00
1.476486699910965816e+00
1.481106917793884703e+00
1.484987893345086185e+00
1.488143403900363815e+00
1.490589352531126011e+00
1.492343774565926262e+00
1.493426414220562881e+00
1.493858347925960617e+00
1.493661889762184503e+00
1.492860575959418235e+00
1.491478909593408675e+00
1.489542061289963693e+00
1.487075717208054426e+00
1.484106052385082641e+00
1.480659593815011554e+00
1.476762991703480354e+00
1.472442863602952290e+00
1.467725776005736948e+00
1.462638184002937658e+00
1.457206263068183461e+00
1.451455771912160353e+00
1.445412047410643774e+00
1.439099993415507983e+00
1.432543962202436516e+00
1.425767653485110253e+00
1.418794115144642820e+00
1.411645755981505657e+00
1.404344275787621665e+00
1.396910598854961050e+00
1.389364878002682158e+00
1.381726518987242969e+00
1.374014148441040417e+00
1.366245573081687592e+00
1.358437790098122822e+00
1.350607020517034185e+00
1.342768701398971976e+00
1.334937463453837569e+00
1.327127146788512180e+00
1.319350838618761790e+00
1.311620879998787625e+00
1.303948856639849163e+00
1.296345620827082934e+00
1.288821333060476082e+00
1.281385477502001491e+00
1.274046861846698242e+00
1.266813644420987428e+00
1.259693377743035025e+00
1.252693028309839418e+00
1.245818982853165391e+00
1.239077080514593643e+00
1.232472657725562692e+00
1.226010569811462281e+00
1.219695202211514395e+00
1.213530507271438630e+00
1.207520049390926165e+00
1.201667027261408727e+00
1.195974290331602630e+00
1.190444382605517326e+00
1.185079590652541093e+00
1.179881967714768720e+00
1.174853358277896165e+00
1.169995451352751958e+00
1.165309834257128863e+00
1.160798023375325005e+00
1.156461506707212594e+00
1.152301810305186525e+00
1.148320562383456034e+00
1.144519544340988348e+00
1.140900763111938554e+00
1.137466544073652441e+00
1.134219620686437890e+00
1.131163224555476798e+00
1.128301210027400803e+00
1.125638197947829378e+00
1.123179714394125783e+00
1.120932344924285395e+00
1.118903919639219646e+00
1.117103692644318524e+00
1.115542474221942859e+00
1.114232698211832018e+00
1.113188314630821019e+00
1.112424271159623057e+00
1.111955162781777862e+00
1.111792213205756941e+00
1.111936741491380998e+00
1.112366131696953087e+00
1.113003383704529448e+00
1.113648881959579118e+00
1.113820080793625600e+00
1.112350104620651647e+00
1.106295477589868792e+00
1.087627354370672039e+00
1.031871143424280435e+00
8.663120880434106441e-01
9.416607725324216416e-01
9.999689774099035366e-01
9.999999999529748385e-01
1.000000000000000000e+00
1.000000000000000000e+00
