1.000000000000000000e+00
1.000000007511625766e+00
1.000000027814407666e+00
1.000000114078241298e+00
1.000000419298599397e+00
1.000001252311608413e+00
1.000003157509567808e+00
1.000007025330689414e+00
1.000014253291542365e+00
1.000026986211940194e+00
1.000048478101727811e+00
1.000083638308867151e+00
1.000139853111118526e+00
1.000228213102304364e+00
1.000365328141862964e+00
1.000575975889520297e+00
1.000896908551787590e+00
1.001382227838518713e+00
1.002110813537385070e+00
1.003196343271437030e+00
1.004800481547166058e+00
1.007149819136238689e+00
1.010556855682688715e+00
1.015444751785876898e+00
1.022374709539140891e+00
1.032075837082666814e+00
1.045475879725886292e+00
1.063726195201757596e+00
1.088213414260126966e+00
1.120553176467788514e+00
1.162580955377413572e+00
1.216331789804819596e+00
1.283975055326459058e+00
1.367690392294823587e+00
1.469589806421627731e+00
1.591767018832711322e+00
1.736306151241044260e+00
1.905137076617125169e+00
2.099676241904933960e+00
2.320991486549926375e+00
2.570273124325290315e+00
2.848403284092658083e+00
3.154753481266353354e+00
3.486151717424867069e+00
3.837381034947084490e+00
4.201309123781451937e+00
4.567025076411391105e+00
4.916152840560250148e+00
5.223528371104699808e+00
5.462418504676712416e+00
5.605563008209015763e+00
5.624901692219569149e+00
5.493885614058054756e+00
5.197945472114821719e+00
4.742690255447452152e+00
4.150619233970651578e+00
3.452257196936626027e+00
2.683241432580616870e+00
1.884679345555024366e+00
1.095528579736112063e+00
3.452723969454323250e-01
-3.483070721302522488e-01
-9.738315796453401729e-01
-1.522727385334943007e+00
-1.991231227015035188e+00
-2.381671638303556104e+00
-2.699460656041375639e+00
-2.949165801930049291e+00
-3.134907719436244466e+00
-3.261635130336066446e+00
-3.335334176029379538e+00
-3.361196985681518257e+00
-3.342754066186028883e+00
-3.283079996636046882e+00
-3.185752466950978246e+00
-3.054330544630553756e+00
-2.891454287527960076e+00
-2.699322624775122303e+00
-2.480373875982285981e+00
-2.237483731761176653e+00
-1.973417006397083728e+00
-1.690595905735708282e+00
-1.391494911732490181e+00
-1.078939095824001715e+00
-7.557894775901832229e-01
-4.245536293203605038e-01
-8.756184329846061765e-02
2.528343883024557481e-01
5.942781732381549054e-01
9.346202981074510641e-01
1.271941938476423672e+00
1.604398654621745690e+00
1.930111865788270542e+00
2.247288342318300991e+00
2.554320579175341166e+00
2.849680292795328196e+00
3.131833977749099329e+00
3.399282736514353420e+00
3.650650186450450363e+00
3.884666683198925607e+00
4.100123810281852244e+00
4.295878525841104079e+00
4.470925294408646167e+00
4.624431677350008485e+00
4.755715352939983376e+00
4.864230589584988884e+00
4.949621281518665761e+00
5.011766072288408758e+00
5.050755419584868733e+00
5.066868650807609953e+00
5.060586159992817024e+00
5.032607214737077506e+00
4.983825639211215908e+00
4.915292548344940116e+00
4.828195940076967396e+00
4.723855144027183428e+00
4.603695362107611544e+00
4.469205959605367262e+00
4.321908702475725228e+00
4.163346924604379495e+00
3.995068678819101660e+00
3.818594332910920652e+00
3.635390454792053028e+00
3.446865939500514564e+00
3.254368765781549211e+00
3.059167786873912220e+00
2.862438879563379945e+00
2.665268376642923265e+00
2.468659285801628744e+00
2.273525422464526269e+00
2.080686725249821123e+00
1.890875979706078347e+00
1.704748683663296349e+00
1.522883947381507452e+00
1.345783840754058103e+00
1.173880419927374907e+00
1.007545768582111201e+00
8.470950102464728237e-01
6.927865123411779402e-01
5.448274940018635881e-01
4.033823845841725264e-01
2.685756978330327560e-01
1.404918849944399029e-01
1.917952543744731037e-02
-9.534198621079710556e-02
-2.030803645524875967e-01
-3.040712025516114636e-01
-3.983748871384781287e-01
-4.860713823511639831e-01
-5.672590896864717624e-01
-6.420561019760191446e-01
-7.105976995908068750e-01
-7.730321853736380477e-01
-8.295206013570169956e-01
-8.802382661341009440e-01
-9.253725571531313809e-01
-9.651196580870800013e-01
-9.996850860514175929e-01
-1.029285321650861507e+00
-1.054145447398210145e+00
-1.074496441382983392e+00
-1.090576467190402132e+00
-1.102632416433102946e+00
-1.110917411180246450e+00
-1.115688726218506899e+00
-1.117209803750596864e+00
-1.115751081681902512e+00
-1.111587912542839840e+00
-1.104999775290784303e+00
-1.096272583046867588e+00
-1.085698988661532916e+00
-1.073577064781119139e+00
-1.060211292421995743e+00
-1.045915566112123329e+00
-1.031013271868806980e+00
-1.015837086978734982e+00
-1.000732347343344264e+00
-9.860606747078868306e-01
-9.722007783303417972e-01
-9.595500861370975798e-01
-9.485292731686703060e-01
-9.395834397797565574e-01
-9.331788578282569357e-01
-9.297956353359623227e-01
-9.299085725940590130e-01
-9.339366720959980661e-01
-9.421343636492119922e-01
-9.543621376430170278e-01
-9.695814990432974900e-01
-9.847192593406214334e-01
-9.920091377792947807e-01
-9.723770882345447175e-01
-8.775827701008565018e-01
-5.762650687214481149e-01
3.336727431491571805e-01
2.759132211017615077e+00
1.625685235202949830e+00
1.001505028227984262e+00
1.000000002536682864e+00
1.000000000000000000e+00
1.000000000000000000e+00
