1.000000000000000000e+00
1.000000006518796614e+00
1.000000024176120883e+00
1.000000099312389201e+00
1.000000365245494072e+00
1.000001091135565234e+00
1.000002751533004552e+00
1.000006122815777720e+00
1.000012423736102996e+00
1.000023524956684673e+00
1.000042264316458818e+00
1.000072921776384627e+00
1.000121932392129542e+00
1.000198949119063041e+00
1.000318411334474078e+00
1.000501830436653750e+00
1.000781072422746387e+00
1.001202993351531179e+00
1.001835854150800786e+00
1.002777996408526606e+00
1.004169311323959368e+00
1.006206059849747758e+00
1.009159395127634085e+00
1.013397506380847579e+00
1.019410621902118175e+00
1.027838960619560371e+00
1.039502521505745181e+00
1.055427406350667896e+00
1.076862418788299580e+00
1.105281833577027584e+00
1.142386305315958639e+00
1.190094186596490689e+00
1.250493046675299924e+00
1.325736614997564899e+00
1.417972936924407845e+00
1.529371937490140887e+00
1.662108787802915266e+00
1.818202860151301614e+00
1.999155189139109279e+00
2.206029374685885447e+00
2.439804173854942526e+00
2.700943026780486367e+00
2.988282938299874569e+00
3.298082597440545882e+00
3.624453210938314296e+00
3.959497109043280005e+00
4.291728882951479918e+00
4.603011741586078287e+00
4.869491332030364106e+00
5.066535324383403704e+00
5.170020324805737921e+00
5.156481444862572872e+00
5.005311725116455612e+00
4.707313413738390295e+00
4.270693304006738522e+00
3.717390965295150451e+00
3.075234833722229055e+00
2.375445597560333688e+00
1.653079768357950785e+00
9.410797559801233891e-01
2.645190202461797924e-01
-3.611566954003088137e-01
-9.258724477507580541e-01
-1.422022321207658813e+00
-1.846078699440559134e+00
-2.199618005138279653e+00
-2.486884168767419467e+00
-2.711583225702527411e+00
-2.877181400152558854e+00
-2.987927959382517429e+00
-3.049014834748914993e+00
-3.065059832978859866e+00
-3.039373893516003733e+00
-2.974934881624044625e+00
-2.875165151156834575e+00
-2.743491909336660761e+00
-2.582598340400615200e+00
-2.394806643661892664e+00
-2.182624390917494939e+00
-1.948892242247062700e+00
-1.696323426095991627e+00
-1.427309027058109470e+00
-1.144238432634058000e+00
-8.497429843853792075e-01
-5.464425877773524398e-01
-2.366354284196938440e-01
7.755078360314908437e-02
3.939905748911091687e-01
7.105687306189981678e-01
1.025350726589403294e+00
1.336599029395423965e+00
1.642644595371106409e+00
1.941798072184177659e+00
2.232448473469545114e+00
2.513146619129436043e+00
2.782519478314235073e+00
3.039202798504487824e+00
3.281875774287785763e+00
3.509334998445718057e+00
3.720483104017862974e+00
3.914292697269024401e+00
4.089810589592397072e+00
4.246217151259785716e+00
4.382854957282457775e+00
4.499208774844833947e+00
4.594892744556057451e+00
4.669691536026189027e+00
4.723594554778878241e+00
4.756774236900358943e+00
4.769564362077216124e+00
4.762467224868990989e+00
4.736165628482413403e+00
4.691500847644931582e+00
4.629440492410349606e+00
4.551060597440750755e+00
4.457540268403103134e+00
4.350140503363239652e+00
4.230170108410430174e+00
4.098959960131047353e+00
3.957854464980330444e+00
3.808198212444418029e+00
3.651309976044926575e+00
3.488461787159653049e+00
3.320876028649276890e+00
3.149722977830667681e+00
2.976106081578947293e+00
2.801050681140499155e+00
2.625506716272066221e+00
2.450353663654952108e+00
2.276395608921971903e+00
2.104357251702666520e+00
1.934889182527040896e+00
1.768575743718704851e+00
1.605935623247372712e+00
1.447421206715646447e+00
1.293424206618487782e+00
1.144283792214155770e+00
1.000289039711979466e+00
8.616791241315998606e-01
7.286479355741237729e-01
6.013509694699687991e-01
4.799077794706771982e-01
3.644019850363777180e-01
2.548848229445956348e-01
1.513807498625505121e-01
5.388930144507137615e-02
-3.761536337691833570e-02
-1.231817781075299351e-01
-2.028767410129678761e-01
-2.767842074722394741e-01
-3.450061378682740543e-01
-4.076602885555404843e-01
-4.648766494303861463e-01
-5.167970494579715579e-01
-5.635762550481667743e-01
-6.053800153146662311e-01
-6.423822674825129253e-01
-6.747654312568889257e-01
-7.027216123654497215e-01
-7.264505598478657733e-01
-7.461573472892834014e-01
-7.620533216474698612e-01
-7.743572680970772781e-01
-7.832932881281521320e-01
-7.890890257979643607e-01
-7.919772412255835503e-01
-7.921964257666083142e-01
-7.899890515996967899e-01
-7.856008827278340156e-01
-7.792828204325403796e-01
-7.712911236622590483e-01
-7.618863096533652346e-01
-7.513339438937867154e-01
-7.399070810097694295e-01
-7.278863201502586699e-01
-7.155596306980049892e-01
-7.032250803238906389e-01
-6.911937551243204636e-01
-6.797903338211876978e-01
-6.693542632114422020e-01
-6.602431631857309524e-01
-6.528332588622947075e-01
-6.475157681870745696e-01
-6.446891842519211213e-01
-6.447404937652404522e-01
-6.479981193356753044e-01
-6.546320328082007034e-01
-6.644447643186232044e-01
-6.764146676562494687e-01
-6.876731176756674113e-01
-6.911145855046657571e-01
-6.694507819460010500e-01
-5.791500689362881760e-01
-3.020165331134976316e-01
5.217244072207791739e-01
2.645323916343027992e+00
1.491216316661836627e+00
1.000847792960348537e+00
1.000000001375472847e+00
1.000000000000000000e+00
1.000000000000000000e+00
