1.000000000000000000e+00
1.000000000000000000e+00
1.000000000000000000e+00
1.000000000000000000e+00
1.000000000000000000e+00
1.000000000000196065e+00
1.000000000005422773e+00
1.000000000097097441e+00
1.000000001165683994e+00
1.000000010269329609e+00
1.000000070743459535e+00
1.000000398862180617e+00
1.000001903171381379e+00
1.000007878563884844e+00
1.000028825585377312e+00
1.000094491431114729e+00
1.000280208510361479e+00
1.000756409784315126e+00
1.001864730575555251e+00
1.004200319226219662e+00
1.008628706465199532e+00
1.016105453490957933e+00
1.027172338776186855e+00
1.041184635027252892e+00
1.055670404421201303e+00
1.066416987796674043e+00
1.068595510385721647e+00
1.058440236808899426e+00
1.034593830131942838e+00
9.984744790920322410e-01
9.536325617010055211e-01
9.047413764798056812e-01
8.565615508293181746e-01
8.132739054169709769e-01
7.780850605680542653e-01
7.530651356833231169e-01
7.392152127878007795e-01
7.365280699587782864e-01
7.442215024533055390e-01
7.609431531474191157e-01
7.850312169840133469e-01
8.147509873970348870e-01
8.484316932809631284e-01
8.845947424666040781e-01
9.219846969297149641e-01
9.595933423658687955e-01
9.966422976424863522e-01
1.032553457605068559e+00
1.066922981807409521e+00
1.099476520856476736e+00
1.130044781947210586e+00
1.158534662345851229e+00
1.184910618969487572e+00
1.209179896917952801e+00
1.231377363016177728e+00
1.251558604555205845e+00
1.269790464301909116e+00
1.286147547391018886e+00
1.300708642268268322e+00
1.313553339521283059e+00
1.324760923698419246e+00
1.334408161308231477e+00
1.342569467431014685e+00
1.349316112441850457e+00
1.354716527990342589e+00
1.360024316922367138e+00
1.365544173663777450e+00
1.370419992770323336e+00
1.374364166917200203e+00
1.377168371628313182e+00
1.378885725410488261e+00
1.379581364224043982e+00
1.379315482783806557e+00
1.378143755033693019e+00
1.376117880296215956e+00
1.373285947147870223e+00
1.369692625660367424e+00
1.365379513421550284e+00
1.360385206843426342e+00
1.354745712527989809e+00
1.348494816206242231e+00
1.341664221699807813e+00
1.334283797504171698e+00
1.326381671936026851e+00
1.317984394154108951e+00
1.309117078964234349e+00
1.299803669393025052e+00
1.290067200642872614e+00
1.279929783949833810e+00
1.269412710913628617e+00
1.258536580335778865e+00
1.247321427450186260e+00
1.235786893909704975e+00
1.223952244807734013e+00
1.211836555355075395e+00
1.199458865799527985e+00
1.186838112042660098e+00
1.173993161201214885e+00
1.160942841966455585e+00
1.147705944894137131e+00
1.134301248182268518e+00
1.120747545672180490e+00
1.107063747503655771e+00
1.093268934391016023e+00
1.079382333093683588e+00
1.065423338793239028e+00
1.051411533567683687e+00
1.037366701504617295e+00
1.023308865152335878e+00
1.009258375077729752e+00
9.952359143704311295e-01
9.812623954774508661e-01
9.673590441883983537e-01
9.535475222079520252e-01
9.398499158633535355e-01
9.262887746619932194e-01
9.128871396900397617e-01
8.996685162831876692e-01
8.866568952984745788e-01
8.738767392121999933e-01
8.613529477097429110e-01
8.491107980422543111e-01
8.371758101560812237e-01
8.255736804965129183e-01
8.143301725198102137e-01
8.034708813379758396e-01
7.930210477598583774e-01
7.830053972790724792e-01
7.734479588126813576e-01
7.643718978820028820e-01
7.557993395476569898e-01
7.477511848734960109e-01
7.402469408640364179e-01
7.333045403185762812e-01
7.269401648168596353e-01
7.211680812495423476e-01
7.160004934246169128e-01
7.114475216884716957e-01
7.075171749363603491e-01
7.042152170649078613e-01
7.015451670940965334e-01
6.995082981719011883e-01
6.981035284800751750e-01
6.973273989519803706e-01
6.971741005917396761e-01
6.976354828290761700e-01
6.987011509185016012e-01
7.003585764796462776e-01
7.025931441454843496e-01
7.053882802473292468e-01
7.087255881011201852e-01
7.125849220531199624e-01
7.169445321008485195e-01
7.217812164310585255e-01
7.270704230473742369e-01
7.327863981493281109e-01
7.389023044945857155e-01
7.453902849148965615e-01
7.522215669799093840e-01
7.593666332012874998e-01
7.667953692140859756e-01
7.744771421206014805e-01
7.823809540977439969e-01
7.904756130295614858e-01
7.987298453693800759e-01
8.071124484925656928e-01
8.155924366503675138e-01
8.241391418358662291e-01
8.327223135835803980e-01
8.413122547165972076e-01
8.498799359310167389e-01
8.583970638032104583e-01
8.668361935557858944e-01
8.751708485880648203e-01
8.833756064655753359e-01
8.914261835909944587e-01
8.992995412390171195e-01
9.069739805708324498e-01
9.144292085879190957e-01
9.216464085304839626e-01
9.286083178564921159e-01
9.352992734833851518e-01
9.417052151682963057e-01
9.478136818176579048e-01
9.536137948599689995e-01
9.590962140182465179e-01
9.642530653099266047e-01
9.690778461119614606e-01
9.735652968701803411e-01
9.777112413919497591e-01
9.815124036260121088e-01
9.849661983258937159e-01
9.880704970492596440e-01
9.908233703944384629e-01
9.932228095629610509e-01
9.952664333805993913e-01
9.969511866186676619e-01
9.982730362427457704e-01
9.992266726562517576e-01
9.997073618090600577e-01
1.000000000000000000e+00
