1.000000000000000000e+00
1.000000000000000000e+00
1.000000000000000000e+00
1.000000000000000000e+00
1.000000000000000000e+00
1.000000000000482947e+00
1.000000000014188650e+00
1.000000000254487986e+00
1.000000003060443898e+00
1.000000027014908088e+00
1.000000186525184631e+00
1.000001054434904502e+00
1.000005046684204979e+00
1.000020966647965581e+00
1.000077033808940197e+00
1.000253769763616685e+00
1.000756944398872639e+00
1.002057555314483928e+00
1.005114592243230964e+00
1.011636516360621130e+00
1.024199774930554918e+00
1.045868226883434948e+00
1.078940527099492286e+00
1.122903842211726566e+00
1.172610337904424815e+00
1.218284085883839518e+00
1.248238834588687229e+00
1.253020711861958958e+00
1.228588062299675876e+00
1.176965678932566206e+00
1.104562781955063411e+00
1.019903233086088656e+00
9.315520751895293161e-01
8.470000336850966871e-01
7.721113714197544997e-01
7.109708732075180615e-01
6.660858470931712016e-01
6.384006157473979259e-01
6.276106573401987188e-01
6.323443156307787527e-01
6.505159359902529248e-01
6.796965294239645239e-01
7.173229782874166460e-01
7.609819347109667564e-01
8.084988726140291959e-01
8.580467206809273550e-01
9.081571208830107045e-01
9.576965370860497373e-01
1.005844669188870721e+00
1.052014496930165244e+00
1.095816638065547410e+00
1.137006269142611936e+00
1.175450234788735893e+00
1.211100413619376592e+00
1.243963650056419734e+00
1.274089726926854516e+00
1.301552328465325647e+00
1.326442874895921387e+00
1.348863675829662601e+00
1.368921125096526747e+00
1.386723723466747771e+00
1.402377512264672443e+00
1.415986522407853831e+00
1.427651085826616040e+00
1.437467865197978423e+00
1.446718014614297720e+00
1.455732456694415644e+00
1.463680501884280893e+00
1.470567527193919366e+00
1.476472825295020108e+00
1.481182029582716497e+00
1.484500899632290372e+00
1.486514993579297395e+00
1.487303288016784686e+00
1.486938991718305791e+00
1.485490026759420434e+00
1.483019193108951805e+00
1.479584668643986411e+00
1.475239978054437628e+00
1.470034661544561194e+00
1.464014872654915811e+00
1.457223527722404821e+00
1.449700682480185243e+00
1.441483614890253451e+00
1.432607048518587556e+00
1.423103350606766293e+00
1.413002973993048528e+00
1.402334908830971782e+00
1.391126576967856465e+00
1.379403973623763768e+00
1.367191858931257942e+00
1.354513959743233409e+00
1.341393259001375959e+00
1.327851979114144099e+00
1.313911915838274824e+00
1.299594712857196077e+00
1.284921681940864646e+00
1.269913840311732045e+00
1.254591940041024367e+00
1.238976438286294446e+00
1.223087522697169360e+00
1.206945144702002315e+00
1.190569209567724274e+00
1.173979674509405324e+00
1.157196485077487402e+00
1.140239614224190401e+00
1.123129097588939862e+00
1.105885066910223813e+00
1.088527835242882880e+00
1.071078106075240344e+00
1.053557005549501602e+00
1.035985884462368833e+00
1.018386539241411537e+00
1.000781531690734472e+00
9.831942246378403416e-01
9.656489415016736855e-01
9.481711159988692739e-01
9.307873286575134575e-01
9.135254678594179056e-01
8.964148238232787502e-01
8.794861488015232043e-01
8.627716689973209396e-01
8.463049266921978120e-01
8.301207931954073249e-01
8.142553834191106343e-01
7.987456653814254404e-01
7.836291838869927640e-01
7.689438397732721864e-01
7.547276123046944285e-01
7.410183084516532848e-01
7.278532745176725660e-01
7.152690766255987986e-01
7.033011985174568714e-01
6.919836931002638636e-01
6.813488193256992398e-01
6.714266897044115501e-01
6.622449321045154047e-01
6.538286770309361673e-01
6.462005053912418528e-01
6.393800829361547811e-01
6.333841407793903144e-01
6.282264305936268167e-01
6.239173493338264764e-01
6.204637822156539029e-01
6.178690645082712818e-01
6.161328678606134979e-01
6.152513292203491968e-01
6.152172047896362628e-01
6.160198218627406241e-01
6.176452629006636830e-01
6.200765607989705552e-01
6.232937017293170845e-01
6.272738356240812330e-01
6.319915078640855333e-01
6.374187332482128543e-01
6.435252134701973104e-01
6.502784627472698586e-01
6.576437645556695299e-01
6.655842591701436328e-01
6.740612428993808525e-01
6.830344062627010659e-01
6.924618599215861536e-01
7.023004063576756550e-01
7.125058748143636711e-01
7.230332824505243394e-01
7.338371295895821378e-01
7.448716833332057474e-01
7.560911257347607828e-01
7.674497060970921769e-01
7.789020155648824772e-01
7.904032017087539996e-01
8.019090416280977296e-01
8.133761656919166194e-01
8.247623111036835875e-01
8.360264769070221424e-01
8.471290844471917048e-01
8.580322172754094590e-01
8.686998385099634623e-01
8.790979297197905051e-01
8.891946610407076568e-01
8.989606053252866547e-01
9.083688699458256632e-01
9.173951198486910430e-01
9.260176066928904604e-01
9.342171884745835708e-01
9.419772955324069441e-01
9.492838450556844165e-01
9.561251219340832774e-01
9.624915939631620843e-01
9.683756683508319973e-01
9.737714147776931339e-01
9.786742451671921472e-01
9.830805520386903806e-01
9.869873040331410552e-01
9.903916027163028879e-01
9.932902130914645911e-01
9.956790778555001387e-01
9.975528266763497021e-01
9.989042921391978469e-01
9.995847366202448292e-01
1.000000000000000000e+00
