1.000000000000000000e+00
1.000000000000000000e+00
1.000000000000000000e+00
1.000000000000000000e+00
1.000000000000000000e+00
1.000000000000478284e+00
1.000000000014053869e+00
1.000000000252079912e+00
1.000000003031541240e+00
1.000000026760332172e+00
1.000000184771735245e+00
1.000001044549786000e+00
1.000004999519387594e+00
1.000020771390845775e+00
1.000076319306231420e+00
1.000251426965599100e+00
1.000749994302160051e+00
1.002038784610186584e+00
1.005068290185804347e+00
1.011532140070717123e+00
1.023985104200100693e+00
1.045466680162960404e+00
1.078260036430364721e+00
1.121862650783223669e+00
1.171174686493195116e+00
1.216499325347296656e+00
1.246232141329231879e+00
1.250970847958600363e+00
1.226678797167432666e+00
1.175346117203419194e+00
1.103328753324245515e+00
1.019096361812128482e+00
9.311704650446704923e-01
8.470113038303993536e-01
7.724649700514772954e-01
7.116079566644878396e-01
6.669449679168103495e-01
6.394226300300964727e-01
6.287407329506267128e-01
6.335337670203863292e-01
6.517227155534247585e-01
6.808846400195150972e-01
7.184626532014377620e-01
7.620489802803119828e-01
8.094746707307349798e-01
8.589177046970238871e-01
9.089142110821547549e-01
9.583345417260337173e-01
1.006361403560301904e+00
1.052410285513996513e+00
1.096093707246955651e+00
1.137168312920616708e+00
1.175502013103533416e+00
1.211047388452135332e+00
1.243811764311730572e+00
1.273845178030636571e+00
1.301221449108170614e+00
1.326032013895075190e+00
1.348379105678581213e+00
1.368368990436754862e+00
1.386109991088861682e+00
1.401707955208078671e+00
1.415266693911655160e+00
1.426886306916345104e+00
1.436663216446148805e+00
1.445878326779662659e+00
1.454862316090676178e+00
1.462784248524978459e+00
1.469649259276515352e+00
1.475531188068079258e+00
1.480215938348826921e+00
1.483514158501303415e+00
1.485511123545034229e+00
1.486285545133879227e+00
1.485910382542410257e+00
1.484453323455903417e+00
1.481976950566531226e+00
1.478539240226709683e+00
1.474193534311948994e+00
1.468989205469226622e+00
1.462972251870744866e+00
1.456185447314349402e+00
1.448668716292534020e+00
1.440459217692564797e+00
1.431591567674479926e+00
1.422098037346265276e+00
1.412008992055594270e+00
1.401353340294607230e+00
1.390158430038203496e+00
1.378450190153238220e+00
1.366253321170186164e+00
1.353591496167579011e+00
1.340487648390754849e+00
1.326963955519575133e+00
1.313042171297136518e+00
1.298743898326213397e+00
1.284090410431518059e+00
1.269102690282958745e+00
1.253801459100300608e+00
1.238207147709087907e+00
1.222339922258243394e+00
1.206219717730061536e+00
1.189866426771575281e+00
1.173299997378005832e+00
1.156540370309259158e+00
1.139607518230856487e+00
1.122521481087301209e+00
1.105302399590980311e+00
1.087970599998962395e+00
1.070546801560342987e+00
1.053052148683134792e+00
1.035508015042561292e+00
1.017936222605616114e+00
1.000359358358463346e+00
9.828008095631574070e-01
9.652849216129157917e-01
9.478371459940619914e-01
9.304840760362335095e-01
9.132536058001118340e-01
8.961750224133768761e-01
8.792790647849542118e-01
8.625979343734543336e-01
8.461651377742895885e-01
8.300154981995602199e-01
8.141850694650799580e-01
7.987107480295645434e-01
7.836299979400056515e-01
7.689806306703935723e-01
7.548005286439127826e-01
7.411273952796773035e-01
7.279984677530099146e-01
7.154501989335304568e-01
7.035179564372283645e-01
6.922356759727090747e-01
6.816355002455105616e-01
6.717474284629261216e-01
6.625989800652086759e-01
6.542151801500428743e-01
6.466185059117049994e-01
6.398285236530313336e-01
6.338618678600679290e-01
6.287321954458666706e-01
6.244498138562368794e-01
6.210215250581877511e-01
6.184505871731466042e-01
6.167366019227189522e-01
6.158756418990085635e-01
6.158604028640780603e-01
6.166801568811286494e-01
6.183209350179480479e-01
6.207657214282145119e-01
6.239944578735162617e-01
6.279842534659454412e-01
6.327096156124448756e-01
6.381425256075540231e-01
6.442526560340291475e-01
6.510074977458252254e-01
6.583723204086956438e-01
6.663102621876809684e-01
6.747826282769300299e-01
6.837491291924041592e-01
6.931679096959257880e-01
7.029958200037067506e-01
7.131887492631147074e-01
7.237017874997045963e-01
7.344895196421448169e-01
7.455063078971320145e-01
7.567064403863336119e-01
7.680442836698567755e-01
7.794745556736959458e-01
7.909525392600086358e-01
8.024341561117833699e-01
8.138761889766178426e-01
8.252365331440365548e-01
8.364743505726938144e-01
8.475502292311652974e-01
8.584264206025149502e-01
8.690670547892300757e-01
8.794382780615701556e-01
8.895084210121303459e-01
8.992482099221127401e-01
9.086308967110346968e-01
9.176322814190022159e-01
9.262307404204389583e-01
9.344072449636730004e-01
9.421453265248601605e-01
9.494309910449170165e-01
9.562525996161675979e-01
9.626006840669960596e-01
9.684677042834218819e-01
9.738477721647318397e-01
9.787363325183037199e-01
9.831298027639191472e-01
9.870251700953679430e-01
9.904195502001282847e-01
9.933097198628727531e-01
9.956916334292734705e-01
9.975599343469043756e-01
9.989074733752520974e-01
9.995859510581277529e-01
1.000000000000000000e+00
