1.000000000000000000e+00
1.000000000000000000e+00
1.000000000000000000e+00
1.000000000000000000e+00
1.000000000000000000e+00
1.000000000000388356e+00
1.000000000011502133e+00
1.000000000206362261e+00
1.000000002482256178e+00
1.000000021916793713e+00
1.000000151368330314e+00
1.000000855964067181e+00
1.000004098228713278e+00
1.000017033037120306e+00
1.000062609462829988e+00
1.000206358322182743e+00
1.000615893041343574e+00
1.001675320713138140e+00
1.004167937232048446e+00
1.009492242098407155e+00
1.019764057500859078e+00
1.037512983656080356e+00
1.064661308540019391e+00
1.100832956370970450e+00
1.141805618590541416e+00
1.179430388252845185e+00
1.203799057576812936e+00
1.206692544875084705e+00
1.184363948381678799e+00
1.138272341701672019e+00
1.073802232478726859e+00
9.983630303089121583e-01
9.195722982601448603e-01
8.442090354481367465e-01
7.776594972325093780e-01
7.237237345452030013e-01
6.847431261452250340e-01
6.616070263556619313e-01
6.540206519493217963e-01
6.606900527951589108e-01
6.796520281761329052e-01
7.086202156666232543e-01
7.451990959908711964e-01
7.871409979775850774e-01
8.324373429031314275e-01
8.794106401858551303e-01
9.267215919033845450e-01
9.733438345002102254e-01
1.018538061357259217e+00
1.061780885711677946e+00
1.102728997950251477e+00
1.141170983294991670e+00
1.176996392744450670e+00
1.210170856950598450e+00
1.240709455759708923e+00
1.268665128016043697e+00
1.294112021180441552e+00
1.317139571934605957e+00
1.337846321713586750e+00
1.356333982394948290e+00
1.372705545243702030e+00
1.387061391099055907e+00
1.399499559083837719e+00
1.410114318504280151e+00
1.418996272257930125e+00
1.427420480699286287e+00
1.435711997509029336e+00
1.443034336685964369e+00
1.449387267980087213e+00
1.454723283821951041e+00
1.458834344665087102e+00
1.461640144019556775e+00
1.463219962566420174e+00
1.463646949039416167e+00
1.462988869526016256e+00
1.461308571752611085e+00
1.458664178904450992e+00
1.455109555665594856e+00
1.450694326884576002e+00
1.445464474141698208e+00
1.439462869539840373e+00
1.432729432797797964e+00
1.425301474454728545e+00
1.417213791748429097e+00
1.408498879300338569e+00
1.399187116783534135e+00
1.389307157925795400e+00
1.378886326022011222e+00
1.367950543846086164e+00
1.356524468306244291e+00
1.344631665562108669e+00
1.332294793558880919e+00
1.319535856382275218e+00
1.306376203319703277e+00
1.292836818233603635e+00
1.278938558710982942e+00
1.264702017225430852e+00
1.250147562222365005e+00
1.235295372212574350e+00
1.220165420468792838e+00
1.204777505149742467e+00
1.189151285568117888e+00
1.173306447364833804e+00
1.157262791055214901e+00
1.141040186666554046e+00
1.124658612679107383e+00
1.108138191352360691e+00
1.091499221873911019e+00
1.074762255306761505e+00
1.057948269826772369e+00
1.041078699896705873e+00
1.024175276442267357e+00
1.007260208264989076e+00
9.903564417905483808e-01
9.734876869212782946e-01
9.566785415126655145e-01
9.399546053896754572e-01
9.233424999320535287e-01
9.068699857169415512e-01
8.905660229089760183e-01
8.744608011865547814e-01
8.585857279662313379e-01
8.429732777132883381e-01
8.276569756734807326e-01
8.126713003846243177e-01
7.980513409199374575e-01
7.838325445520976098e-01
7.700505077187758118e-01
7.567407208956747899e-01
7.439383341720108289e-01
7.316778928057776632e-01
7.199930484215008031e-01
7.089162845163879956e-01
6.984786068631791967e-01
6.887092242518780827e-01
6.796352399565130931e-01
6.712813570981451816e-01
6.636698388962862794e-01
6.568204401062399667e-01
6.507500990294309284e-01
6.454729004998338571e-01
6.410000230877115346e-01
6.373394371667979730e-01
6.344957764486712781e-01
6.324703059858567400e-01
6.312608380172760603e-01
6.308618378594542664e-01
6.312645537437121535e-01
6.324569984269050593e-01
6.344241119860514200e-01
6.371479378139774941e-01
6.406076580281307997e-01
6.447797898298949226e-01
6.496384014836820153e-01
6.551552130316637967e-01
6.612998075087839212e-01
6.680397755384297476e-01
6.753407353018088255e-01
6.831664515708455454e-01
6.914791128593597014e-01
7.002395622741357517e-01
7.094073690902129581e-01
7.189410819361524707e-01
7.287985269898045182e-01
7.389369744748137681e-01
7.493134024070157162e-01
7.598847490118405545e-01
7.706080618071496913e-01
7.814406471104818896e-01
7.923403076619138785e-01
8.032655330186804221e-01
8.141755823644716283e-01
8.250306765936058495e-01
8.357922100046657476e-01
8.464228863944549541e-01
8.568868567237132305e-01
8.671499131581352771e-01
8.771796637119807505e-01
8.869456458620176287e-01
8.964194602499047093e-01
9.055749336441172304e-01
9.143882171016204374e-01
9.228377993916289102e-01
9.309045203678992797e-01
9.385715722610147305e-01
9.458244557574861933e-01
9.526508920258088819e-01
9.590407035390060564e-01
9.649856397353974158e-01
9.704791525229093940e-01
9.755161403267741393e-01
9.800926535846760101e-01
9.842055634892223903e-01
9.878521935952379041e-01
9.910299182516264516e-01
9.937357382363461999e-01
9.959658424498717411e-01
9.977151656691893855e-01
9.989769528237960605e-01
9.996124405084219067e-01
1.000000000000000000e+00
