1.000000000000000000e+00
1.000000000000000000e+00
1.000000000000000000e+00
1.000000000000000000e+00
1.000000000000000000e+00
1.000000000000287992e+00
1.000000000008238743e+00
1.000000000147748924e+00
1.000000001776544023e+00
1.000000015679014309e+00
1.000000108232930618e+00
1.000000611684366936e+00
1.000002926669116832e+00
1.000012154166913803e+00
1.000044634361725082e+00
1.000146952559723301e+00
1.000438029262806339e+00
1.001189707494997583e+00
1.002954543331375348e+00
1.006714600208127974e+00
1.013945098628466379e+00
1.026385182027635956e+00
1.045296760638593891e+00
1.070250962684524687e+00
1.098025051101436445e+00
1.122552728622639995e+00
1.136491459892714939e+00
1.133741931212238985e+00
1.111542570438627697e+00
1.071104432063859413e+00
1.016732344250034226e+00
9.544045008805013275e-01
8.903428339007436465e-01
8.301265351884790089e-01
7.781865796042480854e-01
7.375992091912504378e-01
7.101570110550342596e-01
6.963905408571382516e-01
6.958093247449542718e-01
7.071019695034966857e-01
7.284391821254863064e-01
7.577753722498198341e-01
7.930375241585618795e-01
8.323233582786552232e-01
8.739683988310340546e-01
9.166040140619581278e-01
9.591520066486036722e-01
1.000796241179670032e+00
1.040954813857605687e+00
1.079222021275652699e+00
1.115336939862057619e+00
1.149144508474757798e+00
1.180570146105810014e+00
1.209599462660401192e+00
1.236257286502844055e+00
1.260598066017191821e+00
1.282692815224479865e+00
1.302624213252163266e+00
1.320481640654887601e+00
1.336356512722348233e+00
1.350340705623383375e+00
1.362523529003594636e+00
1.372991882124908081e+00
1.381829147736971741e+00
1.389115389499156139e+00
1.396115414680226596e+00
1.403144543932743238e+00
1.409356885474622123e+00
1.414709496723736137e+00
1.418981973990238732e+00
1.422006738930411407e+00
1.423859507532635904e+00
1.424610164071682172e+00
1.424323235374696184e+00
1.423058538458840561e+00
1.420871599122880413e+00
1.417813853941302327e+00
1.413933057961851869e+00
1.409273339789393731e+00
1.403875702381904178e+00
1.397778471795330990e+00
1.391017449848700682e+00
1.383626209058175238e+00
1.375636192782866418e+00
1.367076902807596195e+00
1.357976067356091443e+00
1.348359964127621824e+00
1.338253746827280599e+00
1.327681408203422286e+00
1.316665901207046518e+00
1.305229290599990488e+00
1.293392909131007240e+00
1.281177568350177376e+00
1.268603570486267929e+00
1.255690944110048779e+00
1.242459639738979771e+00
1.228929432172753744e+00
1.215119961458942743e+00
1.201050767907762884e+00
1.186741288435547936e+00
1.172210887425865433e+00
1.157478891660209896e+00
1.142564723180822028e+00
1.127487972291379759e+00
1.112268367163584015e+00
1.096925807185036517e+00
1.081480392609782015e+00
1.065952451430643766e+00
1.050362596756686751e+00
1.034731858297729179e+00
1.019081701517693173e+00
1.003433902841235126e+00
9.878106805011249714e-01
9.722348813382177823e-01
9.567299888791136464e-01
9.413202024876380358e-01
9.260305056875514085e-01
9.108866609738741627e-01
8.959152743680088848e-01
8.811438141736440688e-01
8.666006038475285722e-01
8.523147813685479912e-01
8.383161543262461768e-01
8.246351514243649428e-01
8.113027128702244850e-01
7.983500015363979019e-01
7.858081804871753784e-01
7.737082224200403369e-01
7.620806865431435373e-01
7.509555116264691188e-01
7.403617893286684737e-01
7.303275225433524254e-01
7.208793969749880404e-01
7.120425314336480405e-01
7.038402255796942786e-01
6.962937200713648078e-01
6.894219715626289657e-01
6.832416101382798868e-01
6.777668804650800460e-01
6.730094212235425699e-01
6.689782375465254116e-01
6.656796673318431390e-01
6.631171814555468780e-01
6.612913092952780181e-01
6.601996355109448489e-01
6.598367659226909154e-01
6.601944267074616457e-01
6.612615831761327057e-01
6.630244614593391317e-01
6.654666954836211401e-01
6.685694850990144822e-01
6.723116617811085716e-01
6.766698639474910681e-01
6.816187263689085230e-01
6.871309932516054264e-01
6.931777053153036494e-01
6.997283425143905333e-01
7.067508837659719489e-01
7.142119319600545024e-01
7.220769424623976196e-01
7.303104193719741621e-01
7.388760049218937587e-01
7.477366871181176933e-01
7.568550351232145035e-01
7.661933458411777087e-01
7.757138527305256215e-01
7.853789253001257631e-01
7.951511988446310353e-01
8.049937028405378392e-01
8.148700456804877090e-01
8.247445667666556401e-01
8.345824163633321913e-01
8.443497057409482531e-01
8.540136685973406250e-01
8.635427711350779356e-01
8.729068213707883439e-01
8.820771134676655967e-01
8.910265570564390725e-01
8.997297639122101565e-01
9.081631448725624445e-01
9.163050225657916048e-01
9.241356977202037637e-01
9.316374554896907911e-01
9.387945668366666219e-01
9.455932765296320985e-01
9.520217555059610204e-01
9.580700179005778860e-01
9.637298107711479433e-01
9.689944605394864574e-01
9.738586793010329812e-01
9.783183432833563176e-01
9.823702390426746200e-01
9.860117790498126311e-01
9.892406871476207009e-01
9.920546574736180956e-01
9.944509949055321263e-01
9.964262443443324679e-01
9.979758171258039656e-01
9.990936233368545860e-01
9.996568291589115196e-01
1.000000000000000000e+00
