1.000000000000000000e+00
1.000000000000000000e+00
1.000000000000000000e+00
1.000000000000000000e+00
1.000000000000000000e+00
1.000000000000519140e+00
1.000000000015255353e+00
1.000000000273582268e+00
1.000000003289557293e+00
1.000000029032245719e+00
1.000000200414462137e+00
1.000001132700322648e+00
1.000005419917161742e+00
1.000022510869617243e+00
1.000082680686211756e+00
1.000272270694682719e+00
1.000811777895912469e+00
1.002205486939587109e+00
1.005479026306597579e+00
1.012456778617490061e+00
1.025883720949522182e+00
1.049011234071197007e+00
1.084253200951070806e+00
1.131008127953093023e+00
1.183746545903711311e+00
1.232075506811488363e+00
1.263682727655307092e+00
1.268734507089754437e+00
1.243174994955302592e+00
1.189318190356541738e+00
1.113997257794621776e+00
1.026157496065959407e+00
9.346942883070602504e-01
8.473217310303707839e-01
7.700276208062738492e-01
7.069408278552075098e-01
6.605681828905626274e-01
6.318169458717645126e-01
6.203345378481095462e-01
6.246933607692662926e-01
6.427554456651279891e-01
6.720509408401430518e-01
7.099788715027144370e-01
7.540952233674494964e-01
8.021943097817237911e-01
8.524201948191498790e-01
9.032776231577658299e-01
9.536083835655093655e-01
1.002572364378262249e+00
1.049564958982483809e+00
1.094182796133283508e+00
1.136169665698704812e+00
1.175383682113931849e+00
1.211770577842569807e+00
1.245332638995205299e+00
1.276116829719807555e+00
1.304194956751788759e+00
1.329657545487657577e+00
1.352606801672038728e+00
1.373149487288479076e+00
1.391394935676766975e+00
1.407450209592992163e+00
1.421420629598620922e+00
1.433407971290088012e+00
1.443510456574229384e+00
1.453010917623352327e+00
1.462241948819076098e+00
1.470374579400900217e+00
1.477415898088977331e+00
1.483485430816599671e+00
1.488366758800661049e+00
1.491829493898049863e+00
1.493961293621453024e+00
1.494843109202490750e+00
1.494550018715683715e+00
1.493151708578782655e+00
1.490712620007639710e+00
1.487292458278194784e+00
1.482946136319172492e+00
1.477724469921263273e+00
1.471674799130841649e+00
1.464841131563678456e+00
1.457264530463648677e+00
1.448983189792689474e+00
1.440032660940247178e+00
1.430446053396969841e+00
1.420254497315426523e+00
1.409487617409066917e+00
1.398173411138674549e+00
1.386338392185910928e+00
1.374007787833621208e+00
1.361205747893260654e+00
1.347955647867972173e+00
1.334280064901986140e+00
1.320201129542632135e+00
1.305740814423019591e+00
1.290920736466305119e+00
1.275762191957339864e+00
1.260286183236000168e+00
1.244513382126556822e+00
1.228464152609453963e+00
1.212158582081546809e+00
1.195616681071831389e+00
1.178858484539338169e+00
1.161903979719911550e+00
1.144773144325636594e+00
1.127485980840280844e+00
1.110062549012804878e+00
1.092523054307292352e+00
1.074888070139799368e+00
1.057178570181132260e+00
1.039415713006114794e+00
1.021621078407342509e+00
1.003817011061322040e+00
9.860266589066160048e-01
9.682741460950012868e-01
9.505847363306293429e-01
9.329848751098157589e-01
9.155023677125266879e-01
8.981664860579449128e-01
8.810080404698200640e-01
8.640594004957369290e-01
8.473543329944897007e-01
8.309280266631005052e-01
8.148170111333348231e-01
7.990587458285919320e-01
7.836913333317898633e-01
7.687532938347164668e-01
7.542832785072115520e-01
7.403198127759754721e-01
7.269009991218302602e-01
7.140641862918784000e-01
7.018456575828551092e-01
6.902802685810650596e-01
6.794010685690984319e-01
6.692389329890510163e-01
6.598222108011313480e-01
6.511767281758246151e-01
6.433257485472427817e-01
6.362895878559970964e-01
6.300856085516232108e-01
6.247281843478572627e-01
6.202282993465026983e-01
6.165933846520017525e-01
6.138272832461142414e-01
6.119301289091642060e-01
6.108984901095328990e-01
6.107255388317515132e-01
6.114009930841538543e-01
6.129113130825473155e-01
6.152399068582857788e-01
6.183671198028718452e-01
6.222704512778723940e-01
6.269247921350138419e-01
6.323024849311574824e-01
6.383735412127750086e-01
6.451057550201068080e-01
6.524646272655187929e-01
6.604134342213401343e-01
6.689135308351256137e-01
6.779245861763461001e-01
6.874045830895789688e-01
6.973100918315248142e-01
7.075966151199306609e-01
7.182187410102327529e-01
7.291304464275203401e-01
7.402853892918827006e-01
7.516370514233388089e-01
7.631388876496880691e-01
7.747446128028225854e-01
7.864084235370146780e-01
7.980850641400495382e-01
8.097300617484179952e-01
8.212999963498150979e-01
8.327526624733926353e-01
8.440472384326159760e-01
8.551445455724377975e-01
8.660072838972852072e-01
8.766001817819278896e-01
8.868901821151499165e-01
8.968466792696326850e-01
9.064416661901858463e-01
9.156497623275634545e-01
9.244482506066070693e-01
9.328171062570698169e-01
9.407389685522811185e-01
9.481990580179898709e-01
9.551850591767688803e-01
9.616869332998509989e-01
9.676966689821535628e-01
9.732079987045187952e-01
9.782160703190980744e-01
9.827170753503579048e-01
9.867078322188632677e-01
9.901853285148142225e-01
9.931462356052911389e-01
9.955864060565745577e-01
9.975003656250270856e-01
9.988808118859048291e-01
9.995757663695820083e-01
1.000000000000000000e+00
