1.000000000000000000e+00
1.000000000000000000e+00
1.000000000000000000e+00
1.000000000000000000e+00
1.000000000000000000e+00
1.000000000000591749e+00
1.000000000017386981e+00
1.000000000311707993e+00
1.000000003746532196e+00
1.000000033051160919e+00
1.000000228047523754e+00
1.000001288173318903e+00
1.000006160038746650e+00
1.000025566877853933e+00
1.000093829663647016e+00
1.000308698349844594e+00
1.000919395657276834e+00
1.002494713546471017e+00
1.006188293528946787e+00
1.014044420690416448e+00
1.029121400444407364e+00
1.055005502635987913e+00
1.094286155086056311e+00
1.146130929750195371e+00
1.204227686667544983e+00
1.256999256595097592e+00
1.291008855292945290e+00
1.295832426712642871e+00
1.267537186005519123e+00
1.209105964837857261e+00
1.128240167525248694e+00
1.034695374711204208e+00
9.379621696829850697e-01
8.461185895803303714e-01
7.653067681472895956e-01
6.996457630946267825e-01
6.515450170749186309e-01
6.217494489413997183e-01
6.097416699290244546e-01
6.139407607019792268e-01
6.320949080373864382e-01
6.616737983228775377e-01
7.000429335183961932e-01
7.447500007854823689e-01
7.935799193180255173e-01
8.446655442611614717e-01
8.964946504011556128e-01
9.478863149442401381e-01
9.979787764124746774e-01
1.046142999038219168e+00
1.091953238247728164e+00
1.135132501364390256e+00
1.175521133944839036e+00
1.213050931204826544e+00
1.247712636739808367e+00
1.279544853270681903e+00
1.308612816644260102e+00
1.335002548390529231e+00
1.358813524351092372e+00
1.380150937297427660e+00
1.399123724860458218e+00
1.415839154749421125e+00
1.430403516091060201e+00
1.442920065310993261e+00
1.453488921733106620e+00
1.463395217297242867e+00
1.472973960905373358e+00
1.481398805759183146e+00
1.488679552882021584e+00
1.494998337066441918e+00
1.500138140833720657e+00
1.503812459268508706e+00
1.506110173577966282e+00
1.507115714432301301e+00
1.506907499114657600e+00
1.505558403948698887e+00
1.503135864301986091e+00
1.499702395871371774e+00
1.495315479033100470e+00
1.490028304004977322e+00
1.483890436764273790e+00
1.476947945368640935e+00
1.469243808354282477e+00
1.460817970490615236e+00
1.451707573690555586e+00
1.441947160686369633e+00
1.431569178554219279e+00
1.420604497031889624e+00
1.409082251160412635e+00
1.397029986964079651e+00
1.384473869635033605e+00
1.371438906058948692e+00
1.357949275622940544e+00
1.344028289551605582e+00
1.329698779001540654e+00
1.314983412239951743e+00
1.299904458391265338e+00
1.284483816792791000e+00
1.268743037123480688e+00
1.252703267683073385e+00
1.236385271410030740e+00
1.219809451940254919e+00
1.202996072516256287e+00
1.185965362916588273e+00
1.168737428351757535e+00
1.151332284693822317e+00
1.133769889471283987e+00
1.116070171133064948e+00
1.098253122871339915e+00
1.080339050853846850e+00
1.062348605137817481e+00
1.044302526307742562e+00
1.026221912149193560e+00
1.008128609596428360e+00
9.900452569271719350e-01
9.719954828011302395e-01
9.540040961677036524e-01
9.360971384645273563e-01
9.183020951205591587e-01
9.006480274022725663e-01
8.831656665071510037e-01
8.658874512051112360e-01
8.488473556651848773e-01
8.320809367450380245e-01
8.156252612373336985e-01
7.995184501487325734e-01
7.837993695157573493e-01
7.685073942778372080e-01
7.536821025926953022e-01
7.393630069405874305e-01
7.255892393371861093e-01
7.123991984170631175e-01
6.998302199689430125e-01
6.879181885597531743e-01
6.766971300189230654e-01
6.661988165974704890e-01
6.564523890460000066e-01
6.474844012828639972e-01
6.393188134874239203e-01
6.319765741955349903e-01
6.254756511929049356e-01
6.198310253016036109e-01
6.150542439455543020e-01
6.111532531826748826e-01
6.081323780057710238e-01
6.059921939957673143e-01
6.047297112397581609e-01
6.043385823158817782e-01
6.048090312981431182e-01
6.061280812209934865e-01
6.082797859545444608e-01
6.112451939750337404e-01
6.150025793729920753e-01
6.195276916592468153e-01
6.247937847090736518e-01
6.307718304570033574e-01
6.374306017825756010e-01
6.447365214684738222e-01
6.526536827745341718e-01
6.611441538071894941e-01
6.701681987367852367e-01
6.796842120308664859e-01
6.896489873328752740e-01
7.000180753441027637e-01
7.107459100669113461e-01
7.217861217844404598e-01
7.330918396110425173e-01
7.446158156422889585e-01
7.563105604333626442e-01
7.681286507534189623e-01
7.800229617200861165e-01
7.919467122588603747e-01
8.038537212284138089e-01
8.156987097452075286e-01
8.274374747541926034e-01
8.390270752728277159e-01
8.504261320132764368e-01
8.615951015504984545e-01
8.724964489287756475e-01
8.830948683452853887e-01
8.933575697176147079e-01
9.032544594209498401e-01
9.127581796943621262e-01
9.218441637833112434e-01
9.304906862492881015e-01
9.386788490135354879e-01
9.463925066649609974e-01
9.536181559341073699e-01
9.603447461606401392e-01
9.665634204686192055e-01
9.722672221209339716e-01
9.774507523479760707e-01
9.821097815687898080e-01
9.862408110330345146e-01
9.898405890025101517e-01
9.929055965216926349e-01
9.954315141261248501e-01
9.974126821482437455e-01
9.988415674622563856e-01
9.995607432034554485e-01
1.000000000000000000e+00
