1.000000000000000000e+00
1.000000000000000000e+00
1.000000000000000000e+00
1.000000000000000000e+00
1.000000000000000000e+00
1.000000000000138334e+00
1.000000000003969935e+00
1.000000000070971229e+00
1.000000000850369331e+00
1.000000007474822317e+00
1.000000051360792064e+00
1.000000288724142372e+00
1.000001372927477039e+00
1.000005660798573226e+00
1.000020614152507203e+00
1.000067198482843311e+00
1.000197949933354646e+00
1.000530075888061088e+00
1.001293986719321571e+00
1.002879464887738159e+00
1.005825292022543227e+00
1.010660286666509311e+00
1.017520044113145339e+00
1.025606973629479057e+00
1.032806114805796538e+00
1.035871006175049347e+00
1.031345796452980190e+00
1.016810437076823614e+00
9.918007600105059884e-01
9.579782092182540509e-01
9.185609410413051457e-01
8.775137970522610686e-01
8.387328365274335784e-01
8.055243727732080972e-01
7.803024606098722948e-01
7.644790030032547756e-01
7.585498018019082300e-01
7.621828868770891274e-01
7.744446944581531156e-01
7.939940932668494433e-01
8.193058945824179817e-01
8.488604417735313712e-01
8.812438875483299405e-01
9.152368719199718283e-01
9.498258345346778375e-01
9.842112075860162124e-01
1.017785666685574464e+00
1.050105616710694134e+00
1.080867612017476498e+00
1.109871098491826968e+00
1.136998335442655161e+00
1.162191105306362049e+00
1.185435911448708524e+00
1.206752316612883069e+00
1.226180914011313350e+00
1.243777994581732660e+00
1.259608023232131835e+00
1.273740979059728939e+00
1.286249565159409025e+00
1.297206540176266687e+00
1.306683900237233686e+00
1.314751115280653249e+00
1.321475331424241340e+00
1.326920756128642687e+00
1.331149032971613577e+00
1.335407221111850617e+00
1.339993775752068350e+00
1.343908193503533521e+00
1.346851628438193726e+00
1.348746753539877830e+00
1.349657560833927183e+00
1.349642991982104023e+00
1.348757572366116264e+00
1.347051798471208039e+00
1.344572626654395586e+00
1.341363804096202594e+00
1.337466051619429441e+00
1.332917373819940465e+00
1.327753135064409395e+00
1.322006421018622646e+00
1.315708362867720416e+00
1.308888265963438879e+00
1.301573828264291244e+00
1.293791229986332114e+00
1.285565278021933100e+00
1.276919535967266928e+00
1.267876552561997050e+00
1.258458090439728227e+00
1.248685118245689507e+00
1.238577903646321587e+00
1.228156124718202014e+00
1.217438982595093977e+00
1.206445347634785836e+00
1.195193776554950515e+00
1.183702671032252463e+00
1.171990408865369204e+00
1.160075286717225040e+00
1.147975550239410003e+00
1.135709419351156546e+00
1.123295087889671695e+00
1.110750744024740166e+00
1.098094591924218433e+00
1.085344932998555612e+00
1.072520207798701275e+00
1.059638971876708746e+00
1.046719909901931089e+00
1.033781845860539894e+00
1.020843749728842065e+00
1.007924760946645071e+00
9.950442544978919113e-01
9.822218362357900689e-01
9.694772493943816238e-01
9.568304336184327852e-01
9.443016143048695854e-01
9.319112815818461071e-01
9.196802090308422439e-01
9.076294633518779964e-01
8.957803681313792898e-01
8.841545064346895133e-01
8.727736945441189054e-01
8.616599389085238814e-01
8.508353729748773242e-01
8.403221342132454197e-01
8.301422969355803927e-01
8.203177715431198003e-01
8.108701049843103359e-01
8.018203227093587682e-01
7.931887925830192199e-01
7.849950749342584633e-01
7.772577863945556720e-01
7.699944581268732824e-01
7.632213915398127213e-01
7.569535272233822720e-01
7.512043086159065908e-01
7.459855507363220006e-01
7.413073220156515264e-01
7.371778401760389343e-01
7.336034692744475283e-01
7.305887121352969693e-01
7.281361223348400413e-01
7.262463205874114536e-01
7.249180109477797451e-01
7.241479143809678165e-01
7.239307696103061129e-01
7.242593720662630075e-01
7.251245980147336123e-01
7.265154961892822394e-01
7.284193885922098932e-01
7.308219216306957033e-01
7.337071787608581142e-01
7.370577970357878872e-01
7.408550360256824785e-01
7.450788992698189617e-01
7.497082606559323237e-01
7.547209512409187582e-01
7.600938805976522605e-01
7.658031346922180571e-01
7.718240316933473455e-01
7.781312083935929547e-01
7.846987556482235560e-01
7.915003368295351338e-01
7.985092534023400246e-01
8.056985671621109679e-01
8.130412352833799039e-01
8.205102019101330191e-01
8.280785196645289448e-01
8.357194665496237018e-01
8.434066291581229224e-01
8.511139853617815110e-01
8.588160143318910311e-01
8.664877908579725618e-01
8.741050447902463105e-01
8.816442542787310543e-01
8.890827440999924391e-01
8.963987586171040522e-01
9.035715334769250928e-01
9.105813829413708094e-01
9.174097782840869852e-01
9.240394034707277715e-01
9.304542131005472116e-01
9.366394947166616358e-01
9.425819048967423175e-01
9.482694720145911083e-01
9.536915915863535265e-01
9.588390095418236614e-01
9.637037821727130193e-01
9.682792124394477007e-01
9.725597661220370949e-01
9.765409598889691623e-01
9.802192227131552027e-01
9.835917366143210883e-01
9.866562548991103521e-01
9.894108992100807409e-01
9.918539363804286246e-01
9.939835378342184447e-01
9.957975266527612224e-01
9.972931172998975580e-01
9.984666536674483561e-01
9.993133514955213625e-01
9.997402434540897387e-01
1.000000000000000000e+00
