1.000000000000000000e+00
1.000000000000000000e+00
1.000000000000000000e+00
1.000000000000000000e+00
1.000000000000000000e+00
1.000000000000537126e+00
1.000000000015774937e+00
1.000000000282882606e+00
1.000000003401109838e+00
1.000000030014042807e+00
1.000000207170810507e+00
1.000001170750999480e+00
1.000005601259327248e+00
1.000023260616988541e+00
1.000085420068226760e+00
1.000281237116761091e+00
1.000838322881779652e+00
1.002277006055739106e+00
1.005654939495108868e+00
1.012851982378333515e+00
1.026693244001986693e+00
1.050518170547310781e+00
1.086792422181401152e+00
1.134867446508410316e+00
1.189027544905942868e+00
1.238585595917278903e+00
1.270938071539577274e+00
1.276083552380283592e+00
1.249974162365876662e+00
1.195072923583061719e+00
1.118420065193143076e+00
1.029160953626122366e+00
9.363429602233263038e-01
8.477779456209473263e-01
7.695014953209131647e-01
7.056508363719157240e-01
6.587197049860997744e-01
6.295858046103107730e-01
6.178646271829635328e-01
6.220969003250641505e-01
6.401194116919620702e-01
6.694468783961173841e-01
7.074671350430093986e-01
7.517297147231969401e-01
8.000219332673530470e-01
8.504807939280057960e-01
9.016033489368427967e-01
9.522231792415219997e-01
1.001492994820317284e+00
1.048801013468809940e+00
1.093737679244561889e+00
1.136041343165094641e+00
1.175565650284186692e+00
1.212252940278223612e+00
1.246102783085542898e+00
1.277160245016481177e+00
1.305495695859107741e+00
1.331198730676182329e+00
1.354371049756565082e+00
1.375119182015804853e+00
1.393552498572922183e+00
1.409778232966996114e+00
1.423902047012071126e+00
1.436026168327854347e+00
1.446249359279297320e+00
1.455855078835842864e+00
1.465176568254336953e+00
1.473385547117126659e+00
1.480489809100858256e+00
1.486626648494245417e+00
1.491578699571785682e+00
1.495099555179342676e+00
1.497277804828237358e+00
1.498195283092129904e+00
1.497927910729317080e+00
1.496546174958372610e+00
1.494115265687520289e+00
1.490695588308527331e+00
1.486342693814234117e+00
1.481107986364309070e+00
1.475039355680281217e+00
1.468181316704172845e+00
1.460575402812599455e+00
1.452260236603093224e+00
1.443271757850597803e+00
1.433643425113291681e+00
1.423406688211539484e+00
1.412591472843807594e+00
1.401226050489674524e+00
1.389337182545945515e+00
1.376950320397639649e+00
1.364089817688550310e+00
1.350779240153010541e+00
1.337041337721190271e+00
1.322898404999135469e+00
1.308372576804999632e+00
1.293485621332379543e+00
1.278258973951918120e+00
1.262713762433699038e+00
1.246870766869635938e+00
1.230750440857598660e+00
1.214372941622285929e+00
1.197758334384057211e+00
1.180926695096801593e+00
1.163898033908809415e+00
1.146692332775735457e+00
1.129329579099660252e+00
1.111829797592215785e+00
1.094213140144230101e+00
1.076500114381564011e+00
1.058711615803615169e+00
1.040868703598194278e+00
1.022992844342007102e+00
1.005106267309484380e+00
9.872320039620896548e-01
9.693940672963906602e-01
9.516176217004164162e-01
9.339290277799155993e-01
9.163560285173565356e-01
8.989278622751754044e-01
8.816753400726347056e-01
8.646308706053951187e-01
8.478282961124727901e-01
8.313029224810575268e-01
8.150914404412930026e-01
7.992315040252478964e-01
7.837614387200221300e-01
7.687200134980942678e-01
7.541461497187738061e-01
7.400786615128551738e-01
7.265559543481536764e-01
7.136156888705726953e-01
7.012944647785346319e-01
6.896274521019128967e-01
6.786480054055940014e-01
6.683872893499437362e-01
6.588739195410309168e-01
6.501339752384516224e-01
6.421909664593442590e-01
6.350654405991658091e-01
6.287749842344404483e-01
6.233341937667022936e-01
6.187542628457903815e-01
6.150428169135461198e-01
6.122038807170725461e-01
6.102377545590684793e-01
6.091411666736893382e-01
6.089074503999998278e-01
6.095264827606312608e-01
6.109848873425267612e-01
6.132662455546816771e-01
6.163510797625388893e-01
6.202170730687484035e-01
6.248393096713706907e-01
6.301903278744073189e-01
6.362403368166335005e-01
6.429573232445354725e-01
6.503069588143082225e-01
6.582526580737636523e-01
6.667558828326646259e-01
6.757763751630028182e-01
6.852721426853051190e-01
6.951997320601803754e-01
7.055145780112261900e-01
7.161711509316590618e-01
7.271232635505086028e-01
7.383243663726121175e-01
7.497276870185080044e-01
7.612863768987540025e-01
7.729538037385229599e-01
7.846837764060349274e-01
7.964306064899416837e-01
8.081493488446389595e-01
8.197960795140878387e-01
8.313280604971245991e-01
8.427039131966007623e-01
8.538838872730416529e-01
8.648301053957287987e-01
8.755067183729665636e-01
8.858800993903919174e-01
8.959190925514100012e-01
9.055951677722442472e-01
9.148824513064305330e-01
9.237577668333198933e-01
9.322006691449867821e-01
9.401934190283774972e-01
9.477209021294952240e-01
9.547705129925095902e-01
9.613319669584277083e-01
9.673970481809023303e-01
9.729593233951816522e-01
9.780138097595975077e-01
9.825565986698869825e-01
9.865844334053702758e-01
9.900942447381467781e-01
9.930826582100070743e-01
9.955454837719998062e-01
9.974771997650485611e-01
9.988704435067018439e-01
9.995718009398005810e-01
1.000000000000000000e+00
