1.000000000000000000e+00
1.000000000000000000e+00
1.000000000000000000e+00
1.000000000000000000e+00
1.000000000000000000e+00
1.000000000000679012e+00
1.000000000019967139e+00
1.000000000357822882e+00
1.000000004298499334e+00
1.000000037897510463e+00
1.000000261306817961e+00
1.000001474895417131e+00
1.000007046698434321e+00
1.000029217353264999e+00
1.000107102446256224e+00
1.000351893302785289e+00
1.001046406461995497e+00
1.002834142407206697e+00
1.007015031175049424e+00
1.015879762902596184e+00
1.032826422268320332e+00
1.061779594095048296e+00
1.105449233285336952e+00
1.162633162146596399e+00
1.226037832287986351e+00
1.282731576589455136e+00
1.318119814238517540e+00
1.321330410827260549e+00
1.288813524850417780e+00
1.224498213012730874e+00
1.137166608481759766e+00
1.037507493889141319e+00
9.356379613915448701e-01
8.399590837304137247e-01
7.566684721822245496e-01
6.897338163292477953e-01
6.413084059281511928e-01
6.118124501659220060e-01
6.004275924856132818e-01
6.053239842444804175e-01
6.240947798697945581e-01
6.541635972064352433e-01
6.929130920741946031e-01
7.379548930649396654e-01
7.871366904311849488e-01
8.386429458014983407e-01
8.909922736693155487e-01
9.430131243773242078e-01
9.938421540836152035e-01
1.042835157063873863e+00
1.089546546300509400e+00
1.133676421247542310e+00
1.175042759265884973e+00
1.213557882632817941e+00
1.249194968912543002e+00
1.281978590581760002e+00
1.311962062014926822e+00
1.339222189631164683e+00
1.363851697500523930e+00
1.385950764466812535e+00
1.405625100188419241e+00
1.422979793220701783e+00
1.438120204181195572e+00
1.451149569142435869e+00
1.462168750175144583e+00
1.472464336627520742e+00
1.482373103527516278e+00
1.491070878315410964e+00
1.498569879809490413e+00
1.505051312445899070e+00
1.510356449375004573e+00
1.514199737200362161e+00
1.516618774184500751e+00
1.517701670501765410e+00
1.517530442004926261e+00
1.516181458684284333e+00
1.513725474340681609e+00
1.510228154248202559e+00
1.505749875510296043e+00
1.500346529671283680e+00
1.494070239994402804e+00
1.486969460830962708e+00
1.479089407711688731e+00
1.470472084370835208e+00
1.461156515651723220e+00
1.451178952046233483e+00
1.440573423207666126e+00
1.429372310993071604e+00
1.417606144332492768e+00
1.405303745857246378e+00
1.392492452258683455e+00
1.379198352732091903e+00
1.365446653881438710e+00
1.351261616370143193e+00
1.336666988469224604e+00
1.321686358683493268e+00
1.306342868912604205e+00
1.290659235327112242e+00
1.274657758926894591e+00
1.258360253195495160e+00
1.241788050390360665e+00
1.224962019703587757e+00
1.207902809621042239e+00
1.190630960798295890e+00
1.173166789189072690e+00
1.155530415984516557e+00
1.137741792791197470e+00
1.119820725061215771e+00
1.101786971045546792e+00
1.083660521625809503e+00
1.065461627410493772e+00
1.047210494182528873e+00
1.028927586395636196e+00
1.010634078961226923e+00
9.923519018199707942e-01
9.741039699926999917e-01
9.559144050339065668e-01
9.378085972585898933e-01
9.198134576602298162e-01
9.019575791617000515e-01
8.842713567192405089e-01
8.667870439235357827e-01
8.495385648434777837e-01
8.325615882631907105e-01
8.158934631981769048e-01
7.995727033901302017e-01
7.836386471938734388e-01
7.681312064791344651e-01
7.530905355127203160e-01
7.385567461968512992e-01
7.245695711197593925e-01
7.111679833904619441e-01
6.983898465288506108e-01
6.862714955261002281e-01
6.748472961307125928e-01
6.641492199683589615e-01
6.542064402970518833e-01
6.450454380686047040e-01
6.366900472842994541e-01
6.291610039048579628e-01
6.224760361439883871e-01
6.166499082098431117e-01
6.116939266387972918e-01
6.076157790322154195e-01
6.044195473458381374e-01
6.021055824860186423e-01
6.006707528543174801e-01
6.001087150640288526e-01
6.004098352539429806e-01
6.015614664539169487e-01
6.035482221335864983e-01
6.063519111134151318e-01
6.099517906990411520e-01
6.143248337247668722e-01
6.194457149963117359e-01
6.252870169609279216e-01
6.318192667321297362e-01
6.390106778941506693e-01
6.468270986090636221e-01
6.552323070820106343e-01
6.641882025502759967e-01
6.736546405434670204e-01
6.835896828607840314e-01
6.939499597964281508e-01
7.046907484345192874e-01
7.157662860275022521e-01
7.271300748539806236e-01
7.387349706243101499e-01
7.505332899034580230e-01
7.624771365602762696e-01
7.745186397387019417e-01
7.866099653673054304e-01
7.987035943106538527e-01
8.107526629300073617e-01
8.227111486165360477e-01
8.345340756964081397e-01
8.461778666619393929e-01
8.576006662392642310e-01
8.687625437077162172e-01
8.796257594035964411e-01
8.901551177146388438e-01
9.003181934891788529e-01
9.100853880245599603e-01
9.194300101742637343e-01
9.283283574781217018e-01
9.367597239265084141e-01
9.447063391962401413e-01
9.521532707317711397e-01
9.590882353328809007e-01
9.655013325140070490e-01
9.713847425295318860e-01
9.767323718381982767e-01
9.815394479383736659e-01
9.858020591177631964e-01
9.895166431500946880e-01
9.926794422366682635e-01
9.952859365606873121e-01
9.973302701544620730e-01
9.988046827568658470e-01
9.995465740561834123e-01
1.000000000000000000e+00
