1.000000000000000000e+00
1.000000000000000000e+00
1.000000000000000000e+00
1.000000000000000000e+00
1.000000000000000000e+00
1.000000000000000444e+00
9.999999999999841238e-01
9.999999999993096633e-01
9.999999999862491107e-01
9.999999998236580590e-01
9.999999983490328592e-01
9.999999878627017225e-01
9.999999264929022580e-01
9.999996207094475897e-01
9.999982914182147242e-01
9.999931597681650519e-01
9.999753473833533635e-01
9.999193047083017039e-01
9.997587870646490460e-01
9.993398446984871342e-01
9.983451939873755343e-01
9.962049950612834603e-01
9.920502665075511262e-01
9.848022810029897212e-01
9.734642946568613509e-01
9.575495707574265269e-01
9.374397444531344936e-01
9.144490174726576104e-01
8.905613785477816124e-01
8.679910113709867758e-01
8.487443875082364420e-01
8.343422778265404682e-01
8.256872086767387264e-01
8.230810970038637819e-01
8.263167217252435082e-01
8.348072198929161747e-01
8.477401539323852209e-01
8.641907565153190696e-01
8.832325366274633716e-01
9.040012869298795772e-01
9.257415062382705617e-01
9.478292266663241872e-01
9.697661932951856523e-01
9.911744781809618265e-01
1.011775242390381857e+00
1.031373957488462612e+00
1.049842646694610249e+00
1.067104754845793924e+00
1.083124553006262536e+00
1.097894040337459964e+00
1.111426368782086449e+00
1.123748655530397045e+00
1.134897808993399204e+00
1.144917376225016659e+00
1.153854177579467732e+00
1.161757123222673993e+00
1.168675129624768383e+00
1.174656650573691730e+00
1.179749061325838566e+00
1.183998010129053924e+00
1.187447373269402862e+00
1.190138812785296984e+00
1.192112020152833018e+00
1.193404625134981023e+00
1.194052753729275773e+00
1.195025745958161023e+00
1.196261757755957778e+00
1.196871130569721275e+00
1.196896663729246635e+00
1.196377794881634316e+00
1.195351060523197395e+00
1.193850284687739460e+00
1.191906917637491903e+00
1.189550265491388537e+00
1.186807745734411945e+00
1.183705072463612229e+00
1.180266376763851266e+00
1.176514368419317114e+00
1.172470403228524027e+00
1.168154653028215639e+00
1.163586257058619067e+00
1.158783395542835493e+00
1.153763393659804626e+00
1.148542774380860720e+00
1.143137329125724300e+00
1.137562180782614396e+00
1.131831880323526995e+00
1.125960500923908203e+00
1.119961643195086731e+00
1.113848475722013287e+00
1.107633780689444514e+00
1.101329997955863504e+00
1.094949279375173168e+00
1.088503495441894398e+00
1.082004290444604111e+00
1.075463126207384823e+00
1.068891258393475541e+00
1.062299742839779348e+00
1.055699439539071971e+00
1.049101007140887498e+00
1.042514904138409637e+00
1.035951389927146193e+00
1.029420545113248764e+00
1.022932277909010867e+00
1.016496308252076375e+00
1.010122164545613987e+00
1.003819179048254462e+00
9.975964820704440461e-01
9.914630015961650722e-01
9.854274761527986870e-01
9.794984454160993170e-01
9.736842137623338278e-01
9.679928618632573922e-01
9.624322675321714815e-01
9.570100929436364812e-01
9.517337845380430261e-01
9.466105709577686822e-01
9.416474482395764678e-01
9.368511775969975419e-01
9.322282759711039146e-01
9.277850030818041160e-01
9.235273444978880919e-01
9.194609798161964553e-01
9.155912686869388528e-01
9.119232296460700882e-01
9.084614941590635206e-01
9.052102748989006020e-01
9.021733424479925212e-01
8.993540004034592528e-01
8.967550661518153277e-01
8.943788519020005046e-01
8.922271465727054096e-01
8.903012023817299392e-01
8.886017210321535131e-01
8.871288418788838559e-01
8.858821338048082916e-01
8.848605906399396037e-01
8.840626512849047991e-01
8.834862176081602625e-01
8.831286512988956172e-01
8.829867951792944591e-01
8.830569929301913534e-01
8.833350871923435488e-01
8.838164324980704034e-01
8.844959156715501702e-01
8.853679708980588536e-01
8.864266090629657757e-01
8.876654474631014979e-01
8.890777261443237878e-01
8.906563372640450282e-01
8.923938540304344746e-01
8.942825473900346545e-01
8.963144140774731428e-01
8.984812050876748168e-01
9.007744444809113737e-01
9.031854559203069677e-01
9.057053837329381851e-01
9.083252044348265608e-01
9.110357456533985099e-01
9.138277167700766812e-01
9.166917362501117994e-01
9.196183475847892197e-01
9.225980490723281191e-01
9.256213274474009989e-01
9.286786825459359962e-01
9.317606598424293951e-01
9.348578829635465492e-01
9.379610795154393887e-01
9.410611077658103119e-01
9.441489904702173863e-01
9.472159459018630878e-01
9.502534115834994077e-01
9.532530762575414096e-01
9.562069133495151307e-01
9.591072087687201320e-01
9.619465883234286085e-01
9.647180483574594456e-01
9.674149837222077997e-01
9.700312096562105912e-01
9.725609829702476228e-01
9.749990227034748269e-01
9.773405229619844814e-01
9.795811560260280215e-01
9.817170713403051696e-01
9.837448890535881452e-01
9.856616853127930789e-01
9.874649690496895005e-01
9.891526509133573564e-01
9.907230024775635080e-01
9.921746060526114297e-01
9.935062965410379476e-01
9.947170950978863058e-01
9.958061351646065873e-01
9.967725814745416191e-01
9.976155431206644719e-01
9.983339824064082491e-01
9.989266212561763725e-01
9.993918471857403674e-01
9.997276209783492185e-01
9.998970760292359428e-01
1.000000000000000000e+00
