1.000000000000000000e+00
1.000000000000000000e+00
1.000000000000000000e+00
1.000000000000000000e+00
1.000000000000000000e+00
1.000000000000428768e+00
1.000000000012610579e+00
1.000000000226241248e+00
1.000000002721189052e+00
1.000000024024620737e+00
1.000000165912362293e+00
1.000000938122907801e+00
1.000004491141519791e+00
1.000018663976660616e+00
1.000068595840181152e+00
1.000226057042439498e+00
1.000674574197232047e+00
1.001834583877825313e+00
1.004563085747628204e+00
1.010389210201248167e+00
1.021624269189108869e+00
1.041027479867232541e+00
1.070688922760828055e+00
1.110188076131791934e+00
1.154924193313748848e+00
1.196063005626098574e+00
1.222928232487322298e+00
1.226744912158066247e+00
1.203601958481732348e+00
1.155166074091911854e+00
1.087239628957119786e+00
1.007703896611516159e+00
9.245905981403688134e-01
8.450017396826117189e-01
7.745532750180628145e-01
7.171960833560352411e-01
6.753715050947546317e-01
6.500186296664621777e-01
6.408578785398244548e-01
6.465727151243265691e-01
6.651484886201847191e-01
6.942300323908688897e-01
7.313370223079271870e-01
7.741352918289282625e-01
8.205303163830813817e-01
8.687677922237189154e-01
9.174432738112249242e-01
9.654775225928515781e-01
1.012091906657794471e+00
1.056733157150439029e+00
1.099036978420209865e+00
1.138777373396053560e+00
1.175834500718592412e+00
1.210168766139741336e+00
1.241792588983495094e+00
1.270758475887193262e+00
1.297141308989584685e+00
1.321032258778489066e+00
1.342532291551435053e+00
1.361745861537602575e+00
1.378778972170906059e+00
1.393735009483421550e+00
1.406715082769700587e+00
1.417816494217916778e+00
1.427132816811922833e+00
1.435942039267909198e+00
1.444572005422262162e+00
1.452188948430663373e+00
1.458795242331150099e+00
1.464400278361940089e+00
1.468793266709541800e+00
1.471842878295424484e+00
1.473631196213994965e+00
1.474233959039311870e+00
1.473721339758276683e+00
1.472158420019548331e+00
1.469605374919261465e+00
1.466117955168477982e+00
1.461747487757088404e+00
1.456541503501336488e+00
1.450544298321270853e+00
1.443797088673693940e+00
1.436338369504801316e+00
1.428204005959713419e+00
1.419427450174503447e+00
1.410039934018023855e+00
1.400070880268277529e+00
1.389548321551039800e+00
1.378498816516902759e+00
1.366947587910622097e+00
1.354918704854255473e+00
1.342435273660567585e+00
1.329519706799008993e+00
1.316193716039834483e+00
1.302478620229168715e+00
1.288395599151763049e+00
1.273965538487723759e+00
1.259209069762617927e+00
1.244146602908852595e+00
1.228798305485568010e+00
1.213184131271266786e+00
1.197323855712366214e+00
1.181237251553627576e+00
1.164944181660541700e+00
1.148464546709847989e+00
1.131818324632063444e+00
1.115025606395705138e+00
1.098106629761572695e+00
1.081081858903396586e+00
1.063972173874502047e+00
1.046798901583745112e+00
1.029583641161389451e+00
1.012348461967295776e+00
9.951161881896172234e-01
9.779104292944813537e-01
9.607557193066986745e-01
9.436776458647714305e-01
9.267028772638292722e-01
9.098592981978664840e-01
8.931760842544790302e-01
8.766837445481031610e-01
8.604141199350071600e-01
8.444002298089293701e-01
8.286762678663955883e-01
8.132775096362150347e-01
7.982399505779518289e-01
7.836000440290485924e-01
7.693944872329208096e-01
7.556599567835787790e-01
7.424328670690121257e-01
7.297490954345611236e-01
7.176436800620000778e-01
7.061505331491799708e-01
6.953021143083223388e-01
6.851290920950223740e-01
6.756600160339655270e-01
6.669210025159683086e-01
6.589357035885864411e-01
6.517252424717420167e-01
6.453078800227856071e-01
6.396989820467975374e-01
6.349109669699315450e-01
6.309529720035058631e-01
6.278307107195690850e-01
6.255464361337290669e-01
6.240988425613394064e-01
6.234831786407742937e-01
6.236913850173469998e-01
6.247120627505506896e-01
6.265306435417499209e-01
6.291295727695612738e-01
6.324883318273697430e-01
6.365836403461919701e-01
6.413896790870565745e-01
6.468781811807358118e-01
6.530186473068261277e-01
6.597784846271651515e-01
6.671230039098907660e-01
6.750155285155070573e-01
6.834176828303349938e-01
6.922896286800098720e-01
7.015901216225419734e-01
7.112767741559544721e-01
7.213063710757612323e-01
7.316350364318049415e-01
7.422185121253059847e-01
7.530124248880233351e-01
7.639724370870913939e-01
7.750543992161841311e-01
7.862146037615889149e-01
7.974099865953444555e-01
8.085982072267123844e-01
8.197378544257981625e-01
8.307886752922614138e-01
8.417117195073718916e-01
8.524694865280405542e-01
8.630261380938557547e-01
8.733476899635121971e-01
8.834021356284060822e-01
8.931595943897753243e-01
9.025924944054630750e-01
9.116756839235399257e-01
9.203864482221255638e-01
9.287045288100626017e-01
9.366121314498800920e-01
9.440938855441296518e-01
9.511367564170827293e-01
9.577299252977291566e-01
9.638646098788498096e-01
9.695338312159338390e-01
9.747321482424292638e-01
9.794553517246358254e-01
9.837001194910457436e-01
9.874636321614385093e-01
9.907431534119662819e-01
9.935355859894865471e-01
9.958370128283070555e-01
9.976422338144255164e-01
9.989443091721977863e-01
9.996000031189901103e-01
1.000000000000000000e+00
