1.000000000000000000e+00
1.000000000000000000e+00
1.000000000000000000e+00
1.000000000000000000e+00
1.000000000000000000e+00
1.000000000000241362e+00
1.000000000006625589e+00
1.000000000118747900e+00
1.000000001426871954e+00
1.000000012583263542e+00
1.000000086786119402e+00
1.000000489978367657e+00
1.000002341605267686e+00
1.000009711235965160e+00
1.000035606579554814e+00
1.000117012349414747e+00
1.000348022954126170e+00
1.000942800473786143e+00
1.002334145640451535e+00
1.005284981655063303e+00
1.010926470479530437e+00
1.020558261677397827e+00
1.035043873676783965e+00
1.053847270348427401e+00
1.074187419149934097e+00
1.091055691838674013e+00
1.098520776199879423e+00
1.091768678567641704e+00
1.068782790641293889e+00
1.030845579980622650e+00
9.818091421248774653e-01
9.269130495943038728e-01
8.715744577296046236e-01
8.206172561259111875e-01
7.778205038350806122e-01
7.457290415142660001e-01
7.257163709518421602e-01
7.180257768310672750e-01
7.220065505489446922e-01
7.363195731563501045e-01
7.592199373494233905e-01
7.888251884328516539e-01
8.232777469143097715e-01
8.609046264165211015e-01
9.002647300172739175e-01
9.401873182479060231e-01
9.797594297873588598e-01
1.018296442080368180e+00
1.055314843918788492e+00
1.090481589867990264e+00
1.123586404042897779e+00
1.154508460608697273e+00
1.183194719927098237e+00
1.209642682959459981e+00
1.233882677375981007e+00
1.255969726238440609e+00
1.275972510345996236e+00
1.293969228538137894e+00
1.310043396897928814e+00
1.324279899307890807e+00
1.336763661077593035e+00
1.347577079326173655e+00
1.356800173583569524e+00
1.364509653411588364e+00
1.370779173765894754e+00
1.376867367306678025e+00
1.383083705423129306e+00
1.388576677243226865e+00
1.393171545781869636e+00
1.396654339954415569e+00
1.398976130445528154e+00
1.400206823818317847e+00
1.400410979098100750e+00
1.399648253919931973e+00
1.397973996252202200e+00
1.395439633772001420e+00
1.392092872330696007e+00
1.387978069966261607e+00
1.383136302994576017e+00
1.377605816810250516e+00
1.371422430061492337e+00
1.364619680701526727e+00
1.357229094261229951e+00
1.349280282196124503e+00
1.340801115189063308e+00
1.331817878751677009e+00
1.322355562379679217e+00
1.312438150951927840e+00
1.302088600563501952e+00
1.291328950800624487e+00
1.280180462878767633e+00
1.268663761085075947e+00
1.256799020867735983e+00
1.244605984416753186e+00
1.232104168901265950e+00
1.219313039419763545e+00
1.206251928343119451e+00
1.192940073925074840e+00
1.179396653404013229e+00
1.165640782394487651e+00
1.151691543617736180e+00
1.137568018653281943e+00
1.123289403080401039e+00
1.108875069521119583e+00
1.094344541450831487e+00
1.079717521060896246e+00
1.065013913302457871e+00
1.050253846803844482e+00
1.035457719986560443e+00
1.020646309129774831e+00
1.005840779785305950e+00
9.910625751338485445e-01
9.763335203710991061e-01
9.616759728910810878e-01
9.471128195170331887e-01
9.326675323808646390e-01
9.183642141783739943e-01
9.042275799966356109e-01
8.902829964143540442e-01
8.765564807006693826e-01
8.630746769655929240e-01
8.498648033266422708e-01
8.369545113854662821e-01
8.243718257183487719e-01
8.121450323257414228e-01
8.003024186485468983e-01
7.888720698739332127e-01
7.778816928966030275e-01
7.673584147083946094e-01
7.573285957994153605e-01
7.478176292578455620e-01
7.388497297998856128e-01
7.304477361632389920e-01
7.226328988259055341e-01
7.154246686198704186e-01
7.088404985974459116e-01
7.028956611119451248e-01
6.976032155707312388e-01
6.929739652497195479e-01
6.890162857781877426e-01
6.857361120511544783e-01
6.831369223616620134e-01
6.812195911222181932e-01
6.799823446714976516e-01
6.794207760163079035e-01
6.795278361969934178e-01
6.802939331829307434e-01
6.817070469221735429e-01
6.837527673639676173e-01
6.864144324539261932e-01
6.896732748735850960e-01
6.935084951481682580e-01
6.978974213816933059e-01
7.028156795716956617e-01
7.082373028431204753e-01
7.141348985320027376e-01
7.204797794920950738e-01
7.272420291917243151e-01
7.343906176749149806e-01
7.418935982833086973e-01
7.497182781060248713e-01
7.578313035332339132e-01
7.661988382340609860e-01
7.747867622999892179e-01
7.835608009407603047e-01
7.924867016438124079e-01
8.015304035793412440e-01
8.106581518173088252e-01
8.198366102057238480e-01
8.290330182397109837e-01
8.382153220018676576e-01
8.473522480674257062e-01
8.564134323046033170e-01
8.653695571296941003e-01
8.741924479473711651e-01
8.828551683823622209e-01
8.913321422557126672e-01
8.995992628252628132e-01
9.076339673920411633e-01
9.154153185605031773e-01
9.229240962556258809e-01
9.301428513602375547e-01
9.370559100503035310e-01
9.436493717394134340e-01
9.499110937117511977e-01
9.558306447131058592e-01
9.613992274996820964e-01
9.666095764485405084e-01
9.714558175625945813e-01
9.759332932885218526e-01
9.800383618071896175e-01
9.837681674727885017e-01
9.871203839480349185e-01
9.900929307941297441e-01
9.926836668442339251e-01
9.948900673145083529e-01
9.967088911455860289e-01
9.981358459396326710e-01
9.991652583248182840e-01
9.996840460913891668e-01
1.000000000000000000e+00
