1.000000000000000000e+00
1.000000000000000000e+00
1.000000000000000000e+00
1.000000000000000000e+00
1.000000000000000000e+00
1.000000000000665690e+00
1.000000000019573676e+00
1.000000000350799390e+00
1.000000004214464777e+00
1.000000037160051258e+00
1.000000256248772423e+00
1.000001446517884585e+00
1.000006912050076080e+00
1.000028663485632574e+00
1.000105090728570900e+00
1.000345354355767435e+00
1.001027207077946457e+00
1.002782921830897234e+00
1.006890534520628711e+00
1.015604082328832147e+00
1.032271627525219504e+00
1.060769098780951714e+00
1.103791867400357063e+00
1.160197370970590613e+00
1.222841762399407450e+00
1.278994333137899009e+00
1.314225853658694154e+00
1.317719249959273586e+00
1.285855756443731179e+00
1.222415138479573837e+00
1.136015177955855604e+00
1.037206473004683049e+00
9.360168169099269964e-01
8.408053915809298173e-01
7.577695116758602634e-01
6.909086457100906964e-01
6.424237662199261401e-01
6.127924279484270320e-01
6.012480359119573015e-01
6.060017830663431138e-01
6.246703091722083379e-01
6.546811357835095047e-01
6.934092579401056611e-01
7.384506798849643783e-01
7.876379162068237738e-01
8.391428348163681994e-01
8.914757730270831404e-01
9.434613109167975242e-01
9.942348348295407812e-01
1.043153677459093487e+00
1.089775005202515912e+00
1.133802470981913224e+00
1.175057718625153180e+00
1.213456394168306307e+00
1.248974752363377627e+00
1.281639904625389459e+00
1.311507366383215745e+00
1.338655701646082719e+00
1.363178980550010966e+00
1.385178427685121116e+00
1.404760491035885739e+00
1.422030806600399711e+00
1.437095062493249698e+00
1.450056658232067530e+00
1.461016480447548727e+00
1.471261014508250531e+00
1.481126868914476313e+00
1.489789628717151704e+00
1.497261221353909155e+00
1.503722501892102770e+00
1.509007694851970394e+00
1.512831532755327668e+00
1.515237770960571773e+00
1.516314008565986082e+00
1.516141755313205275e+00
1.514796884755336803e+00
1.512349675696578855e+00
1.508865339584472887e+00
1.504403834527708206e+00
1.499020659516506537e+00
1.492767564182380990e+00
1.485692652748413556e+00
1.477840811094613960e+00
1.469253738541339338e+00
1.459970180704710296e+00
1.450026134129357658e+00
1.439455392238213616e+00
1.428290110052361506e+00
1.416560606634760244e+00
1.404295511710221156e+00
1.391521984258255129e+00
1.378265948597029444e+00
1.364552454094341005e+00
1.350405615435404938e+00
1.335849039196958854e+00
1.320906171047545596e+00
1.305600016842788813e+00
1.289953164892716719e+00
1.273987798079498246e+00
1.257725624788054386e+00
1.241187886780025451e+00
1.224395378654988820e+00
1.207368686639742172e+00
1.190128300616357437e+00
1.172694501334897943e+00
1.155087391258681428e+00
1.137326920734901936e+00
1.119432912425176285e+00
1.101425159560434963e+00
1.083323700963676695e+00
1.065148848850692831e+00
1.046920892357445787e+00
1.028660395435736952e+00
1.010388639464413041e+00
9.921276675889653118e-01
9.739005100913505908e-01
9.557314010844248919e-01
9.376458393320451501e-01
9.196708340341600563e-01
9.018350616591955804e-01
8.841689821562577212e-01
8.667048927593815622e-01
8.494767424709218639e-01
8.325202022440137961e-01
8.158725993411396482e-01
7.995724112591983124e-01
7.836589305353862667e-01
7.681720160590644886e-01
7.531517659661080000e-01
7.386382353642558796e-01
7.246711028131577192e-01
7.112892943374367061e-01
6.985306364159222792e-01
6.864314416352964576e-01
6.750260729242788527e-01
6.643465230704503899e-01
6.544220142323792233e-01
6.452790939940283854e-01
6.369416720712242075e-01
6.294305738604406564e-01
6.227636208499789383e-01
6.169556659069691529e-01
6.120181063172372982e-01
6.079587207792912507e-01
6.047816768350723349e-01
6.024874043179564431e-01
6.010728331194682417e-01
6.005316534624739466e-01
6.008542378548500373e-01
6.020279101496684993e-01
6.040372121635625424e-01
6.068638428095238790e-01
6.104869075735521733e-01
6.148831827812857309e-01
6.200271087490362154e-01
6.258909968738152196e-01
6.324450741279313837e-01
6.396572420597943509e-01
6.474930367545284060e-01
6.559159262549619784e-01
6.648875069154747131e-01
6.743673548687537656e-01
6.843132796651651972e-01
6.946816865190976742e-01
7.054276628327722509e-01
7.165052921885829429e-01
7.278679594882488946e-01
7.394684455774381826e-01
7.512590396311160656e-01
7.631918631620829840e-01
7.752191075137131460e-01
7.872930510861376741e-01
7.993663343456265391e-01
8.113922946369502842e-01
8.233251500445112336e-01
8.351202023647186223e-01
8.467341803348055196e-01
8.581255559250989817e-01
8.692547420201137687e-01
8.800843517180169107e-01
8.905795408502708010e-01
9.007082271526275496e-01
9.104411435650815454e-01
9.197519151511138746e-01
9.286171352526213507e-01
9.370163696859307167e-01
9.449320936101629487e-01
9.523495914224292536e-01
9.592567679387057344e-01
9.656438827232215472e-01
9.715032491350664712e-01
9.768288814190707603e-01
9.816160917715645029e-01
9.858610331604863442e-01
9.895601919498216992e-01
9.927098472781372696e-01
9.953055094060779817e-01
9.973413505781342225e-01
9.988096419549068461e-01
9.995484830767622508e-01
1.000000000000000000e+00
