1.000000000000000000e+00
1.000000000000000000e+00
1.000000000000000000e+00
1.000000000000000000e+00
1.000000000000000000e+00
1.000000000000244693e+00
1.000000000006736611e+00
1.000000000120739863e+00
1.000000001450897624e+00
1.000000012796056881e+00
1.000000088260970310e+00
1.000000498352045630e+00
1.000002381882027613e+00
1.000009879519806910e+00
1.000036228924940040e+00
1.000119078071672885e+00
1.000354239013052648e+00
1.000959872032264997e+00
1.002377099052953469e+00
1.005384121151108978e+00
1.011136205305450675e+00
1.020964045617415161e+00
1.035759821075178388e+00
1.054996372721359377e+00
1.075863403741528446e+00
1.093279281803114955e+00
1.101213202300377336e+00
1.094758318258538532e+00
1.071841612216444917e+00
1.033736501823046661e+00
9.843243501450971156e-01
9.288961366975512224e-01
8.729269400677118762e-01
8.212963094829752730e-01
7.778322135345117072e-01
7.451198219378142307e-01
7.245644433350689750e-01
7.164310482489140153e-01
7.200807425209547752e-01
7.341761594205946651e-01
7.569657687421244008e-01
7.865547246881018362e-01
8.210693992281925535e-01
8.588198943095614046e-01
8.983487950994817339e-01
9.384709882087769461e-01
9.782615593017899291e-01
1.017026399198895259e+00
1.054274898674444128e+00
1.089668778076614331e+00
1.122994109864402068e+00
1.154127599552580152e+00
1.183014652075192963e+00
1.209651905780376291e+00
1.234069288151761201e+00
1.256321776211418717e+00
1.276478216609011396e+00
1.294617129365933206e+00
1.310822451868402627e+00
1.325179538429857695e+00
1.337773815161825697e+00
1.348688178130569293e+00
1.358003143292839221e+00
1.365795901734036200e+00
1.372140570695201900e+00
1.378296227931529838e+00
1.384572766896959406e+00
1.390119082252613714e+00
1.394770140799599378e+00
1.398311493993698029e+00
1.400685460519395242e+00
1.401962366196860987e+00
1.402207153929331929e+00
1.401479832004925541e+00
1.399836069836325025e+00
1.397327589518194468e+00
1.394002364711795172e+00
1.389904997103914353e+00
1.385076781893149978e+00
1.379556162117210327e+00
1.373379135975200338e+00
1.366579403437425233e+00
1.359188636430207708e+00
1.351236577396460525e+00
1.342751213654294284e+00
1.333758933921689982e+00
1.324284819852253881e+00
1.314352939896501482e+00
1.303986324331776858e+00
1.293207078207062155e+00
1.282036520461234064e+00
1.270495326430390648e+00
1.258603717545272449e+00
1.246381476720131998e+00
1.233848158517163007e+00
1.221023263698796102e+00
1.207926157472906326e+00
1.194576108324354236e+00
1.180992321308748316e+00
1.167193937299534579e+00
1.153200061928012055e+00
1.139029797617183482e+00
1.124702359995525702e+00
1.110237141685021856e+00
1.095653685894942164e+00
1.080971714727274380e+00
1.066211153672121048e+00
1.051392153000169527e+00
1.036535134713190143e+00
1.021660902265350002e+00
1.006790652567970401e+00
9.919458635164651872e-01
9.771484002274746228e-01
9.624206677523676756e-01
9.477856090827273539e-01
9.332667626339736788e-01
9.188883090774254692e-01
9.046750540473885716e-01
8.906524689461388089e-01
8.768466914292750713e-01
8.632845026293393120e-01
8.499932750689305205e-01
8.370008317442872992e-01
8.243353863027752526e-01
8.120254314780944727e-01
8.000994770023583946e-01
7.885858444661659750e-01
7.775124901013216183e-01
7.669068015055379162e-01
7.567954094409949928e-01
7.472039849563012481e-01
7.381570261015775181e-01
7.296776579932388040e-01
7.217874177634573396e-01
7.145060401800984451e-01
7.078512564730379264e-01
7.018386083652413676e-01
6.964814148974415309e-01
6.917907279761918993e-01
6.877751574052733963e-01
6.844408566601412058e-01
6.817915056913725902e-01
6.798281600643232281e-01
6.785492046910921449e-01
6.779503673490249183e-01
6.780247083666687269e-01
6.787627195715700834e-01
6.801524396516136495e-01
6.821794912071025285e-01
6.848272194669489110e-01
6.880768399348542452e-01
6.919075111997576855e-01
6.962964958988526742e-01
7.012193325069410177e-01
7.066499450630834289e-01
7.125608118103214927e-01
7.189230975051014161e-01
7.257067184266196014e-01
7.328804591895575760e-01
7.404121717914543543e-01
7.482689479901777352e-01
7.564172053464464085e-01
7.648228673565538038e-01
7.734515651635698319e-01
7.822687676131768741e-01
7.912399606517103168e-01
8.003308188525405376e-01
8.095073207929289749e-01
8.187358630776085944e-01
8.279834191404147337e-01
8.372176716680123087e-01
8.464070869890941706e-01
8.555210453460548869e-01
8.645299797933000407e-01
8.734054735871018549e-01
8.821203563854622676e-01
8.906488277199379189e-01
8.989665675743958584e-01
9.070508118003595133e-01
9.148804344087745344e-01
9.224360409355328860e-01
9.297000228939948929e-01
9.366565622198391727e-01
9.432916294048860895e-01
9.495929682989731058e-01
9.555500495549008599e-01
9.611539927342883649e-01
9.663974633017778926e-01
9.712745316246405025e-01
9.757804964430566441e-01
9.799116826403908576e-01
9.836652099196148136e-01
9.870387339411664795e-01
9.900301606650590003e-01
9.926373372461633204e-01
9.948577265121585356e-01
9.966880715751064157e-01
9.981240580074890456e-01
9.991599814821049419e-01
9.996820420119514328e-01
1.000000000000000000e+00
