1.000000000000000000e+00
1.000000000000000000e+00
1.000000000000000000e+00
1.000000000000000000e+00
1.000000000000000000e+00
1.000000000000111688e+00
1.000000000003248513e+00
1.000000000057989169e+00
1.000000000693693325e+00
1.000000006086160909e+00
1.000000041728243971e+00
1.000000233984165821e+00
1.000001109363526153e+00
1.000004558312408198e+00
1.000016531622609506e+00
1.000053627166176851e+00
1.000157040228669914e+00
1.000417489137708671e+00
1.001009999254058203e+00
1.002222001703775511e+00
1.004429205879707521e+00
1.007946946716428149e+00
1.012706591607916762e+00
1.017831600989334007e+00
1.021382593182294851e+00
1.020596274367108425e+00
1.012711390528804767e+00
9.959995308479494547e-01
9.704684517507516928e-01
9.379224013683967742e-01
9.014193216034200873e-01
8.645555272356316712e-01
8.307632913442349887e-01
8.028715455372690268e-01
7.828594554007701767e-01
7.717813629007170828e-01
7.698669566200334602e-01
7.766235025185503904e-01
7.910549042125694097e-01
8.118446763877262828e-01
8.375557073130478480e-01
8.667929474750116769e-01
8.982838099737987525e-01
9.309472233767479565e-01
9.638958584147270248e-01
9.964374646422202719e-01
1.028051815895514309e+00
1.058363330395621471e+00
1.087119122482794520e+00
1.114155674154823972e+00
1.139381057793128038e+00
1.162754473392849874e+00
1.184273381130220404e+00
1.203963404622608424e+00
1.221867868443496929e+00
1.238043255946505772e+00
1.252552658178839984e+00
1.265463536314541004e+00
1.276845331272732587e+00
1.286767156261787726e+00
1.295297128579853574e+00
1.302500834596232560e+00
1.308441552921358664e+00
1.313179731798618466e+00
1.316773400148741446e+00
1.320466127382283528e+00
1.324553026674530454e+00
1.327939435846377858e+00
1.330331611675838577e+00
1.331738031514051013e+00
1.332218962880868718e+00
1.331829953171892900e+00
1.330622423980415858e+00
1.328644038909210012e+00
1.325939160644940218e+00
1.322549163036151887e+00
1.318512607315209140e+00
1.313865532250568791e+00
1.308641531162048066e+00
1.302872086552084641e+00
1.296586870137016012e+00
1.289813865063470955e+00
1.282579568807698189e+00
1.274909078990104305e+00
1.266826228277376565e+00
1.258353705859799776e+00
1.249513267386674675e+00
1.240325944675717107e+00
1.230812041194262463e+00
1.220991218355382379e+00
1.210882598071612914e+00
1.200504865990966064e+00
1.189876404535009202e+00
1.179015309235284192e+00
1.167939532039403927e+00
1.156666999424427855e+00
1.145215560560417734e+00
1.133603013834214135e+00
1.121847128725023124e+00
1.109965644351476932e+00
1.097976286379814370e+00
1.085896784717880204e+00
1.073744944143802282e+00
1.061538679255201068e+00
1.049295989980122856e+00
1.037034970992313898e+00
1.024773817292117029e+00
1.012530826284444796e+00
1.000324414470367129e+00
9.881731715715853515e-01
9.760958513343980236e-01
9.641112832440487113e-01
9.522384193962269983e-01
9.404964077517238286e-01
9.289045671821229977e-01
9.174823974308701224e-01
9.062495808611067405e-01
8.952259435478924221e-01
8.844314505881686328e-01
8.738861760306619875e-01
8.636102581800469968e-01
8.536238375990349292e-01
8.439469432038040342e-01
8.345994279462851662e-01
8.256008759019456411e-01
8.169704240386670424e-01
8.087266215535016123e-01
8.008873096402232550e-01
7.934694904379093749e-01
7.864892092866248019e-01
7.799614334220430489e-01
7.738999298021045359e-01
7.683171556869807794e-01
7.632241458902875308e-01
7.586304055813434255e-01
7.545438154778273399e-01
7.509705500781692633e-01
7.479150836719850037e-01
7.453801927409162698e-01
7.433668894769536184e-01
7.418744452319216975e-01
7.409004138054017252e-01
7.404405838052648958e-01
7.404889885765716384e-01
7.410379484367125569e-01
7.420780997777637333e-01
7.435984812890356066e-01
7.455866273377690367e-01
7.480286182861604072e-01
7.509091826041254247e-01
7.542118016174426121e-01
7.579187730369479903e-01
7.620113186272529093e-01
7.664696955021976787e-01
7.712732732787060952e-01
7.764006401808839497e-01
7.818296888648869070e-01
7.875376662640815040e-01
7.935012492830796349e-01
7.996966619914367413e-01
8.060997783362733315e-01
8.126861799960817256e-01
8.194312624060466899e-01
8.263103517754167848e-01
8.332987854052744670e-01
8.403720175972051454e-01
8.475057218847531493e-01
8.546758649322804269e-01
8.618587802405274223e-01
8.690312652616899447e-01
8.761706654013873274e-01
8.832549286142866718e-01
8.902626887773218423e-01
8.971733534299188850e-01
9.039671699862295018e-01
9.106252907729954771e-01
9.171298511223695549e-01
9.234640395783128008e-01
9.296121484178011540e-01
9.355596255380176363e-01
9.412931293618906903e-01
9.468005606950909980e-01
9.520710653785668942e-01
9.570950295708281486e-01
9.618640635837125696e-01
9.663709646261116060e-01
9.706096580913506910e-01
9.745751202677527258e-01
9.782632757126937806e-01
9.816708704907139982e-01
9.847953263664142032e-01
9.876345744721325426e-01
9.901868696767984757e-01
9.924505866656279096e-01
9.944240002659302524e-01
9.961050546173642051e-01
9.974911257208571858e-01
9.985787825047128807e-01
9.993635519099874909e-01
9.997592742268891497e-01
1.000000000000000000e+00
