1.000000000000000000e+00
1.000000000000000000e+00
1.000000000000000000e+00
1.000000000000000000e+00
1.000000000000000000e+00
1.000000000000474287e+00
1.000000000013936852e+00
1.000000000249983145e+00
1.000000003006364269e+00
1.000000026538490294e+00
1.000000183243104468e+00
1.000001035927913451e+00
1.000004958358882590e+00
1.000020600880371147e+00
1.000075694886189526e+00
1.000249377717902011e+00
1.000743908624824208e+00
1.002022327750225150e+00
1.005027633831044209e+00
1.011440320415250893e+00
1.023795827849548257e+00
1.045111633016798214e+00
1.077656219029410778e+00
1.120934644272622238e+00
1.169887786066277524e+00
1.214887602138947642e+00
1.244402122349856032e+00
1.249076184075905926e+00
1.224879919411359763e+00
1.173775198618976612e+00
1.102072719204108209e+00
1.018195413298051744e+00
9.306269676267892033e-01
8.468009662732485232e-01
7.725475274662486624e-01
7.119357761255569184e-01
6.674679989511790312e-01
6.400926027273921015e-01
6.295127908959914365e-01
6.343679120424797757e-01
6.525841128856877393e-01
6.817430562040053266e-01
7.192926302142157446e-01
7.628293586727502573e-01
8.101887171550757882e-01
8.595527947391609080e-01
9.094614616564720144e-01
9.587883869517788149e-01
1.006718900265574979e+00
1.052670722833736860e+00
1.096258103683972696e+00
1.137239049107450661e+00
1.175482484521951809e+00
1.210941686062614098e+00
1.243624475611203151e+00
1.273581182913028353e+00
1.300885807971623898e+00
1.325629856537433149e+00
1.347915544020827028e+00
1.367849067358037463e+00
1.385538631500926821e+00
1.401089947282142312e+00
1.414606662338221188e+00
1.426188698544132105e+00
1.435932290073836270e+00
1.445118142395898975e+00
1.454076737084354809e+00
1.461976938031522844e+00
1.468823682367888406e+00
1.474685963317082571e+00
1.479349941849035677e+00
1.482630640991220439e+00
1.484613095245042702e+00
1.485375791089267095e+00
1.484991475645311976e+00
1.483527637211849992e+00
1.481046673612159470e+00
1.477606389700675704e+00
1.473259971791936573e+00
1.468056649958329185e+00
1.462042290162031133e+00
1.455259544921306381e+00
1.447748227076106620e+00
1.439545394246176446e+00
1.430685571291848923e+00
1.421200947657383251e+00
1.411121814409087794e+00
1.400477010726765448e+00
1.389293821933865303e+00
1.377598120679968341e+00
1.365414557056375155e+00
1.352766758690240545e+00
1.339677616861640885e+00
1.326169271539437089e+00
1.312263441074523751e+00
1.297981693465318553e+00
1.283345270615848133e+00
1.268375126181230383e+00
1.253091955538052638e+00
1.237516167544235213e+00
1.221667910524429024e+00
1.205567105971228292e+00
1.189233636318582477e+00
1.172687442256976409e+00
1.155948461032948682e+00
1.139036665651353752e+00
1.121972100321058985e+00
1.104774914006272368e+00
1.087465444820102212e+00
1.070064426030953753e+00
1.052593018177923057e+00
1.035072614985520056e+00
1.017525060703019291e+00
9.999729642291281806e-01
9.824397340255734967e-01
9.649497344914851338e-01
9.475284324169839234e-01
9.302024320680460923e-01
9.129996322127194031e-01
8.959493170317297528e-01
8.790822135490248268e-01
8.624305014038550210e-01
8.460276558241998091e-01
8.299084578352518005e-01
8.141089077333335533e-01
7.986658392981748067e-01
7.836166458194097073e-01
7.689990604396963469e-01
7.548508806431440954e-01
7.412097189604472947e-01
7.281127167036126613e-01
7.155962271547561260e-01
7.036955156998953020e-01
6.924444147306989539e-01
6.818749642998407356e-01
6.720170633505403446e-01
6.628981351259521926e-01
6.545431110224325666e-01
6.469743759149579887e-01
6.402114074062441595e-01
6.342707536924272471e-01
6.291659870239474373e-01
6.249073347517315469e-01
6.215015242201235024e-01
6.189517443009501241e-01
6.172575338377029874e-01
6.164149075374558695e-01
6.164165068836818806e-01
6.172515544095671380e-01
6.189060352533324316e-01
6.213628902456588277e-01
6.246020218927055279e-01
6.286005034957760085e-01
6.333328094658828844e-01
6.387708923108322834e-01
6.448843999665631044e-01
6.516408039320167322e-01
6.590053630579773003e-01
6.669412150564157926e-01
6.754096744007973552e-01
6.843704706905789914e-01
6.937817801110401916e-01
7.036004962070308011e-01
7.137825620704784102e-01
7.242831329341317126e-01
7.350568691136925015e-01
7.460582172882972429e-01
7.572415595038605174e-01
7.685613658607053367e-01
7.799724659862624643e-01
7.914302617110087201e-01
8.028908016005624759e-01
8.143110018954762275e-01
8.256488961807085802e-01
8.368637887438152845e-01
8.479164129412734008e-01
8.587691666341343844e-01
8.693863253491356247e-01
8.797341786746031289e-01
8.897811967273177025e-01
8.994982391281802769e-01
9.088586833605489801e-01
9.178384467611258035e-01
9.264160139415448247e-01
9.345724544003031209e-01
9.422913873224531001e-01
9.495588955900300387e-01
9.563634063369468308e-01
9.626955068686413597e-01
9.685477026944738776e-01
9.739141422649985058e-01
9.787902988470936760e-01
9.831726114047468768e-01
9.870580831829124380e-01
9.904438420913794783e-01
9.933266751229532510e-01
9.957025467327683677e-01
9.975661123423953391e-01
9.989102385127086592e-01
9.995870066987947444e-01
1.000000000000000000e+00
