1.000000000000000000e+00
1.000000000000000000e+00
1.000000000000000000e+00
1.000000000000000000e+00
1.000000000000000000e+00
1.000000000000382805e+00
1.000000000011314505e+00
1.000000000203007611e+00
1.000000002441905123e+00
1.000000021560551344e+00
1.000000148908114284e+00
1.000000842052574557e+00
1.000004031623469070e+00
1.000016756205204915e+00
1.000061591817942075e+00
1.000203003799707169e+00
1.000605879614739235e+00
1.001648077870239462e+00
1.004100149468526881e+00
1.009337833611611668e+00
1.019442492064777106e+00
1.036902371989183669e+00
1.063607620325854874e+00
1.099185342089157080e+00
1.139474135283091272e+00
1.176441531157949028e+00
1.200314733869942474e+00
1.202978016615239287e+00
1.180722235060053915e+00
1.134978892521605776e+00
1.071065500438878271e+00
9.963118765985553571e-01
9.182633775050378366e-01
8.436409666047748335e-01
7.777881133913349121e-01
7.244753189521285774e-01
6.860232551297854586e-01
6.633094499236414920e-01
6.560337831537174091e-01
6.629040961535576093e-01
6.819646910477885626e-01
7.109404548933800916e-01
7.474504230431276985e-01
7.892622064909747825e-01
8.343826099083603287e-01
8.811480421757317272e-01
9.282310825148939459e-01
9.746150591101836458e-01
1.019567950774933784e+00
1.062571924161116010e+00
1.103287607561375339e+00
1.141506343205952456e+00
1.177119484998659038e+00
1.210093704599213504e+00
1.240444642164221012e+00
1.268225387892409683e+00
1.293510016978667965e+00
1.316387707357366432e+00
1.336956612637476116e+00
1.355317993850761793e+00
1.371574340058036912e+00
1.385825526381892603e+00
1.398169072970306015e+00
1.408698734952734455e+00
1.417504610949942734e+00
1.425861263826066150e+00
1.434093272206740766e+00
1.441363686658699406e+00
1.447671832856171292e+00
1.452959896481545554e+00
1.457020363047569766e+00
1.459782220133412967e+00
1.461324265225562913e+00
1.461719201497808207e+00
1.461034381944592564e+00
1.459332271758622124e+00
1.456670643388266351e+00
1.453103039726585166e+00
1.448678795542728492e+00
1.443443628812969060e+00
1.437440169865661366e+00
1.430708118620039437e+00
1.423284585261815449e+00
1.415204186705318889e+00
1.406499256188708191e+00
1.397200030030614215e+00
1.387335032925419043e+00
1.376931469548384523e+00
1.366015156658620056e+00
1.354610657138302976e+00
1.342741453882128289e+00
1.330430130924080245e+00
1.317698625348843855e+00
1.304568227277413062e+00
1.291059866178042581e+00
1.277194347558944454e+00
1.262992216743730634e+00
1.248473800098345077e+00
1.233659239330403556e+00
1.218568477036893860e+00
1.203221287030483477e+00
1.187637310690769610e+00
1.171836220371015980e+00
1.155837807187288568e+00
1.139661936735309578e+00
1.123328587886224028e+00
1.106857887970941867e+00
1.090270145759032472e+00
1.073585925565655463e+00
1.056826220080401280e+00
1.040012479164536208e+00
1.023166452365901868e+00
1.006310367525685034e+00
9.894671863686506086e-01
9.726606295120533430e-01
9.559152984288864507e-01
9.392567869143989556e-01
9.227116993646562459e-01
9.063077653776964171e-01
8.900738977625674009e-01
8.740402203227561895e-01
8.582380543924341687e-01
8.426997685130639404e-01
8.274587601720186925e-01
8.125493574835519484e-01
7.980064795601404803e-01
7.838653857852525553e-01
7.701614676303056850e-01
7.569299951353771760e-01
7.442058837448854991e-01
7.320234316814958619e-01
7.204160334672995436e-01
7.094159076210272419e-01
6.990537900405519034e-01
6.893586181097536292e-01
6.803572255920236067e-01
6.720740514465070037e-01
6.645310990175475885e-01
6.577478671564047641e-01
6.517410467286950393e-01
6.465244832714991396e-01
6.421091244949538313e-01
6.385027238737758237e-01
6.357097147869000819e-01
6.337311796426098320e-01
6.325647682797449489e-01
6.322048029725096940e-01
6.326424072261238596e-01
6.338654896906307235e-01
6.358589058820200979e-01
6.386046331130387221e-01
6.420818080150034746e-01
6.462669219059131720e-01
6.511340355536754387e-01
6.566548812544715785e-01
6.627990732024855447e-01
6.695342527406663580e-01
6.768261117028143703e-01
6.846385127320144814e-01
6.929337642744590742e-01
7.016728501771395399e-01
7.108155033440038961e-01
7.203204569467587248e-01
7.301457395103073678e-01
7.402488409881032849e-01
7.505869738000769953e-01
7.611173226094575250e-01
7.717971928447966423e-01
7.825841594694074033e-01
7.934363017703830456e-01
8.043123917857651906e-01
8.151719773422849702e-01
8.259755718168967364e-01
8.366848629182427333e-01
8.472628473661342197e-01
8.576739669444980452e-01
8.678842995189600673e-01
8.778617308948887255e-01
8.875760667815075777e-01
8.969991641762804502e-01
9.061050911105880123e-01
9.148702227323147751e-01
9.232732541944832505e-01
9.312952131380743959e-01
9.389194599669038466e-01
9.461316434743949344e-01
9.529196129239886348e-01
9.592732991209085291e-01
9.651845410246212564e-01
9.706468627866852161e-01
9.756552195020568030e-01
9.802057047505284837e-01
9.842952217215767963e-01
9.879211176009067286e-01
9.910807851632479348e-01
9.937712418124250435e-01
9.959886948393825712e-01
9.977281028072721991e-01
9.989827434360132319e-01
9.996146459340071733e-01
1.000000000000000000e+00
