1.000000000000000000e+00
1.000000000000000000e+00
1.000000000000000000e+00
1.000000000000000000e+00
1.000000000000000000e+00
1.000000000000336620e+00
1.000000000009833245e+00
1.000000000176412218e+00
1.000000002121839371e+00
1.000000018732956297e+00
1.000000129366172441e+00
1.000000731457882264e+00
1.000003501611891776e+00
1.000014550900726329e+00
1.000053474837528933e+00
1.000176208429699232e+00
1.000525758637465401e+00
1.001429665287789206e+00
1.003555402378172090e+00
1.008093534155523496e+00
1.016842534678191301e+00
1.031945777559633237e+00
1.055013968384773682e+00
1.085672692827651220e+00
1.120228002091919306e+00
1.151583475211092056e+00
1.171090124504553520e+00
1.171529130875687441e+00
1.149569810741372322e+00
1.106480890953561058e+00
1.047069758550054130e+00
9.780250170106536967e-01
9.062875338271297876e-01
8.380741320517203219e-01
7.783397534468975421e-01
7.305708727941189196e-01
6.968784290797991332e-01
6.780082118604440211e-01
6.735913048267417880e-01
6.823361856126292091e-01
7.023459686044851713e-01
7.314447931285894544e-01
7.673836631623343063e-01
8.080709179172101964e-01
8.516543944801967525e-01
8.965975306606891460e-01
9.416807630546978336e-01
9.859746877445187963e-01
1.028812677982165136e+00
1.069726112109360194e+00
1.108410193442185276e+00
1.144680089881414675e+00
1.178442445505914149e+00
1.209672534043659153e+00
1.238390333411298894e+00
1.264649765672397175e+00
1.288523792453470262e+00
1.310098920185977622e+00
1.329469581942080758e+00
1.346732819980143381e+00
1.361986525914228974e+00
1.375325983154655374e+00
1.386844061917071880e+00
1.396629952763549287e+00
1.404769315816430941e+00
1.412532374453767670e+00
1.420239580402160140e+00
1.427049982816165574e+00
1.432959090863162865e+00
1.437820443876046461e+00
1.441431017444867901e+00
1.443799782250957620e+00
1.445001462082801558e+00
1.445105015598010745e+00
1.444174336318427843e+00
1.442268696508744785e+00
1.439442948427197555e+00
1.435747962607614170e+00
1.431230668054643607e+00
1.425934600912388550e+00
1.419900395751655164e+00
1.413165942138605802e+00
1.405766704202963346e+00
1.397735820192601564e+00
1.389104302389685630e+00
1.379901215694112171e+00
1.370154033250405412e+00
1.359888996930570082e+00
1.349131065495931647e+00
1.337904043080863747e+00
1.326230742857829048e+00
1.314133156593991325e+00
1.301632687023115187e+00
1.288750154339414866e+00
1.275506058236760554e+00
1.261920795023165454e+00
1.248014540997678834e+00
1.233807294184184222e+00
1.219318909627694403e+00
1.204569090913251816e+00
1.189577421434660831e+00
1.174363400748669628e+00
1.158946593671951408e+00
1.143346711539334315e+00
1.127583575537632887e+00
1.111677153630385328e+00
1.095647593861144964e+00
1.079515255199474444e+00
1.063300774308475694e+00
1.047025218915177192e+00
1.030710112791241695e+00
1.014377295351340358e+00
9.980490776660201346e-01
9.817484650496732801e-01
9.654991746185622725e-01
9.493257369713040683e-01
9.332535871343303757e-01
9.173090719466814313e-01
9.015195405072420343e-01
8.859133832179587609e-01
8.705200425700408973e-01
8.553699863263567460e-01
8.404945597799685642e-01
8.259259521688179229e-01
8.116970921704749209e-01
7.978413326496179847e-01
7.843922128809479588e-01
7.713832577682044889e-01
7.588477377910816113e-01
7.468184469385792390e-01
7.353274557443304493e-01
7.244058446188180733e-01
7.140834506345747901e-01
7.043885862803183073e-01
6.953477521187260146e-01
6.869853609064779931e-01
6.793234760120117066e-01
6.723817660797793971e-01
6.661774374619930938e-01
6.607249686328621197e-01
6.560360741444479782e-01
6.521196581227435285e-01
6.489815632534038370e-01
6.466244679359952618e-01
6.450478668809404015e-01
6.442480114252684409e-01
6.442180100437749912e-01
6.449479510173433683e-01
6.464249049017829485e-01
6.486330788080261200e-01
6.515539833911979661e-01
6.551664857488539440e-01
6.594469962534779128e-01
6.643696725597368902e-01
6.699065297937234487e-01
6.760276420039206258e-01
6.827012893507221625e-01
6.898940034188031367e-01
6.975706935946665022e-01
7.056949021801606214e-01
7.142290208087197501e-01
7.231343758601528338e-01
7.323714611437349697e-01
7.419002060874437809e-01
7.516801352012250081e-01
7.616706056109674439e-01
7.718310340796272762e-01
7.821210385718331271e-01
7.925005790057759736e-01
8.029301686382829262e-01
8.133710458304074242e-01
8.237852570842546518e-01
8.341358279994264269e-01
8.443869490839566172e-01
8.545040988670249416e-01
8.644541671068463051e-01
8.742056226185620504e-01
8.837286638936129313e-01
8.929953184675009092e-01
9.019795568746327152e-01
9.106574284106859762e-01
9.190071418728389396e-01
9.270090747854229374e-01
9.346457797352236696e-01
9.419019777148167627e-01
9.487645112183692442e-01
9.552222577683442406e-01
9.612660140966667877e-01
9.668883313291106729e-01
9.720833051651912582e-01
9.768463362726228505e-01
9.811738552584775563e-01
9.850630139502511984e-01
9.885113430980897453e-01
9.915163802979301000e-01
9.940752773080978599e-01
9.961843948444466523e-01
9.978388940056668321e-01
9.990323339639185507e-01
9.996335220720339310e-01
1.000000000000000000e+00
