1.000000000000000000e+00
1.000000000000000000e+00
1.000000000000000000e+00
1.000000000000000000e+00
1.000000000000000000e+00
9.999999999999780176e-01
9.999999999993092192e-01
9.999999999872903889e-01
9.999999998428376058e-01
9.999999985691830906e-01
9.999999897778314439e-01
9.999999399951724488e-01
9.999997006197260951e-01
9.999986978239282509e-01
9.999949669398138230e-01
9.999824638135844657e-01
9.999443432391106334e-01
9.998379360158249352e-01
9.995651989585291330e-01
9.989233404069730593e-01
9.975401738528260065e-01
9.948236841526869600e-01
9.899886432132586345e-01
9.822300242599562026e-01
9.710455128723635143e-01
9.565758675541122802e-01
9.397546712295642424e-01
9.221435025330078084e-01
9.055354644044649737e-01
8.915335008301261688e-01
8.812651165545375420e-01
8.752936468321674823e-01
8.736698282602795018e-01
8.760640656030295181e-01
8.819116669747274484e-01
8.905389320771511796e-01
9.012619967873924942e-01
9.134438017418178291e-01
9.265302552532636016e-01
9.400607054435325960e-01
9.536685924451679952e-01
9.670744385882644734e-01
9.800717226913536750e-01
9.925154350290872340e-01
1.004307979052470268e+00
1.015389243706832811e+00
1.025727217027367688e+00
1.035310618987672404e+00
1.044143815736519487e+00
1.052241385162884013e+00
1.059625260176655370e+00
1.066321863838201933e+00
1.072360448018200296e+00
1.077771873173273054e+00
1.082587364618283088e+00
1.086838084188884057e+00
1.090554390230888293e+00
1.093765699213835818e+00
1.096500296841389055e+00
1.098785139142838263e+00
1.100645876478337115e+00
1.102106727727489632e+00
1.103190609874447503e+00
1.103919139349025080e+00
1.104313177414643743e+00
1.104913349634358610e+00
1.105687821425720196e+00
1.106142801598866354e+00
1.106302151195101002e+00
1.106187819408086970e+00
1.105820089765827241e+00
1.105217711998472740e+00
1.104398081983352542e+00
1.103377372839293047e+00
1.102170669652251300e+00
1.100792072414314093e+00
1.099254770044024498e+00
1.097571126506063255e+00
1.095752728232725293e+00
1.093810467674727116e+00
1.091754617505189984e+00
1.089594873512343298e+00
1.087340407247149088e+00
1.084999898064062940e+00
1.082581570569613127e+00
1.080093228142886552e+00
1.077542297815834216e+00
1.074935873235561168e+00
1.072280723986567263e+00
1.069583317326363137e+00
1.066849841232801799e+00
1.064086226282956682e+00
1.061298170767804416e+00
1.058491148067546295e+00
1.055670431195760095e+00
1.052841112863346806e+00
1.050008101044633380e+00
1.047176125265321112e+00
1.044349741976241974e+00
1.041533336495145790e+00
1.038731127316455449e+00
1.035947170352683688e+00
1.033185369880200932e+00
1.030449484561085649e+00
1.027743125711707561e+00
1.025069760042162770e+00
1.022432711984399667e+00
1.019835165657096976e+00
1.017280168742732194e+00
1.014770640877054264e+00
1.012309374478194135e+00
1.009899026501686725e+00
1.007542126521152825e+00
1.005241087866376670e+00
1.002998207413156706e+00
1.000815669621807125e+00
9.986955499111213053e-01
9.966398137857758188e-01
9.946503201208160005e-01
9.927288220297858512e-01
9.908769665442970220e-01
9.890962929760401812e-01
9.873882264141436993e-01
9.857540769953507809e-01
9.841950367893957941e-01
9.827121686379153287e-01
9.813063995538799933e-01
9.799785167363677107e-01
9.787291629356462686e-01
9.775588334653811939e-01
9.764678731054634575e-01
9.754564730624983859e-01
9.745246691859942301e-01
9.736723398049328404e-01
9.728992039238948397e-01
9.722048203099217245e-01
9.715885874008816092e-01
9.710497506189862404e-01
9.705874086536375733e-01
9.702005128735980977e-01
9.698878740614980121e-01
9.696481683675093333e-01
9.694799362982273738e-01
9.693815860751597846e-01
9.693513990832992588e-01
9.693875334716152148e-01
9.694880319726042472e-01
9.696508296771231272e-01
9.698737575675626665e-01
9.701545499594429467e-01
9.704908517417630831e-01
9.708802218178076426e-01
9.713201400175606182e-01
9.718080141495654134e-01
9.723411841289613111e-01
9.729169285315807381e-01
9.735324695542771911e-01
9.741849751624053200e-01
9.748715636169822396e-01
9.755893117107630186e-01
9.763352621345033899e-01
9.771064275223148021e-01
9.778997988841779954e-01
9.787123553817975719e-01
9.795410715440432403e-01
9.803829270608125368e-01
9.812349167461734689e-01
9.820940586369616421e-01
9.829574025214967703e-01
9.838220408081539414e-01
9.846851186925675847e-01
9.855438422395139675e-01
9.863954891012671755e-01
9.872374197991565792e-01
9.880670873689166855e-01
9.888820469584759243e-01
9.896799664559442489e-01
9.904586363309634267e-01
9.912159776220605956e-01
9.919500496915901744e-01
9.926590577752443245e-01
9.933413580833391210e-01
9.939954598513973671e-01
9.946200260321824693e-01
9.952138722073206045e-01
9.957759628555814535e-01
9.963054048904045334e-01
9.968014386618817557e-01
9.972634258551797970e-01
9.976908343920554145e-01
9.980832207843154391e-01
9.984402098822369176e-01
9.987614722114788179e-01
9.990466991050848122e-01
9.992955759907699020e-01
9.995077543882883164e-01
9.996828231911690787e-01
9.998202798769991739e-01
9.999195023360868406e-01
9.999696067363866847e-01
1.000000000000000000e+00
