1.000000000000000000e+00
1.000000000000000000e+00
1.000000000000000000e+00
1.000000000000000000e+00
1.000000000000000000e+00
1.000000000000600187e+00
1.000000000017632784e+00
1.000000000316116466e+00
1.000000003799337955e+00
1.000000033515157982e+00
1.000000231234664305e+00
1.000001306084682406e+00
1.000006245192340604e+00
1.000025917945313259e+00
1.000095108155799606e+00
1.000312866920052501e+00
1.000931680406031976e+00
1.002527631952119691e+00
1.006268732503276642e+00
1.014223701982272186e+00
1.029485084463341638e+00
1.055674473566619698e+00
1.095396901407048817e+00
1.147788577272813804e+00
1.206444998299636362e+00
1.259655938262571162e+00
1.293864895402245807e+00
1.298593273093594291e+00
1.269934756480453952e+00
1.210956832870394129e+00
1.129463069186070312e+00
1.035300399960415563e+00
9.380233830755629887e-01
8.457459915192440114e-01
7.646213005324654644e-01
6.987598938545247496e-01
6.505526796391433164e-01
6.207190652455711888e-01
6.087172638507145628e-01
6.129452781394525429e-01
6.311371892699785269e-01
6.607570698435826229e-01
6.991695334926831817e-01
7.439251607900265739e-01
7.928116636509188186e-01
8.439640264339132170e-01
8.958707763976344607e-01
9.473503256961492980e-01
9.975397312347760170e-01
1.045807917547626698e+00
1.091726959521677420e+00
1.135017602140981685e+00
1.175518109750109952e+00
1.213158543855222593e+00
1.247928135667917937e+00
1.279864323802909931e+00
1.309031381590858745e+00
1.335514615885003975e+00
1.359413008116164390e+00
1.380831407278938938e+00
1.399878561332114080e+00
1.416661634143183246e+00
1.431286916063010617e+00
1.443857738878232544e+00
1.454474358910057052e+00
1.464422103531225039e+00
1.474036199314415319e+00
1.482490549545704361e+00
1.489795222807852593e+00
1.496128988317512398e+00
1.501284900321946836e+00
1.504979407067286168e+00
1.507292382396015373e+00
1.508308639075019997e+00
1.508106963726323135e+00
1.506760587728910306e+00
1.504337281281376226e+00
1.500899875784620585e+00
1.496506140814842345e+00
1.491209534992673280e+00
1.485059876990003636e+00
1.478103469616627308e+00
1.470383510468475263e+00
1.461940145213510123e+00
1.452810698862853966e+00
1.443029879679811334e+00
1.432630287485118892e+00
1.421642937179369071e+00
1.410097097047654957e+00
1.398020434620148800e+00
1.385439226071158547e+00
1.372378580298886375e+00
1.358862772970158117e+00
1.344915203810093773e+00
1.330558788978307705e+00
1.315816281595359793e+00
1.300710030839417497e+00
1.285262010563604340e+00
1.269493838584402123e+00
1.253426723093204131e+00
1.237081477819813591e+00
1.220478547407726433e+00
1.203638228552972311e+00
1.186580777538975173e+00
1.169326316794954801e+00
1.151894869693230739e+00
1.134306391066654651e+00
1.116580795997592634e+00
1.098738054188151958e+00
1.080798441200945037e+00
1.062782569098766006e+00
1.044711128417675328e+00
1.026605158349830793e+00
1.008486444339775856e+00
9.903775606004568965e-01
9.723020721339002970e-01
9.542847276743908758e-01
9.363515129300487017e-01
9.185298659488340123e-01
9.008488118074950979e-01
8.833390592321188617e-01
8.660330401112354970e-01
8.489647359531813375e-01
8.321697277776337609e-01
8.156851242251643708e-01
7.995491003872622349e-01
7.838005858340699739e-01
7.684790271607316869e-01
7.536240799873653584e-01
7.392753386088712908e-01
7.254720191426082820e-01
7.122526040442341833e-01
6.996545106503341271e-01
6.877136998544579605e-01
6.764642653591896870e-01
6.659380358526491017e-01
6.561641944035341290e-01
6.471693284955521985e-01
6.389774275938168158e-01
6.316094617842312742e-01
6.250834177112633006e-01
6.194142965018694102e-01
6.146136624844259488e-01
6.106894753335487813e-01
6.076460729008036354e-01
6.054840426368340855e-01
6.042004109732272976e-01
6.037888566233940990e-01
6.042396384647383822e-01
6.055398272309584495e-01
6.076735409204547800e-01
6.106219056891813990e-01
6.143632887467406212e-01
6.188735496839978811e-01
6.241260655381212219e-01
6.300919438595951050e-01
6.367401015803327846e-01
6.440371044091458552e-01
6.519471810980372872e-01
6.604325273910727212e-01
6.694535249102591123e-01
6.789686667896384087e-01
6.889348253163612990e-01
6.993076107129022612e-01
7.100414934851888571e-01
7.210901179234378011e-01
7.324066053259665754e-01
7.439436753082848686e-01
7.556537791110810032e-01
7.674894094263745581e-01
7.794033333852774525e-01
7.913486351864930102e-01
8.032789744737796056e-01
8.151488923558616317e-01
8.269139862290162402e-01
8.385310979421627398e-01
8.499586182314189386e-01
8.611567655143277378e-01
8.720877612484402297e-01
8.827160548171778531e-01
8.930086161636904274e-01
9.029351206751380365e-01
9.124679900556408318e-01
9.215824497762598044e-01
9.302565821187545048e-01
9.384713141027213323e-01
9.462103439452318465e-01
9.534600315460920461e-01
9.602092088950525683e-01
9.664489203478646706e-01
9.721721280126562892e-01
9.773733682194916117e-01
9.820483609933843283e-01
9.861935694250341111e-01
9.898057130530785175e-01
9.928812505171078495e-01
9.954158429288902932e-01
9.974038107231296690e-01
9.988375969134040133e-01
9.995592205687682252e-01
1.000000000000000000e+00
