1.000000000000000000e+00
1.000000000000000000e+00
1.000000000000000000e+00
1.000000000000000000e+00
1.000000000000000000e+00
1.000000000000655476e+00
1.000000000019262592e+00
1.000000000345235840e+00
1.000000004147930222e+00
1.000000036576384144e+00
1.000000252247257304e+00
1.000001424079089096e+00
1.000006805642846830e+00
1.000028226090084349e+00
1.000103503369796032e+00
1.000340199918064332e+00
1.001012091291538564e+00
1.002742656296132129e+00
1.006792849624600583e+00
1.015388290703371554e+00
1.031838700920969965e+00
1.059983788326127163e+00
1.102510914240609319e+00
1.158329087768635413e+00
1.220416943201342086e+00
1.276204740686851302e+00
1.311392890982368886e+00
1.315203913759612098e+00
1.283959248752920113e+00
1.221315506574198073e+00
1.135756418958781877e+00
1.037720202233397782e+00
9.371614700909569606e-01
8.424037379217343968e-01
7.596412660803296690e-01
6.928955571062717089e-01
6.444022114080377728e-01
6.146816858138023365e-01
6.030071460146659845e-01
6.076228463622866949e-01
6.261664471744519123e-01
6.560724430406866814e-01
6.947144052866683905e-01
7.396805940245605449e-01
7.887955460881490577e-01
8.402242907777790482e-01
8.924727829334876406e-01
9.443638559356197781e-01
9.950325326162867690e-01
1.043837527601907622e+00
1.090338036078034811e+00
1.134240187979286940e+00
1.175368098541037076e+00
1.213639578641897643e+00
1.249032856566421268e+00
1.281576615443574374e+00
1.311327711485649417e+00
1.338365738456270604e+00
1.362785510670194489e+00
1.384688797685602824e+00
1.404182384086761548e+00
1.421372123179711400e+00
1.436363773960452894e+00
1.449260701298112686e+00
1.460163668342278731e+00
1.470358953491140985e+00
1.480182924926033650e+00
1.488810881016267240e+00
1.496254435438541419e+00
1.502694093469414849e+00
1.507958394827445092e+00
1.511762236762301148e+00
1.514154231457044419e+00
1.515221530988775323e+00
1.515045206531435484e+00
1.513700704732940716e+00
1.511257898072326133e+00
1.507781611618375095e+00
1.503331447596006454e+00
1.497962572588151353e+00
1.491726421014738957e+00
1.484670802501564024e+00
1.476840326318589636e+00
1.468276436780923566e+00
1.459017645902882965e+00
1.449099737963335466e+00
1.438556309289633850e+00
1.427419326219710793e+00
1.415718933497870813e+00
1.403483600801049835e+00
1.390740339843408835e+00
1.377514938505688402e+00
1.363832316335265693e+00
1.349716467645873053e+00
1.335190882470185025e+00
1.320278889379450149e+00
1.305003382871688267e+00
1.289386846709272172e+00
1.273451367243460641e+00
1.257218566924774628e+00
1.240709613406477230e+00
1.223945240010149371e+00
1.206945981631080134e+00
1.189732286056591537e+00
1.172324404407565801e+00
1.154742422674430502e+00
1.137006288647275376e+00
1.119135837111593368e+00
1.101150887511170406e+00
1.083071515096381221e+00
1.064918079251526484e+00
1.046710933435714086e+00
1.028470718569019837e+00
1.010218798279662877e+00
9.919773030189289464e-01
9.737693516542120786e-01
9.556192643242047424e-01
9.375526220958915191e-01
9.195965078147372296e-01
9.017796593718627740e-01
8.841325827735379006e-01
8.666876036792116045e-01
8.494786839606766060e-01
8.325414886223783117e-01
8.159133192151810654e-01
7.996326152717054825e-01
7.837386230293925671e-01
7.682711486660637190e-01
7.532702344061597000e-01
7.387758782522916290e-01
7.248277032357768324e-01
7.114645848110237036e-01
6.987243063795385289e-01
6.866431486850625987e-01
6.752554580874291501e-01
6.645932296944012663e-01
6.546857099929289658e-01
6.455594850614295721e-01
6.372385105315179210e-01
6.297436689997316650e-01
6.230928427327534491e-01
6.173009423939277429e-01
6.123794256116196211e-01
6.083361327638042715e-01
6.051752899126795482e-01
6.028973815010517656e-01
6.014993796788093983e-01
6.009749963851555021e-01
6.013146059218503758e-01
6.025055074794877230e-01
6.045321862898116461e-01
6.073762561474750354e-01
6.110167059663506040e-01
6.154301617959941906e-01
6.205908852471072601e-01
6.264709816137223886e-01
6.330404501910640302e-01
6.402669568210164197e-01
6.481158031207032710e-01
6.565502252738054656e-01
6.655315944590176613e-01
6.750192810181074865e-01
6.849709108069103047e-01
6.953427272580875451e-01
7.060896842642290228e-01
7.171657604781583872e-01
7.285242645095523217e-01
7.401179343501357311e-01
7.518990535766805205e-01
7.638197733025590130e-01
7.758323491943560635e-01
7.878891631715151389e-01
7.999429958555065445e-01
8.119473567641528611e-01
8.238566668145461680e-01
8.356264589475170812e-01
8.472137149856614480e-01
8.585771757460893827e-01
8.696775350479810651e-01
8.804776933039322184e-01
8.909430917351466306e-01
9.010419258197942538e-01
9.107451964964556890e-01
9.200267837981277452e-01
9.288635190997313051e-01
9.372351865311757679e-01
9.451244580230917514e-01
9.525167915290174703e-01
9.594002419547568161e-01
9.657651963379481064e-01
9.716040737918455461e-01
9.769109739813541804e-01
9.816812760609263666e-01
9.859111840411188821e-01
9.895972226469140764e-01
9.927357003393550983e-01
9.953221515920037676e-01
9.973507718423800794e-01
9.988138585758955523e-01
9.995501041417900190e-01
1.000000000000000000e+00
