1.000000000000000000e+00
1.000000000000000000e+00
1.000000000000000000e+00
1.000000000000000000e+00
1.000000000000000000e+00
9.999999999999872324e-01
9.999999999995976552e-01
9.999999999926424410e-01
9.999999999096080838e-01
9.999999991828258938e-01
9.999999942058603875e-01
9.999999662628771269e-01
9.999998331309717381e-01
9.999992808809829992e-01
9.999972477887351108e-01
9.999905106955270240e-01
9.999702156610387194e-01
9.999142886659377893e-01
9.997728969073114147e-01
9.994450173867065468e-01
9.987495972323323645e-01
9.974071225727295653e-01
9.950620380696865164e-01
9.913754012905399149e-01
9.861794955772097415e-01
9.796230606026918863e-01
9.722091766661303813e-01
9.646833739133594543e-01
9.578300085254020102e-01
9.522832755577130825e-01
9.484244607856425757e-01
9.463759537423179768e-01
9.460549398677495780e-01
9.472488928281584952e-01
9.496837089497461859e-01
9.530734997157324084e-01
9.571523139337395625e-01
9.616887526166488787e-01
9.664917228532211579e-01
9.714089287707077247e-01
9.763230243159385369e-01
9.811465746681704569e-01
9.858161799460034569e-01
9.902878416174193399e-01
9.945322970666631290e-01
9.985316974609911300e-01
1.002276704500230764e+00
1.005764260751638384e+00
1.008996023407114473e+00
1.011976819975482167e+00
1.014713769729342019e+00
1.017215451776058321e+00
1.019491393455503880e+00
1.021551688261767898e+00
1.023406628167013332e+00
1.025066545948359220e+00
1.026541593386839368e+00
1.027841674957217455e+00
1.028976376164051354e+00
1.029954895349778132e+00
1.030786034793218509e+00
1.031478158475772622e+00
1.032039216363525913e+00
1.032476739151097167e+00
1.032798333899737964e+00
1.033182470043998213e+00
1.033620019285073077e+00
1.033949591407403945e+00
1.034179257631524074e+00
1.034316466328182527e+00
1.034368116567683238e+00
1.034340601267259352e+00
1.034239861283662520e+00
1.034071426165607654e+00
1.033840455022657867e+00
1.033551768676384874e+00
1.033209873926814293e+00
1.032818990412416316e+00
1.032383067276925859e+00
1.031905808622231024e+00
1.031390696283505104e+00
1.030841004407834438e+00
1.030259816251321459e+00
1.029650035558288712e+00
1.029014399104172695e+00
1.028355488070142654e+00
1.027675742086451072e+00
1.026977472622632837e+00
1.026262867797709033e+00
1.025534000172044324e+00
1.024792834746389492e+00
1.024041236543332012e+00
1.023280978880470649e+00
1.022513747130513906e+00
1.021741146640982034e+00
1.020964709447704788e+00
1.020185894848108621e+00
1.019406092565296795e+00
1.018626625626669169e+00
1.017848752340195340e+00
1.017073668801100395e+00
1.016302511328381897e+00
1.015536360482893086e+00
1.014776243827447466e+00
1.014023136750702880e+00
1.013277964339193815e+00
1.012541603107579569e+00
1.011814882598627729e+00
1.011098587403986171e+00
1.010393460225135209e+00
1.009700203071236091e+00
1.009019476243915747e+00
1.008351901205543077e+00
1.007698064131219207e+00
1.007058516700025663e+00
1.006433777862400847e+00
1.005824335411146686e+00
1.005230646505246517e+00
1.004653139146401974e+00
1.004092213047474758e+00
1.003548240185581086e+00
1.003021565014613037e+00
1.002512503503836250e+00
1.002021343509216234e+00
1.001548344556576042e+00
1.001093735711885646e+00
1.000657714501089535e+00
1.000240446417415940e+00
9.998420642486919308e-01
9.994626677605603637e-01
9.991023233243950807e-01
9.987610635283316052e-01
9.984388870496766488e-01
9.981357584080102763e-01
9.978516077707040299e-01
9.975863309339357832e-01
9.973397894623874382e-01
9.971118125064383220e-01
9.969021983458482561e-01
9.967107143153897120e-01
9.965370983890468048e-01
9.963810605543977905e-01
9.962422825568699736e-01
9.961204186256683579e-01
9.960150966562758557e-01
9.959259189457456696e-01
9.958524638745624991e-01
9.957942875578987829e-01
9.957509245068456583e-01
9.957218891693770946e-01
9.957066774110998608e-01
9.957047671147212231e-01
9.957156195636276408e-01
9.957386808487163066e-01
9.957733826003788424e-01
9.958191432696205103e-01
9.958753690419117621e-01
9.959414541073974281e-01
9.960167814738991598e-01
9.961007246260401571e-01
9.961926489872870993e-01
9.962919126277418602e-01
9.963978679758059842e-01
9.965098638407853260e-01
9.966272468581095501e-01
9.967493635291885257e-01
9.968755623082218298e-01
9.970051952740525136e-01
9.971376199109895921e-01
9.972722014345583030e-01
9.974083149711227003e-01
9.975453472778006425e-01
9.976826990791605176e-01
9.978197875503844738e-01
9.979560484481114768e-01
9.980909382526377271e-01
9.982239365689901112e-01
9.983545483757469974e-01
9.984823058812443142e-01
9.986067703590399969e-01
9.987275339717177625e-01
9.988442210755675843e-01
9.989564888720838809e-01
9.990640277945722625e-01
9.991665615368637843e-01
9.992638465305370143e-01
9.993556708532512767e-01
9.994418526146855442e-01
9.995222376921871765e-01
9.995966968410459064e-01
9.996651222812791282e-01
9.997274237465234581e-01
9.997835240364469911e-01
9.998333541157000681e-01
9.998768478360251510e-01
9.999139364010510844e-01
9.999445426964622685e-01
9.999685756229756972e-01
9.999859245790789775e-01
9.999946952551702628e-01
1.000000000000000000e+00
