1.000000000000000000e+00
1.000000000000000000e+00
1.000000000000000000e+00
1.000000000000000000e+00
1.000000000000000000e+00
1.000000000000394795e+00
1.000000000011694423e+00
1.000000000209820161e+00
1.000000002523838472e+00
1.000000022283851653e+00
1.000000153902795397e+00
1.000000870292551358e+00
1.000004166814874917e+00
1.000017318028459501e+00
1.000063656790018074e+00
1.000209809498397773e+00
1.000626190846534591e+00
1.001703324030735809e+00
1.004237578396401043e+00
1.009650767074428579e+00
1.020093934417668713e+00
1.038138785599853398e+00
1.065739993457045953e+00
1.102517407391611304e+00
1.144185500936198752e+00
1.182475771723937807e+00
1.207341965790663663e+00
1.210460773296456516e+00
1.188048681994564593e+00
1.141594777765034152e+00
1.076553201929459691e+00
1.000415093094675800e+00
9.208715235569834290e-01
8.447600652329957382e-01
7.775096775446158626e-01
7.229494483390589421e-01
6.834407785098115529e-01
6.598840858294338085e-01
6.519892762355269378e-01
6.584601092047943638e-01
6.773255885214688465e-01
7.062880237089670388e-01
7.429373690994570678e-01
7.850107796071832400e-01
8.304843918503039824e-01
8.776668968588863251e-01
9.252071690717961205e-01
9.720691705911372882e-01
1.017506314981583504e+00
1.060989645771106993e+00
1.102171892862848335e+00
1.140838856036552773e+00
1.176878255020949338e+00
1.210254655244184185e+00
1.240982553519289100e+00
1.269114719658718471e+00
1.294725357798797605e+00
1.317904151490445486e+00
1.338750021635176646e+00
1.357365124846692028e+00
1.373852951141720347e+00
1.388314384916175648e+00
1.400847984062507434e+00
1.411548533237752201e+00
1.420507141993799127e+00
1.428999371761998205e+00
1.437350755263077540e+00
1.444725274592806308e+00
1.451123148614747560e+00
1.456507291181143193e+00
1.460669131420565536e+00
1.463518966923051945e+00
1.465136569382001319e+00
1.465595540669884844e+00
1.464964067368946132e+00
1.463305386919706130e+00
1.460677980055341330e+00
1.457136039710615005e+00
1.452729486740869325e+00
1.447504571852734845e+00
1.441504414153672142e+00
1.434769158040863246e+00
1.427336318981299756e+00
1.419240878742504597e+00
1.410515497170411470e+00
1.401190700769097797e+00
1.391295275518869889e+00
1.380856666413254885e+00
1.369900905073541342e+00
1.358452745019971930e+00
1.346535838040617827e+00
1.334172918165114297e+00
1.321386058534745001e+00
1.308196669487028840e+00
1.294625791087506528e+00
1.280694334810282609e+00
1.266422941973374350e+00
1.251832024660605613e+00
1.236941799585197010e+00
1.221772271886873318e+00
1.206343265028875233e+00
1.190674456961765770e+00
1.174785547112345618e+00
1.158696345695863661e+00
1.142426727214112869e+00
1.125996669525968441e+00
1.109426289298687252e+00
1.092735875309837956e+00
1.075945964241929342e+00
1.059077518393244155e+00
1.042151955216509718e+00
1.025190985040922209e+00
1.008216795368176211e+00
9.912523149066926331e-01
9.743212402710117459e-01
9.574481630381781461e-01
9.406586863827511857e-01
9.239794459919971059e-01
9.074382308409175701e-01
8.910640460319382283e-01
8.748871449269353118e-01
8.589390191091712534e-01
8.432522473027053156e-01
8.278604811681578024e-01
8.127983486769688737e-01
7.981011081115299000e-01
7.838043940702630330e-01
7.699440075680726858e-01
7.565556592665027003e-01
7.436747337759160859e-01
7.313360233658869891e-01
7.195734368023448679e-01
7.084197226396837799e-01
6.979061565982171977e-01
6.880622188876355239e-01
6.789152821985705577e-01
6.704903135691999694e-01
6.628098358456708805e-01
6.558938595580754427e-01
6.497595703635135056e-01
6.444212924913004237e-01
6.398904357523310660e-01
6.361751879653022579e-01
6.332803838832415932e-01
6.312074721253579934e-01
6.299544284468016064e-01
6.295158626293134718e-01
6.298831494661657482e-01
6.310444080184984816e-01
6.329846655589290716e-01
6.356860346897439396e-01
6.391277465418417902e-01
6.432863481437320896e-01
6.481359196275430223e-01
6.536481734631324203e-01
6.597926664823440257e-01
6.665369437048953571e-01
6.738465546900352932e-01
6.816851711207477793e-01
6.900148660943893342e-01
6.987963461663805331e-01
7.079890206357294380e-01
7.175512566757487054e-01
7.274406806646849244e-01
7.376143450139140967e-01
7.480289946408190671e-01
7.586413220490642040e-01
7.694081169100914774e-01
7.802864162620471999e-01
7.912337450221066382e-01
8.022083083741731180e-01
8.131690742858551646e-01
8.240759679729271481e-01
8.348900865966237816e-01
8.455738368038400177e-01
8.560910740526848084e-01
8.664072997928945474e-01
8.764898390059068234e-01
8.863079555339770099e-01
8.958329882005455769e-01
9.050385171331617462e-01
9.139004641028563025e-01
9.223971065173294237e-01
9.305090917376318549e-01
9.382194394535431359e-01
9.455134982608274230e-01
9.523788576618702484e-01
9.588052286653421241e-01
9.647842684966684290e-01
9.703093545508634232e-01
9.753753267178939534e-01
9.799781908042206613e-01
9.841147848569826717e-01
9.877824079442091287e-01
9.909784153657630323e-01
9.936997908159759252e-01
9.959427044402510143e-01
9.977020668828840977e-01
9.989710898784461834e-01
9.996102072222913248e-01
1.000000000000000000e+00
