1.000000000000000000e+00
1.000000000000000000e+00
1.000000000000000000e+00
1.000000000000000000e+00
1.000000000000000000e+00
9.999999999999925615e-01
9.999999999997413180e-01
9.999999999949599205e-01
9.999999999340702939e-01
9.999999993644109741e-01
9.999999951888229877e-01
9.999999700675410441e-01
9.999998417087838654e-01
9.999992703383970838e-01
9.999970121469785589e-01
9.999889766450141826e-01
9.999629799334661673e-01
9.998860435597387575e-01
9.996771745346592075e-01
9.991571195845174724e-01
9.979727991375411111e-01
9.955173501782768053e-01
9.909072409069212828e-01
9.831062862885979747e-01
9.712437593501398458e-01
9.550341150555810010e-01
9.350806551750678874e-01
9.128621876137202884e-01
8.904087010640612254e-01
8.698435757851277206e-01
8.529741269355557431e-01
8.410629758610411733e-01
8.347517058068173457e-01
8.341201656408214760e-01
8.388043415164772032e-01
8.481353532502163839e-01
8.612857474554891368e-01
8.773712289322301849e-01
8.955414333457042408e-01
9.150277588842256060e-01
9.351746823542850251e-01
9.554517239104987070e-01
9.754431391190040435e-01
9.948391865096579689e-01
1.013415755506171800e+00
1.031020249737730987e+00
1.047555768497381301e+00
1.062967955354169325e+00
1.077235876869131026e+00
1.090361046884169127e+00
1.102361924688421091e+00
1.113267968092246152e+00
1.123116208448491360e+00
1.131948680403457086e+00
1.139809678832010675e+00
1.146744822200369995e+00
1.152799362611417244e+00
1.158017834374942767e+00
1.162443574630743326e+00
1.166118212288104861e+00
1.169081656064353547e+00
1.171371747009195996e+00
1.173024481649250994e+00
1.174073952447521219e+00
1.174552908409461471e+00
1.175334892453146152e+00
1.176364580188552722e+00
1.176840616937791184e+00
1.176801653593137820e+00
1.176283298695294910e+00
1.175318531450074033e+00
1.173937882455508452e+00
1.172169736605659374e+00
1.170040541642695997e+00
1.167575035936330385e+00
1.164796415383377637e+00
1.161726444274649772e+00
1.158385599397889987e+00
1.154793133969779451e+00
1.150967226469123528e+00
1.146925112954781500e+00
1.142683153544425290e+00
1.138256923647082530e+00
1.133661261927855657e+00
1.128910332658129345e+00
1.124017681277352354e+00
1.118996317488155645e+00
1.113858795858839290e+00
1.108617222124307800e+00
1.103283288623766012e+00
1.097868313749200686e+00
1.092383279851647515e+00
1.086838879441121675e+00
1.081245521702650869e+00
1.075613379019485283e+00
1.069952423903395511e+00
1.064272410085037368e+00
1.058582878436666208e+00
1.052893160960221008e+00
1.047212376973335246e+00
1.041549434851399392e+00
1.035913033701413299e+00
1.030311680873549962e+00
1.024753698070400620e+00
1.019247209247632124e+00
1.013800138967848374e+00
1.008420209744176566e+00
1.003114938501097786e+00
9.978916375650725978e-01
9.927574265257793629e-01
9.877192260307376959e-01
9.827837296860167937e-01
9.779574151799665938e-01
9.732465629689264208e-01
9.686572476931267772e-01
9.641953399699364491e-01
9.598665066675802215e-01
9.556762009306298822e-01
9.516296624681702676e-01
9.477319120569530631e-01
9.439877432733312368e-01
9.404017110827826986e-01
9.369781084998535237e-01
9.337209576743606965e-01
9.306339952262007165e-01
9.277206376957913836e-01
9.249839584763966949e-01
9.224266715068314415e-01
9.200511136450206795e-01
9.178592315233479182e-01
9.158525685240722636e-01
9.140322523302245594e-01
9.123989861079405683e-01
9.109530392194360449e-01
9.096942393554112716e-01
9.086219674522129086e-01
9.077351552436202509e-01
9.070323022792747825e-01
9.065114909378996222e-01
9.061703844691231247e-01
9.060062442909024849e-01
9.060159458166798796e-01
9.061959769024452438e-01
9.065424479127206503e-01
9.070511075551549451e-01
9.077173543304635217e-01
9.085362591723254999e-01
9.095025882626170954e-01
9.106108151417932062e-01
9.118551430768669919e-01
9.132295270404703347e-01
9.147276859485850009e-01
9.163431238954942160e-01
9.180691517334321761e-01
9.198989010234965846e-01
9.218253441604681298e-01
9.238413102251432640e-01
9.259394933657154603e-01
9.281124671310068130e-01
9.303527081859100933e-01
9.326526175156771847e-01
9.350045327359317593e-01
9.374007514851178113e-01
9.398335579938463802e-01
9.422952426910925494e-01
9.447781281755819327e-01
9.472745952997233543e-01
9.497771040886742178e-01
9.522782154571454161e-01
9.547706186935814854e-01
9.572471568324539826e-01
9.597008463395034772e-01
9.621249033918495286e-01
9.645127713971846095e-01
9.668581440697439078e-01
9.691549882195498178e-01
9.713975690876035518e-01
9.735804735450481751e-01
9.756986284196711434e-01
9.777473181971175764e-01
9.797222022026900179e-01
9.816193254715706029e-01
9.834351217709537130e-01
9.851664131956744397e-01
9.868104052630223277e-01
9.883646752799259971e-01
9.898271537639404816e-01
9.911960994275534897e-01
9.924700662440604226e-01
9.936478628595716289e-01
9.947285054991384934e-01
9.957111641935254553e-01
9.965951027987692834e-01
9.973796133098028482e-01
9.980639453649652326e-01
9.986472323418178476e-01
9.991284154934879647e-01
9.995061677554967217e-01
9.997788189711191986e-01
9.999164325024050282e-01
1.000000000000000000e+00
