1.000000000000000000e+00
1.000000000000000000e+00
1.000000000000000000e+00
1.000000000000000000e+00
1.000000000000000000e+00
1.000000000000397682e+00
1.000000000011779244e+00
1.000000000211336726e+00
1.000000002542026811e+00
1.000000022443869208e+00
1.000000155003474722e+00
1.000000876487867618e+00
1.000004196319420835e+00
1.000017439902838756e+00
1.000064101576347841e+00
1.000211263220858626e+00
1.000630486476746350e+00
1.001714869335112557e+00
1.004265884909176565e+00
1.009714086793757959e+00
1.020222872225273969e+00
1.038376809781302423e+00
1.066136221478990898e+00
1.103108693781077232e+00
1.144971771733664934e+00
1.183400983800491302e+00
1.208294593985303589e+00
1.211296133535476605e+00
1.188621682820934167e+00
1.141787642727872587e+00
1.076288925173513489e+00
9.996589750165264521e-01
9.196250747177681095e-01
8.430534206335181802e-01
7.753944303128598170e-01
7.204925842598411956e-01
6.807202971047184858e-01
6.569837711102936018e-01
6.489939162662792249e-01
6.554500106082891131e-01
6.743719935368612806e-01
7.034501958382352038e-01
7.402607868503561228e-01
7.825274381425884052e-01
8.282139228880505133e-01
8.756186660484744921e-01
9.233825595080259463e-01
9.704637192095928455e-01
1.016111690256528366e+00
1.059795029745141504e+00
1.101165101973358817e+00
1.140007092510257003e+00
1.176208642581223485e+00
1.209734613983511231e+00
1.240599995175794223e+00
1.268858188182189428e+00
1.294584068870038740e+00
1.317868013444959630e+00
1.338809631388306443e+00
1.357511736337063235e+00
1.374078444696257506e+00
1.388611219137251052e+00
1.401209159120381020e+00
1.411967550860539822e+00
1.420977968081632792e+00
1.429516404645409855e+00
1.437908789287995592e+00
1.445319472683073592e+00
1.451749014610510757e+00
1.457164664213235872e+00
1.461357787982132006e+00
1.464235036691509340e+00
1.465876476252753413e+00
1.466355978437922980e+00
1.465741978631941222e+00
1.464097943485487274e+00
1.461482563199628437e+00
1.457950222302765608e+00
1.453551014342399528e+00
1.448331346799136998e+00
1.442334482280991370e+00
1.435600695594706044e+00
1.428167621032731427e+00
1.420070347507331521e+00
1.411341631056236334e+00
1.402012084039301110e+00
1.392110569971688916e+00
1.381664605161045056e+00
1.370700285319761846e+00
1.359242421243447074e+00
1.347314715886116288e+00
1.334939949121842773e+00
1.322140235919129880e+00
1.308937024016828321e+00
1.295351388059694742e+00
1.281404272570215275e+00
1.267116349102296979e+00
1.252508057128495667e+00
1.237599637832192068e+00
1.222411117502559597e+00
1.206962337354448467e+00
1.191272989672038429e+00
1.175362785712002367e+00
1.159251545415311835e+00
1.142959150371919641e+00
1.126505582975420694e+00
1.109910961954155173e+00
1.093195575764589700e+00
1.076379958814530635e+00
1.059485070394945661e+00
1.042532324407508426e+00
1.025543425896392469e+00
1.008540556759291551e+00
9.915466418799617765e-01
9.745853762435375822e-01
9.576813532531929241e-01
9.408601826418470093e-01
9.241485120315718893e-01
9.075741492308374569e-01
8.911661262597017075e-01
8.749547325450081070e-01
8.589715057131661613e-01
8.432490802961052356e-01
8.278211745101393682e-01
8.127224940221713378e-01
7.979883843300749069e-01
7.836545759185225002e-01
7.697569738946670181e-01
7.563314003697688692e-01
7.434133580907377192e-01
7.310377631979589896e-01
7.192386528559285841e-01
7.080489074098189617e-01
6.974999362305417394e-01
6.876213533148231027e-01
6.784406635280242348e-01
6.699829627155405865e-01
6.622708997180104529e-01
6.553246084324720888e-01
6.491613929974353603e-01
6.437956914516631546e-01
6.392390226480728632e-01
6.354996759271942519e-01
6.325825787886236728e-01
6.304892633329858276e-01
6.292177783165580074e-01
6.287627965913303862e-01
6.291157467233454703e-01
6.302647911750236531e-01
6.321949909010037283e-01
6.348884831121427430e-01
6.383245134900094042e-01
6.424796341529056543e-01
6.473279215655463048e-01
6.528410751461412032e-01
6.589886297828935202e-01
6.657380993709045569e-01
6.730549914689639701e-01
6.809029242439448293e-01
6.892439068728228868e-01
6.980385722221830180e-01
7.072462450485740293e-01
7.168251981119327931e-01
7.267329550618226719e-01
7.369264574342133667e-01
7.473623324587563843e-01
7.579971494330063342e-01
7.687875695267846199e-01
7.796904962914324999e-01
7.906633175555912718e-01
8.016640987510933458e-01
8.126516652417395958e-01
8.235857979091344427e-01
8.344274492755284767e-01
8.451388817035621059e-01
8.556838074859235421e-01
8.660275875168880200e-01
8.761374102051757706e-01
8.859824075971334256e-01
8.955337926382449520e-01
9.047650271026085322e-01
9.136519229602234615e-01
9.221726566109222922e-01
9.303077836288562441e-01
9.380402416368127660e-01
9.453553070981781659e-01
9.522405072781905400e-01
9.586855007102651482e-01
9.646819014187846264e-01
9.702230520917711765e-01
9.753037655447740484e-01
9.799200271107600946e-01
9.840686597653850454e-01
9.877469515091440444e-01
9.909522489879882823e-01
9.936815279427703151e-01
9.959309494718726619e-01
9.976954122503397526e-01
9.989681113017658820e-01
9.996090740990245527e-01
1.000000000000000000e+00
