1.000000000000000000e+00
1.000000000000000000e+00
1.000000000000000000e+00
1.000000000000000000e+00
1.000000000000000000e+00
1.000000000000147216e+00
1.000000000004200196e+00
1.000000000075112139e+00
1.000000000900346020e+00
1.000000007917783762e+00
1.000000054433460184e+00
1.000000306185806043e+00
1.000001457004104033e+00
1.000006012498735108e+00
1.000021916541945055e+00
1.000071528076634575e+00
1.000211001599410121e+00
1.000565996239334732e+00
1.001384594003643658e+00
1.003089233376136535e+00
1.006270719891118937e+00
1.011525963037364750e+00
1.019055667885215621e+00
1.028087378766320947e+00
1.036450198355934216e+00
1.040744070081423889e+00
1.037293048230722547e+00
1.023459088433758657e+00
9.986306674196756550e-01
9.644260169970434449e-01
9.241144798345356515e-01
8.817756825652693919e-01
8.414485248896859115e-01
8.065854602549814567e-01
7.797336028475700953e-01
7.624149728928032443e-01
7.552086749932958032e-01
7.578347191843463060e-01
7.693818450027727351e-01
7.885041903379514938e-01
8.136516012744154924e-01
8.432673124570057022e-01
8.758943650041876028e-01
9.102705883377952834e-01
9.453429426499323496e-01
9.802780648128764929e-01
1.014441069637289194e+00
1.047366766759472378e+00
1.078735621179313986e+00
1.108335270613917345e+00
1.136039730939832459e+00
1.161785210949246139e+00
1.185554695927307556e+00
1.207365788246500538e+00
1.227258179062250765e+00
1.245288063798478451e+00
1.261520308855961225e+00
1.276025657580218908e+00
1.288877813222923940e+00
1.300150656092343260e+00
1.309917378177811065e+00
1.318248647316783373e+00
1.325212803121140759e+00
1.330875213166934357e+00
1.335298636414629314e+00
1.339731208093548398e+00
1.344472411734908945e+00
1.348549661140149958e+00
1.351662646845996463e+00
1.353708690004113313e+00
1.354752912832402290e+00
1.354855287545217335e+00
1.354071282377817154e+00
1.352452254658748299e+00
1.350045949124639932e+00
1.346896834454533787e+00
1.343046287867381006e+00
1.338532911255702285e+00
1.333392606642780365e+00
1.327658945922700839e+00
1.321363502459222294e+00
1.314535981569413758e+00
1.307204443659631066e+00
1.299395394920972224e+00
1.291133934574898667e+00
1.282443887430158025e+00
1.273348037966467450e+00
1.263868364899733310e+00
1.254026032114601952e+00
1.243841483640514722e+00
1.233334557671686538e+00
1.222524602027320162e+00
1.211430624296096603e+00
1.200071309096556238e+00
1.188465181336917365e+00
1.176630741341381681e+00
1.164586405780624778e+00
1.152350538809859160e+00
1.139941478303204914e+00
1.127377535743731674e+00
1.114677017635247180e+00
1.101858248317567845e+00
1.088939654453884742e+00
1.075939809033729100e+00
1.062877407280699016e+00
1.049771282194159605e+00
1.036640416164109624e+00
1.023503949070967867e+00
1.010381203893833124e+00
9.972917565811705298e-01
9.842554328532775454e-01
9.712922131535471904e-01
9.584222956198855670e-01
9.456661906470403833e-01
9.330447012932745476e-01
9.205789449960118942e-01
9.082903660069421292e-01
8.962007003152671070e-01
8.843319808976218832e-01
8.727065130560528461e-01
8.613468323233745005e-01
8.502756413913826750e-01
8.395156847491705987e-01
8.290896811128193322e-01
8.190202207149389624e-01
8.093295595130171050e-01
8.000394561353439959e-01
7.911710312558517533e-01
7.827446121087688891e-01
7.747795909125250180e-01
7.672942769855678469e-01
7.603057457674067265e-01
7.538297011515211477e-01
7.478803318582014636e-01
7.424701726422006098e-01
7.376099787486991577e-01
7.333086146612587397e-01
7.295730482654498861e-01
7.264083400105664223e-01
7.238175478107021776e-01
7.218017409653688654e-01
7.203600138286004873e-01
7.194894129880879952e-01
7.191849348182143276e-01
7.194395629733001396e-01
7.202442904772572430e-01
7.215882126756070214e-01
7.234586299989156366e-01
7.258410989013397430e-01
7.287195474758008107e-01
7.320763953944732227e-01
7.358926241377992117e-01
7.401479025142735368e-01
7.448207175532740587e-01
7.498884640878916708e-01
7.553275707131236194e-01
7.611136012530409500e-01
7.672213121874903452e-01
7.736247422747870583e-01
7.802973536833777146e-01
7.872121553418780504e-01
7.943417707994053778e-01
8.016585655561219159e-01
8.091347878200489951e-01
8.167426636029168074e-01
8.244545231700672883e-01
8.322429225918038798e-01
8.400807298496684172e-01
8.479412103249782673e-01
8.557981409151493857e-01
8.636259076046255423e-01
8.713995663682252424e-01
8.790949395272265043e-01
8.866887174369076918e-01
8.941585335529198542e-01
9.014830382145420096e-01
9.086419889200036959e-01
9.156163313350085264e-01
9.223882566030742192e-01
9.289412612292382576e-01
9.352602117975040708e-01
9.413313824508863226e-01
9.471424577145832746e-01
9.526825279213949615e-01
9.579420723921161507e-01
9.629129185995727314e-01
9.675881770163722306e-01
9.719621553341625253e-01
9.760302437468411085e-01
9.797887728029442966e-01
9.832348500989236406e-01
9.863661738683267011e-01
9.891808248028166606e-01
9.916770370926565326e-01
9.938529514868641446e-01
9.957063556568546137e-01
9.972344169967429783e-01
9.984334136815387062e-01
9.992984702064456881e-01
9.997346002656340991e-01
1.000000000000000000e+00
