1.000000000000000000e+00
1.000000000000000000e+00
1.000000000000000000e+00
1.000000000000000000e+00
1.000000000000000000e+00
1.000000000000666800e+00
1.000000000019609203e+00
1.000000000351438656e+00
1.000000004222115990e+00
1.000000037227231520e+00
1.000000256709820512e+00
1.000001449106324047e+00
1.000006924341833914e+00
1.000028714094788995e+00
1.000105274752922213e+00
1.000345953312261837e+00
1.001028968540844888e+00
1.002787630338429326e+00
1.006902006801342786e+00
1.015629563317845374e+00
1.032323104736433184e+00
1.060863324785247919e+00
1.103947418626537003e+00
1.160427967481254097e+00
1.223147922813392352e+00
1.279358299874274518e+00
1.314614308296664591e+00
1.318092987282493356e+00
1.286180931072621769e+00
1.222670800753484999e+00
1.136194945808172374e+00
1.037316381442863422e+00
9.360709959047516238e-01
8.408217864413768394e-01
7.577660857683584661e-01
6.909004379080552205e-01
6.424214294196829433e-01
6.128013775528816653e-01
6.012690204626260915e-01
6.060319564158108685e-01
6.247049244851866634e-01
6.547153935841675265e-01
6.934393840486637872e-01
7.384746254420450073e-01
7.876552634025030253e-01
8.391544924114422432e-01
8.914835163065906176e-01
9.434673249607985479e-01
9.942414353441024755e-01
1.043163028293283778e+00
1.089788991078832314e+00
1.133822616533035621e+00
1.175085175118321779e+00
1.213491970853561641e+00
1.249018941348376988e+00
1.281692932924213491e+00
1.311569230358750282e+00
1.338726210861014732e+00
1.363257798483936245e+00
1.385265102113712343e+00
1.404854484644091350e+00
1.422131516755555714e+00
1.437201843258594680e+00
1.450168837042296932e+00
1.461133372241225414e+00
1.471381934707661987e+00
1.481251140307502823e+00
1.489916589347163534e+00
1.497390229810048101e+00
1.503852943255637120e+00
1.509139628328368676e+00
1.512964982899714261e+00
1.515372160891870879e+00
1.516448805264466682e+00
1.516276469387906500e+00
1.514931069763866711e+00
1.512482926387312299e+00
1.508997290143176295e+00
1.504534155581600086e+00
1.499149055875443670e+00
1.492893773240765443e+00
1.485816442464457765e+00
1.477961978230586171e+00
1.469372106467889960e+00
1.460085597201683738e+00
1.450138469171183164e+00
1.439564536451291454e+00
1.428395973913269223e+00
1.416663118984378800e+00
1.404394618264318551e+00
1.391617646272637066e+00
1.378358141740936960e+00
1.364641167786589726e+00
1.350490851853517027e+00
1.335930812909288612e+00
1.320984509129827789e+00
1.305674958281356490e+00
1.290024759861311487e+00
1.274056107074805100e+00
1.257790717470184338e+00
1.241249840669876203e+00
1.224454277714027040e+00
1.207424620169030849e+00
1.190181362230891438e+00
1.172744787571142089e+00
1.155135000100413922e+00
1.137371950049715252e+00
1.119475458311054217e+00
1.101465314754846325e+00
1.083361553683831024e+00
1.065184481570763619e+00
1.046954379861672946e+00
1.028691803374064184e+00
1.010418023731277870e+00
9.921550737235568240e-01
9.739259730983491625e-01
9.557549456823681844e-01
9.376674803289591908e-01
9.196905772543039204e-01
9.018529052674089108e-01
8.841849183328571726e-01
8.667189096276434190e-01
8.494888257900156114e-01
8.325303374676220614e-01
8.158807737822453277e-01
7.995786154121725664e-01
7.836631589599046821e-01
7.681742680508302223e-01
7.531520458708326204e-01
7.386365526715862329e-01
7.246674719460056702e-01
7.112837340694529997e-01
6.985231690136016747e-01
6.864220915905030473e-01
6.750148652449909914e-01
6.643334811786298921e-01
6.544071575257324191e-01
6.452624363042761546e-01
6.369232208963404585e-01
6.294103291793241572e-01
6.227415748197384637e-01
6.169318033139057356e-01
6.119924044222867510e-01
6.079311493140513445e-01
6.047521985163316627e-01
6.024559754579947857e-01
6.010394051941357896e-01
6.004961756065635425e-01
6.008166592916305282e-01
6.019881833557582107e-01
6.039952966460603312e-01
6.068197084968375288e-01
6.104405385262100525e-01
6.148345811445519171e-01
6.199762980987292282e-01
6.258380254300101031e-01
6.323900172959143751e-01
6.396002034285108717e-01
6.474341480323203557e-01
6.558553470301445865e-01
6.648254239376419905e-01
6.743039798810954721e-01
6.842488469120434624e-01
6.946164502557286013e-01
7.053618941027448574e-01
7.164392755515665012e-01
7.278019897280343375e-01
7.394028238589198665e-01
7.511940692188332491e-01
7.631278453631231695e-01
7.751563376691630314e-01
7.872318140562372113e-01
7.993069002814560120e-01
8.113349152716594626e-01
8.232700551387894805e-01
8.350675964189877565e-01
8.466842400216059161e-01
8.580784282209567015e-01
8.692105427556510167e-01
8.800431647756472575e-01
8.905414183019022545e-01
9.006731900472443320e-01
9.104091829585388984e-01
9.197229935120276867e-01
9.285911883144836176e-01
9.369933086191203353e-01
9.449118074059977834e-01
9.523319494726326662e-01
9.592416226506271792e-01
9.656310720471721343e-01
9.714925989987962529e-01
9.768202080148509214e-01
9.816092036414583166e-01
9.858557330043105082e-01
9.895562780788040858e-01
9.927071146685013669e-01
9.953037503205837133e-01
9.973403547375665479e-01
9.988091962524677792e-01
9.995483114518890488e-01
1.000000000000000000e+00
