1.000000000000000000e+00
1.000000000000000000e+00
1.000000000000000000e+00
1.000000000000000000e+00
1.000000000000000000e+00
1.000000000000647926e+00
1.000000000019034552e+00
1.000000000341153994e+00
1.000000004099069084e+00
1.000000036147307814e+00
1.000000249302076094e+00
1.000001407540885623e+00
1.000006727090192893e+00
1.000027902580936434e+00
1.000102326685331056e+00
1.000336368785441632e+00
1.001000819927887475e+00
1.002712513349423240e+00
1.006719366927478765e+00
1.015224977021278230e+00
1.031508533675015160e+00
1.059378942560496251e+00
1.101511515578922129e+00
1.156846131574802206e+00
1.218446284330566343e+00
1.273860502327607946e+00
1.308890922478330054e+00
1.312800033362059082e+00
1.281876605634965749e+00
1.219695294285491505e+00
1.134646202447777918e+00
1.037087040261606807e+00
9.369191495268761605e-01
8.424398392354978116e-01
7.598411352299858645e-01
6.931608403273702423e-01
6.446600974807361606e-01
6.148905145435434871e-01
6.031533497801971899e-01
6.077150209578833229e-01
6.262256271002193397e-01
6.561212919760374129e-01
6.947709568283479964e-01
7.397539946655180554e-01
7.888864907553565509e-01
8.403265929694813119e-01
8.925758658721016925e-01
9.444552522078685231e-01
9.950993367103037057e-01
1.043867954350216065e+00
1.090322073814134152e+00
1.134170018302595118e+00
1.175238130394699043e+00
1.213446228458760379e+00
1.248774387041916789e+00
1.281252812631135996e+00
1.310939678720856261e+00
1.337915632981493186e+00
1.362276300527985207e+00
1.384124083451027332e+00
1.403566217971089269e+00
1.420708895443370867e+00
1.435658083728353018e+00
1.448517259867569962e+00
1.459387217384489288e+00
1.469554189404781219e+00
1.479354460775254232e+00
1.487963201215156905e+00
1.495391866288875660e+00
1.501820769007435219e+00
1.507073874910869637e+00
1.510866308162103655e+00
1.513250751490967216e+00
1.514314061771868669e+00
1.514137018602902840e+00
1.512794783237839891e+00
1.510356955535233414e+00
1.506888100481873494e+00
1.502447580463002197e+00
1.497090337636658441e+00
1.490867593090869692e+00
1.483826956780249340e+00
1.476012850211347205e+00
1.467466544523881034e+00
1.458226393093505324e+00
1.448328036130646312e+00
1.437804936145896884e+00
1.426688931163930807e+00
1.415010047414646976e+00
1.402796645843173540e+00
1.390075638199598229e+00
1.376872719816561563e+00
1.363212722146587064e+00
1.349119557910304579e+00
1.334616638074771711e+00
1.319727211579464932e+00
1.304474097228135676e+00
1.288879707808695763e+00
1.272966064294943189e+00
1.256754731209640985e+00
1.240266826617368201e+00
1.223523043317420678e+00
1.206543882706656134e+00
1.189349765601752651e+00
1.171960924987218267e+00
1.154397438049365121e+00
1.136679253651907473e+00
1.118826218079823853e+00
1.100858172282747960e+00
1.082795220265758918e+00
1.064657757790673731e+00
1.046466186879683402e+00
1.028241205987188156e+00
1.010004239999319653e+00
9.917774841814167575e-01
9.735841230734311180e-01
9.554485406011076210e-01
9.373963788916398476e-01
9.194547755959431301e-01
9.016525146005970326e-01
8.840201368406411797e-01
8.665899902023317392e-01
8.493960475344660699e-01
8.324739712201170150e-01
8.158610458887007866e-01
7.995956851636217833e-01
7.837171031388723286e-01
7.682650689482816153e-01
7.532795851211726568e-01
7.388006087054435067e-01
7.248677224540086561e-01
7.115197645911380819e-01
6.987944861087240778e-01
6.867281427955214124e-01
6.753550663617625682e-01
6.647072501253643573e-01
6.548139538517717684e-01
6.457017863886760356e-01
6.373947308408892676e-01
6.299137047487033403e-01
6.232766273450190964e-01
6.174984436600370330e-01
6.125906470737237930e-01
6.085611143046572025e-01
6.054141052225830988e-01
6.031501350936736561e-01
6.017661979991277832e-01
6.012560131933734064e-01
6.016099482190898629e-01
6.028152768933067174e-01
6.048564366778466095e-01
6.077149737079277081e-01
6.113697873662958804e-01
6.157973907856518769e-01
6.209719130956010691e-01
6.268653083403730175e-01
6.334474099820095461e-01
6.406857131010258444e-01
6.485453502268614390e-01
6.569893911072742787e-01
6.659790460219449093e-01
6.754735389492999564e-01
6.854303658100500130e-01
6.958056563566609176e-01
7.065542715212834723e-01
7.176301178772355183e-01
7.289864528141870581e-01
7.405759873066154464e-01
7.523510047602776085e-01
7.642636814358733099e-01
7.762663230612025789e-01
7.883113896424760458e-01
8.003517660340606632e-01
8.123410887958729676e-01
8.242339276776574630e-01
8.359859845262972433e-01
8.475544255749736244e-01
8.588981871272640678e-01
8.699781669195248979e-01
8.807574736269568882e-01
8.912017551546057570e-01
9.012794079986687912e-01
9.109616269413315370e-01
9.202224763364200699e-01
9.290389595710809578e-01
9.373910184955612790e-01
9.452614671717541883e-01
9.526358889088276660e-01
9.595024470196442667e-01
9.658516206139621252e-01
9.716759051936578739e-01
9.769694621308930849e-01
9.817277189578424990e-01
9.859469165672978264e-01
9.896236073959200352e-01
9.927541210633390456e-01
9.953340094699787421e-01
9.973574846836904539e-01
9.988168630012090876e-01
9.995512599267725173e-01
1.000000000000000000e+00
