1.000000000000000000e+00
1.000000000000000000e+00
1.000000000000000000e+00
1.000000000000000000e+00
1.000000000000000000e+00
1.000000000000074385e+00
1.000000000002176037e+00
1.000000000038701042e+00
1.000000000460937510e+00
1.000000004023587907e+00
1.000000027424253979e+00
1.000000152718036217e+00
1.000000718195402927e+00
1.000002922611040512e+00
1.000010476934971804e+00
1.000033508880230571e+00
1.000096426055087084e+00
1.000250770762287189e+00
1.000589746622739140e+00
1.001249789398898749e+00
1.002366495895868237e+00
1.003941832984809546e+00
1.005609442530506437e+00
1.006382602830643291e+00
1.004590217745732650e+00
9.981940994132000311e-01
9.854734594733192132e-01
9.657389340943021150e-01
9.397114100200069098e-01
9.094112921125314664e-01
8.776448488154505734e-01
8.474256664225829905e-01
8.214455563084580580e-01
8.017686243768853416e-01
7.896819198476254797e-01
7.856826611233077573e-01
7.896031388049766786e-01
8.007306136965822718e-01
8.180079802541564415e-01
8.401912633596833047e-01
8.660069730255322007e-01
8.942709678260748474e-01
9.239384068584912679e-01
9.541447347638122300e-01
9.841961696290727479e-01
1.013562639159909962e+00
1.041854166032577966e+00
1.068796084404261659e+00
1.094210067455434698e+00
1.117986917886747422e+00
1.140072339513257482e+00
1.160450728046396707e+00
1.179135182073338894e+00
1.196159723219021753e+00
1.211571155355516405e+00
1.225425683305123803e+00
1.237783809636380461e+00
1.248708717015412972e+00
1.258264471838750787e+00
1.266514256969304864e+00
1.273519925446711776e+00
1.279340811615705675e+00
1.284033982488862691e+00
1.287653855146783322e+00
1.290252662005360262e+00
1.293068369275311102e+00
1.296286924496647952e+00
1.298760559475037324e+00
1.300296931250850774e+00
1.300954631823533436e+00
1.300787864270235739e+00
1.299846645845357695e+00
1.298177337634178752e+00
1.295822979605218306e+00
1.292823696144886680e+00
1.289216976887366473e+00
1.285037841082480314e+00
1.280319095014848640e+00
1.275091409335977755e+00
1.269383610189265044e+00
1.263222940000289007e+00
1.256635168375511480e+00
1.249644769373288833e+00
1.242275000102701865e+00
1.234548019474294822e+00
1.226484995039154535e+00
1.218106282625888825e+00
1.209431604911459956e+00
1.200480051005361926e+00
1.191270151003619659e+00
1.181819963468652590e+00
1.172147162710489132e+00
1.162269150059640044e+00
1.152203067831305328e+00
1.141965917569137456e+00
1.131574656686163305e+00
1.121046154180496801e+00
1.110397210622325215e+00
1.099644573869617670e+00
1.088804935136930663e+00
1.077894939757218395e+00
1.066931198118790114e+00
1.055930339330667156e+00
1.044909035102957295e+00
1.033883974640673165e+00
1.022871866856220668e+00
1.011889439088181630e+00
1.000953432593791437e+00
9.900806095337338908e-01
9.792877897189825598e-01
9.685918358418020846e-01
9.580095748940932188e-01
9.475578283432101179e-01
9.372534630846761639e-01
9.271133632750316877e-01
9.171544300902995106e-01
9.073935749693210484e-01
8.978476805984948461e-01
8.885335894687473868e-01
8.794680726889639866e-01
8.706677877707195146e-01
8.621492235968990503e-01
8.539286055437874667e-01
8.460218409004441886e-01
8.384444431617814608e-01
8.312113910489142832e-01
8.243370188917660268e-01
8.178349247939177280e-01
8.117178720897740840e-01
8.059977028786549091e-01
8.006852504489480049e-01
7.957902526123666886e-01
7.913212763807212502e-01
7.872856414089082211e-01
7.836893489038694316e-01
7.805370210703812539e-01
7.778318513279236512e-01
7.755756220883921470e-01
7.737687197796438987e-01
7.724100971966236795e-01
7.714973042266518588e-01
7.710265179859129292e-01
7.709925185155233063e-01
7.713887076425678391e-01
7.722071515445260159e-01
7.734386124480094882e-01
7.750726224931393515e-01
7.770975619103055454e-01
7.795007036558029290e-01
7.822682960972702215e-01
7.853856467121103080e-01
7.888371739058447352e-01
7.926064912567121201e-01
7.966764937986378081e-01
8.010294181152758375e-01
8.056469237303935937e-01
8.105101589883531021e-01
8.155997998025137363e-01
8.208961077204419698e-01
8.263790190747357656e-01
8.320282233922982051e-01
8.378232084412032821e-01
8.437433416053652380e-01
8.497679598164505910e-01
8.558764324293698378e-01
8.620482436683096772e-01
8.682630727729758746e-01
8.745008534209036677e-01
8.807418334524035330e-01
8.869666525091419729e-01
8.931564102354412338e-01
8.992927128060584918e-01
9.053577411898173777e-01
9.113343228044783473e-01
9.172059871018829469e-01
9.229570201695829201e-01
9.285725288421343704e-01
9.340384985155827380e-01
9.393418356870479879e-01
9.444704107736546783e-01
9.494131022597862568e-01
9.541598225118013143e-01
9.587015204853635009e-01
9.630301774571805584e-01
9.671387925674853614e-01
9.710213508218660250e-01
9.746727731575141052e-01
9.780888506293332618e-01
9.812661576171020084e-01
9.842019449421489652e-01
9.868940167323143609e-01
9.893405900290009880e-01
9.915401382105302197e-01
9.934912192088253269e-01
9.951922906982161310e-01
9.966415160339046064e-01
9.978365647261547844e-01
9.987744117354799833e-01
9.994511401835222131e-01
9.997924582112779346e-01
1.000000000000000000e+00
