1.000000000000000000e+00
1.000000000000000000e+00
1.000000000000000000e+00
1.000000000000000000e+00
1.000000000000000000e+00
1.000000000000281331e+00
1.000000000007996936e+00
1.000000000143407064e+00
1.000000001724208332e+00
1.000000015215852134e+00
1.000000105025640851e+00
1.000000593492766487e+00
1.000002839267926769e+00
1.000011789457140088e+00
1.000043287570964390e+00
1.000142489741505880e+00
1.000424626194744482e+00
1.001152981856395119e+00
1.002862387902748287e+00
1.006502581053354106e+00
1.013498277190641117e+00
1.025524638448606307e+00
1.043786664623574278e+00
1.067842613756793346e+00
1.094538089178127116e+00
1.117964335402826581e+00
1.130984734777734646e+00
1.127682992618701752e+00
1.105398417573946412e+00
1.065344426685417956e+00
1.011754414785513534e+00
9.504972780476472760e-01
8.876795828219724571e-01
8.287747644340945907e-01
7.781242488463229190e-01
7.387322886856215742e-01
7.123348543495681140e-01
6.994236526136653476e-01
6.994861863880905695e-01
7.112069637355871166e-01
7.327679544770593356e-01
7.621457871015923091e-01
7.972972532215484298e-01
8.363520477300467881e-01
8.776771125061280099e-01
9.199317880845069295e-01
9.620613202395159602e-01
1.003268282686411439e+00
1.042984766802119712e+00
1.080815421065583148e+00
1.116506533878866225e+00
1.149907921036874336e+00
1.180948068161138842e+00
1.209614271823955534e+00
1.235932140110702626e+00
1.259956197276983936e+00
1.281757123077682081e+00
1.301416956837159411e+00
1.319024241991829660e+00
1.334669463172203585e+00
1.348443505737819459e+00
1.360434695382010561e+00
1.370728951297995879e+00
1.379408705219436815e+00
1.386553106845638039e+00
1.393426081903186731e+00
1.400342116460829178e+00
1.406454516787370324e+00
1.411701822518170113e+00
1.415864530149794076e+00
1.418791707791476231e+00
1.420558240647791459e+00
1.421233250534019277e+00
1.420880566376484300e+00
1.419559363817630482e+00
1.417324579781067184e+00
1.414227114296580101e+00
1.410314233413726637e+00
1.405629626245310293e+00
1.400213898448328331e+00
1.394105014454153357e+00
1.387338449351247505e+00
1.379947479980321301e+00
1.371963284990558751e+00
1.363415130428606403e+00
1.354330536028942378e+00
1.344735593269390961e+00
1.334655286723880341e+00
1.324113459168900553e+00
1.313132931524950475e+00
1.301735652548537292e+00
1.289942852897918657e+00
1.277775252625777069e+00
1.265253073732140354e+00
1.252396271792179494e+00
1.239224728246875129e+00
1.225758155426280860e+00
1.212016137274332106e+00
1.198018164191693158e+00
1.183783629960622363e+00
1.169331862406779221e+00
1.154682157974946222e+00
1.139853912037142036e+00
1.124866690516385326e+00
1.109740200264127452e+00
1.094494321713897600e+00
1.079149137821205695e+00
1.063724960173361600e+00
1.048242384799452198e+00
1.032722420239072791e+00
1.017186505655183870e+00
1.001656388167867950e+00
9.861542498067512597e-01
9.707028888584783299e-01
9.553257263904547658e-01
9.400468819396444742e-01
9.248912383800836912e-01
9.098844347861684279e-01
8.950529271089994188e-01
8.804240039156697728e-01
8.660257766351724396e-01
8.518871369503246971e-01
8.380376124000157301e-01
8.245073158451362572e-01
8.113268353134894806e-01
7.985269492863588114e-01
7.861384067707001266e-01
7.741917385950497499e-01
7.627170371753545508e-01
7.517437522416142714e-01
7.413004676432911610e-01
7.314146639055882915e-01
7.221124940197215514e-01
7.134185389618115103e-01
7.053555611949212656e-01
6.979442707174670080e-01
6.912031060391113924e-01
6.851481927018613360e-01
6.797932863691605876e-01
6.751495594076749596e-01
6.712255751654546687e-01
6.680272566981990678e-01
6.655576948523785896e-01
6.638170782843441087e-01
6.628026928977378551e-01
6.625088916287199536e-01
6.629271936055418646e-01
6.640464024259060682e-01
6.658526305476056839e-01
6.683294450834172951e-01
6.714580244330466963e-01
6.752172254880731694e-01
6.795837569040484860e-01
6.845323659577936537e-01
6.900359515001864841e-01
6.960657483985819294e-01
7.025914689872363450e-01
7.095813641718666798e-01
7.170023475565290294e-01
7.248202194827632061e-01
7.329998597467600741e-01
7.415053168946657003e-01
7.503000116711423528e-01
7.593469671485008066e-01
7.686089529139407128e-01
7.780486892860939419e-01
7.876290424273200141e-01
7.973131519582234983e-01
8.070645572018498859e-01
8.168473777903306754e-01
8.266264626587469522e-01
8.363674691667120076e-01
8.460370100596222853e-01
8.556028112378687434e-01
8.650338198186042771e-01
8.743003113385944269e-01
8.833740306547359644e-01
8.922283181713495104e-01
9.008381946656356387e-01
9.091804557680990273e-01
9.172337814344767581e-01
9.249788002422851818e-01
9.323980953619639411e-01
9.394762053290532933e-01
9.461996114117827705e-01
9.525566900342532506e-01
9.585376305056698687e-01
9.641343257798231647e-01
9.693402207848996754e-01
9.741501213584924379e-01
9.785599756549311357e-01
9.825666237861817587e-01
9.861675173336161837e-01
9.893604092603570654e-01
9.921430177820335095e-01
9.945126720872839998e-01
9.964659471025784088e-01
9.979982954576174237e-01
9.991036852912127397e-01
9.996606535621884726e-01
1.000000000000000000e+00
