1.000000000000000000e+00
1.000000000000000000e+00
1.000000000000000000e+00
1.000000000000000000e+00
1.000000000000000000e+00
1.000000000000645040e+00
1.000000000018952395e+00
1.000000000339680950e+00
1.000000004081430971e+00
1.000000035992381298e+00
1.000000248238391176e+00
1.000001401566183334e+00
1.000006698702111896e+00
1.000027785621833587e+00
1.000101901076414945e+00
1.000334982285324470e+00
1.000996738045062617e+00
1.002701588268520183e+00
1.006692706820076166e+00
1.015165650791480578e+00
1.031388403518265218e+00
1.059158419203950707e+00
1.101146163543247347e+00
1.156302080099651963e+00
1.217719856119330091e+00
1.272990694596615402e+00
1.307953996946046749e+00
1.311887626818286412e+00
1.281069557799999314e+00
1.219045607345549787e+00
1.134172477808165214e+00
1.036778939189915372e+00
9.367470659480396922e-01
8.423646194580861613e-01
7.598227411719761237e-01
6.931650739469183975e-01
6.446619722349209436e-01
6.148762785735852887e-01
6.031193453322143405e-01
6.076654650526857049e-01
6.261690125051710964e-01
6.560664198028132166e-01
6.947246493401986189e-01
7.397195827378494348e-01
7.888640252911602868e-01
8.403134825505147454e-01
8.925678434690352825e-01
9.444473316979935529e-01
9.950863769786878477e-01
1.043845245080075257e+00
1.090285584236535321e+00
1.134116553451177900e+00
1.175165343555093278e+00
1.213352539442624556e+00
1.248658919900085262e+00
1.281115274887417721e+00
1.310780282521558204e+00
1.337734996064657400e+00
1.362075354950728512e+00
1.383904008084619219e+00
1.403328370564406846e+00
1.420454769279512197e+00
1.435389259099106862e+00
1.448235367549514763e+00
1.459093907754154262e+00
1.469251103985152573e+00
1.479043217431428081e+00
1.487645376927974494e+00
1.495068985800095618e+00
1.501494291929147851e+00
1.506743563637503058e+00
1.510532015902049219e+00
1.512913853308760936e+00
1.513975828027342319e+00
1.513798616128076091e+00
1.512457277445761639e+00
1.510021314906637713e+00
1.506555200979822429e+00
1.502118212720958912e+00
1.496765212424867375e+00
1.490547345241201693e+00
1.483512150039044686e+00
1.475703981469930426e+00
1.467164049015708516e+00
1.457930649577686033e+00
1.448039372091640020e+00
1.437523631448194061e+00
1.426415220007185569e+00
1.414744121831891244e+00
1.402538659195593063e+00
1.389825708309434971e+00
1.376630931617081055e+00
1.362979129271159717e+00
1.348894185017387226e+00
1.334399481748869798e+00
1.319518240123678465e+00
1.304273252072418954e+00
1.288686905199191601e+00
1.272781197298242573e+00
1.256577672381597566e+00
1.240097430990864558e+00
1.223361151650811829e+00
1.206389323999553342e+00
1.189202359432522726e+00
1.171820484676919794e+00
1.154263774003473353e+00
1.136552176896675315e+00
1.118705543994032547e+00
1.100743724177708049e+00
1.082686831975104624e+00
1.064555276392509242e+00
1.046369477052660368e+00
1.028150153211925488e+00
1.009918751875974241e+00
9.916974916845880950e-01
9.735095808370672898e-01
9.553794262165603568e-01
9.373326919007942681e-01
9.193965352160787807e-01
9.015997565295221783e-01
8.839729092489995166e-01
8.665483491357310886e-01
8.493600528321124665e-01
8.324436815874545204e-01
8.158365137144524271e-01
7.995769532370664567e-01
7.837042023502346355e-01
7.682580164635258724e-01
7.532783833598126755e-01
7.388052448143781481e-01
7.248781684731422370e-01
7.115359784678557675e-01
6.988164133472120065e-01
6.867557190508726261e-01
6.753882210576964695e-01
6.647459109906286301e-01
6.548580522527108760e-01
6.457512606694288948e-01
6.374495279563457961e-01
6.299737828986033961e-01
6.233419566672852019e-01
6.175690052810046682e-01
6.126664336001322875e-01
6.086421300457869332e-01
6.055003653098828265e-01
6.032416644553260099e-01
6.018630282348796934e-01
6.013581774154123094e-01
6.017174761030492647e-01
6.029281881179221481e-01
6.049747330235480947e-01
6.078386320652251484e-01
6.114987520438885937e-01
6.159315652835961608e-01
6.211111532520080525e-01
6.270094157651285860e-01
6.335961269888144010e-01
6.408387210939482381e-01
6.487022704452131139e-01
6.571497857125040420e-01
6.661424202075512113e-01
6.756393462613837775e-01
6.855980141324253818e-01
6.959745138198816239e-01
7.067236739959261715e-01
7.177993765101896573e-01
7.291548615427178026e-01
7.407428315554066556e-01
7.525155710714970247e-01
7.644252665394905000e-01
7.764242427888071729e-01
7.884649889446251336e-01
8.005004283152037381e-01
8.124842440461557125e-01
8.243710602328050419e-01
8.361166402065677294e-01
8.476782171831858115e-01
8.590147983570891599e-01
8.700873553135013427e-01
8.808590720694551290e-01
8.912956712421232774e-01
9.013656219459593721e-01
9.110401889472443671e-01
9.202935031094620077e-01
9.291026298587511389e-01
9.374475679054797839e-01
9.453111825309303828e-01
9.526791022014079457e-01
9.595395292667897591e-01
9.658829759782477931e-01
9.717019653222975784e-01
9.769906808641207752e-01
9.817445675283734685e-01
9.859598794641831754e-01
9.896331790690895414e-01
9.927608035739771131e-01
9.953383111599536370e-01
9.973599199047769037e-01
9.988179529189910033e-01
9.995516791913113819e-01
1.000000000000000000e+00
