1.000000000000000000e+00
1.000000000000000000e+00
1.000000000000000000e+00
1.000000000000000000e+00
1.000000000000000000e+00
1.000000000000222711e+00
1.000000000006077361e+00
1.000000000108873355e+00
1.000000001307765451e+00
1.000000011528200394e+00
1.000000079472343817e+00
1.000000448445609313e+00
1.000002141793773003e+00
1.000008876187106877e+00
1.000032517572622126e+00
1.000106755951938764e+00
1.000317148783717469e+00
1.000857972746363567e+00
1.002120604763220957e+00
1.004791817771403695e+00
1.009882403474535728e+00
1.018536509667716361e+00
1.031473114059116902e+00
1.048109238525825049e+00
1.065806762145206754e+00
1.079919534002508286e+00
1.085014422758137975e+00
1.076746912067175987e+00
1.053390831582628140e+00
1.016282232042169165e+00
9.691319883012469161e-01
9.169232231277865131e-01
8.647799146691106387e-01
8.172414487668271388e-01
7.778351653951168787e-01
7.488976384822423338e-01
7.316384435282657916e-01
7.261897368326184488e-01
7.318412576838522199e-01
7.472462721511953232e-01
7.706950588091566745e-01
8.003694745148781653e-01
8.344942969780532183e-01
8.714828173838277126e-01
9.099767781157577229e-01
9.488781931670922098e-01
9.873344779996507947e-01
1.024708864892059479e+00
1.060553644590548794e+00
1.094562160305700971e+00
1.126542554354092784e+00
1.156386456081275105e+00
1.184048680295638700e+00
1.209531093734569129e+00
1.232866054104929221e+00
1.254108828670095432e+00
1.273327268298038328e+00
1.290597955931684471e+00
1.306002284720235052e+00
1.319622764704976747e+00
1.331541792856370643e+00
1.341839244898281658e+00
1.350592631302642399e+00
1.357876227323011831e+00
1.363761350651654158e+00
1.369504383596656716e+00
1.375412662131920927e+00
1.380632622754619288e+00
1.384939815607924007e+00
1.388122732969911288e+00
1.390177332314542769e+00
1.391171394655184246e+00
1.391167533683696389e+00
1.390223630737507099e+00
1.388393406196726687e+00
1.385726797646851693e+00
1.382270155888223329e+00
1.378066606512169834e+00
1.373156118678192872e+00
1.367575938197684859e+00
1.361360975887265123e+00
1.354543950622383974e+00
1.347155647934074718e+00
1.339225017098963244e+00
1.330779339030411013e+00
1.321844377135815485e+00
1.312444654523501342e+00
1.302603733054674029e+00
1.292344192996197627e+00
1.281687741829610205e+00
1.270655347390955203e+00
1.259267373897485998e+00
1.247543761934372997e+00
1.235504044842633098e+00
1.223167547276027056e+00
1.210553550079842555e+00
1.197681214924567472e+00
1.184569621677840523e+00
1.171237800409397734e+00
1.157704731348139227e+00
1.143989372424008666e+00
1.130110689468581064e+00
1.116087764907159663e+00
1.101939856960471475e+00
1.087686374370845144e+00
1.073346901917813900e+00
1.058941222073078059e+00
1.044489333416175780e+00
1.030011492477566737e+00
1.015528313477445099e+00
1.001060776698035948e+00
9.866301208164014458e-01
9.722579380468021615e-01
9.579663117530601291e-01
9.437778098033957619e-01
9.297155325120955993e-01
9.158031501283500075e-01
9.020648803762491008e-01
8.885255192464407425e-01
8.752104339971313873e-01
8.621455342124432208e-01
8.493572155397202117e-01
8.368722213987213054e-01
8.247175794453237563e-01
8.129204904977839208e-01
8.015080793501027090e-01
7.905071986750652480e-01
7.799442593062334561e-01
7.698450373691406723e-01
7.602344961437242921e-01
7.511365954836760617e-01
7.425740928258351969e-01
7.345683576277649562e-01
7.271391732740699609e-01
7.203045409489359230e-01
7.140804969481200359e-01
7.084809452027742704e-01
7.035176300621114320e-01
6.992000997378351457e-01
6.955355520298950323e-01
6.925288271044385269e-01
6.901823983455992462e-01
6.884962426914033040e-01
6.874678066130701648e-01
6.870920267927234093e-01
6.873613295578512306e-01
6.882657293405749499e-01
6.897929419585936417e-01
6.919284270345928967e-01
6.946555221065380259e-01
6.979555845296216976e-01
7.018080655478604601e-01
7.061906635520582842e-01
7.110794866949806670e-01
7.164491591713810781e-01
7.222729801809743000e-01
7.285230497940632377e-01
7.351703338947547239e-01
7.421847754456485369e-01
7.495354793924934311e-01
7.571908732494918581e-01
7.651187897828501949e-01
7.732866340816537676e-01
7.816615698282284308e-01
7.902106410023469474e-01
7.989009378288662866e-01
8.076997555716081134e-01
8.165747028236135518e-01
8.254938085582096408e-01
8.344256693895560906e-01
8.433395731046164912e-01
8.522055700196999872e-01
8.609945944782990690e-01
8.696785939939811749e-01
8.782306209551997700e-01
8.866249230512099899e-01
8.948370579109945488e-01
9.028439957874794253e-01
9.106241901891892754e-01
9.181576541113374290e-01
9.254260455151915865e-01
9.324127170341838244e-01
9.391027198210910587e-01
9.454828006516891037e-01
9.515413858525499924e-01
9.572685357508925463e-01
9.626558695622188244e-01
9.676964662248727089e-01
9.723847295609633345e-01
9.767162199565996294e-01
9.806874614006050317e-01
9.842957208955479542e-01
9.875387617472187740e-01
9.904145715630912061e-01
9.929210681839805153e-01
9.950557901289248663e-01
9.968155777539532414e-01
9.981962521590895809e-01
9.991922993339099612e-01
9.996943140504986891e-01
1.000000000000000000e+00
