1.000000000000000000e+00
1.000000000000000000e+00
1.000000000000000000e+00
1.000000000000000000e+00
1.000000000000000000e+00
1.000000000000015543e+00
1.000000000000463407e+00
1.000000000007897460e+00
1.000000000089580121e+00
1.000000000736334549e+00
1.000000004654945318e+00
1.000000023537239491e+00
1.000000097379514230e+00
1.000000331326066583e+00
1.000000905039013288e+00
1.000001780041045896e+00
1.000001095871821954e+00
9.999894118049287295e-01
9.999334082123474410e-01
9.997381120618303862e-01
9.991759074260445628e-01
9.977850516502886347e-01
9.947804052330341262e-01
9.890707101205086227e-01
9.794814049884157381e-01
9.651716544102687534e-01
9.460749605086973268e-01
9.231073344928343305e-01
8.980377811664693732e-01
8.731098637446461641e-01
8.505763632545699782e-01
8.323465075139047098e-01
8.197579841936111222e-01
8.135177242967128741e-01
8.137385606774334423e-01
8.200407355396638343e-01
8.317076844450326245e-01
8.478098395095862161e-01
8.673435637975603907e-01
8.893208500223306334e-01
9.128422514112390918e-01
9.371404463645282013e-01
9.615847189090724889e-01
9.856837114927901045e-01
1.009064685194494881e+00
1.031459021797977105e+00
1.052682127480427665e+00
1.072615536547370185e+00
1.091194153550633761e+00
1.108389762289764491e+00
1.124202709200591510e+00
1.138652653233260370e+00
1.151773114997366232e+00
1.163607315959578115e+00
1.174203740632211890e+00
1.183614499475250659e+00
1.191892560323965400e+00
1.199091049166135514e+00
1.205262380080766693e+00
1.210457356542587348e+00
1.214725049966786985e+00
1.218112185347257403e+00
1.220663401794573000e+00
1.222421097177310845e+00
1.223425970532195706e+00
1.224797808615612382e+00
1.226464305232736862e+00
1.227396347625484552e+00
1.227642661975515637e+00
1.227248140229815210e+00
1.226254370909364733e+00
1.224699835721008156e+00
1.222620301453846148e+00
1.220049079902721934e+00
1.217017324865776295e+00
1.213554244300310669e+00
1.209687233842510423e+00
1.205442064950863257e+00
1.200842956111177307e+00
1.195912775581551735e+00
1.190673222284242216e+00
1.185144909958512960e+00
1.179347490963185363e+00
1.173299716454879293e+00
1.167019520081773898e+00
1.160524092824225306e+00
1.153830001424364537e+00
1.146953304509446880e+00
1.139909556365837018e+00
1.132713856138751307e+00
1.125380903996387127e+00
1.117925055887936336e+00
1.110360391880144348e+00
1.102700723901836266e+00
1.094959666036758872e+00
1.087150690564301803e+00
1.079287097637437354e+00
1.071382023563196118e+00
1.063448446085063726e+00
1.055499177449316539e+00
1.047546866034375412e+00
1.039603997766826771e+00
1.031682922479496334e+00
1.023795862197490081e+00
1.015954890344024308e+00
1.008171927123793221e+00
1.000458732922562932e+00
9.928268999176311782e-01
9.852878505311798429e-01
9.778528530721201095e-01
9.705330079140246369e-01
9.633391977168657139e-01
9.562821004892430032e-01
9.493722146656941030e-01
9.426198396006189029e-01
9.360350725145087925e-01
9.296278025220167107e-01
9.234076874423972070e-01
9.173841469935869464e-01
9.115663460548952823e-01
9.059631729597614758e-01
9.005832121171674087e-01
8.954346963524190128e-01
8.905254827997630684e-01
8.858630188608888067e-01
8.814542745693241255e-01
8.773056937553650458e-01
8.734231563523757735e-01
8.698119384629273698e-01
8.664766800583096895e-01
8.634213530894929711e-01
8.606492308877401465e-01
8.581628641389981160e-01
8.559640565845938465e-01
8.540538437423024209e-01
8.524324770573040722e-01
8.510994133242466564e-01
8.500533383222838024e-01
8.492921880218190500e-01
8.488131416541077057e-01
8.486126487601091117e-01
8.486864546590139335e-01
8.490295968777722413e-01
8.496364223753285483e-01
8.505006154950903730e-01
8.516152190776815623e-01
8.529726755821641637e-01
8.545648691093119531e-01
8.563831493831089992e-01
8.584183738838637723e-01
8.606609496034954843e-01
8.631008580900950689e-01
8.657276961911932744e-01
8.685307173968783712e-01
8.714988598358103244e-01
8.746207848178862987e-01
8.778849076883036284e-01
8.812794153513122675e-01
8.847922937473120530e-01
8.884113712145574882e-01
8.921243569952990171e-01
8.959188637295808499e-01
8.997824486817710410e-01
9.037026599225294055e-01
9.076670697967422763e-01
9.116633188829695866e-01
9.156791595671672779e-01
9.197024900578359974e-01
9.237213892563820306e-01
9.277241611780580044e-01
9.316993752533022644e-01
9.356358963412210183e-01
9.395229259164592506e-01
9.433500451833393141e-01
9.471072503075157467e-01
9.507849871020082055e-01
9.543741902068283434e-01
9.578663187196363449e-01
9.612533836241051732e-01
9.645279745348568357e-01
9.676832860653984403e-01
9.707131338450682989e-01
9.736119576162967082e-01
9.763748192229650957e-01
9.789973937125111547e-01
9.814759497484437656e-01
9.838073190118423739e-01
9.859888555196105742e-01
9.880183822880164168e-01
9.898941257880815581e-01
9.916146401528742604e-01
9.931787207592108757e-01
9.945853079007019870e-01
9.958333812874711199e-01
9.969218467675203810e-01
9.978494175159711155e-01
9.986144919983683810e-01
9.992150313086847202e-01
9.996484386727533256e-01
9.998671301283910129e-01
1.000000000000000000e+00
