1.000000000000000000e+00
1.000000000000000000e+00
1.000000000000000000e+00
1.000000000000000000e+00
1.000000000000000000e+00
1.000000000000621059e+00
1.000000000018262059e+00
1.000000000327347927e+00
1.000000003933806836e+00
1.000000034696168827e+00
1.000000239342436092e+00
1.000001351620700030e+00
1.000006461520164258e+00
1.000026809054687549e+00
1.000098350103716616e+00
1.000323424976597986e+00
1.000962751287859831e+00
1.002610749380533184e+00
1.006471420072280187e+00
1.014674310318028905e+00
1.030396315343702351e+00
1.057344054612580742e+00
1.098155302668883726e+00
1.151879002031178212e+00
1.211871290491991493e+00
1.266086218205759950e+00
1.300673988515626434e+00
1.305033599035841263e+00
1.275341567961683298e+00
1.214891065204117160e+00
1.131749704702503800e+00
1.035996355493665755e+00
9.373450781650299879e-01
8.439967068240601389e-01
7.621269309671764303e-01
6.958191722877137275e-01
6.474115404863518553e-01
6.175529840006472870e-01
6.056347585176689030e-01
6.099973953902817492e-01
6.283367166120165104e-01
6.581017620636990806e-01
6.966553851236829686e-01
7.415569177609971918e-01
7.906028850227410087e-01
8.419353954177742905e-01
8.940463719281578348e-01
9.457537003646646623e-01
9.961923167577775295e-01
1.044726564337284058e+00
1.090923380508140861e+00
1.134498011791673422e+00
1.175283583016791811e+00
1.213205837365013862e+00
1.248250204031593480e+00
1.280451182581496594e+00
1.309870601836658377e+00
1.336591947425259219e+00
1.360712937473580464e+00
1.382337539231378809e+00
1.401574012473890019e+00
1.418529251486811971e+00
1.433309546920017441e+00
1.446018421546576116e+00
1.456756481609223774e+00
1.466809554994331632e+00
1.476513425130261625e+00
1.485042634970740405e+00
1.492407937673244200e+00
1.498788849116185373e+00
1.503993007482304467e+00
1.507736247149976450e+00
1.510085623507386954e+00
1.511126903740884098e+00
1.510939800869275818e+00
1.509598439965305960e+00
1.507171436229692407e+00
1.503722419708247715e+00
1.499309892742677119e+00
1.493987995257293866e+00
1.487807188638423872e+00
1.480814373781322857e+00
1.473053307345604912e+00
1.464564648464664165e+00
1.455386190791668755e+00
1.445553066874954773e+00
1.435098268719875669e+00
1.424053184680747375e+00
1.412447426448101506e+00
1.400308975296701952e+00
1.387664394557220682e+00
1.374539057655330687e+00
1.360957490477999077e+00
1.346943323312709495e+00
1.332519694259261644e+00
1.317709578377454394e+00
1.302535534701606101e+00
1.287019732903260216e+00
1.271183970360823423e+00
1.255049613692386545e+00
1.238637611662355420e+00
1.221968518741108234e+00
1.205062721969412998e+00
1.187940550011001184e+00
1.170622173604929372e+00
1.153127639186404707e+00
1.135476898106440036e+00
1.117689834124792947e+00
1.099786359126915025e+00
1.081786672081006762e+00
1.063711288885999418e+00
1.045580772173833939e+00
1.027416010487108844e+00
1.009238630408316073e+00
9.910710398030825319e-01
9.729366374564877296e-01
9.548600137653915354e-01
9.368670065628049715e-01
9.189849263705190952e-01
9.012426983297088245e-01
8.836709652453342834e-01
8.663021318256785008e-01
8.491701874679256079e-01
8.323107627774857242e-01
8.157610598058028240e-01
7.995593766527541169e-01
7.837447881758927704e-01
7.683569050231617847e-01
7.534355595754843593e-01
7.390205317965410359e-01
7.251512270249018677e-01
7.118663138636792675e-01
6.992033876254524216e-01
6.871985714717043781e-01
6.758860974333873450e-01
6.652979010482945599e-01
6.554632340411139513e-01
6.464087285918341808e-01
6.381584068721329883e-01
6.307332511144574383e-01
6.241512530998686303e-01
6.184274233171359603e-01
6.135733276083233934e-01
6.095969201397285486e-01
6.065025333475643210e-01
6.042907492973067507e-01
6.029586037917019636e-01
6.024998139893228410e-01
6.029047038253658730e-01
6.041604471015259437e-01
6.062513124231269090e-01
6.091586168723498451e-01
6.128609639975980405e-01
6.173344991949616389e-01
6.225529246851555509e-01
6.284877108618747155e-01
6.351081645307865564e-01
6.423812431584280391e-01
6.502715523859403657e-01
6.587416484886320367e-01
6.677522507481699066e-01
6.772621442140606129e-01
6.872284436148355935e-01
6.976069539665015196e-01
7.083522822592437374e-01
7.194181518092650496e-01
7.307577067507552426e-01
7.423236254869272077e-01
7.540682479191159748e-01
7.659438902830584261e-01
7.779030800134599799e-01
7.898985906932360912e-01
8.018837060361005964e-01
8.138125353129342932e-01
8.256401912542671306e-01
8.373229830753872172e-01
8.488187333381590483e-01
8.600870687185137031e-01
8.710896024834631213e-01
8.817901702995873947e-01
8.921551386699974051e-01
9.021536006426609244e-01
9.117574205434872958e-01
9.209412974971088461e-01
9.296828256729439133e-01
9.379624872181450135e-01
9.457635818373827385e-01
9.530721200541897309e-01
9.598766336248599762e-01
9.661679136587359995e-01
9.719387136935880855e-01
9.771834028592251142e-01
9.818975710538999646e-01
9.860775826764310859e-01
9.897200830115928660e-01
9.928214730702512592e-01
9.953773645827177496e-01
9.973820281646015307e-01
9.988278477915646381e-01
9.995554801069242989e-01
1.000000000000000000e+00
