1.000000000000000000e+00
1.000000000000000000e+00
1.000000000000000000e+00
1.000000000000000000e+00
1.000000000000000000e+00
1.000000000000415445e+00
1.000000000012242651e+00
1.000000000219647411e+00
1.000000002641940888e+00
1.000000023325542386e+00
1.000000161089012574e+00
1.000000910877740123e+00
1.000004360854734875e+00
1.000018123211307675e+00
1.000066611118198834e+00
1.000219526700936612e+00
1.000655122547315923e+00
1.001781796419796366e+00
1.004432127835035660e+00
1.010091971817284051e+00
1.021007883870540311e+00
1.039863002092108690e+00
1.068691691006912192e+00
1.107087647823674414e+00
1.150574174859183785e+00
1.190541482015899266e+00
1.216563915831069265e+00
1.220046426755411195e+00
1.197129053337194327e+00
1.149408540396480882e+00
1.082550052037922317e+00
1.004281731296893909e+00
9.225026676731686859e-01
8.442133028549433371e-01
7.749594545271939472e-01
7.186481155483933625e-01
6.776931397465008056e-01
6.530216809651321341e-01
6.443518809320628593e-01
6.503752904879898100e-01
6.690927530486724395e-01
6.981686246705970378e-01
7.351464506998086623e-01
7.777162678721888378e-01
8.238079660449744157e-01
8.716893449806573102e-01
9.199750234818827588e-01
9.676015408916693872e-01
1.013802194681786562e+00
1.058033019340414160e+00
1.099936430166463142e+00
1.139291260865732180e+00
1.175980932518692068e+00
1.209967818444158683e+00
1.241265500254203680e+00
1.269926922195177443e+00
1.296027014530680477e+00
1.319656650318108415e+00
1.340916249140382321e+00
1.359909590984986538e+00
1.376741892444075743e+00
1.391515733004282440e+00
1.404331372833875102e+00
1.415285258142041203e+00
1.424470109348619840e+00
1.433163060873392514e+00
1.441691134700594956e+00
1.449219753895988338e+00
1.455750510140609633e+00
1.461274609164368687e+00
1.465582192647613358e+00
1.468558317833623006e+00
1.470284191633444149e+00
1.470834740787529071e+00
1.470279381666006246e+00
1.468682491849981009e+00
1.466103598501357963e+00
1.462597855659026669e+00
1.458216051339836117e+00
1.453005225153125135e+00
1.447009220763632920e+00
1.440268842178911823e+00
1.432822207055757024e+00
1.424704840032963382e+00
1.415949887697941723e+00
1.406588309824254202e+00
1.396649283330886782e+00
1.386160613570160738e+00
1.375148655212899973e+00
1.363638449303304911e+00
1.351653903267782564e+00
1.339217979074638798e+00
1.326352957430806612e+00
1.313080432985161750e+00
1.299421616061003704e+00
1.285397581700170155e+00
1.271029120092135978e+00
1.256336776976945568e+00
1.241340886790474940e+00
1.226061553781218727e+00
1.210518681186657952e+00
1.194732007029506660e+00
1.178721276342311386e+00
1.162506332643731488e+00
1.146107068023110243e+00
1.129543462499608575e+00
1.112835619740973891e+00
1.096003800706853104e+00
1.079068501807048497e+00
1.062050639725014900e+00
1.044971581894291290e+00
1.027852976904447546e+00
1.010716947087054951e+00
9.935863649412095544e-01
9.764848821599033668e-01
9.594370640837667219e-01
9.424685138481079250e-01
9.256058970410443454e-01
9.088770715052179039e-01
8.923111572149597936e-01
8.759385747458372506e-01
8.597910402183995826e-01
8.439014129803179554e-01
8.283036873829746627e-01
8.130328986422596937e-01
7.981247673143323507e-01
7.836154404487343239e-01
7.695412791989395540e-01
7.559385973195590358e-01
7.428434218623709562e-01
7.302912216479054974e-01
7.183166093964185039e-01
7.069530587924316434e-01
6.962325832987316110e-01
6.861854038078621931e-01
6.768396268375427294e-01
6.682209365794795630e-01
6.603525604319042674e-01
6.532552027258845539e-01
6.469467193143375594e-01
6.414420829846230188e-01
6.367533305256455334e-01
6.328892391583784693e-01
6.298551883827473441e-01
6.276531243298238971e-01
6.262814659728180855e-01
6.257352154571357294e-01
6.260060929033055555e-01
6.270825090688039172e-01
6.289497329599562647e-01
6.315900724526388732e-01
6.349829010516910843e-01
6.391048582379050824e-01
6.439300701995106513e-01
6.494302444920978523e-01
6.555748841731219301e-01
6.623314289850344982e-01
6.696652605622831489e-01
6.775398152262448459e-01
6.859168690639118049e-01
6.947567729258762315e-01
7.040185143332169382e-01
7.136599777645502574e-01
7.236382546715787178e-01
7.339098107035069152e-01
7.444307596935479943e-01
7.551571260943361619e-01
7.660449955360129071e-01
7.770506666109487925e-01
7.881308995258589079e-01
7.992431140146533108e-01
8.103454706483902426e-01
8.213970720550730631e-01
8.323581862599436221e-01
8.431903882900668723e-01
8.538567042328848444e-01
8.643218175689877381e-01
8.745522551760119834e-01
8.845165076493838319e-01
8.941851725261721340e-01
9.035311305348481259e-01
9.125296523811671223e-01
9.211584144477246161e-01
9.293975159572596123e-01
9.372294846360152976e-01
9.446392348766338154e-01
9.516139798058773636e-01
9.581431114016215611e-01
9.642180226012764255e-01
9.698318769085664259e-01
9.749793459052008560e-01
9.796563068555607101e-01
9.838595022284379876e-01
9.875861604955288309e-01
9.908335822203609977e-01
9.935987023736637669e-01
9.958776380660635530e-01
9.976652320667709350e-01
9.989546029177401865e-01
9.996039268097940411e-01
1.000000000000000000e+00
