1.000000000000000000e+00
1.000000000000000000e+00
1.000000000000000000e+00
1.000000000000000000e+00
1.000000000000000000e+00
1.000000000000592859e+00
1.000000000017426727e+00
1.000000000312424309e+00
1.000000003755118883e+00
1.000000033126660970e+00
1.000000228566511495e+00
1.000001291092479150e+00
1.000006173930800157e+00
1.000025624218424003e+00
1.000094038770496407e+00
1.000309381268925435e+00
1.000921412180070913e+00
1.002500129969729370e+00
1.006201567857725410e+00
1.014074114106349178e+00
1.029181911393020510e+00
1.055117457527642300e+00
1.094473443350552966e+00
1.146413196957559055e+00
1.204610243318412710e+00
1.257465905509189685e+00
1.291523306676539251e+00
1.296348327155444569e+00
1.268011163762614579e+00
1.209507346964119101e+00
1.128554229313811330e+00
1.034921910970781678e+00
9.381112318425522956e-01
8.462059817029906617e-01
7.653499658590338095e-01
6.996607226634399268e-01
6.515445258726779709e-01
6.217420489470300016e-01
6.097319605358153538e-01
6.139301182142136160e-01
6.320827997529461229e-01
6.616592918770800580e-01
7.000255199137042084e-01
7.447301760607425436e-01
7.935590804981238477e-01
8.446457638210528307e-01
8.964783361444165211e-01
9.478758814992380710e-01
9.979764857310390314e-01
1.046150771421221259e+00
1.091972598207270329e+00
1.135164548061237344e+00
1.175566563817887600e+00
1.213110093573795512e+00
1.247785573015874450e+00
1.279631358273682018e+00
1.308712477246194661e+00
1.335114789543951241e+00
1.358937650351228044e+00
1.380286161388194488e+00
1.399269198770702438e+00
1.415993986723709241e+00
1.430566791405418758e+00
1.443090861331492114e+00
1.453666320517125854e+00
1.463578317315524124e+00
1.473161882691495173e+00
1.481590698877578660e+00
1.488874600206775867e+00
1.495194553947695848e+00
1.500335869771501018e+00
1.504013051972797443e+00
1.506312874988518624e+00
1.507319827628390119e+00
1.507112383558557811e+00
1.505763473457245594e+00
1.503340584044474904e+00
1.499906279518541830e+00
1.495518084708040929e+00
1.490229231124752474e+00
1.484089323675735761e+00
1.477144466612411167e+00
1.469437672273736117e+00
1.461008916434819449e+00
1.451895369263776159e+00
1.442131599024970567e+00
1.431750076357264367e+00
1.420781693414002067e+00
1.409255605806025269e+00
1.397199378304267547e+00
1.384639193212465536e+00
1.371600073135684772e+00
1.358106212299943438e+00
1.344180935557859558e+00
1.329847087162355557e+00
1.315127348475880531e+00
1.300044000972488289e+00
1.284618955473072255e+00
1.268873772137681266e+00
1.252829608444627318e+00
1.236507235070168687e+00
1.219927061836425297e+00
1.203109356974474409e+00
1.186074354148836774e+00
1.168842160979295164e+00
1.151432794200359488e+00
1.133866210578971856e+00
1.116162336101822694e+00
1.098341159884694385e+00
1.080422982883858074e+00
1.062428448765765143e+00
1.044378289800639070e+00
1.026293594095649020e+00
1.008196198443200409e+00
9.901087305670673855e-01
9.720548086367410967e-01
9.540592316596741007e-01
9.361480318468753392e-01
9.183486867329074821e-01
9.006902514765710022e-01
8.832034533588113412e-01
8.659207297243461943e-01
8.488760555921235351e-01
8.321049913620953697e-01
8.156446102019185851e-01
7.995330414602908053e-01
7.838091610417066146e-01
7.685123550716865815e-01
7.536822138469820853e-01
7.393582627121012552e-01
7.255796469472658439e-01
7.123847784469604649e-01
6.998110059419059281e-01
6.878942261574501060e-01
6.766684757866961997e-01
6.661655361778949791e-01
6.564145549880513464e-01
6.474420917089420691e-01
6.392721114750570255e-01
6.319255666091390111e-01
6.254204283193236513e-01
6.197716811437664619e-01
6.149908757414151994e-01
6.110859609386100066e-01
6.080612644284452140e-01
6.059173643813754451e-01
6.046512742269820606e-01
6.042566514780006726e-01
6.047237265475755574e-01
6.060395308781124646e-01
6.081881293696728141e-01
6.111505836820695370e-01
6.149051835339603977e-01
6.194276967417003954e-01
6.246913975364926097e-01
6.306672801508832471e-01
6.373241410571365284e-01
6.446284263957938743e-01
6.525442515398256482e-01
6.610337053931911733e-01
6.700570712341208379e-01
6.795727595772667051e-01
6.895375768550137119e-01
6.999070834436534883e-01
7.106357192880348173e-01
7.216771169669762287e-01
7.329844043544140320e-01
7.445103283210285916e-01
7.562073898715648834e-01
7.680281522341326772e-01
7.799254731358234993e-01
7.918525498166100185e-01
8.037631755187506499e-01
8.156120424052891726e-01
8.273549153353808583e-01
8.389488184193374387e-01
8.503523354120959832e-01
8.615258846226628853e-01
8.724318919632351177e-01
8.830350123060233258e-01
8.933024170205536851e-01
9.032039753746446964e-01
9.127122941772469744e-01
9.218027732910527572e-01
9.304536563798180282e-01
9.386460172539163871e-01
9.463636853631789414e-01
9.535931354330504650e-01
9.603232979232327882e-01
9.665453000601400557e-01
9.722521720371977150e-01
9.774385046267674015e-01
9.821000601222894533e-01
9.862333336176716259e-01
9.898350687419406047e-01
9.929017429320788901e-01
9.954290336086862867e-01
9.974112779303375698e-01
9.988409389817426431e-01
9.995605020788483897e-01
1.000000000000000000e+00
