1.000000000000000000e+00
1.000000000000000000e+00
1.000000000000000000e+00
1.000000000000000000e+00
1.000000000000000000e+00
1.000000000000406564e+00
1.000000000012008394e+00
1.000000000215429674e+00
1.000000002591243220e+00
1.000000022878211325e+00
1.000000158001744799e+00
1.000000893433433680e+00
1.000004277405426523e+00
1.000017776704084538e+00
1.000065338753712396e+00
1.000215337904275970e+00
1.000642637454370210e+00
1.001747888770314177e+00
1.004347931834881136e+00
1.009900664148987381e+00
1.020610656677771733e+00
1.039111401781207977e+00
1.067400224389926766e+00
1.105078435379265311e+00
1.147747907803214895e+00
1.186943310857691891e+00
1.212402246281311102e+00
1.215649077278381895e+00
1.192860795834957965e+00
1.145592266499343870e+00
1.079421873213294525e+00
1.001979193699963133e+00
9.210767879536208014e-01
8.436478566882449348e-01
7.751907969475195781e-01
7.195818953363927184e-01
6.792149324518268472e-01
6.550072561758772949e-01
6.466739434600388137e-01
6.529108045259190973e-01
6.717284274135107980e-01
7.008041539948371978e-01
7.376977289050444808e-01
7.801158210077902000e-01
8.260050820177076147e-01
8.736484685937269123e-01
9.216736202458017946e-01
9.690277903992209341e-01
1.014952352470436470e+00
1.058909584030655715e+00
1.100546372427187336e+00
1.139644737066936253e+00
1.176090224585729205e+00
1.209846469070124719e+00
1.240927773415672730e+00
1.269387326633117707e+00
1.295300046922345905e+00
1.318756571818424650e+00
1.339856926379516588e+00
1.358704416228846412e+00
1.375403714613431028e+00
1.390056848142162238e+00
1.402763500508984018e+00
1.413619540538276098e+00
1.422717116783475788e+00
1.431332793771387557e+00
1.439793046720839520e+00
1.447262761686723076e+00
1.453743013123202532e+00
1.459212995620784881e+00
1.463463465295931076e+00
1.466390304805208933e+00
1.468074147205662872e+00
1.468589388353990888e+00
1.468004950667312292e+00
1.466384752789441137e+00
1.463787900030839806e+00
1.460269158409308821e+00
1.455878965675445613e+00
1.450664042507545659e+00
1.444667939278464930e+00
1.437931192781632728e+00
1.430491676505770915e+00
1.422384694915838299e+00
1.413643197193246381e+00
1.404297967458042917e+00
1.394378024101500690e+00
1.383911026178092252e+00
1.372923197225753178e+00
1.361439461636065662e+00
1.349483623183939995e+00
1.337078551470589183e+00
1.324246443066005918e+00
1.311008817984239849e+00
1.297386817558420224e+00
1.283401450403595323e+00
1.269073446282377171e+00
1.254423296765847295e+00
1.239471288719681041e+00
1.224237486592855584e+00
1.208741761933614933e+00
1.193003829374866376e+00
1.177043416670152887e+00
1.160880355284244825e+00
1.144534531958544932e+00
1.128025927980532028e+00
1.111374654822181229e+00
1.094600987672006420e+00
1.077725442624418495e+00
1.060768958519264338e+00
1.043752927055052737e+00
1.026699026335122111e+00
1.009629409970825842e+00
9.925669782829227294e-01
9.755354063745663717e-01
9.585592754782542579e-01
9.416641939456145138e-01
9.248768203459116766e-01
9.082249894618349417e-01
8.917377792012577409e-01
8.754455463936126058e-01
8.593799196306083354e-01
8.435736474802725260e-01
8.280605877225928335e-01
8.128756121453518668e-01
7.980542550486351416e-01
7.836324564333508880e-01
7.696463506340266436e-01
7.561320067808111611e-01
7.431251909704704728e-01
7.306610968955302710e-01
7.187740507452200500e-01
7.074972308255336184e-01
6.968623499114583453e-01
6.868993268986974821e-01
6.776359690441511319e-01
6.690976680624330930e-01
6.613073637910821256e-01
6.542854769895422029e-01
6.480495892555824256e-01
6.426144074594436484e-01
6.379917106487992262e-01
6.341900331581667993e-01
6.312145293512941846e-01
6.290669389670626721e-01
6.277454962480940592e-01
6.272450387358297075e-01
6.275571403971504925e-01
6.286700870675306918e-01
6.305690424952382633e-01
6.332362274882256115e-01
6.366509494598930896e-01
6.407898015716608775e-01
6.456268820474619918e-01
6.511338908882884358e-01
6.572803432283200742e-01
6.640337117799807176e-01
6.713594369391318040e-01
6.792210417761878061e-01
6.875804148036552821e-01
6.963980438714065802e-01
7.056330813753338704e-01
7.152436024941644099e-01
7.251869116414392247e-01
7.354197096520423971e-01
7.458983646832809677e-01
7.565791716200898076e-01
7.674185023113480053e-01
7.783729567601286314e-01
7.893996083722707446e-01
8.004561995688420639e-01
8.115012236564648207e-01
8.224941231993622148e-01
8.333955096964918985e-01
8.441673034676163700e-01
8.547728757001026301e-01
8.651772508771672365e-01
8.753472891647940957e-01
8.852518045915662714e-01
8.948617052255387616e-01
9.041501651677150697e-01
9.130927285623811063e-01
9.216673245395478054e-01
9.298542831302732958e-01
9.376363394891591430e-01
9.449985913379231883e-01
9.519284109565218088e-01
9.584153254524221399e-01
9.644508399195678150e-01
9.700282088334654107e-01
9.751421755440224937e-01
9.797886722827667816e-01
9.839644825011846230e-01
9.876668649830600000e-01
9.908931437287070709e-01
9.936402743711957308e-01
9.959043962109201953e-01
9.976803801232486668e-01
9.989613830411868678e-01
9.996065105686079422e-01
1.000000000000000000e+00
