1.000000000000000000e+00
1.000000000000000000e+00
1.000000000000000000e+00
1.000000000000000000e+00
1.000000000000000000e+00
1.000000000000451417e+00
1.000000000013263390e+00
1.000000000237921904e+00
1.000000002861529014e+00
1.000000025262087755e+00
1.000000174446211476e+00
1.000000986300467964e+00
1.000004721381510198e+00
1.000019618912246111e+00
1.000072097723168962e+00
1.000237568129165533e+00
1.000708822900854500e+00
1.001927403138699324e+00
1.004792991933276980e+00
1.010910048051534060e+00
1.022701890525053114e+00
1.043057802758718511e+00
1.074159874938277248e+00
1.115555359157977433e+00
1.162420116554451432e+00
1.205526413126423835e+00
1.233767899245338917e+00
1.238071203263286346e+00
1.214454423959901774e+00
1.164721401003752987e+00
1.094922043182688931e+00
1.013206081901514066e+00
9.278325333181657308e-01
8.460730575553794264e-01
7.736563056328371601e-01
7.145989569429926913e-01
6.713796637916632504e-01
6.449486245888378377e-01
6.350227478562745498e-01
6.402667315932509817e-01
6.586374680628597211e-01
6.877473013896527876e-01
7.250777810667672352e-01
7.682571018150956554e-01
8.151527480366322909e-01
8.639759589693550845e-01
9.132923370717480616e-01
9.619975686767049394e-01
1.009293946056746716e+00
1.054613065131390082e+00
1.097579564106916816e+00
1.137959323026049629e+00
1.175626893332137879e+00
1.210539200062072274e+00
1.242706497180964487e+00
1.272180351424324396e+00
1.299035360809966289e+00
1.323363013880145322e+00
1.345265039667590479e+00
1.364846889765866544e+00
1.382215779046026771e+00
1.397476354386189890e+00
1.410731078404224625e+00
1.422078634899902605e+00
1.431613987848611602e+00
1.440616534233233770e+00
1.449415479540800966e+00
1.457178407941107867e+00
1.463909004687469206e+00
1.469647119922701917e+00
1.474180405042064157e+00
1.477350104005612730e+00
1.479239791831521877e+00
1.479926593332222762e+00
1.479481977305715734e+00
1.477972234536149454e+00
1.475458655189829216e+00
1.471998018966218513e+00
1.467642583455875505e+00
1.462440728987916216e+00
1.456437535263912286e+00
1.449674934777627211e+00
1.442192078728293581e+00
1.434025425437957191e+00
1.425208960109635603e+00
1.415774389992441762e+00
1.405751568306376598e+00
1.395168926735750103e+00
1.384053382910318097e+00
1.372430480110818918e+00
1.360324573474331222e+00
1.347759025426225499e+00
1.334756483087418122e+00
1.321338867563100816e+00
1.307527692468642533e+00
1.293344326342568351e+00
1.278809827611706140e+00
1.263944983596360983e+00
1.248770341890184987e+00
1.233306186030428631e+00
1.217572562904082334e+00
1.201589317430947323e+00
1.185376274189319901e+00
1.168953332515272781e+00
1.152340409720402414e+00
1.135557480518778251e+00
1.118624612753738257e+00
1.101562001166956017e+00
1.084390049460596916e+00
1.067129567933682521e+00
1.049801805144543687e+00
1.032428263958381276e+00
1.015030909101802603e+00
9.976324662677410471e-01
9.802564548890034812e-01
9.629273358844057107e-01
9.456706493273786540e-01
9.285130455527473847e-01
9.114824313934244415e-01
8.946080527959495710e-01
8.779205447763520631e-01
8.614519353700543780e-01
8.452354906765152665e-01
8.293057177232169286e-01
8.136982749419504612e-01
7.984495987056150490e-01
7.835966354955726798e-01
7.691766251431786383e-01
7.552268308908829386e-01
7.417842939703497285e-01
7.288855530637424751e-01
7.165663348494690776e-01
7.048612605944287735e-01
6.938035102703594692e-01
6.834244735974676077e-01
6.737534115730748896e-01
6.648171319738438445e-01
6.566399649164310626e-01
6.492437025489102842e-01
6.426472517295638287e-01
6.368666058042089517e-01
6.319147944199984268e-01
6.278015320411138855e-01
6.245330687463088726e-01
6.221121519456610516e-01
6.205379211773526249e-01
6.198060268247657101e-01
6.199087737313473401e-01
6.208350823991432010e-01
6.225706643949679986e-01
6.250982100444836265e-01
6.283974027849487110e-01
6.324451247339936133e-01
6.372156832864300791e-01
6.426808957038030456e-01
6.488103056545440062e-01
6.555713173516177772e-01
6.629291770938049444e-01
6.708470743842432915e-01
6.792864355330751058e-01
6.882071616486207244e-01
6.975676736185055793e-01
7.073251796239612421e-01
7.174359992573070555e-01
7.278557290054968876e-01
7.385395283566842384e-01
7.494423942289367702e-01
7.605193114237578378e-01
7.717254056814867313e-01
7.830162064472467875e-01
7.943478540670531052e-01
8.056771776037169319e-01
8.169619081075276679e-01
8.281609178306070795e-01
8.392343690457166883e-01
8.501438667623607559e-01
8.608526823807698403e-01
8.713259558175653341e-01
8.815308253682448969e-01
8.914365846535020621e-01
9.010148781390562300e-01
9.102398205773533091e-01
9.190880163168415606e-01
9.275385823733928170e-01
9.355731609567558005e-01
9.431758813224742077e-01
9.503332727161277749e-01
9.570341444311958323e-01
9.632694039015236021e-01
9.690318190648627983e-01
9.743157478696831131e-01
9.791168260794054223e-01
9.834316152261874944e-01
9.872572096883495130e-01
9.905908069615065870e-01
9.934292528345851636e-01
9.957685711081825097e-01
9.976034887079391344e-01
9.989269674530151244e-01
9.995933900548168438e-01
1.000000000000000000e+00
