1.000000000000000000e+00
1.000000234380116648e+00
1.000001102880278214e+00
1.000006325362302828e+00
1.000027141099169459e+00
1.000088188836528280e+00
1.000237540544874237e+00
1.000564015078052149e+00
1.001226519971843976e+00
1.002501588522611620e+00
1.004856275905053664e+00
1.009053309850887370e+00
1.016292452071036800e+00
1.028384347926424303e+00
1.047938351294989134e+00
1.078522323012170325e+00
1.124722427295800298e+00
1.192003525820773735e+00
1.286264545430630291e+00
1.413028124089403148e+00
1.576308203613143721e+00
1.777382874724960926e+00
2.013854666470896060e+00
2.279474859565301159e+00
2.565135473535307131e+00
2.861022724676286710e+00
3.159645391774453582e+00
3.458475940799071946e+00
3.761046270038816974e+00
4.075303360205513314e+00
4.409067399994276215e+00
4.765372207229601642e+00
5.139473516142434306e+00
5.519637241287495222e+00
5.889885884291451212e+00
6.232453868363317717e+00
6.529851295384439425e+00
6.764344524135037062e+00
6.918342736943815297e+00
6.974090575005887693e+00
6.914582884011141850e+00
6.725851709790016564e+00
6.398171892846358233e+00
5.929270834162227111e+00
5.325695073763714760e+00
4.604702822583485400e+00
3.793943512749584634e+00
2.928963235221217154e+00
2.049706193697713896e+00
1.194812639922285813e+00
3.978737087918725046e-01
-3.155667835698569568e-01
-9.289059492203608492e-01
-1.434027671957810002e+00
-1.830262352529139713e+00
-2.122129466205382453e+00
-2.317479998791581952e+00
-2.425530134040367436e+00
-2.455642225153099822e+00
-2.416784516079788947e+00
-2.317237031819738391e+00
-2.164720463213392510e+00
-1.966384083282816109e+00
-1.728926250304677614e+00
-1.458623751031309146e+00
-1.161292367235567946e+00
-8.423399124695323259e-01
-5.066681467745940415e-01
-1.586458743121242909e-01
1.979438239257521048e-01
5.599070826055293493e-01
9.245360664639237225e-01
1.289555465945513291e+00
1.653031584891193173e+00
2.013297526809262106e+00
2.368863416677300826e+00
2.718315199746995869e+00
3.060242372872266081e+00
3.393146156521959611e+00
3.715402211909321295e+00
4.025236064760068011e+00
4.320689705660727853e+00
4.599619977360827505e+00
4.859699392853229050e+00
5.098445910324145736e+00
5.313272251051368578e+00
5.501570520595468139e+00
5.660815534917757574e+00
5.788647813007560039e+00
5.882978208720243352e+00
5.942095181653883174e+00
5.964764017216937830e+00
5.950313471679169908e+00
5.898679109122896058e+00
5.810436522944721460e+00
5.686797624867127254e+00
5.529549680422037206e+00
5.340979908634434281e+00
5.123779449032478617e+00
4.880932352907135119e+00
4.615604179547058372e+00
4.331035360764536435e+00
4.030452565168364032e+00
3.716989434109564616e+00
3.393616612560583778e+00
3.063094326270549672e+00
2.727941301346587633e+00
2.390418342381021244e+00
2.052526275608148154e+00
1.716017963998453855e+00
1.382409782658351016e+00
1.052989924028609359e+00
7.288453805200398872e-01
4.108921807970412621e-01
9.989505289844653746e-02
-2.035097051860940698e-01
-4.987934495387408296e-01
-7.855195563650824164e-01
-1.063325821901588641e+00
-1.331910696895018731e+00
-1.591022003385420103e+00
-1.840448170204124656e+00
-2.080014453509279715e+00
-2.309575524020103021e+00
-2.529011072253697368e+00
-2.738228209855121609e+00
-2.937160839029871351e+00
-3.125767737738398999e+00
-3.304031761294132785e+00
-3.471958453676808887e+00
-3.629575334420616528e+00
-3.776931659784544593e+00
-3.914097807751504288e+00
-4.041165391123117345e+00
-4.158247530734828779e+00
-4.265478926285759975e+00
-4.363015760574778135e+00
-4.451031209367199537e+00
-4.529712176428652981e+00
-4.599260714818960594e+00
-4.659891060299526266e+00
-4.711827508642560502e+00
-4.755306769280393198e+00
-4.790577749993057743e+00
-4.817900267364935374e+00
-4.837545038364511107e+00
-4.849791296938406937e+00
-4.854924622135811774e+00
-4.853237382123484878e+00
-4.845026973837232909e+00
-4.830594295861441623e+00
-4.810244507203483622e+00
-4.784285850078748403e+00
-4.753028482064781457e+00
-4.716785073687593588e+00
-4.675870100509051497e+00
-4.630600168199626054e+00
-4.581296118157389685e+00
-4.528283984734201795e+00
-4.471894009656804947e+00
-4.412460359864227577e+00
-4.350323069175726864e+00
-4.285827724151629603e+00
-4.219324617802085342e+00
-4.151169738767261030e+00
-4.081724550357044734e+00
-4.011355976226165687e+00
-3.940437943360565853e+00
-3.869353182758907383e+00
-3.798494014760475324e+00
-3.728264074202627842e+00
-3.659082142157435324e+00
-3.591384951688633365e+00
-3.525630277073128482e+00
-3.462302057190592031e+00
-3.401916646699547186e+00
-3.345029353901655789e+00
-3.292242750847895305e+00
-3.244218052017666665e+00
-3.201688463209877433e+00
-3.165474363451913575e+00
-3.136502613053524513e+00
-3.115831078509506025e+00
-3.104675886998436329e+00
-3.104438855240406525e+00
-3.116728703959396718e+00
-3.143357805091656410e+00
-3.186268972196907967e+00
-3.247283389403391674e+00
-3.327396395153860098e+00
-3.424920191025900618e+00
-3.530626708866276164e+00
-3.614871961123815591e+00
-3.592151457245072788e+00
-3.206588665766863855e+00
-1.486838763095095883e+00
3.063357631248901036e+00
2.090026619011984721e+00
1.000296346640868306e+00
1.000000000000031086e+00
1.000000000000000000e+00
