1.000000000000000000e+00
1.000000134924015960e+00
1.000000640011070141e+00
1.000003683955754230e+00
1.000015817857468958e+00
1.000051418362244426e+00
1.000138581337380428e+00
1.000329336444047978e+00
1.000717064914168564e+00
1.001464975150252901e+00
1.002850353705214470e+00
1.005329654623444258e+00
1.009628585442683191e+00
1.016858007920188545e+00
1.028649093237386181e+00
1.047288064105190486e+00
1.075811648845834245e+00
1.118001806677078269e+00
1.178201104484842388e+00
1.260877499988355632e+00
1.369913749109630041e+00
1.507713192283699044e+00
1.674353201308312666e+00
1.867155042700320955e+00
2.081064034559739095e+00
2.309968556260428851e+00
2.548795131591371721e+00
2.795422507267498524e+00
3.051439128841136217e+00
3.320834193028938230e+00
3.606583873519272565e+00
3.907225627170765492e+00
4.214814411062743460e+00
4.515800997526277172e+00
4.793561149321501347e+00
5.030924296398024964e+00
5.212445553671371634e+00
5.324715286799768243e+00
5.356995413235759784e+00
5.301101434799762480e+00
5.151865082163221921e+00
4.908201592700788929e+00
4.573239037483885383e+00
4.155296354035523443e+00
3.667428368470468936e+00
3.127120029092029352e+00
2.554992058398343868e+00
1.972979616387475543e+00
1.402741645108023238e+00
8.634639725499912988e-01
3.708096968129345194e-01
-6.389406181925166850e-02
-4.336260532246452026e-01
-7.351674862180865855e-01
-9.685366689034841103e-01
-1.136030650267751518e+00
-1.241583354829460806e+00
-1.290025019396280559e+00
-1.286587692965999397e+00
-1.236624416876357824e+00
-1.145364415566069161e+00
-1.017859282376803121e+00
-8.588600275682236607e-01
-6.728009504339365066e-01
-4.637756586206824294e-01
-2.355139943910791178e-01
8.561814813170800717e-03
2.653531471469117720e-01
5.320595508555036046e-01
8.061757596505948475e-01
1.085470734628688705e+00
1.367914641484970550e+00
1.651643311673623105e+00
1.934907024829653155e+00
2.216033548938890707e+00
2.493385238553506245e+00
2.765311569255545443e+00
3.030121269961416619e+00
3.286044890482291425e+00
3.531233417321145929e+00
3.763767370706023296e+00
3.981663090601029964e+00
4.182900257051604953e+00
4.365451470715539628e+00
4.527328299876239193e+00
4.666635713491881887e+00
4.781641885536903835e+00
4.870850706763135030e+00
4.933051927235559297e+00
4.967373285526171856e+00
4.973323245273340021e+00
4.950819491915070536e+00
4.900203243272899023e+00
4.822225020492089342e+00
4.718025107041714072e+00
4.589096375586640519e+00
4.437220542506140397e+00
4.264404286058394611e+00
4.072812033303002011e+00
3.864698073220051988e+00
3.642344931013533849e+00
3.408009061911148496e+00
3.163879481188390574e+00
2.912042794816115165e+00
2.654453321023659829e+00
2.392914979499551453e+00
2.129070959719167266e+00
1.864400027388375181e+00
1.600219361251637551e+00
1.337693967908475390e+00
1.077844711524135857e+00
8.215537019881474778e-01
5.695797315604059774e-01
3.225753542539015473e-01
8.109788875127459107e-02
-1.543777524411044932e-01
-3.834473286559663130e-01
-6.057683734638046325e-01
-8.210500853523439169e-01
-1.029045307252583141e+00
-1.229543863717105223e+00
-1.422367288961459142e+00
-1.607366391832061314e+00
-1.784416744649748754e+00
-1.953415879281617640e+00
-2.114284397783747327e+00
-2.266965376009575817e+00
-2.411423034647582675e+00
-2.547642052811168067e+00
-2.675626541720234286e+00
-2.795399401965763975e+00
-2.907001951554402996e+00
-3.010493332999983451e+00
-3.105950334911926625e+00
-3.193467303404469604e+00
-3.273155932849437288e+00
-3.345144956484875198e+00
-3.409577290140978878e+00
-3.466607865231241981e+00
-3.516404171587173444e+00
-3.559144267127264172e+00
-3.595015270254793283e+00
-3.624214451460300968e+00
-3.646948848931206300e+00
-3.663434266246582638e+00
-3.673895018567480353e+00
-3.678562309478809134e+00
-3.677672733858695864e+00
-3.671468306688016270e+00
-3.660195224319006346e+00
-3.644102768836753992e+00
-3.623443550591193940e+00
-3.598472640337242900e+00
-3.569446717640415656e+00
-3.536624257727951637e+00
-3.500264975358006403e+00
-3.460629882951068659e+00
-3.417982400575988233e+00
-3.372588817996107213e+00
-3.324717647156366418e+00
-3.274639402844644387e+00
-3.222627699114543720e+00
-3.168959062089844014e+00
-3.113912461693451039e+00
-3.057769943208199948e+00
-3.000816593943455679e+00
-2.943340673176951583e+00
-2.885634698051545044e+00
-2.827996738761428652e+00
-2.770731192680732313e+00
-2.714150185469517584e+00
-2.658576293307835403e+00
-2.604344783214038728e+00
-2.551806153726033699e+00
-2.501330020859346082e+00
-2.453309854354293940e+00
-2.408168112048336251e+00
-2.366362677435048134e+00
-2.328395398103706437e+00
-2.294822123670007485e+00
-2.266264176852404777e+00
-2.243422543362155963e+00
-2.227095225942287371e+00
-2.218195813648133896e+00
-2.217770598359079859e+00
-2.227007860339436984e+00
-2.247222758828809841e+00
-2.279777914441974307e+00
-2.325845009348722847e+00
-2.385772144124404637e+00
-2.457451167144570459e+00
-2.532049352321309232e+00
-2.582400918809839574e+00
-2.529137615924498039e+00
-2.125968058462048837e+00
-4.636170744451383885e-01
3.353718545233900006e+00
1.592102607459561447e+00
1.000048866417587945e+00
1.000000000000000000e+00
1.000000000000000000e+00
