1.000000000000000000e+00
1.000000076247570258e+00
1.000000364174128409e+00
1.000002102637297829e+00
1.000009033231167521e+00
1.000029374384052927e+00
1.000079209115358969e+00
1.000188377485835334e+00
1.000410573972603911e+00
1.000839973860890408e+00
1.001637340184872604e+00
1.003069004831822264e+00
1.005562011242277398e+00
1.009777419412537514e+00
1.016700360575395035e+00
1.027738680542934269e+00
1.044811051326598461e+00
1.070390569347520859e+00
1.107454440562386067e+00
1.159284481452355298e+00
1.229077420616462746e+00
1.319384453981395255e+00
1.431491431315699003e+00
1.564967908971234500e+00
1.717678807351372239e+00
1.886420280124900373e+00
2.068134981172531361e+00
2.261087093191978425e+00
2.465298207434218902e+00
2.681607464205366220e+00
2.909361523851627940e+00
3.144208326126840092e+00
3.377008012879508581e+00
3.594908237906722981e+00
3.783675870636212579e+00
3.930048275647362477e+00
4.023731413730329720e+00
4.057814309210423964e+00
4.029038210301208345e+00
3.937311645234419899e+00
3.785394195393159578e+00
3.578797778362172721e+00
3.325107492458752478e+00
3.033807762132032959e+00
2.715471518033913068e+00
2.381287284788029979e+00
2.042389677637957757e+00
1.709221172552712442e+00
1.391202915643605653e+00
1.096152963656027213e+00
8.301984288993032868e-01
5.976595915497657785e-01
4.011900236814459064e-01
2.420173839249355474e-01
1.201227376305961519e-01
3.457511824642483383e-02
-1.628828430774145394e-02
-3.459668081932538997e-02
-2.275846936680989488e-02
1.665672134101909424e-02
8.104540059353947112e-02
1.678104818007034871e-01
2.744418424240488985e-01
3.985361334173089243e-01
5.378154821575387157e-01
6.901406332875756888e-01
8.534767860212634227e-01
1.025898822767211227e+00
1.205574418104749190e+00
1.390762605608487412e+00
1.579805086240094747e+00
1.771090507057888175e+00
1.963043129756454785e+00
2.154104965530033944e+00
2.342728588650054622e+00
2.527368408544804712e+00
2.706470981518378061e+00
2.878478163927179700e+00
3.041825454332627299e+00
3.194961731913984249e+00
3.336374131030260148e+00
3.464609087101759410e+00
3.578302387550996055e+00
3.676205694483477338e+00
3.757216953921213243e+00
3.820409200677555184e+00
3.865061574225275187e+00
3.890685478742621939e+00
3.897032557503103956e+00
3.884100238883654299e+00
3.852130213562985794e+00
3.801599203090671786e+00
3.733204073207232021e+00
3.647834831622255525e+00
3.546549777921177427e+00
3.430546273820339831e+00
3.301121990022511277e+00
3.159640833379471658e+00
3.007500690301073476e+00
2.846103266161235101e+00
2.676828715026874583e+00
2.501014606504322835e+00
2.319941555674207123e+00
2.134821339061482526e+00
1.946786439391495316e+00
1.756884625776136355e+00
1.566076407609223287e+00
1.375234883672364683e+00
1.185148156341653047e+00
9.965245900458081785e-01
8.099967314018836628e-01
6.261233591367002527e-01
4.453969151432132789e-01
2.682518176637171403e-01
9.506942167368269414e-02
-7.381591800900032252e-02
-2.381112601844242727e-01
-3.975609400798057469e-01
-5.519416125106385573e-01
-7.010583207301793740e-01
-8.447412031401525523e-01
-9.828428673497140444e-01
-1.115237267585940995e+00
-1.241817340925822188e+00
-1.362493525954846074e+00
-1.477194434312654181e+00
-1.585866524750523254e+00
-1.688473322522361153e+00
-1.784994964299699394e+00
-1.875427519696614365e+00
-1.959782500837382813e+00
-2.038086502288322333e+00
-2.110380696573245896e+00
-2.176720547465979649e+00
-2.237175561700656345e+00
-2.291828961895184591e+00
-2.340777294389263297e+00
-2.384128585882545170e+00
-2.422000878702644577e+00
-2.454522300589855099e+00
-2.481829699941513034e+00
-2.504067552808180608e+00
-2.521388349952741859e+00
-2.533952153919246442e+00
-2.541925810231044025e+00
-2.545482590004344292e+00
-2.544801062029987460e+00
-2.540064042387646825e+00
-2.531458420178642310e+00
-2.519174272990039487e+00
-2.503404072640325939e+00
-2.484342662852610406e+00
-2.462186617312415837e+00
-2.437133617899746696e+00
-2.409382435997076133e+00
-2.379132504236499912e+00
-2.346583850768965807e+00
-2.311937646794809620e+00
-2.275396400735373970e+00
-2.237163536358200311e+00
-2.197443230601068720e+00
-2.156441018588564074e+00
-2.114363687860647989e+00
-2.071419033471760152e+00
-2.027816263034529776e+00
-1.983766049857472069e+00
-1.939480708728650749e+00
-1.895174950167881844e+00
-1.851066793025877288e+00
-1.807378225246544456e+00
-1.764336273526659449e+00
-1.722174886331056642e+00
-1.681136613673602787e+00
-1.641474541192019077e+00
-1.603455088354895697e+00
-1.567361405339137814e+00
-1.533497128565270318e+00
-1.502191027270854073e+00
-1.473803007779189045e+00
-1.448731130899914676e+00
-1.427419570029048401e+00
-1.410368137448899439e+00
-1.398143380877354236e+00
-1.391389583366917648e+00
-1.390836953810706156e+00
-1.397300831995886838e+00
-1.411656990694123204e+00
-1.434758190471609129e+00
-1.467210329718479311e+00
-1.508807507815510984e+00
-1.557110042160119612e+00
-1.603757798357738684e+00
-1.624366452449280018e+00
-1.548373774713088125e+00
-1.155787394131722490e+00
3.440385162956275944e-01
3.183407398479898287e+00
1.258004085654016446e+00
1.000007472306282175e+00
1.000000000000000000e+00
1.000000000000000000e+00
