1.000000000000000000e+00
1.000000068316312607e+00
1.000000326675877682e+00
1.000001887112154320e+00
1.000008108079338376e+00
1.000026367552327322e+00
1.000071107155349193e+00
1.000169130069201717e+00
1.000368686979899113e+00
1.000754454637626800e+00
1.001471095178748882e+00
1.002758518658064979e+00
1.005001939954948575e+00
1.008798766352978271e+00
1.015041425937175612e+00
1.025009339482165105e+00
1.040453478373625229e+00
1.063643434080767225e+00
1.097332373373955283e+00
1.144588482973195376e+00
1.208452124825950325e+00
1.291430339191152354e+00
1.394923276704428616e+00
1.518786739699683030e+00
1.661302204400313398e+00
1.819713133923966719e+00
1.991298793204752116e+00
2.174424354126547332e+00
2.368922562177195879e+00
2.575219276544716607e+00
2.792212709756871192e+00
3.015274196800966422e+00
3.235315857667409478e+00
3.439888051609239383e+00
3.615452188141712320e+00
3.749657481620534583e+00
3.833238296611488405e+00
3.860388782690494125e+00
3.828932161804611933e+00
3.739756932938274936e+00
3.596386083250733279e+00
3.404741936306336036e+00
3.172415261776990736e+00
2.908421972264398470e+00
2.622442327810700302e+00
2.324409528191100804e+00
2.023968028775060990e+00
1.729988213580898604e+00
1.450362242107883670e+00
1.191571678186629013e+00
9.586683065663511583e-01
7.552061206533908777e-01
5.833740627055372663e-01
4.441994094120666481e-01
3.376865058175508860e-01
2.630875436420823665e-01
2.190386574606509595e-01
2.037748378968808338e-01
2.152811503743508603e-01
2.513876570503109642e-01
3.098765614697380211e-01
3.885150051731656173e-01
4.851254353057906088e-01
5.976031082692105922e-01
7.239332261904513066e-01
8.622034622846012075e-01
1.010574485924796040e+00
1.167285909757584061e+00
1.330642752302403364e+00
1.499016111453796762e+00
1.670837682013292635e+00
1.844570369105916763e+00
2.018701134675559672e+00
2.191728306105213520e+00
2.362158777405279686e+00
2.528504024817618490e+00
2.689275364871761553e+00
2.842990710940985100e+00
2.988176771220259820e+00
3.123390046575833967e+00
3.247241743606775533e+00
3.358418341608080393e+00
3.455709176168281882e+00
3.538029676489029107e+00
3.604446908821084872e+00
3.654202576845597239e+00
3.686737082521972297e+00
3.701708571959187566e+00
3.698995374611405929e+00
3.678696319449997976e+00
3.641125099885908156e+00
3.586798396162313107e+00
3.516419792932680810e+00
3.430853825966722948e+00
3.331102911585983151e+00
3.218281244199331592e+00
3.093580928942392561e+00
2.958242845066090698e+00
2.813529484634820221e+00
2.660699827717746047e+00
2.500988497628654272e+00
2.335588666861161400e+00
2.165640703005902168e+00
1.992222784139004998e+00
1.816342519974040837e+00
1.638932800507190590e+00
1.460849969764885126e+00
1.282873931376431464e+00
1.105710377139745848e+00
9.299954273848436426e-01
7.562989908662884897e-01
5.851263941548701109e-01
4.169247749116338220e-01
2.520902542045981853e-01
9.097212101727418510e-02
-6.612198810167489726e-02
-2.189213143351518287e-01
-3.671884734987339582e-01
-5.107151974667061278e-01
-6.493189660475841007e-01
-7.828401855568493106e-01
-9.111399415610571539e-01
-1.034099075756561126e+00
-1.151616137812472740e+00
-1.263606108839663733e+00
-1.370001035948122059e+00
-1.470749765404215870e+00
-1.565817258911076149e+00
-1.655184191372424785e+00
-1.738846340665540779e+00
-1.816814138019837488e+00
-1.889112328675361496e+00
-1.955779497945969281e+00
-2.016867787287552449e+00
-2.072442640915499457e+00
-2.122582478719448940e+00
-2.167378308293762323e+00
-2.206932036543645559e+00
-2.241355117237253225e+00
-2.270768570191840752e+00
-2.295301716839103001e+00
-2.315091158178848474e+00
-2.330281077378609567e+00
-2.341022800768161716e+00
-2.347474050078376173e+00
-2.349798581732971847e+00
-2.348165137911796929e+00
-2.342746468153778849e+00
-2.333719136669102578e+00
-2.321262695942088783e+00
-2.305558942942519618e+00
-2.286791868365562141e+00
-2.265147053650043318e+00
-2.240811088301497112e+00
-2.213971529489121348e+00
-2.184816497701767002e+00
-2.153534599553246220e+00
-2.120315402452951581e+00
-2.085349596047850085e+00
-2.048828605342337017e+00
-2.010944439523548510e+00
-1.971890231144119543e+00
-1.931860142948589765e+00
-1.891049154280050049e+00
-1.849653433921458978e+00
-1.807870403056559994e+00
-1.765898913724048169e+00
-1.723939951604860354e+00
-1.682197487958138726e+00
-1.640879114550700235e+00
-1.600197054339048020e+00
-1.560369911592359271e+00
-1.521624253210444477e+00
-1.484196432933038379e+00
-1.448335206875891679e+00
-1.414304905435984194e+00
-1.382388949373249076e+00
-1.352894188842193479e+00
-1.326156483788477169e+00
-1.302547214144398113e+00
-1.282480643880224980e+00
-1.266422673041075031e+00
-1.254900918315534186e+00
-1.248514499960223345e+00
-1.247940835248326774e+00
-1.253933340795902573e+00
-1.267295477284399841e+00
-1.288797288101132033e+00
-1.318955287763513118e+00
-1.357481594855743934e+00
-1.401903603895963579e+00
-1.443992493484129058e+00
-1.459973810183817555e+00
-1.381258414526180589e+00
-9.941988364200152750e-01
4.657478119922515702e-01
3.106670838410731772e+00
1.214092174817332115e+00
1.000005260731712697e+00
1.000000000000000000e+00
1.000000000000000000e+00
