1.000000000000000000e+00
1.000000027442536021e+00
1.000000132331753333e+00
1.000000767262911427e+00
1.000003298809448271e+00
1.000010732311708672e+00
1.000028959963944697e+00
1.000068941946340662e+00
1.000150468239837664e+00
1.000308410537131376e+00
1.000602670122273441e+00
1.001133313885682607e+00
1.002062568622519079e+00
1.003645222892521005e+00
1.006268246596577320e+00
1.010498600794009993e+00
1.017134745466713008e+00
1.027251861726335536e+00
1.042223600158288743e+00
1.063696803223975529e+00
1.093493616786120892e+00
1.133428881285985623e+00
1.185060105638951145e+00
1.249437557112093033e+00
1.326968525327209658e+00
1.417487239297414936e+00
1.520553318577568813e+00
1.635759174134787219e+00
1.762760800760426072e+00
1.900769803754961851e+00
2.047540164835675913e+00
2.198541319629636615e+00
2.346814859697352151e+00
2.483952064422956241e+00
2.601685458274434648e+00
2.693378849571272049e+00
2.755079869677416138e+00
2.785574146935136053e+00
2.786099870090334107e+00
2.759626520488205337e+00
2.710202826653584918e+00
2.642472257372342259e+00
2.561126991397928876e+00
2.470694450909920015e+00
2.375250764262439418e+00
2.278362559102454998e+00
2.183039147223714505e+00
2.091730100717545504e+00
2.006417272709730693e+00
1.928598800769669053e+00
1.859380425935868608e+00
1.799507632772213928e+00
1.749430856973041015e+00
1.709367083216061456e+00
1.679320141699795155e+00
1.659138438796630144e+00
1.648522983267883157e+00
1.647066578087603483e+00
1.654276306876556468e+00
1.669582710711882134e+00
1.692360336638130569e+00
1.721927304061748210e+00
1.757564087257321050e+00
1.798517119755727700e+00
1.844005844027264640e+00
1.893230848096438601e+00
1.945368421975954387e+00
1.999580398366849199e+00
2.055018147654731120e+00
2.110833296353040289e+00
2.166186969831040976e+00
2.220250446452722404e+00
2.272214550753911766e+00
2.321296703876157164e+00
2.366751117161647766e+00
2.407877336678487357e+00
2.444026851951243806e+00
2.474611981445565156e+00
2.499110491024531644e+00
2.517074585496779537e+00
2.528138377178553498e+00
2.532020778460981170e+00
2.528528397314437015e+00
2.517554580506172979e+00
2.499077731860693596e+00
2.473157781346020379e+00
2.439932902319238650e+00
2.399614939899075594e+00
2.352479929745426190e+00
2.298859632107214779e+00
2.239132992140342893e+00
2.173717567482029267e+00
2.103061653077531457e+00
2.027634835664019697e+00
1.947921349742417707e+00
1.864413692918863275e+00
1.777604344462798247e+00
1.687979749067369362e+00
1.596015191961628332e+00
1.502170278104130841e+00
1.406885606750138074e+00
1.310580293034128596e+00
1.213650980755532016e+00
1.116470950779075988e+00
1.019388979617501745e+00
9.227291728381140645e-01
8.267911523576938482e-01
7.318505317832064705e-01
6.381598341241633277e-01
5.459500385784132881e-01
4.554314781952517599e-01
3.667939667775462764e-01
2.802085912847640525e-01
1.958297678538417907e-01
1.137961988445698597e-01
3.423221183540334916e-02
-4.275101303637603850e-02
-1.170546420171123675e-01
-1.885910588828001722e-01
-2.572830103918938849e-01
-3.230629025482394390e-01
-3.858722583959589558e-01
-4.456616209629439274e-01
-5.023899971257035357e-01
-5.560245438962118092e-01
-6.065409294208502500e-01
-6.539233287247379067e-01
-6.981642326855638236e-01
-7.392643324154513085e-01
-7.772322995110066968e-01
-8.120846015823496300e-01
-8.438453374595900058e-01
-8.725460030019679403e-01
-8.982253108651352402e-01
-9.209290073587017567e-01
-9.407096493333333420e-01
-9.576263477879887187e-01
-9.717440158774572900e-01
-9.831327333282371406e-01
-9.918676192449797924e-01
-9.980282217819207435e-01
-1.001697995687475640e+00
-1.002964276314356917e+00
-1.001917977743105759e+00
-9.986531770763164007e-01
-9.932668468658113481e-01
-9.858583334785111507e-01
-9.765288661510739265e-01
-9.653813664949821849e-01
-9.525200268168018125e-01
-9.380499261364566577e-01
-9.220769140549417431e-01
-9.047072956584116810e-01
-8.860475324871371905e-01
-8.662041563051180448e-01
-8.452835559065171589e-01
-8.233918968050216725e-01
-8.006352589962714150e-01
-7.771196683540693151e-01
-7.529509337441213646e-01
-7.282345850293325817e-01
-7.030760839072702773e-01
-6.775808116532072711e-01
-6.518540271687202070e-01
-6.260010626123535538e-01
-6.001274216378864601e-01
-5.743389422295238633e-01
-5.487421805254149021e-01
-5.234448778416164183e-01
-4.985563770696507802e-01
-4.741882157662876129e-01
-4.504550381177322427e-01
-4.274754906810816490e-01
-4.053732637283572471e-01
-3.842784921430227874e-01
-3.643294353485564963e-01
-3.456743629645690485e-01
-3.284738284724301738e-01
-3.129034809486165858e-01
-2.991572703351687568e-01
-2.874509494535742449e-01
-2.780259239419866080e-01
-2.711531169814968001e-01
-2.671356061245761526e-01
-2.663077291665653101e-01
-2.690257145631961833e-01
-2.756387804823557941e-01
-2.864158711266989732e-01
-3.013709340765533540e-01
-3.198488252757892836e-01
-3.395201871528755189e-01
-3.538250791577856602e-01
-3.450057626204763861e-01
-2.632243749629145091e-01
4.466885851718127576e-02
1.110724199526416323e+00
2.275728180661925393e+00
1.031994753686446664e+00
1.000000310147762805e+00
1.000000000000000000e+00
1.000000000000000000e+00
