1.000000000000000000e+00
1.000000044346027517e+00
1.000000212953863654e+00
1.000001232467189194e+00
1.000005297173583996e+00
1.000017230171950766e+00
1.000046479958615064e+00
1.000110602557217732e+00
1.000241250633527645e+00
1.000494087831415024e+00
1.000964475755091510e+00
1.001811153357220707e+00
1.003290261044584630e+00
1.005801616571913470e+00
1.009947586147289966e+00
1.016601447443650219e+00
1.026976073237180431e+00
1.042674744583613311e+00
1.065695043457543845e+00
1.098349080553007839e+00
1.143064959460003971e+00
1.202062955135259514e+00
1.276952498335904407e+00
1.368375490204479128e+00
1.475883807369933853e+00
1.598183339935825620e+00
1.733756066227777115e+00
1.881493647951070436e+00
2.040892064320404486e+00
2.211393171781071754e+00
2.390894779418926586e+00
2.574428903440286742e+00
2.753712639180362576e+00
2.918244782424600725e+00
3.057276048593915441e+00
3.161715410715985275e+00
3.225589221839313403e+00
3.246224504547508882e+00
3.224101056343028127e+00
3.162105580337632560e+00
3.064865238425826366e+00
2.938258131022966957e+00
2.788702547766004791e+00
2.622870615877153089e+00
2.447190137958557887e+00
2.267661174777846789e+00
2.089659651687425956e+00
1.917809969724718400e+00
1.756029069387666119e+00
1.607408964884095015e+00
1.474307990270569135e+00
1.358367830028198719e+00
1.260610083698869621e+00
1.181544537472633882e+00
1.121218895498794277e+00
1.079339439091890895e+00
1.055309495785097029e+00
1.048320644672444679e+00
1.057412873835668288e+00
1.081508377990720415e+00
1.119460504121998268e+00
1.170062922945386941e+00
1.232087313100642456e+00
1.304291813000550304e+00
1.385432107453572037e+00
1.474271693855399690e+00
1.569567056567222618e+00
1.670076680725808504e+00
1.774558802119037715e+00
1.881779366285907029e+00
1.990516937614380977e+00
2.099553009851141461e+00
2.207677263525383626e+00
2.313689682642373846e+00
2.416409229097009170e+00
2.514681519966287748e+00
2.607385393285956088e+00
2.693445778192017137e+00
2.771842005050674018e+00
2.841626159294028842e+00
2.901941405848074584e+00
2.952034741858208911e+00
2.991271429542581739e+00
3.019143957865714434e+00
3.035280177467146512e+00
3.039448040722541933e+00
3.031559930537373937e+00
3.011673452465897682e+00
2.979982114982089758e+00
2.936805823757926426e+00
2.882579284420142773e+00
2.817838483756566870e+00
2.743206700233866702e+00
2.659376431746530489e+00
2.567095088590554131e+00
2.467150401945313654e+00
2.360352170709295816e+00
2.247517797065075928e+00
2.129459474787557038e+00
2.006972716695895720e+00
1.880827356560901054e+00
1.751760493230880567e+00
1.620472506625772358e+00
1.487623727002877594e+00
1.353831139710328424e+00
1.219667184152926964e+00
1.085659516708233685e+00
9.522915647952476803e-01
8.200040754045989644e-01
6.891979208647056598e-01
5.602359146219519914e-01
4.334434005787964339e-01
3.091117584639282989e-01
1.875023755251793156e-01
6.884873444502211115e-02
-4.664085544363328478e-02
-1.587807454800162776e-01
-2.674061955201278984e-01
-3.723710970257361197e-01
-4.735462059990975248e-01
-5.708176723412332620e-01
-6.640858840577216204e-01
-7.532651066843334409e-01
-8.382823720169839676e-01
-9.190768153588346756e-01
-9.956001919402506228e-01
-1.067816795537794405e+00
-1.135703085080371544e+00
-1.199247464381109296e+00
-1.258449907110422705e+00
-1.313321662832481973e+00
-1.363885015066103268e+00
-1.410172937907570034e+00
-1.452228859299935282e+00
-1.490106431989915547e+00
-1.523869247496643986e+00
-1.553590502812854046e+00
-1.579351832645992992e+00
-1.601242347372354491e+00
-1.619358539402488528e+00
-1.633803370878120775e+00
-1.644685512964836116e+00
-1.652119428318582495e+00
-1.656224983146687979e+00
-1.657126864011011280e+00
-1.654954243244710188e+00
-1.649840009072554459e+00
-1.641920043595451961e+00
-1.631333005413235115e+00
-1.618219713513019409e+00
-1.602722588644952983e+00
-1.584985541984149870e+00
-1.565153518173365566e+00
-1.543372057501602779e+00
-1.519787210475405326e+00
-1.494545227691804756e+00
-1.467792465630217702e+00
-1.439675652274410300e+00
-1.410341961544614442e+00
-1.379938746914670666e+00
-1.348613434418691970e+00
-1.316513865811607120e+00
-1.283788249464471454e+00
-1.250585046066992057e+00
-1.217053241099681715e+00
-1.183342434029168500e+00
-1.149603017022784224e+00
-1.115986705978609050e+00
-1.082647187114177179e+00
-1.049740648518660224e+00
-1.017426578093316714e+00
-9.858690640801083260e-01
-9.552380239347251223e-01
-9.257106296765373887e-01
-8.974732858565418470e-01
-8.707240170364316523e-01
-8.456751357017066040e-01
-8.225564999549445089e-01
-8.016196262502731651e-01
-7.831424443246248757e-01
-7.674346056015080020e-01
-7.548435924035249434e-01
-7.457613904718943809e-01
-7.406302762743728341e-01
-7.399451443005313767e-01
-7.442467141093803695e-01
-7.540925768996756817e-01
-7.699763186728649789e-01
-7.921257100468791501e-01
-8.200120032630603406e-01
-8.511402512914909568e-01
-8.779450002022421984e-01
-8.792957820918317902e-01
-7.950214122379141157e-01
-4.387688209491790170e-01
8.464921265527168837e-01
2.731712969326046903e+00
1.093847306765587613e+00
1.000001360756480384e+00
1.000000000000000000e+00
1.000000000000000000e+00
