1.000000000000000000e+00
1.000000161728196169e+00
1.000000765258034718e+00
1.000004400000281013e+00
1.000018888463036548e+00
1.000061391845089576e+00
1.000165431000262561e+00
1.000393038605731144e+00
1.000855442572830656e+00
1.001746788951645373e+00
1.003396340004829579e+00
1.006344810716165661e+00
1.011449123990594501e+00
1.020015438001987462e+00
1.033950974225444464e+00
1.055909179965402789e+00
1.089380231398310084e+00
1.138654057247757034e+00
1.208567376484633860e+00
1.303962436630195842e+00
1.428847573907209512e+00
1.585388170296094801e+00
1.773007344572394839e+00
1.988008291633897251e+00
2.224129056093476997e+00
2.474125846619121383e+00
2.732177852450353939e+00
2.996048498016511186e+00
3.267953740689284903e+00
3.553136617503892758e+00
3.856082240712682907e+00
4.176682796701220113e+00
4.507873170347326486e+00
4.836452874278797331e+00
5.145667856886871228e+00
5.417731032279245795e+00
5.636075356868492037e+00
5.785476270058328652e+00
5.852683874947873122e+00
5.826320506936666810e+00
5.697554335438359985e+00
5.461601413260046556e+00
5.118236115237081663e+00
4.673434368458317500e+00
4.139370856503396645e+00
3.534551793439003387e+00
2.882548664221010970e+00
2.209787626476072298e+00
1.543349335823668511e+00
9.078589244626622534e-01
3.237961730511396685e-01
-1.938168954764352692e-01
-6.355577561564959010e-01
-9.970398433752731826e-01
-1.278169636417697763e+00
-1.481844584133012122e+00
-1.613028641455304335e+00
-1.677734332090181857e+00
-1.682362612196224294e+00
-1.633354603731835386e+00
-1.536918262934238166e+00
-1.399000218615110702e+00
-1.225169877982594357e+00
-1.020622287120939164e+00
-7.901583355481739401e-01
-5.381548200160435336e-01
-2.686228641083457380e-01
1.482354020438856820e-02
3.089487615924441655e-01
6.109008967825205749e-01
9.181922786307747941e-01
1.228614766309685358e+00
1.540196931218927867e+00
1.851140444342420421e+00
2.159771610262302577e+00
2.464484601930819530e+00
2.763678188902455091e+00
3.055714515728606973e+00
3.338865521578651574e+00
3.611300650241908716e+00
3.871086009230902292e+00
4.116179645070253912e+00
4.344451804485195190e+00
4.553708367164166937e+00
4.741735306006563455e+00
4.906355660723773937e+00
5.045508217665441997e+00
5.157333733062693604e+00
5.240239266628304193e+00
5.292969265578320481e+00
5.314669323490142538e+00
5.304935725717725425e+00
5.263849381803320959e+00
5.191975411738984469e+00
5.090354637503866186e+00
4.960471161604844248e+00
4.804184578200802136e+00
4.623658243704628745e+00
4.421280068396741925e+00
4.199579626828217727e+00
3.961150716116484727e+00
3.708581484126299177e+00
3.444399636169175771e+00
3.171025442411449902e+00
2.890731390436256820e+00
2.605616761820206406e+00
2.317592426428548347e+00
2.028374468481539683e+00
1.739486415710453704e+00
1.452269984827323057e+00
1.167894592258027942e+00
8.873640010222986207e-01
6.115352444295856227e-01
3.411395729984501579e-01
7.679608645497541797e-02
-1.809724736799720735e-01
-4.317253189440988237e-01
-6.750926867706222856e-01
-9.107635254447877804e-01
-1.138475757193534443e+00
-1.358008223898768074e+00
-1.569174348046249889e+00
-1.771819228136623403e+00
-1.965814263306613352e+00
-2.151053852363305374e+00
-2.327456796040712650e+00
-2.494965653561182606e+00
-2.653545229995999399e+00
-2.803181841885424408e+00
-2.943882182651178070e+00
-3.075672654774487036e+00
-3.198599031254026226e+00
-3.312725857160415011e+00
-3.418136351620129965e+00
-3.514932419824244647e+00
-3.603234523073220785e+00
-3.683181431002988671e+00
-3.754926929895420873e+00
-3.818637362345214559e+00
-3.874492407710147468e+00
-3.922682830624734773e+00
-3.963408808092621971e+00
-3.996881360562709151e+00
-4.023322013134118968e+00
-4.042961715436977244e+00
-4.056040652805610769e+00
-4.062806416986133762e+00
-4.063512324996499281e+00
-4.058417556937032877e+00
-4.047785773841273027e+00
-4.031883902335247960e+00
-4.010982512462782701e+00
-3.985354862744054483e+00
-3.955275959344106695e+00
-3.921022849429079749e+00
-3.882874020128318726e+00
-3.841109524556082899e+00
-3.796012356302147950e+00
-3.747869041627313269e+00
-3.696968898064537878e+00
-3.643603795778886933e+00
-3.588069480129521871e+00
-3.530665349779164242e+00
-3.471693887186142469e+00
-3.411461388637140324e+00
-3.350277884377588666e+00
-3.288457235918140320e+00
-3.226318354124344534e+00
-3.164186643074527350e+00
-3.102394793786960925e+00
-3.041284294159564361e+00
-2.981208477836061466e+00
-2.922534952041502265e+00
-2.865648330330233140e+00
-2.810954507581173267e+00
-2.758885874161194351e+00
-2.709906915751348677e+00
-2.664521264782008902e+00
-2.623281141377677983e+00
-2.586798455798382523e+00
-2.555757496104061222e+00
-2.530930769560423954e+00
-2.513198630393763011e+00
-2.503570613572748904e+00
-2.503205846697483583e+00
-2.513426152872717978e+00
-2.535704773271406864e+00
-2.571589118793856432e+00
-2.622458546841421434e+00
-2.688870295175544101e+00
-2.768858262423788297e+00
-2.853479847019673610e+00
-2.914776861449869916e+00
-2.871140764538102186e+00
-2.471147930091320166e+00
-7.775806072971240823e-01
3.309229617397184242e+00
1.737088400268604893e+00
1.000089191503153119e+00
1.000000000000000000e+00
1.000000000000000000e+00
