1.000000000000000000e+00
1.000000144329478813e+00
1.000000684007210872e+00
1.000003935608582140e+00
1.000016897116766224e+00
1.000054924056183125e+00
1.000148019821636813e+00
1.000351732455055709e+00
1.000765723250716110e+00
1.001564094039728348e+00
1.003042448279669818e+00
1.005686969733390113e+00
1.010269736905625271e+00
1.017970778514030838e+00
1.030519320588967114e+00
1.050332550386569697e+00
1.080609815411074148e+00
1.125316730940782550e+00
1.188976870177679723e+00
1.276199028791159318e+00
1.390920102572128725e+00
1.535468155052445161e+00
1.709694413241892974e+00
1.910559473607014835e+00
2.132575147152492523e+00
2.369219820033195756e+00
2.615148113987347145e+00
2.868197125452632612e+00
3.130184903968914245e+00
3.405557719438320419e+00
3.697838583549832858e+00
4.006049486172170049e+00
4.322548097184840898e+00
4.633883201087639847e+00
4.923342532142222616e+00
5.173481131018038859e+00
5.368392287264559748e+00
5.493957069247755065e+00
5.538487635205149751e+00
5.492623382618828209e+00
5.349878024836920432e+00
5.107870019973762332e+00
4.768592176342508537e+00
4.339623337090163346e+00
3.833820499114826141e+00
3.269145771240336451e+00
2.667358037094368584e+00
2.052038587898912247e+00
1.446782542277920358e+00
8.726885313938658184e-01
3.470950895289030003e-01
-1.173970404048650246e-01
-5.129464599417757897e-01
-8.359404934868266412e-01
-1.086365261884195910e+00
-1.266729302071019525e+00
-1.381327279302339450e+00
-1.435406657676855602e+00
-1.434617282270757910e+00
-1.384706667835322369e+00
-1.291263453552855989e+00
-1.159670235078327449e+00
-9.949810027325671768e-01
-8.019102105810002046e-01
-5.848095855760795381e-01
-3.476426638001828273e-01
-9.404220096849677524e-02
1.727105342258250797e-01
4.496619305633508534e-01
7.341853458376269570e-01
1.023960176759721730e+00
1.316894386179495502e+00
1.611086169778643384e+00
1.904768214420446304e+00
2.196266566583092494e+00
2.483952741397135622e+00
2.766190583599193786e+00
3.041303594775342845e+00
3.307531722148587150e+00
3.563026087032993505e+00
3.805854597219433977e+00
4.034004451702751126e+00
4.245407308840282390e+00
4.437967015985671893e+00
4.609605521919795557e+00
4.758318713488391971e+00
4.882249902217715487e+00
4.979767710212092524e+00
5.049521680118978395e+00
5.090501423659754998e+00
5.102086931095335842e+00
5.084084453907883550e+00
5.036747509547226720e+00
4.960767146651734016e+00
4.857255814677138517e+00
4.727711344723153353e+00
4.573951278951854604e+00
4.398045789092062563e+00
4.202245900676407686e+00
3.988910094790030225e+00
3.760436988209892029e+00
3.519205507006818667e+00
3.267528812101720526e+00
3.007615160237102181e+00
2.741534426509965261e+00
2.471197511701640259e+00
2.198344383663799917e+00
1.924539518696810392e+00
1.651174589008554072e+00
1.379478395773605648e+00
1.110525459849344587e+00
8.452418844842040091e-01
5.844220402688288241e-01
3.287470225120910361e-01
7.879659608424993689e-02
-1.649369182634043973e-01
-4.020359559839888908e-01
-6.321480833947006328e-01
-8.549751001827959884e-01
-1.070264403356646410e+00
-1.277801824172174250e+00
-1.477405971023499021e+00
-1.668925620262228238e+00
-1.852234894144429767e+00
-2.027230275873581178e+00
-2.193831817040506227e+00
-2.351982520606588523e+00
-2.501646944305288667e+00
-2.642810494906573826e+00
-2.775478362008676481e+00
-2.899674865021233394e+00
-3.015443091816156329e+00
-3.122844303032063173e+00
-3.221957781218442118e+00
-3.312880777052904513e+00
-3.395728327528639401e+00
-3.470632967857175899e+00
-3.537741722047235804e+00
-3.597213832475307793e+00
-3.649221385661957751e+00
-3.693947229849867231e+00
-3.731583408874179941e+00
-3.762332372462929619e+00
-3.786406607430073290e+00
-3.804027607601999428e+00
-3.815425642353893920e+00
-3.820838060594305752e+00
-3.820507728486864707e+00
-3.814683095980734961e+00
-3.803616907173052120e+00
-3.787565062060392673e+00
-3.766786906003486646e+00
-3.741544330727357703e+00
-3.712100890820037247e+00
-3.678722027427826724e+00
-3.641674495823765678e+00
-3.601226446868644349e+00
-3.557648629422880404e+00
-3.511214897695723369e+00
-3.462201530415092154e+00
-3.410887004425122271e+00
-3.357553170339186988e+00
-3.302485053094158296e+00
-3.245970348187222410e+00
-3.188300088051883030e+00
-3.129768592820381556e+00
-3.070673589485575228e+00
-3.011317345208474272e+00
-2.952008016069362473e+00
-2.893060429866066041e+00
-2.834797527752580759e+00
-2.777553204146469668e+00
-2.721674616644876643e+00
-2.667524798851832468e+00
-2.615486688840553686e+00
-2.565968040580671961e+00
-2.519406730924580895e+00
-2.476277424168802366e+00
-2.437100441707966691e+00
-2.402452191634163015e+00
-2.372977089328088596e+00
-2.349402355104728279e+00
-2.332556201179778466e+00
-2.323387413896816245e+00
-2.322983677519216084e+00
-2.332582256143327371e+00
-2.353556283160401552e+00
-2.387336131576794696e+00
-2.435169605253888925e+00
-2.497481439371610268e+00
-2.572215466280075802e+00
-2.650497999845746744e+00
-2.704866881117374611e+00
-2.655090531972619683e+00
-2.252755902696257362e+00
-5.774744987959575804e-01
3.343079706954383834e+00
1.643838046737689185e+00
1.000061151489770594e+00
1.000000000000000000e+00
1.000000000000000000e+00
