1.000000000000000000e+00
1.000000181907883867e+00
1.000000859290559596e+00
1.000004936909981712e+00
1.000021190343147515e+00
1.000068867347047918e+00
1.000185551520103022e+00
1.000440760539810903e+00
1.000959061081819312e+00
1.001957684979007501e+00
1.003804592319502920e+00
1.007103041108836194e+00
1.012806942762420670e+00
1.022365992521398148e+00
1.037888741357320121e+00
1.062293643341086780e+00
1.099393287299267774e+00
1.153830977765187615e+00
1.230775045826174807e+00
1.335299866687719827e+00
1.471456991845201845e+00
1.641192906913389926e+00
1.843425370560059395e+00
2.073715218138714622e+00
2.324948901359305875e+00
2.589100455660894529e+00
2.859837914334564246e+00
3.134842188531717255e+00
3.416747782329331073e+00
3.711644468948309683e+00
4.025050920616652483e+00
4.357814980118017267e+00
4.703544431068616305e+00
5.049403635873119356e+00
5.378736319992247772e+00
5.673570350581441879e+00
5.916831915207344750e+00
6.092302490277856641e+00
6.185208281919127415e+00
6.182087996825906373e+00
6.071572374932674876e+00
5.846154809694127152e+00
5.502944436689152674e+00
5.045791146622712553e+00
4.485665802914204470e+00
3.841224506597054056e+00
3.137693561414872434e+00
2.404466890912964061e+00
1.672482761597244849e+00
9.703982523624687939e-01
3.223654491398805777e-01
-2.537103211526837154e-01
-7.464871207300359801e-01
-1.150614717197245174e+00
-1.465876894936172015e+00
-1.695620938972832059e+00
-1.845595044562599263e+00
-1.922694972860046425e+00
-1.934165359382832294e+00
-1.887200705522163124e+00
-1.788659522018193559e+00
-1.645068418607748661e+00
-1.462523469965542500e+00
-1.246716171693319497e+00
-1.002921295733864016e+00
-7.359622775082838020e-01
-4.502691460355101594e-01
-1.498316397585488791e-01
1.617910522244669913e-01
4.814854661961844307e-01
8.065681723836605199e-01
1.134694169862056734e+00
1.463809903030749870e+00
1.792081244631324122e+00
2.117837078837034870e+00
2.439502765533723583e+00
2.755525671349441819e+00
3.064324597445136078e+00
3.364224759292194555e+00
3.653437797592137493e+00
3.930053698619337066e+00
4.192027657112885386e+00
4.437194193018866528e+00
4.663284691730350318e+00
4.867968756458577850e+00
5.048910621808007093e+00
5.203851620548938683e+00
5.330703700665013756e+00
5.427621637559737700e+00
5.493086062774513501e+00
5.525981525796702876e+00
5.525661358515513655e+00
5.491996891997682262e+00
5.425388902895687870e+00
5.326769569947985339e+00
5.197576222574349813e+00
5.039683213842947040e+00
4.855326794924055278e+00
4.647018978562024394e+00
4.417454923142140721e+00
4.169424600045507745e+00
3.905731729920661532e+00
3.629129028056571560e+00
3.342262027770144250e+00
3.047620540499314412e+00
2.747507326283141982e+00
2.444018789042965434e+00
2.139036172187572138e+00
1.834226963444747893e+00
1.531056333996647867e+00
1.230797505883469478e+00
9.345391334596100386e-01
6.432066875169846210e-01
3.575861736815081349e-01
7.833961450329768317e-02
-1.939770406959663573e-01
-4.588976053191179960e-01
-7.160332983623330927e-01
-9.650588560024635498e-01
-1.205701582335083621e+00
-1.437732318191968339e+00
-1.660958360607136308e+00
-1.875220258134248530e+00
-2.080385827015076128e+00
-2.276346511789827165e+00
-2.463019036744611867e+00
-2.640344748072462000e+00
-2.808287978304797594e+00
-2.966835287205120686e+00
-3.115994253574513095e+00
-3.255792794134311663e+00
-3.386278853795439581e+00
-3.507519805202667040e+00
-3.619602412514490108e+00
-3.722632919644480065e+00
-3.816736980026993464e+00
-3.902059455028179968e+00
-3.978760794125624223e+00
-4.047014354385871648e+00
-4.107007360721736333e+00
-4.158938458483453893e+00
-4.203015917366532683e+00
-4.239459319334192955e+00
-4.268499255234604384e+00
-4.290376187432558552e+00
-4.305340311412212628e+00
-4.313649573025308825e+00
-4.315567850937340744e+00
-4.311365178662728503e+00
-4.301316256747646172e+00
-4.285699149837378208e+00
-4.264795768811149301e+00
-4.238890852823895550e+00
-4.208270963944302778e+00
-4.173224863211284053e+00
-4.134042878302435220e+00
-4.091017083057137071e+00
-4.044442873140821959e+00
-3.994619658073126800e+00
-3.941850050883626277e+00
-3.886439616345965131e+00
-3.828698364539126153e+00
-3.768940503161000599e+00
-3.707483791541034801e+00
-3.644650343530493330e+00
-3.580766510367972444e+00
-3.516162949929880543e+00
-3.451175939161097883e+00
-3.386148922760297886e+00
-3.321433312392166215e+00
-3.257390066490820413e+00
-3.194392969387986447e+00
-3.132831180681950656e+00
-3.073112087944271043e+00
-3.015665843584946604e+00
-2.960950900014836851e+00
-2.909459911518981201e+00
-2.861727187364810021e+00
-2.818338736349931484e+00
-2.779944075673133952e+00
-2.747269715557580039e+00
-2.721136094944749839e+00
-2.702478734958869477e+00
-2.692371424569019567e+00
-2.692048837304815034e+00
-2.702922192230306386e+00
-2.726570542367678929e+00
-2.764664949608492073e+00
-2.818723591000274364e+00
-2.889443025615823668e+00
-2.974950448078068632e+00
-3.066227488307790239e+00
-3.134801121047487538e+00
-3.097739253572668883e+00
-2.701300034080260204e+00
-9.937518480542361088e-01
3.253415869985214481e+00
1.841019673292698666e+00
1.000131292471959643e+00
1.000000000000000000e+00
1.000000000000000000e+00
