1.000000000000000000e+00
1.000000081513226169e+00
1.000000389037783100e+00
1.000002245461312889e+00
1.000009646244127914e+00
1.000031366599204885e+00
1.000084576655970725e+00
1.000201127096217002e+00
1.000438314765276004e+00
1.000896596223417312e+00
1.001747371976628331e+00
1.003274408261348505e+00
1.005932302339803686e+00
1.010423949463160831e+00
1.017795224720236646e+00
1.029537781500993177e+00
1.047679121617745901e+00
1.074823378538018126e+00
1.114090352810099382e+00
1.168895205246283098e+00
1.242528022623040629e+00
1.337558269750137363e+00
1.455186702109760644e+00
1.594788304945237822e+00
1.753953509226131580e+00
1.929189859004794005e+00
2.117228387010675839e+00
2.316278059157482083e+00
2.526495988589857244e+00
2.749006338614691902e+00
2.983470458278844717e+00
3.225748981362837053e+00
3.466711657432746119e+00
3.693295223049259945e+00
3.890866739804152097e+00
4.045614161132296438e+00
4.146600034104042543e+00
4.186194032814071875e+00
4.160402524780378641e+00
4.068434982256543542e+00
3.912467350437361713e+00
3.697642740530777683e+00
3.431439840629914695e+00
3.123560470330041028e+00
2.785098993573601245e+00
2.428037193973697327e+00
2.064491168618015404e+00
1.705966019047375548e+00
1.362934139891720520e+00
1.044142926860942566e+00
7.564724607167994108e-01
5.047819017397299213e-01
2.920524990059975012e-01
1.196541049379930555e-01
-1.244612480742356836e-02
-1.053035404700283784e-01
-1.607838593959098616e-01
-1.812621706530785637e-01
-1.694108652299395334e-01
-1.280662369054648420e-01
-6.008795589382250057e-02
3.168567050581821282e-02
1.445246161252589923e-01
2.758281937701127506e-01
4.231446946283226596e-01
5.841849886536103487e-01
7.567854110992568994e-01
9.389127269937574960e-01
1.128645242958775663e+00
1.324170177246683622e+00
1.523773010559388075e+00
1.725797714342823364e+00
1.928632745563859219e+00
2.130689808765078741e+00
2.330393759361508277e+00
2.526170674722736820e+00
2.716434765004717811e+00
2.899588928700434831e+00
3.074020255382653666e+00
3.238118546831560085e+00
3.390300717759165749e+00
3.529031678532113414e+00
3.652855530248628302e+00
3.760423816065277869e+00
3.850528782546648543e+00
3.922135777697542736e+00
3.974418765146339183e+00
4.006791249709326763e+00
4.018918133729563635e+00
4.010725067275838995e+00
3.982400079390230996e+00
3.934386573155185474e+00
3.867369699562149599e+00
3.782249083968844072e+00
3.680113138806567985e+00
3.562208007995589565e+00
3.429895724374817600e+00
3.284616919612676433e+00
3.127855168960820720e+00
2.961103416643356301e+00
2.785835496115339094e+00
2.603482362186114951e+00
2.415415599391487422e+00
2.222933771506200085e+00
2.027250499809551965e+00
1.829488134200710103e+00
1.630674683444718998e+00
1.431743467292100558e+00
1.233535642579674851e+00
1.036805871950000846e+00
8.422266240293810879e-01
6.503905161877935326e-01
4.618184493215962694e-01
2.769686926378862601e-01
9.624237278554388653e-02
-8.000986509148860781e-02
-2.514817228487091216e-01
-4.179066842127200920e-01
-5.790525899697999135e-01
-7.347173305404697263e-01
-8.847252385236004102e-01
-1.028924211756882201e+00
-1.167184459304488886e+00
-1.299395930395204735e+00
-1.425466699836564599e+00
-1.545323666432849130e+00
-1.658912190650453367e+00
-1.766195252931592297e+00
-1.867152966800653902e+00
-1.961781858540061707e+00
-2.050094353111739043e+00
-2.132118403721256161e+00
-2.207896970484585442e+00
-2.277487735175651729e+00
-2.340962859523648465e+00
-2.398408661306877132e+00
-2.449925222520133339e+00
-2.495624446851628875e+00
-2.535628523973170179e+00
-2.570070035662278318e+00
-2.599090527732774270e+00
-2.622839373028662546e+00
-2.641474216811001696e+00
-2.655160533721201865e+00
-2.664070814303194812e+00
-2.668384212077135498e+00
-2.668285365719738067e+00
-2.663963303311992270e+00
-2.655611282187385402e+00
-2.643425867934674489e+00
-2.627606108651759254e+00
-2.608353533013632486e+00
-2.585871484195350511e+00
-2.560364473789673134e+00
-2.532038178758990288e+00
-2.501098998649992300e+00
-2.467753998533097182e+00
-2.432211505532523965e+00
-2.394681325424240725e+00
-2.355374298439313563e+00
-2.314502130450880824e+00
-2.272278041828658779e+00
-2.228916653662000869e+00
-2.184633722357699259e+00
-2.139646565827214353e+00
-2.094174109852806165e+00
-2.048437061560126171e+00
-2.002658696729420207e+00
-1.957065811169447223e+00
-1.911889396911133687e+00
-1.867365748674049142e+00
-1.823738431831419149e+00
-1.781260023805683268e+00
-1.740194116496118548e+00
-1.700818229868699571e+00
-1.663427350959333362e+00
-1.628337839723242642e+00
-1.595892269156912180e+00
-1.566465697818227865e+00
-1.540473008122427823e+00
-1.518377240021273833e+00
-1.500699608990164746e+00
-1.488031251309387848e+00
-1.481045001916934334e+00
-1.480504487976862515e+00
-1.487264321010783430e+00
-1.502246263373359314e+00
-1.526355925706873506e+00
-1.560256817550629949e+00
-1.603797072833227144e+00
-1.654562420390883304e+00
-1.704120130289459079e+00
-1.727727618800049436e+00
-1.653661857526795398e+00
-1.258229611119601854e+00
2.647320381999027084e-01
3.224486885277347170e+00
1.287731487787761475e+00
1.000009267510154176e+00
1.000000000000000000e+00
1.000000000000000000e+00
