1.000000000000000000e+00
1.000000200847634968e+00
1.000000947359652059e+00
1.000005439283661257e+00
1.000023343769119055e+00
1.000075859932405331e+00
1.000204369165243579e+00
1.000485381553239739e+00
1.001055913582298951e+00
1.002154717439939446e+00
1.004185764442391271e+00
1.007810374763998373e+00
1.014072206570153512e+00
1.024553187116864716e+00
1.041546222911915454e+00
1.068210423401527942e+00
1.108647751732842135e+00
1.167813186646690538e+00
1.251159019514909154e+00
1.363944915469369246e+00
1.510230871712160861e+00
1.691735581313898118e+00
1.906899919678295863e+00
2.150610653842238928e+00
2.414998779896681658e+00
2.691354332488760548e+00
2.972900656918490370e+00
3.257242673360403185e+00
3.547368471871783502e+00
3.850091903094638557e+00
4.171823658646182764e+00
4.514250540809173984e+00
4.871597411909117881e+00
5.231412053726519851e+00
5.577229420637029200e+00
5.891058814709439595e+00
6.155549835707819106e+00
6.353782816327254501e+00
6.469797170791174779e+00
6.488408789916150887e+00
6.396057646986596623e+00
6.182791114953992029e+00
5.843208043206260527e+00
5.379005636713451111e+00
4.799725542453194826e+00
4.123774628569837120e+00
3.377538718754212077e+00
2.592881195742473555e+00
1.804163078041713497e+00
1.043737940124795482e+00
3.391973131578844280e-01
-2.888053184843196730e-01
-8.270632307641884173e-01
-1.269265902459200568e+00
-1.615054539242860798e+00
-1.868198912675606227e+00
-2.035194746058847759e+00
-2.123769130993827581e+00
-2.141940068741698511e+00
-2.097568410744774514e+00
-1.998065677509947236e+00
-1.850437192837826927e+00
-1.661208344269493598e+00
-1.436479156280870306e+00
-1.181923420502360544e+00
-9.027508302022599906e-01
-6.037634220523026007e-01
-2.892917810634597076e-01
3.680646006594615743e-02
3.711735009322158496e-01
7.109411661632560886e-01
1.053634149448673840e+00
1.397120016604652459e+00
1.739529921089733699e+00
2.079195200220283812e+00
2.414572119199242639e+00
2.744157384751150897e+00
3.066429327462597332e+00
3.379772730856397622e+00
3.682452135999588538e+00
3.972597379859195588e+00
4.248182798705538943e+00
4.507035500861855226e+00
4.746846934712100285e+00
4.965210435021114144e+00
5.159675782216393003e+00
5.327833494440794126e+00
5.467413206218545874e+00
5.576361246273680017e+00
5.652932978962968313e+00
5.695782775095916683e+00
5.704042318502280828e+00
5.677383920294596820e+00
5.616043548553920850e+00
5.520833653723105527e+00
5.393124211019348913e+00
5.234776032585201300e+00
5.048064244401927247e+00
4.835587281857264053e+00
4.600166482490767095e+00
4.344748507018425521e+00
4.072314390928235106e+00
3.785805759259447179e+00
3.488060112085802356e+00
3.181754506054988774e+00
2.869368484958974008e+00
2.553160670389798437e+00
2.235157397288274339e+00
1.917153074166997317e+00
1.600722029106145028e+00
1.287229464177277016e+00
9.778393387731991737e-01
6.735379129104889229e-01
3.751599380536196349e-01
8.340575776854727841e-02
-2.011388975768417242e-01
-4.779849044915511214e-01
-7.467261311508784916e-01
-1.007024145067394461e+00
-1.258596190910819423e+00
-1.501205298506675723e+00
-1.734652554210525111e+00
-1.958773655064755870e+00
-2.173432384499922598e+00
-2.378516680461078892e+00
-2.573940541351115829e+00
-2.759643368147830067e+00
-2.935588222262766056e+00
-3.101761049001789949e+00
-3.258169403318319723e+00
-3.404841757582351303e+00
-3.541827218916053344e+00
-3.669194925811193109e+00
-3.787034068397699293e+00
-3.895454046300263595e+00
-3.994584452291046084e+00
-4.084574911835879618e+00
-4.165591152658256746e+00
-4.237812115864582729e+00
-4.301431084115797887e+00
-4.356653048974731490e+00
-4.403692798460805413e+00
-4.442776845912873362e+00
-4.474143159411333670e+00
-4.498039970400822263e+00
-4.514725682701142162e+00
-4.524466745780401311e+00
-4.527535709598586422e+00
-4.524211526513269632e+00
-4.514777965030091877e+00
-4.499522225646339635e+00
-4.478735522130638635e+00
-4.452712005566625386e+00
-4.421747699699997369e+00
-4.386140956037738015e+00
-4.346191793468968889e+00
-4.302202129397552532e+00
-4.254477545610231282e+00
-4.203328075176309575e+00
-4.149067328316530912e+00
-4.092012229131666068e+00
-4.032484670303906782e+00
-3.970811241347390386e+00
-3.907322510571492824e+00
-3.842353895632415028e+00
-3.776245509963994884e+00
-3.709342203447687059e+00
-3.641994960200401810e+00
-3.574562541226543377e+00
-3.507412282821058991e+00
-3.440921734237006646e+00
-3.375482143076018460e+00
-3.311501106102229475e+00
-3.249405518613724286e+00
-3.189646337117377328e+00
-3.132704390698704877e+00
-3.079096534910751970e+00
-3.029383442421364148e+00
-2.984180164543414726e+00
-2.944168540774349641e+00
-2.910111352820970332e+00
-2.882870188357581576e+00
-2.863427902039068496e+00
-2.852913383962865979e+00
-2.852626055237221347e+00
-2.864053704802286049e+00
-2.888865942037072365e+00
-2.928839500788047445e+00
-2.985610833644135820e+00
-3.059994263868080377e+00
-3.150193188355180141e+00
-3.247117143480533930e+00
-3.321849461899035294e+00
-3.290412111523065786e+00
-2.897757873232027492e+00
-1.182467285530862222e+00
3.190258163501168198e+00
1.934380413110983854e+00
1.000181140079988484e+00
1.000000000000000000e+00
1.000000000000000000e+00
