1.000000000000000000e+00
1.000000163044753698e+00
1.000000771399417232e+00
1.000004435083648113e+00
1.000019038888819489e+00
1.000061880390656910e+00
1.000166746043029908e+00
1.000396158008429515e+00
1.000862216884365496e+00
1.001760580049174010e+00
1.003423045347005882e+00
1.006394430630056291e+00
1.011538031666896709e+00
1.020169458900271664e+00
1.034209231629548364e+00
1.056328372911560676e+00
1.090038565444968688e+00
1.139653510968615668e+00
1.210032553738955130e+00
1.306034286933908994e+00
1.431671081570883741e+00
1.589094936349742859e+00
1.777696208637837838e+00
1.993728957449761419e+00
2.230874171704572806e+00
2.481835259773479851e+00
2.740756796392103567e+00
3.005396749953690438e+00
3.277999769950548981e+00
3.563866627398043718e+00
3.867552557401715330e+00
4.189013952021618081e+00
4.521229742270983287e+00
4.851021245902386703e+00
5.161636573796787530e+00
5.435270297806185980e+00
5.655314501879004752e+00
5.806470930881013182e+00
5.875381252388709896e+00
5.850523605818093387e+00
5.722894352714114063e+00
5.487529115229686560e+00
5.144030290902866120e+00
4.698242512335529142e+00
4.162274172547282269e+00
3.554656110123305623e+00
2.899081990496018335e+00
2.222182451288848171e+00
1.551296167928676528e+00
9.113136584342594881e-01
3.229537999928079328e-01
-1.985753492444770063e-01
-6.437286066246851179e-01
-1.008058602578563390e+00
-1.291464777798205121e+00
-1.496873944748676299e+00
-1.629300909266931940e+00
-1.694815870633324950e+00
-1.699875627256469235e+00
-1.650972022513685245e+00
-1.554357583569996759e+00
-1.416019140973539425e+00
-1.241562752804825420e+00
-1.036217837189559399e+00
-8.048177478928990602e-01
-5.517695086913203539e-01
-2.811122488105475825e-01
3.515169944650031221e-03
2.988558710937682106e-01
6.020408818898749237e-01
9.105698212271660097e-01
1.222225692464009805e+00
1.535031764838456159e+00
1.847187389819439085e+00
2.157018999003975868e+00
2.462922685055803029e+00
2.763300181766503272e+00
3.056517013983305109e+00
3.340848151204393268e+00
3.614465199327951073e+00
3.875435076819506719e+00
4.121714738292442171e+00
4.351171044666299004e+00
4.561603835387937345e+00
4.750790226187306509e+00
4.916541601520265203e+00
5.056782609475545698e+00
5.169637935207775925e+00
5.253497220800006140e+00
5.307086992225185540e+00
5.329535397729460833e+00
5.320422775802136961e+00
5.279816582182434104e+00
5.208271722665501535e+00
5.106822680610536125e+00
4.976951437676539136e+00
4.820519596767221415e+00
4.639696367101636021e+00
4.436878848136175613e+00
4.214608462024537872e+00
3.975492771562560534e+00
3.722134860943839385e+00
3.457077885482410462e+00
3.182757480419059704e+00
2.901460884815410424e+00
2.615301141607138558e+00
2.326201634644339489e+00
2.035889566455601596e+00
1.745898143106979106e+00
1.457577373148162048e+00
1.172103641315509259e+00
8.904864093077187182e-01
6.135873047001444425e-01
3.421412526904136775e-01
7.677023248140735223e-02
-1.820007887810204950e-01
-4.337293236119946771e-01
-6.780443410295936557e-01
-9.146338464921348610e-01
-1.143235063750992708e+00
-1.363626314959616614e+00
-1.575620631631258206e+00
-1.779062829090850784e+00
-1.973824090333516690e+00
-2.159798642089298504e+00
-2.336905172603794600e+00
-2.505086186760042466e+00
-2.664306485071874508e+00
-2.814552427446575411e+00
-2.955830793642735266e+00
-3.088168114486815163e+00
-3.211610335164602592e+00
-3.326222216635886575e+00
-3.432087241660885635e+00
-3.529307631810585377e+00
-3.618004221445889623e+00
-3.698316212998695729e+00
-3.770397863925292636e+00
-3.834416012029616017e+00
-3.890550867648320921e+00
-3.938993749397645239e+00
-3.979945403226442302e+00
-4.013617450236266038e+00
-4.040232050191126412e+00
-4.060020817651746050e+00
-4.073224636419054967e+00
-4.080091820207380593e+00
-4.080876422570709927e+00
-4.075838380166976194e+00
-4.065242123673117547e+00
-4.049355356680843343e+00
-4.028449440274839866e+00
-4.002798433928064448e+00
-3.972678150404548081e+00
-3.938366454454668819e+00
-3.900142659680836843e+00
-3.858287657995290054e+00
-3.813085307185760442e+00
-3.764823029580524061e+00
-3.713791066113399264e+00
-3.660282236795456168e+00
-3.604593274412732917e+00
-3.547024600946174999e+00
-3.487879753082212098e+00
-3.427466117027876180e+00
-3.366094846263978368e+00
-3.304080957104936545e+00
-3.241744553065234680e+00
-3.179412275724222692e+00
-3.117418099033345769e+00
-3.056104844102387474e+00
-2.995827243459858735e+00
-2.936954377288345963e+00
-2.879872414590943119e+00
-2.824988906015567736e+00
-2.772738019893371320e+00
-2.723586162937362776e+00
-2.678039059343664263e+00
-2.636651232948825196e+00
-2.600037158060533482e+00
-2.568884002007151501e+00
-2.543967541568093349e+00
-2.526171894817594410e+00
-2.516510981370228439e+00
-2.516149084977274075e+00
-2.526414131276915054e+00
-2.548786586137469889e+00
-2.584822306556046279e+00
-2.635910140858099382e+00
-2.702616876114674049e+00
-2.782982873731215889e+00
-2.868060525524082305e+00
-2.929856341448897172e+00
-2.886667415461846797e+00
-2.486884022255539506e+00
-7.921897952459293624e-01
3.306058094061608443e+00
1.744009146251680020e+00
1.000091612884280501e+00
1.000000000000000000e+00
1.000000000000000000e+00
