1.000000000000000000e+00
1.000000183284365241e+00
1.000000865697032726e+00
1.000004973469956093e+00
1.000021347069931066e+00
1.000069376294377532e+00
1.000186921239305748e+00
1.000444008805249529e+00
1.000966112681832110e+00
1.001972033397012130e+00
1.003832358024491445e+00
1.007154584593130453e+00
1.012899187715618599e+00
1.022525551635129260e+00
1.038155771441069186e+00
1.062726046174506944e+00
1.100070412102661654e+00
1.154855452082661715e+00
1.232270984565146277e+00
1.337405856722867492e+00
1.474313209554010129e+00
1.644923626092801294e+00
1.848120228935612452e+00
2.079414097973066866e+00
2.331635369365853805e+00
2.596706782112981671e+00
2.868262954732231584e+00
3.143979238345381066e+00
3.426517072987040002e+00
3.722021086888581021e+00
4.036077276239398159e+00
4.369596378897242950e+00
4.716231658544710825e+00
5.063174313704924323e+00
5.393779166342372200e+00
5.690068219280312256e+00
5.934941653657060279e+00
6.112122998119566830e+00
6.206744730780248354e+00
6.205213031462764484e+00
6.095993185400232939e+00
5.871396861090659058e+00
5.528350256074116231e+00
5.070550854842762689e+00
4.508874255101348538e+00
3.861970202500506932e+00
3.155161529912305696e+00
2.418031755714194375e+00
1.681774469609029987e+00
9.753185529615827631e-01
3.230666669282814540e-01
-2.568771535559922770e-01
-7.530372675620782275e-01
-1.159995364543966900e+00
-1.477525735828271403e+00
-1.709006351976384730e+00
-1.860239329648006423e+00
-1.938180706324376112e+00
-1.950131832195215908e+00
-1.903336855599188304e+00
-1.804696246253167269e+00
-1.660773452894382940e+00
-1.477697805113090679e+00
-1.261192325084304011e+00
-1.016562264598024790e+00
-7.486602114525859886e-01
-4.619439376889034055e-01
-1.604283599126208881e-01
1.523054504808727394e-01
4.731262154270469700e-01
7.993370969709142626e-01
1.128583676532994629e+00
1.458806724294080537e+00
1.788169634807582842e+00
2.115001487554461601e+00
2.437729863479794812e+00
2.754805632585169750e+00
3.064651765560819641e+00
3.365597556856438466e+00
3.655858130670249118e+00
3.933525882617198377e+00
4.196556775874764611e+00
4.442784032170491670e+00
4.669935247840176551e+00
4.875673493232960176e+00
5.057653629187569777e+00
5.213604957449300414e+00
5.341425151378086156e+00
5.439252921671175578e+00
5.505551783342800043e+00
5.539189034331820416e+00
5.539501631370094437e+00
5.506346444871166312e+00
5.440112538682522647e+00
5.341723888542257548e+00
5.212613617164380209e+00
5.054655918572178663e+00
4.870090774967262170e+00
4.661437413825388454e+00
4.431401081516130880e+00
4.182784005447216735e+00
3.918403589954276622e+00
3.641026993099100384e+00
3.353314325131724338e+00
3.057769544671098405e+00
2.756708717242337681e+00
2.452240419787167891e+00
2.146256758782834062e+00
1.840434707740793430e+00
1.536247583825756546e+00
1.234975465078900880e+00
9.377126146147086727e-01
6.453890267236791489e-01
3.587943293068279749e-01
7.859338757425840538e-02
-1.946556456806128321e-01
-4.604848932369630665e-01
-7.185043020856920482e-01
-9.683876505774747789e-01
-1.209861519049649115e+00
-1.442696194250320918e+00
-1.666698540149827990e+00
-1.881708774422538921e+00
-2.087594444358214396e+00
-2.284246765419029046e+00
-2.471582290531669557e+00
-2.649542251829737349e+00
-2.818090917078438284e+00
-2.977214829137964980e+00
-3.126921592894653656e+00
-3.267239193315226942e+00
-3.398215687704695842e+00
-3.519918605093215636e+00
-3.632434914190143083e+00
-3.735871116765842714e+00
-3.830353181421177311e+00
-3.916026345076029980e+00
-3.993051470679356285e+00
-4.061602351616628859e+00
-4.121866684210052867e+00
-4.174043606905841308e+00
-4.218341895763351168e+00
-4.254981669900701924e+00
-4.284194090519990006e+00
-4.306220219632962198e+00
-4.321310885115129174e+00
-4.329724687498650582e+00
-4.331726173140340919e+00
-4.327586062041510750e+00
-4.317579752861129272e+00
-4.301986014055772856e+00
-4.281087473184614467e+00
-4.255169594705401792e+00
-4.224519670268239047e+00
-4.189427200474515445e+00
-4.150183260468979896e+00
-4.107080683171948188e+00
-4.060415648723178172e+00
-4.010488383368898013e+00
-3.957602344455182219e+00
-3.902063967801656652e+00
-3.844184172952163081e+00
-3.784278113735447757e+00
-3.722664527050641770e+00
-3.659666540695853065e+00
-3.595611553630659873e+00
-3.530831303218399775e+00
-3.465663183956529725e+00
-3.400451803125148054e+00
-3.335549780123016728e+00
-3.271319330712117335e+00
-3.208135561436238348e+00
-3.146389026749550233e+00
-3.086488589237636582e+00
-3.028865973506310816e+00
-2.973981322187656762e+00
-2.922329117097617779e+00
-2.874445658090561295e+00
-2.830919146705601186e+00
-2.792401540616168631e+00
-2.759622089332522510e+00
-2.733404340408596589e+00
-2.714687391793299653e+00
-2.704549197357823509e+00
-2.704229326118137600e+00
-2.715144788440245094e+00
-2.738881489575605510e+00
-2.777118493598847770e+00
-2.831382948511012909e+00
-2.902380382486519750e+00
-2.988243899265568881e+00
-3.079949966538007899e+00
-3.148992216273619693e+00
-3.112356854446367116e+00
-2.716181649591522085e+00
-1.007912734216086070e+00
3.249123058671341546e+00
1.847940967299633641e+00
1.000134566917416645e+00
1.000000000000000000e+00
1.000000000000000000e+00
