1.000000000000000000e+00
1.000000217651911161e+00
1.000001025358390638e+00
1.000005883844467203e+00
1.000025249085168655e+00
1.000082046248438328e+00
1.000221014722297852e+00
1.000524843861912094e+00
1.001141543710127424e+00
1.002328849049873405e+00
1.004522448098600362e+00
1.008434693337736165e+00
1.015187900104413732e+00
1.026479441077605470e+00
1.044762326965989585e+00
1.073403146980491440e+00
1.116750781128803549e+00
1.180022045517691742e+00
1.268901428355051708e+00
1.388789948027204346e+00
1.543733258466862379e+00
1.735234200537518312e+00
1.961311853235391034e+00
2.216274549506537905e+00
2.491617151240697492e+00
2.778060298341974654e+00
3.068458355935224535e+00
3.360349568170794665e+00
3.657006793893514907e+00
3.965833999714527991e+00
4.293973965971916940e+00
4.643810225246831180e+00
5.010095374909352195e+00
5.380734076765574692e+00
5.739487039569164395e+00
6.068442032937855224e+00
6.350130684479537102e+00
6.567165386065786592e+00
6.702701009652073161e+00
6.740194398137367315e+00
6.664292773805309267e+00
6.462979356629431571e+00
6.128659589735109492e+00
5.661053753624898377e+00
5.068260651243104320e+00
4.368209010983054696e+00
3.588032632942816935e+00
2.761544785603148089e+00
1.925979602571108451e+00
1.116884580749496036e+00
3.648764754338369998e-01
-3.069395104299038057e-01
-8.836657751894860802e-01
-1.358101630911172419e+00
-1.729741263091134407e+00
-2.002729879569220994e+00
-2.184237188596531709e+00
-2.282733196005350518e+00
-2.306912431032507094e+00
-2.265200601550321213e+00
-2.165460205513498160e+00
-2.015074312835878789e+00
-1.820901191288368359e+00
-1.589359624683946537e+00
-1.326441546477979072e+00
-1.037672627898584610e+00
-7.281670166479082829e-01
-4.025469431962300226e-01
-6.492928358381125364e-02
2.811135305640589110e-01
6.325495784582356729e-01
9.867870775965813523e-01
1.341622361170164757e+00
1.695154585797335134e+00
2.045716468312915204e+00
2.391791616102249218e+00
2.731921511769385802e+00
3.064639780726540419e+00
3.388388471475333397e+00
3.701485851016456330e+00
4.002106678748112323e+00
4.288254923215849779e+00
4.557766973421002454e+00
4.808317797906840774e+00
5.037454695596255583e+00
5.242649463650792541e+00
5.421383235125418310e+00
5.571247843317690851e+00
5.690026703653326301e+00
5.775793947672685391e+00
5.827013663283866940e+00
5.842629171710318481e+00
5.822138351898722419e+00
5.765626957913663198e+00
5.673791570041654353e+00
5.547927992886357629e+00
5.389867004593714483e+00
5.201897877239090917e+00
4.986674309755646739e+00
4.747108205728214791e+00
4.486264750406864010e+00
4.207263291869239197e+00
3.913195908058753059e+00
3.607055285880732320e+00
3.291671519558125425e+00
2.969669863335836268e+00
2.643443526640122165e+00
2.315139847831279241e+00
1.986659526935111497e+00
1.659668641035450865e+00
1.335609941631306530e+00
1.015711024494986958e+00
7.010096589870432604e-01
3.923820604961062997e-01
9.056132482566538189e-02
-2.038411930506660030e-01
-4.903164469015167115e-01
-7.684430386408845903e-01
-1.037870740915435963e+00
-1.298307576298400656e+00
-1.549509206971550368e+00
-1.791270669339237509e+00
-2.023422746284659901e+00
-2.245824986967924541e+00
-2.458361534493751055e+00
-2.660943273195214509e+00
-2.853507180324469150e+00
-3.036014495098661836e+00
-3.208449930028222763e+00
-3.370820339180476743e+00
-3.523154015922164817e+00
-3.665500433102106381e+00
-3.797929635091596978e+00
-3.920532305914912197e+00
-4.033419986355523790e+00
-4.136725102777176311e+00
-4.230600840543763397e+00
-4.315216934851004105e+00
-4.390756594707977634e+00
-4.457417778783294260e+00
-4.515410396509127011e+00
-4.564954291090902672e+00
-4.606281381610059178e+00
-4.639635420688236422e+00
-4.665270754426092736e+00
-4.683452273095184637e+00
-4.694453156171418229e+00
-4.698552813793499539e+00
-4.696037259842372968e+00
-4.687197438508444947e+00
-4.672327768443717666e+00
-4.651726812733738115e+00
-4.625696152045370546e+00
-4.594539268049744329e+00
-4.558562069569646269e+00
-4.518072208101308718e+00
-4.473379355658510192e+00
-4.424797140440456467e+00
-4.372644018736782101e+00
-4.317242344751686112e+00
-4.258918097656604118e+00
-4.198002679824523575e+00
-4.134832623810889451e+00
-4.069748810156295526e+00
-4.003097397536928170e+00
-3.935229635844508689e+00
-3.866501879934835184e+00
-3.797277061017592104e+00
-3.727926409691480369e+00
-3.658830249487615038e+00
-3.590379680548060559e+00
-3.522980241289171310e+00
-3.457054640448180560e+00
-3.393045781100468172e+00
-3.331421709784644136e+00
-3.272681655443820059e+00
-3.217362384832355815e+00
-3.166046264915738373e+00
-3.119372248265086078e+00
-3.078048771537110539e+00
-3.042868447724832226e+00
-3.014726682969508076e+00
-2.994645208892778854e+00
-2.983798143720582274e+00
-2.983538016347650590e+00
-2.995415367059352185e+00
-3.021173933080422813e+00
-3.062676778843811398e+00
-3.121656596765431946e+00
-3.199022551473767351e+00
-3.293036605396225003e+00
-3.394541279011671797e+00
-3.474248143499651498e+00
-3.447370641975355365e+00
-3.058245820511150459e+00
-1.339462724370686697e+00
3.128455640357813650e+00
2.013885834536747410e+00
1.000234406036209167e+00
1.000000000000000000e+00
1.000000000000000000e+00
