1.000000000000000000e+00
1.000000023769752833e+00
1.000000114755210223e+00
1.000000665692088120e+00
1.000002862375178658e+00
1.000009312961334995e+00
1.000025132072089651e+00
1.000059836407977576e+00
1.000130616601692113e+00
1.000267780703271825e+00
1.000523428950502947e+00
1.000984681053312286e+00
1.001792954928225177e+00
1.003170729669372818e+00
1.005456643894369284e+00
1.009148268798684578e+00
1.014948983512509839e+00
1.023810684361341039e+00
1.036957767559058663e+00
1.055872011745003780e+00
1.082215559527360815e+00
1.117679789691589320e+00
1.163772267812116956e+00
1.221597039953127961e+00
1.291724890099915202e+00
1.374233078270764574e+00
1.468936603763245197e+00
1.575622838949305216e+00
1.694042464350622890e+00
1.823431537321176688e+00
1.961602177102506062e+00
2.104221182931853562e+00
2.244724136751938826e+00
2.375247587212578892e+00
2.488114669046328498e+00
2.577216182755150520e+00
2.638968486775934430e+00
2.672349625400802342e+00
2.678604629495930034e+00
2.660555599638697366e+00
2.621977280670082955e+00
2.567133176392641936e+00
2.500276469705896787e+00
2.425456011165023185e+00
2.346270943000450249e+00
2.265830193018028460e+00
2.186723966232805516e+00
2.111034750967825335e+00
2.040427946950597704e+00
1.976147403502323208e+00
1.919100527380886545e+00
1.869890150212261570e+00
1.828872646410008684e+00
1.796211290067862842e+00
1.771893135103999262e+00
1.755777189079978040e+00
1.747599710677696372e+00
1.747006063710325963e+00
1.753568384128570523e+00
1.766792122061950909e+00
1.786132623589111956e+00
1.810994151388920059e+00
1.840745702947287343e+00
1.874724218218922767e+00
1.912241069325243847e+00
1.952589763137472678e+00
1.995042290736064983e+00
2.038858711765377141e+00
2.083291857265221036e+00
2.127597810285009938e+00
2.171045082061286990e+00
2.212916355055935203e+00
2.252517499981832483e+00
2.289184348198439967e+00
2.322291843368928355e+00
2.351261452310406508e+00
2.375566581147568357e+00
2.394739588388557383e+00
2.408374857769677746e+00
2.416135326664337502e+00
2.417757519317392134e+00
2.413052573048143135e+00
2.401907232416566895e+00
2.384281619154274612e+00
2.360206504995729038e+00
2.329779191667523452e+00
2.293159816610871093e+00
2.250566805769863343e+00
2.202268411021091055e+00
2.148575342214778860e+00
2.089833547079681608e+00
2.026417139526762501e+00
1.958722057768148339e+00
1.887158491869938226e+00
1.812145743663386321e+00
1.734107335021035201e+00
1.653464507335735689e+00
1.570631612305416924e+00
1.486012215029975048e+00
1.399995654654982324e+00
1.312954557963991409e+00
1.225243009791926463e+00
1.137195928413017754e+00
1.049128469274654751e+00
9.613351688797678873e-01
8.740898726602012170e-01
7.876459282961415509e-01
7.022365952244724596e-01
6.180758076497253617e-01
5.353594552426507169e-01
4.542661033567880202e-01
3.749570518792103013e-01
2.975778018928028068e-01
2.222597463474901835e-01
1.491209303127690178e-01
7.826713756572005465e-02
9.792886473021386595e-03
-5.621793159814063995e-02
-1.196911311247507020e-01
-1.805615389710173990e-01
-2.387724241780454504e-01
-2.942750601342781214e-01
-3.470286603725079022e-01
-3.969999206211755616e-01
-4.441627624535262608e-01
-4.884986463922627031e-01
-5.299965717574486312e-01
-5.686529146486829500e-01
-6.044713269306966064e-01
-6.374625439696458562e-01
-6.676442197466830875e-01
-6.950407764028675439e-01
-7.196831927796982775e-01
-7.416088370016122866e-01
-7.608612950672289932e-01
-7.774901641814669917e-01
-7.915508167398250805e-01
-8.031037422561675410e-01
-8.122139874143253779e-01
-8.189510278105869290e-01
-8.233882289647078689e-01
-8.256023819573249378e-01
-8.256736612941539821e-01
-8.236853487207024260e-01
-8.197234607836256792e-01
-8.138765029524192007e-01
-8.062350085486423845e-01
-7.968911046061303294e-01
-7.859383341310737237e-01
-7.734712829312949678e-01
-7.595852396410379681e-01
-7.443760846996937408e-01
-7.279400115074001754e-01
-7.103732626011868279e-01
-6.917720481806455268e-01
-6.722323581951107352e-01
-6.518498889553315800e-01
-6.307201567707942935e-01
-6.089385228518361393e-01
-5.866000548058545316e-01
-5.637994757764827058e-01
-5.406313475333924812e-01
-5.171900660270130068e-01
-4.935698340039495480e-01
-4.698648381314875500e-01
-4.461693460955422630e-01
-4.225778617001290094e-01
-3.991854712990028919e-01
-3.760882648535362471e-01
-3.533837183644832902e-01
-3.311712315582272526e-01
-3.095529424178183331e-01
-2.886345344711404581e-01
-2.685261752851846317e-01
-2.493437689158256032e-01
-2.312104545550733581e-01
-2.142582893059453431e-01
-1.986302692777876799e-01
-1.844828136843468247e-01
-1.719885820396055698e-01
-1.613395271015003463e-01
-1.527501964695101577e-01
-1.464609388420147762e-01
-1.427398383380393820e-01
-1.418811794959685124e-01
-1.441957537900487030e-01
-1.499825983624881454e-01
-1.594588839468273345e-01
-1.725945384434239283e-01
-1.887228525855478567e-01
-2.055991827353814694e-01
-2.170129261821682476e-01
-2.062878679810667693e-01
-1.268118713313350632e-01
1.643208821729122415e-01
1.161366164318330618e+00
2.146604985896999551e+00
1.022685432715767950e+00
1.000000200631963487e+00
1.000000000000000000e+00
1.000000000000000000e+00
