1.000000000000000000e+00
1.000000056433884454e+00
1.000000270380693390e+00
1.000001563249233172e+00
1.000006717642501153e+00
1.000021848006351188e+00
1.000058927276475274e+00
1.000140188456619672e+00
1.000305683415073421e+00
1.000625767803487332e+00
1.001220792410740579e+00
1.002290692538757133e+00
1.004157229516179139e+00
1.007320904371361125e+00
1.012532335897586400e+00
1.020873226136071787e+00
1.033834097307209543e+00
1.053364616266671216e+00
1.081859392701579603e+00
1.122034545227784230e+00
1.176656061833021516e+00
1.248121406394808952e+00
1.337964273942358062e+00
1.446448652746944674e+00
1.572485259809606184e+00
1.714019857028837857e+00
1.868886778757369749e+00
2.035659854035342775e+00
2.213946407327069377e+00
2.403617406337189344e+00
2.602989435456383838e+00
2.807153386219557678e+00
3.007282917825873980e+00
3.191748669163026797e+00
3.348269046239814806e+00
3.466033583448113298e+00
3.537407946869070674e+00
3.558223168653791735e+00
3.527783728433679045e+00
3.448194790240096452e+00
3.323786122710075119e+00
3.160715637183589166e+00
2.966213649745123693e+00
2.748288803650147827e+00
2.515081692069748520e+00
2.274564716217101434e+00
2.034184963007098723e+00
1.800579908577556454e+00
1.579522704824082080e+00
1.375672289134468373e+00
1.192626862247446295e+00
1.032908606842016574e+00
8.980803553924716631e-01
7.888977719541369060e-01
7.053970459547207472e-01
6.470825787211816893e-01
6.130072692572915427e-01
6.019197937299990420e-01
6.123664498222179953e-01
6.427533193958684388e-01
6.914232698537802202e-01
7.566766852412849520e-01
8.368256330091675688e-01
9.302071117675555501e-01
1.035197423148011664e+00
1.150223740929168903e+00
1.273741950418981528e+00
1.404244119389550960e+00
1.540250517587003820e+00
1.680313910993387783e+00
1.823019283848351657e+00
1.966964301682475158e+00
2.110758563907797036e+00
2.253018648897448184e+00
2.392371612394398106e+00
2.527457587815685969e+00
2.656931652050246395e+00
2.779474828290077859e+00
2.893800645657897075e+00
2.998676278704182963e+00
3.092945614999195847e+00
3.175547206011833712e+00
3.245536355499963221e+00
3.302101944329420835e+00
3.344583608735860025e+00
3.372485513910427724e+00
3.385490048033811927e+00
3.383466866488567426e+00
3.366468257301670874e+00
3.334723211261261699e+00
3.288627435865089765e+00
3.228729365814822838e+00
3.155714013163537501e+00
3.070380061994984811e+00
2.973620576330331389e+00
2.866402314663508921e+00
2.749739553643544276e+00
2.624672382405959681e+00
2.492246956154116067e+00
2.353497525683760472e+00
2.209431887146858564e+00
2.061019678216489126e+00
1.909185055213136861e+00
1.754800629121187727e+00
1.598681858056332450e+00
1.441584543328513712e+00
1.284203913160416377e+00
1.127175018345026203e+00
9.710746479622954785e-01
8.164250523768058487e-01
6.636965049971437214e-01
5.133083654909769145e-01
3.656339861682498249e-01
2.210062415868642993e-01
7.972061653386838809e-02
-5.796088044940048145e-02
-1.918061103597933637e-01
-3.216102101330783336e-01
-4.471923503775247499e-01
-5.683931889338532661e-01
-6.850727415544658472e-01
-7.971086931939532771e-01
-9.043957681244031432e-01
-1.006844155226927162e+00
-1.104378541761455335e+00
-1.196938695073034298e+00
-1.284479290123144102e+00
-1.366969379325280842e+00
-1.444392078769112242e+00
-1.516744071010396766e+00
-1.584035227925345568e+00
-1.646288314085824656e+00
-1.703538570920881901e+00
-1.755833449139574176e+00
-1.803232359912140703e+00
-1.845806360120712419e+00
-1.883637783081189010e+00
-1.916818797535408070e+00
-1.945450238133761722e+00
-1.969641560217664455e+00
-1.989509739540537447e+00
-2.005178369703353169e+00
-2.016777847909615673e+00
-2.024444952659709696e+00
-2.028322168639244527e+00
-2.028557330903422606e+00
-2.025302705336948339e+00
-2.018714128723507084e+00
-2.008950796805633487e+00
-1.996174534386755406e+00
-1.980549136002833110e+00
-1.962240279326364023e+00
-1.941414988191711544e+00
-1.918241115700037192e+00
-1.892887276767004412e+00
-1.865522485512867368e+00
-1.836316065596258928e+00
-1.805438018597931737e+00
-1.773059139565403841e+00
-1.739350686568764015e+00
-1.704484248966702697e+00
-1.668632188657165560e+00
-1.631967567419199350e+00
-1.594663981545238363e+00
-1.556895885586366601e+00
-1.518838669131135966e+00
-1.480668837175254104e+00
-1.442564631366620276e+00
-1.404706785032120653e+00
-1.367279112527439500e+00
-1.330469422134085811e+00
-1.294471053889228784e+00
-1.259484298340485475e+00
-1.225718037816851513e+00
-1.193392064735613101e+00
-1.162739887615651169e+00
-1.134011854029077782e+00
-1.107478986819198541e+00
-1.083437877585931908e+00
-1.062216374960340159e+00
-1.044179985674330347e+00
-1.029739380958030637e+00
-1.019358858128137646e+00
-1.013564211668609216e+00
-1.012947354761947860e+00
-1.018161761929690989e+00
-1.029894811628712770e+00
-1.048784950241924419e+00
-1.075208957362040252e+00
-1.108756693268974525e+00
-1.146924782597698700e+00
-1.181748790335621191e+00
-1.190575653484855945e+00
-1.108418722232703990e+00
-7.333020957205269585e-01
6.525691933567067116e-01
2.951733665101209603e+00
1.151392480425750930e+00
1.000002880805146654e+00
1.000000000000000000e+00
1.000000000000000000e+00
