1.000000000000000000e+00
1.000000120190104314e+00
1.000000570979050041e+00
1.000003288811205149e+00
1.000014122976153441e+00
1.000045912502553813e+00
1.000123755913337131e+00
1.000294151724521408e+00
1.000640601938971752e+00
1.001309162675842801e+00
1.002548243012992168e+00
1.004767345401392342e+00
1.008618772045360323e+00
1.015103544197913044e+00
1.025696444700218368e+00
1.042473588316304989e+00
1.068208668774586201e+00
1.106383035384157942e+00
1.161037316210129289e+00
1.236395452374348780e+00
1.336229843710605270e+00
1.463039673212326530e+00
1.617245148780153130e+00
1.796737334689936461e+00
1.997161564333538308e+00
2.213077615161259004e+00
2.439861432192561796e+00
2.675461682508993633e+00
2.921087828161059274e+00
3.179977069538288514e+00
3.454214939826883324e+00
3.741568859670743485e+00
4.033648712387187807e+00
4.316827688768726468e+00
4.574739939931907529e+00
4.790800882994870058e+00
4.950464162969909765e+00
5.041608373986559144e+00
5.055139083339542871e+00
4.984825948624979297e+00
4.827608127658017168e+00
4.584384099410221403e+00
4.259913077107974289e+00
3.863437438327528284e+00
3.408034541158967201e+00
2.910157376082191494e+00
2.388415049788509492e+00
1.862021985856319617e+00
1.349550535468909240e+00
8.672034376577931747e-01
4.280715100770772219e-01
4.155126141622975805e-02
-2.865638727699474364e-01
-5.536343124840844565e-01
-7.597121343806818583e-01
-9.067597597310561586e-01
-9.981450630286254899e-01
-1.038036509095766613e+00
-1.030992059593041077e+00
-9.817167954868497581e-01
-8.948405549351158283e-01
-7.748589225799220603e-01
-6.260140754666235763e-01
-4.522734532444799282e-01
-2.573057321138156883e-01
-4.446121407560041372e-02
1.831751796185635828e-01
4.227941659898348803e-01
6.718358094299622385e-01
9.279843630806868804e-01
1.189148363669976893e+00
1.453395386481700413e+00
1.718921449434442250e+00
1.984007302116406857e+00
2.246988322724827736e+00
2.506219722616136014e+00
2.760038247120742749e+00
3.006742063875077697e+00
3.244562561361215458e+00
3.471669064293195550e+00
3.686183210608455774e+00
3.886190763372266765e+00
4.069772134790301088e+00
4.235033929622935567e+00
4.380154025047664490e+00
4.503432474961856613e+00
4.603354167094952487e+00
4.678651646918020823e+00
4.728345701810785506e+00
4.751785863025682843e+00
4.748681102934993348e+00
4.719117059130403469e+00
4.663560579420101604e+00
4.582839498748343843e+00
4.478118975703871740e+00
4.350863771254497081e+00
4.202778684380806595e+00
4.035750645702228745e+00
3.851789362408100992e+00
3.652968513764056624e+00
3.441373259806458140e+00
3.219054612235322299e+00
2.987995335192845214e+00
2.750081330174995564e+00
2.507077181221169848e+00
2.260611714643361303e+00
2.012170016436360953e+00
1.763090924464338460e+00
1.514569964279586234e+00
1.267667850025042231e+00
1.023317558067174060e+00
7.823289140799006836e-01
5.454020331429421109e-01
3.131422061902647824e-01
8.606939508015665208e-02
-1.353706240044160458e-01
-3.507960494722784373e-01
-5.598813258426447170e-01
-7.623482968236672264e-01
-9.579591760704139203e-01
-1.146510693137938519e+00
-1.327829448023228665e+00
-1.501769769673674482e+00
-1.668209709530120266e+00
-1.827048536929400280e+00
-1.978207711393980217e+00
-2.121630329064196907e+00
-2.257279908361497611e+00
-2.385139741018973414e+00
-2.505211934170442412e+00
-2.617516788674674189e+00
-2.722092414641631652e+00
-2.818994146350998875e+00
-2.908294323611595456e+00
-2.990082151136963962e+00
-3.064463448522294797e+00
-3.131560309493639060e+00
-3.191508487806395955e+00
-3.244455394680717308e+00
-3.290560513659225972e+00
-3.329993556713265690e+00
-3.362933050547832980e+00
-3.389567243921062012e+00
-3.410093700574832631e+00
-3.424718342279674754e+00
-3.433655161723483396e+00
-3.437124715441522316e+00
-3.435352730763968410e+00
-3.428570077236646974e+00
-3.417011609552449869e+00
-3.400915140586861174e+00
-3.380521612007342469e+00
-3.356074276971746873e+00
-3.327817900285020336e+00
-3.295998889010903987e+00
-3.260864763436409852e+00
-3.222664180008438795e+00
-3.181647897503689038e+00
-3.138069169066369124e+00
-3.092183147952403566e+00
-3.044246680059566224e+00
-2.994519276478797565e+00
-2.943262945732829206e+00
-2.890741781098274732e+00
-2.837222536940826600e+00
-2.782974619264989791e+00
-2.728270230885316838e+00
-2.673385380435988612e+00
-2.618601090099378137e+00
-2.564204151691571454e+00
-2.510488458411304968e+00
-2.457757535010838268e+00
-2.406326659623853725e+00
-2.356525279639486659e+00
-2.308700659515658948e+00
-2.263222324039696698e+00
-2.220486899372025924e+00
-2.180924166443270362e+00
-2.145005044805694538e+00
-2.113250972600750455e+00
-2.086244618394464734e+00
-2.064643050596440599e+00
-2.049193702324408672e+00
-2.040751252050364783e+00
-2.040292730435665725e+00
-2.048924491411224125e+00
-2.067864802445432471e+00
-2.098363175071139786e+00
-2.141464436500736923e+00
-2.197389441166634150e+00
-2.263945043024317094e+00
-2.332372447816930983e+00
-2.376024746747940508e+00
-2.317102615144546185e+00
-1.913508309663467744e+00
-2.767948678033304022e-01
3.355822369093134583e+00
1.509412035935766339e+00
1.000033248344040615e+00
1.000000000000000000e+00
1.000000000000000000e+00
