1.000000000000000000e+00
1.000000059537021757e+00
1.000000285096513286e+00
1.000001647944970484e+00
1.000007081294828071e+00
1.000023030100075649e+00
1.000062113169658984e+00
1.000147759505862544e+00
1.000322167362578396e+00
1.000659443410122584e+00
1.001286310436144023e+00
1.002413190680407018e+00
1.004378512181857364e+00
1.007708270938687312e+00
1.013190475490093556e+00
1.021959110907039614e+00
1.035573842258405985e+00
1.056069732938261341e+00
1.085937861381601977e+00
1.127990277367616478e+00
1.185069673293200676e+00
1.259607682798759454e+00
1.353108067913895818e+00
1.465731092959473125e+00
1.596222728939489466e+00
1.742341280566809036e+00
1.901769293624085755e+00
2.073017886451753444e+00
2.255744478012017495e+00
2.449954958247198888e+00
2.654104492234783841e+00
2.863338738290008401e+00
3.068739149150881751e+00
3.258435360957649962e+00
3.419792475361545403e+00
3.541579843642129521e+00
3.615731197457457302e+00
3.637658733630119823e+00
3.606303724116107556e+00
3.523489962772860640e+00
3.393381357633090012e+00
3.222121619507718471e+00
3.017078472503732733e+00
2.786556786601098068e+00
2.539118435722947265e+00
2.283251805756147057e+00
2.026968194615861307e+00
1.777468958951039957e+00
1.541056550866840125e+00
1.322841927046967347e+00
1.126782527860933580e+00
9.556553278819975850e-01
8.111781484091934447e-01
6.941745217081168873e-01
6.046734725814680855e-01
5.421173496896224409e-01
5.054553888447750332e-01
4.933075951279373705e-01
5.040788252828407590e-01
5.360291810674072677e-01
5.873587613336407331e-01
6.562315707648483931e-01
7.408339804353335500e-01
8.393891625997271788e-01
9.501722364918450126e-01
1.071522108198358580e+00
1.201817389080521936e+00
1.339483442491881338e+00
1.482982914752640546e+00
1.630819053260239349e+00
1.781534045187834980e+00
1.933686887696945522e+00
2.085850974440162542e+00
2.236607149329766564e+00
2.384545625089535381e+00
2.528266962040560006e+00
2.666382343021798107e+00
2.797523644987331970e+00
2.920349066340257593e+00
3.033564470178209405e+00
3.135947183861063081e+00
3.226364869937674573e+00
3.303799260409294281e+00
3.367364815711349380e+00
3.416328184828388626e+00
3.450124411165310434e+00
3.468373281813818654e+00
3.470890859318741306e+00
3.457686507192582415e+00
3.428958367858864875e+00
3.385084273417175105e+00
3.326608073987052272e+00
3.254223297208218568e+00
3.168749276374452695e+00
3.071110750376329523e+00
2.962315691176628629e+00
2.843427090695791470e+00
2.715539325917409208e+00
2.579756516249987808e+00
2.437172743196439839e+00
2.288855923902949563e+00
2.135834768153154872e+00
1.979090466487332556e+00
1.819549813607286071e+00
1.658078920292516578e+00
1.495480311125918060e+00
1.332491791623977351e+00
1.169786779733924087e+00
1.007976307309464303e+00
8.476129812196168123e-01
6.891937478606824374e-01
5.331610955549908049e-01
3.799083399774057512e-01
2.297855735497940088e-01
8.310303051296547006e-02
-5.986467717366018154e-02
-1.988746552727734540e-01
-3.337129023694030971e-01
-4.641908070422629540e-01
-5.901423906499698724e-01
-7.114220001378841474e-01
-8.279024755060975238e-01
-9.394744449149597942e-01
-1.046044627020643158e+00
-1.147534783955593607e+00
-1.243882317126118187e+00
-1.335040069880945035e+00
-1.420975756623462871e+00
-1.501671625131380194e+00
-1.577123928774497363e+00
-1.647342529255820365e+00
-1.712350587551676684e+00
-1.772184131489143777e+00
-1.826891782464134195e+00
-1.876534503961747591e+00
-1.921185282065298150e+00
-1.960928749742078203e+00
-1.995859679288203070e+00
-2.026081763145413106e+00
-2.051707584022205655e+00
-2.072857469931324470e+00
-2.089658558686578793e+00
-2.102245012878434682e+00
-2.110757591759008456e+00
-2.115342955659648805e+00
-2.116153307563306551e+00
-2.113345438279951694e+00
-2.107079834144052199e+00
-2.097520468961820317e+00
-2.084834047635996779e+00
-2.069189323576288153e+00
-2.050757020530784569e+00
-2.029709277331209538e+00
-2.006219112834417562e+00
-1.980460364778356297e+00
-1.952607315464622850e+00
-1.922834604701540329e+00
-1.891317625538736724e+00
-1.858232651361224397e+00
-1.823756490161702049e+00
-1.788066347324852368e+00
-1.751340292345380467e+00
-1.713757180586472639e+00
-1.675496475137960850e+00
-1.636738583488732246e+00
-1.597664930812837669e+00
-1.558458140112518819e+00
-1.519302675340434172e+00
-1.480385622525983269e+00
-1.441897291934062464e+00
-1.404032157738411835e+00
-1.366990453023732455e+00
-1.330979632968761539e+00
-1.296216066295954539e+00
-1.262927434282027805e+00
-1.231355636091801653e+00
-1.201760018879512115e+00
-1.174421350787735463e+00
-1.149646900546498651e+00
-1.127776348404409879e+00
-1.109188448052609965e+00
-1.094308869223183933e+00
-1.083619094224504309e+00
-1.077664801340679324e+00
-1.077061062286624571e+00
-1.082488373175671814e+00
-1.094665412488179390e+00
-1.114265946359439985e+00
-1.141703913978624918e+00
-1.176600847715569609e+00
-1.216458610082064906e+00
-1.253234075770367273e+00
-1.263952366091097623e+00
-1.182597300008561669e+00
-8.038517237244227065e-01
6.033205892233822754e-01
2.997397791488931595e+00
1.167304918305256622e+00
1.000003407104057995e+00
1.000000000000000000e+00
1.000000000000000000e+00
