1.000000000000000000e+00
1.000000216907286799e+00
1.000001021904830090e+00
1.000005864167649028e+00
1.000025164759146712e+00
1.000081772464378682e+00
1.000220278094974269e+00
1.000523097666149219e+00
1.001137755083938652e+00
1.002321146113037020e+00
1.004507558024440694e+00
1.008407091226533714e+00
1.015138594194751942e+00
1.026394359896848574e+00
1.044620370616899940e+00
1.073174136593961547e+00
1.116393782462546946e+00
1.179484797983242794e+00
1.268121749847127999e+00
1.387699815637875700e+00
1.542265675473731834e+00
1.733331964053719920e+00
1.958936392252992320e+00
2.213412525666458741e+00
2.488282754936707253e+00
2.774292242175611545e+00
3.064311225174621622e+00
3.355880889714924820e+00
3.652262015262900618e+00
3.960833397613436890e+00
4.288706501815223504e+00
4.638234922434409491e+00
5.004148327061781920e+00
5.374335380547211827e+00
5.732545906042901152e+00
6.060862611359533858e+00
6.341820162426252239e+00
6.558048978018302222e+00
6.692740102661666413e+00
6.729407478372487539e+00
6.652774874469895572e+00
6.450914774092325388e+00
6.116328798335739947e+00
5.648825581728636358e+00
5.056570630777335040e+00
4.357518308201536961e+00
3.578774382160305301e+00
2.754070286091426567e+00
1.920516074834999420e+00
1.113519536443756230e+00
3.635640935223840020e-01
-3.063537395256582530e-01
-8.814118366967695906e-01
-1.354449624364146176e+00
-1.724968187701207745e+00
-1.997096086567260675e+00
-2.177972943155589647e+00
-2.276035710211075536e+00
-2.299949078763608323e+00
-2.258114179136293309e+00
-2.158374233121315378e+00
-2.008096429126152938e+00
-1.814125177425348623e+00
-1.582865964881786214e+00
-1.320297320024119481e+00
-1.031931438879250429e+00
-7.228690015796520596e-01
-3.977195412809634845e-01
-6.058857139216086707e-02
2.849609296014992132e-01
6.359042804290728768e-01
9.896548672271282543e-01
1.344012198809570569e+00
1.697076872581217089e+00
2.047181564714390500e+00
2.392808683007577653e+00
2.732497722792111006e+00
3.064779833333319825e+00
3.388094468161670036e+00
3.700757415858585642e+00
4.000941298953009984e+00
4.286648571079323844e+00
4.555714948526249586e+00
4.805815808914539744e+00
5.034500115592526193e+00
5.239242702887051628e+00
5.417529107346391370e+00
5.566956822873768473e+00
5.685316062623949840e+00
5.770688619823485688e+00
5.821546723083850239e+00
5.836841847716124576e+00
5.816079520543970816e+00
5.759352184763214311e+00
5.667361696656832315e+00
5.541407383937569264e+00
5.383321667114192799e+00
5.195393554690443061e+00
4.980274688001957273e+00
4.740873355053839333e+00
4.480249875358636835e+00
4.201517830310045554e+00
3.907762960779943118e+00
3.601971369960311975e+00
3.286966625358634708e+00
2.965367741781015809e+00
2.639562147067141318e+00
2.311691968253534846e+00
1.983653317981793229e+00
1.657108306068740156e+00
1.333496325182172315e+00
1.014042211198299626e+00
6.997814960176541588e-01
3.915885900571848266e-01
9.019515963002058823e-02
-2.037885626907010028e-01
-4.898544075624851613e-01
-7.675816531692007949e-01
-1.036620599106533147e+00
-1.296679684331674798e+00
-1.547514907773427817e+00
-1.788921585976389173e+00
-2.020730732787684669e+00
-2.242802098898339480e+00
-2.455020009799837588e+00
-2.657295502075327498e+00
-2.849565674486675970e+00
-3.031791860854048171e+00
-3.203958841867426077e+00
-3.366073515887437306e+00
-3.518164197146744332e+00
-3.660280354954033033e+00
-3.792492005986650039e+00
-3.914889780354229298e+00
-4.027585136137818544e+00
-4.130710386269766943e+00
-4.224418570512018078e+00
-4.308879258710148541e+00
-4.384275483121112593e+00
-4.450805007747081099e+00
-4.508677536850474787e+00
-4.558112702628626778e+00
-4.599342197881830074e+00
-4.632609532447729883e+00
-4.658168795317407351e+00
-4.676284603491769332e+00
-4.687229852712348155e+00
-4.691283663952090954e+00
-4.688731753338016617e+00
-4.679864762582816695e+00
-4.664976806310237478e+00
-4.644366138085032958e+00
-4.618334025808255916e+00
-4.587183637430782390e+00
-4.551220563936394292e+00
-4.510752135918523642e+00
-4.466087699338144645e+00
-4.417540543647652029e+00
-4.365428769913736851e+00
-4.310074363115917961e+00
-4.251802919618588028e+00
-4.190945439033599840e+00
-4.127838032142396862e+00
-4.062821141546516301e+00
-3.996240469184188182e+00
-3.928446790906757524e+00
-3.859795971448523932e+00
-3.790650432592811203e+00
-3.721380872698453413e+00
-3.652367060533692644e+00
-3.583999517012273817e+00
-3.516683169166683331e+00
-3.450840078754409568e+00
-3.386912463169876375e+00
-3.325367636559970919e+00
-3.266704038999362236e+00
-3.211457583370577851e+00
-3.160209706228444659e+00
-3.113598335048576082e+00
-3.072330765846871259e+00
-3.037198332602442541e+00
-3.009094991993471968e+00
-2.989040809892329786e+00
-2.978207967273468704e+00
-2.977946719121943531e+00
-2.989804920117559828e+00
-3.015523136963035089e+00
-3.056960745533438217e+00
-3.115846335030910907e+00
-3.193085048474202825e+00
-3.286936428267613675e+00
-3.388246042173481243e+00
-3.467741591253830524e+00
-3.440670344357938948e+00
-3.051387455560411688e+00
-1.332701636557809266e+00
3.131281169303670175e+00
2.010427719947309733e+00
1.000231858682043340e+00
1.000000000000000000e+00
1.000000000000000000e+00
