1.000000000000000000e+00
1.000000043481249934e+00
1.000000208838791815e+00
1.000001208746886583e+00
1.000005195298360849e+00
1.000016898955283340e+00
1.000045587060427010e+00
1.000108479866778977e+00
1.000236626674488871e+00
1.000484634835891340e+00
1.000946067323531974e+00
1.001776693444788258e+00
1.003227913758642176e+00
1.005692254042985567e+00
1.009761304945347771e+00
1.016293122822577333e+00
1.026480173387777972e+00
1.041900053967180773e+00
1.064520536333433798e+00
1.096622801899212574e+00
1.140608135073339025e+00
1.198681093326188885e+00
1.272453619428258076e+00
1.362592660007298395e+00
1.468695669384545210e+00
1.589524765158198072e+00
1.723612091722691142e+00
1.869877312318440010e+00
2.027814639528701779e+00
2.196842395338209020e+00
2.374837148326916392e+00
2.556837328442484569e+00
2.734610961039853905e+00
2.897749197567481616e+00
3.035620992003241980e+00
3.139261369392475576e+00
3.202811243693056031e+00
3.223693022881046755e+00
3.202452758008521361e+00
3.142011408452733079e+00
3.046994858296650399e+00
2.923240838369481231e+00
2.777094011195122558e+00
2.615122027374274793e+00
2.443628528015501900e+00
2.268477561894499672e+00
2.094907138273463865e+00
1.927410932958955714e+00
1.769787273422589235e+00
1.625029110805835009e+00
1.495416651279627196e+00
1.382535945005379130e+00
1.287373919564112068e+00
1.210423860274375985e+00
1.151732993075432976e+00
1.111019070116111784e+00
1.087706488808467764e+00
1.081014065727867068e+00
1.090012641843561170e+00
1.113657143015867046e+00
1.150833710386277353e+00
1.200368144361588341e+00
1.261062461126805312e+00
1.331703013055572482e+00
1.411071333934308392e+00
1.497954297245778887e+00
1.591129799301832071e+00
1.689375864976822905e+00
1.791468787696318010e+00
1.896191323625235237e+00
2.002337938053590616e+00
2.108705780564865240e+00
2.214100315343626058e+00
2.317337872397029930e+00
2.417254601437465400e+00
2.512714405418563057e+00
2.602615721521193137e+00
2.685904391825927107e+00
2.761581964422775926e+00
2.828723715333340660e+00
2.886496516751025698e+00
2.934171127862107653e+00
2.971136021910139480e+00
2.996905766805042504e+00
3.011128534019330782e+00
3.013590251699070244e+00
3.004218354587513851e+00
2.983082101262065855e+00
2.950383049757096199e+00
2.906445427558352002e+00
2.851704542079855464e+00
2.786693401588007823e+00
2.712028963364577550e+00
2.628394465099169519e+00
2.536525505856326745e+00
2.437195898398521354e+00
2.331199971574689389e+00
2.219338597434580507e+00
2.102406839461700372e+00
1.981182903899073589e+00
1.856419497038038546e+00
1.728837062429127380e+00
1.599120000739967518e+00
1.467913505371080785e+00
1.335820409821933286e+00
1.203400063142056720e+00
1.071168130316483280e+00
9.395971513816444576e-01
8.091180612923771776e-01
6.801229306109922712e-01
5.529667307029884071e-01
4.279678936185023486e-01
3.054117223411292881e-01
1.855542563698263092e-01
6.862429360153138314e-02
-4.517395780453022092e-02
-1.556584401997580247e-01
-2.626675500801361474e-01
-3.660579264321332515e-01
-4.657027361398503040e-01
-5.614902476768859341e-01
-6.533227111174151336e-01
-7.411160148417995641e-01
-8.247986059204032161e-01
-9.043108478956304319e-01
-9.796055314779188450e-01
-1.050647798949498890e+00
-1.117414781537331425e+00
-1.179895385573798361e+00
-1.238089926157500242e+00
-1.292009839237193924e+00
-1.341677443807347103e+00
-1.387125604069802121e+00
-1.428397495345531176e+00
-1.465546376959065089e+00
-1.498635308850734482e+00
-1.527736821503550724e+00
-1.552931768582802130e+00
-1.574308380604300117e+00
-1.591962168572355507e+00
-1.605995026019125804e+00
-1.616514479331444321e+00
-1.623633763549972464e+00
-1.627471437683293942e+00
-1.628150808910129532e+00
-1.625799600277315404e+00
-1.620549192355739576e+00
-1.612533911897679806e+00
-1.601890814754677983e+00
-1.588759078640735734e+00
-1.573279452411733281e+00
-1.555594143536580765e+00
-1.535846367478963970e+00
-1.514179916113191915e+00
-1.490739071483536460e+00
-1.465668299913862604e+00
-1.439112157876038189e+00
-1.411215550546319308e+00
-1.382123803577564258e+00
-1.351982401607283002e+00
-1.320936883265441342e+00
-1.289133177405590747e+00
-1.256717555799100605e+00
-1.223836522562200102e+00
-1.190637082886522924e+00
-1.157266833015407448e+00
-1.123874138634993303e+00
-1.090608659080808174e+00
-1.057621985670990306e+00
-1.025068168530815838e+00
-9.931045055233929109e-01
-9.618928247486291383e-01
-9.316006986037107529e-01
-9.024028521926064084e-01
-8.744831150696681377e-01
-8.480367764962809529e-01
-8.232732180841194625e-01
-8.004191268167276663e-01
-7.797225479506909585e-01
-7.614575684871536243e-01
-7.459295420037245217e-01
-7.334810918183869433e-01
-7.244986490854712358e-01
-7.194180853691207744e-01
-7.187268733653467967e-01
-7.229571402826513449e-01
-7.326566490600260328e-01
-7.483081383138261433e-01
-7.701284853211670667e-01
-7.975809420694423002e-01
-8.281735283459807917e-01
-8.543766064155483564e-01
-8.551893916964851128e-01
-7.708464221413576789e-01
-4.163082126421549511e-01
8.604177519275952868e-01
2.713045907953858027e+00
1.090068944952901742e+00
1.000001280206663123e+00
1.000000000000000000e+00
1.000000000000000000e+00
