1.000000000000000000e+00
1.000000222901728852e+00
1.000001049700093070e+00
1.000006022514265736e+00
1.000025843347211563e+00
1.000083975628454525e+00
1.000226205682985592e+00
1.000537148775878515e+00
1.001168239772596058e+00
1.002383123301836543e+00
1.004627353145508994e+00
1.008629135781762942e+00
1.015535181240909690e+00
1.027078583589182470e+00
1.045761736642472517e+00
1.075014945293623070e+00
1.119262443719712508e+00
1.183800200461301744e+00
1.274381724782027714e+00
1.396448155536617719e+00
1.554036948731834622e+00
1.748581356957661370e+00
1.977969297141048965e+00
2.236332259805836831e+00
2.514972720081996460e+00
2.804440233449859488e+00
3.097478466011655218e+00
3.391604955496506868e+00
3.690176365838020001e+00
4.000771654905770802e+00
4.330751523502503808e+00
4.682708152778701560e+00
5.051554535994464246e+00
5.425308404443364374e+00
5.787809213831039301e+00
6.121184162924428129e+00
6.407948720707408619e+00
6.630594780807621547e+00
6.772029638633154214e+00
6.815315375507529971e+00
6.744566911548149690e+00
6.547143975575335340e+00
6.214777006818118288e+00
5.746562163089851794e+00
5.150121706617625250e+00
4.443192954210941181e+00
3.653094661766724371e+00
2.814205459369003570e+00
1.964625866048631320e+00
1.140883466011472835e+00
3.745328989837948264e-01
-3.105545339131360327e-01
-8.989479281263538235e-01
-1.383162166089851874e+00
-1.762641818619820500e+00
-2.041649496052640789e+00
-2.227567604292670644e+00
-2.329099563981339216e+00
-2.355149973780865658e+00
-2.314316736948575759e+00
-2.214596520807639468e+00
-2.063482236947696613e+00
-1.867927610073081501e+00
-1.634443068956766609e+00
-1.369113276778405774e+00
-1.077557540043577289e+00
-7.649839994672017474e-01
-4.361037956394396842e-01
-9.511356489767412714e-02
2.543477877402592902e-01
6.091973647917158230e-01
9.668069410380868423e-01
1.324950421622326902e+00
1.681716749518988863e+00
2.035438871537226024e+00
2.384608809846362032e+00
2.727782046230589508e+00
3.063509702307458227e+00
3.390252233264820170e+00
3.706345586550005233e+00
4.009979911477119963e+00
4.299170318419882619e+00
4.571758549916407510e+00
4.825417453765580511e+00
5.057683500150790934e+00
5.266008096696158880e+00
5.447842429962873823e+00
5.600739544287180571e+00
5.722436004431347811e+00
5.810952885093772835e+00
5.864697657995008306e+00
5.882556696358649972e+00
5.863974226079159635e+00
5.808988819980823060e+00
5.718259561840950411e+00
5.593056870416430293e+00
5.435199197239647617e+00
5.246976781903677001e+00
5.031056856319398918e+00
4.790375814461288684e+00
4.528032165852848401e+00
4.247184989595242044e+00
3.950970194255981394e+00
3.642426127721950735e+00
3.324428239895999670e+00
2.999645210980778298e+00
2.670510538807189249e+00
2.339207912089776631e+00
2.007670055440309742e+00
1.677590762278606817e+00
1.350436265394110658e+00
1.027453465366441554e+00
7.096957922104858429e-01
3.980521058750418062e-01
9.326552697532564107e-02
-2.040447070587400880e-01
-4.933633799912314766e-01
-7.742643234597775814e-01
-1.046393581098991277e+00
-1.309456217291662394e+00
-1.563205491162916294e+00
-1.807434430798122271e+00
-2.041972154756241942e+00
-2.266676753861358140e+00
-2.481431047276971391e+00
-2.686144808060701994e+00
-2.880754119567768168e+00
-3.065219517720029430e+00
-3.239525199055025784e+00
-3.403677671113164216e+00
-3.557705046892293499e+00
-3.701656791828340509e+00
-3.835603113914604734e+00
-3.959635046250914225e+00
-4.073864682084744615e+00
-4.178425217149823290e+00
-4.273470833084389575e+00
-4.359172400482533405e+00
-4.435714343881115518e+00
-4.503295963430658411e+00
-4.562128583623519695e+00
-4.612433503320668926e+00
-4.654444204329996282e+00
-4.688406117678074914e+00
-4.714575368140107692e+00
-4.733218737837101564e+00
-4.744611371056165261e+00
-4.749034680201903669e+00
-4.746776741135708910e+00
-4.738130592489550708e+00
-4.723392757449840218e+00
-4.702863941549203730e+00
-4.676847889984681039e+00
-4.645650254913778809e+00
-4.609579143950409907e+00
-4.568944428279251291e+00
-4.524058035248271104e+00
-4.475235937275563458e+00
-4.422799050458256609e+00
-4.367072286972568662e+00
-4.308384279192721600e+00
-4.247069222878915085e+00
-4.183466577525111418e+00
-4.117920264071228686e+00
-4.050779613606833252e+00
-3.982399169853741316e+00
-3.913138694233667003e+00
-3.843364659894085822e+00
-3.773451999349335395e+00
-3.703784895788888587e+00
-3.634758480211449871e+00
-3.566782547007172344e+00
-3.500284309863466614e+00
-3.435711447171578392e+00
-3.373537106993393930e+00
-3.314266014063212751e+00
-3.258440884304430796e+00
-3.206650567293206855e+00
-3.159541157999353977e+00
-3.117829040325454049e+00
-3.082315737741976758e+00
-3.053906753005334540e+00
-3.033635419554302715e+00
-3.022689346735948579e+00
-3.022436896750351210e+00
-3.034447306501149022e+00
-3.060486380258009564e+00
-3.102442844323783255e+00
-3.162077913824472564e+00
-3.240328648585172999e+00
-3.335473622507997504e+00
-3.438333648943622034e+00
-3.519507362808266482e+00
-3.493974476142044594e+00
-3.105966224151598620e+00
-1.386634809981836858e+00
3.108343584769482248e+00
2.038098482510873222e+00
1.000252868275661955e+00
1.000000000000000888e+00
1.000000000000000000e+00
