1.000000000000000000e+00
1.000000218397860019e+00
1.000001028817849358e+00
1.000005903554247455e+00
1.000025333551932905e+00
1.000082320488384413e+00
1.000221752572086009e+00
1.000526592941214377e+00
1.001145338548502961e+00
1.002336564493211846e+00
1.004537362022590141e+00
1.008462338853359341e+00
1.015237281658414537e+00
1.026564648595564400e+00
1.044904485286816120e+00
1.073632465629748900e+00
1.117108227274762555e+00
1.180559907860742719e+00
1.269681901687617076e+00
1.389881040550851488e+00
1.545201915901081469e+00
1.737137537869714921e+00
1.963688327138534806e+00
2.219137376372947834e+00
2.494952030033616541e+00
2.781828426372563445e+00
3.072605072629013723e+00
3.364817267255509670e+00
3.661749921546990638e+00
3.970832129685376799e+00
4.299237941189661960e+00
4.649380793986818361e+00
5.016036211704046011e+00
5.387124892949987753e+00
5.746418524253792626e+00
6.076010081136813845e+00
6.358428336795223679e+00
6.576267860836097157e+00
6.712647555044852332e+00
6.750967340295165542e+00
6.675798018095451702e+00
6.475033592757759138e+00
6.140983264609221948e+00
5.673278755373645232e+00
5.079951817599804187e+00
4.378905115243695967e+00
3.597300076770518107e+00
2.769031538348552424e+00
1.931457635174663956e+00
1.120265649011142006e+00
3.662058307305249838e-01
-3.075077393139326598e-01
-8.859018060572675379e-01
-1.361735437858243802e+00
-1.734495873665919508e+00
-2.008344999967014211e+00
-2.190482685175010324e+00
-2.289412060293245510e+00
-2.313857534843031694e+00
-2.272269398961713094e+00
-2.172529398924104349e+00
-2.022036438321415552e+00
-1.827662587063499267e+00
-1.595839874723547158e+00
-1.332573600346781850e+00
-1.043402885836086424e+00
-7.334553366052453116e-01
-4.073658815822120971e-01
-6.926276744323466017e-02
2.772721102200328969e-01
6.291995803336316584e-01
9.839226823558195889e-01
1.339234566740718613e+00
1.693232944747744773e+00
2.044250571951791162e+00
2.390772256016540975e+00
2.731341470066569688e+00
3.064494321621377360e+00
3.388675462965139662e+00
3.702205651567672007e+00
4.003261799361444773e+00
4.289849409264770763e+00
4.559805566289536038e+00
4.810804856703389198e+00
5.040392944617700266e+00
5.246038621323906526e+00
5.425218647873078837e+00
5.575519226836953557e+00
5.694717002061454814e+00
5.780878463797283651e+00
5.832459572199089948e+00
5.848395498787509084e+00
5.828176470106988916e+00
5.771881538010984691e+00
5.680201986331960384e+00
5.554430070453854285e+00
5.396394896325106494e+00
5.208385968132085431e+00
4.993059011268438319e+00
4.753329515655233095e+00
4.492267506031535795e+00
4.212998074510332813e+00
3.918619617286319023e+00
3.612131389868167286e+00
3.296370001423911233e+00
2.973966936756265333e+00
2.647321180390894035e+00
2.318585277431363334e+00
1.989664512186757550e+00
1.662228927058156724e+00
1.337724631273734532e+00
1.017381979966912375e+00
7.022409798790328894e-01
3.931796516918467099e-01
9.093252132628450168e-02
-2.038879329580172428e-01
-4.907717869369242480e-01
-7.692969649860188497e-01
-1.039112711391646293e+00
-1.299926630818922124e+00
-1.551494047094183149e+00
-1.793609714817715473e+00
-2.026104184234517547e+00
-2.248836801296073329e+00
-2.461691525054452878e+00
-2.664579085985449680e+00
-2.857436338300292089e+00
-3.040224425160066968e+00
-3.212927989524526406e+00
-3.375553839874485540e+00
-3.528130247492879956e+00
-3.670706687624331277e+00
-3.803353231257891931e+00
-3.926160615322754843e+00
-4.039240462360406347e+00
-4.142725311284446654e+00
-4.236768492238848438e+00
-4.321539904978199509e+00
-4.397222934482905465e+00
-4.464015733326172075e+00
-4.522128415349449426e+00
-4.571781033995601540e+00
-4.613205733861711622e+00
-4.646646509593063357e+00
-4.672357963638803291e+00
-4.690605258781337383e+00
-4.701661857460765148e+00
-4.705807458191093140e+00
-4.703328371802216523e+00
-4.694515844135644933e+00
-4.679664597017925587e+00
-4.659073502182567772e+00
-4.633044452166934057e+00
-4.601881241441335035e+00
-4.565890095727767495e+00
-4.525378986465979025e+00
-4.480657910748902850e+00
-4.432040834549811237e+00
-4.379846568417532282e+00
-4.324397834822570452e+00
-4.266020994790464371e+00
-4.205047852520276130e+00
-4.141815361422691133e+00
-4.076664839069382928e+00
-4.009942899981412623e+00
-3.942001267208349091e+00
-3.873196784850836405e+00
-3.803892892676563608e+00
-3.734461352665590539e+00
-3.665283042256044954e+00
-3.596749639960008071e+00
-3.529267294719955039e+00
-3.463259361387624580e+00
-3.399169427834159318e+00
-3.337466272076537344e+00
-3.278649910973876924e+00
-3.223257964140109344e+00
-3.171873727854677139e+00
-3.125137178578619945e+00
-3.083757892260246880e+00
-3.048529759362962555e+00
-3.020349633694727753e+00
-3.000240910512507408e+00
-2.989379642775459534e+00
-2.989120630250056365e+00
-3.001017095121463640e+00
-3.026815940569083541e+00
-3.068383913891250536e+00
-3.127457803538114423e+00
-3.204950786581057365e+00
-3.299127233782140678e+00
-3.400826605149187998e+00
-3.480744341770218409e+00
-3.454060172124967298e+00
-3.065093789743338348e+00
-1.346218194860059558e+00
3.125618078975082259e+00
2.017344142019029896e+00
1.000236975610719448e+00
1.000000000000000000e+00
1.000000000000000000e+00
