1.000000000000000000e+00
1.000000118377235125e+00
1.000000562475501509e+00
1.000003240110686420e+00
1.000013914066091969e+00
1.000045233811452494e+00
1.000121928265270688e+00
1.000289813663237881e+00
1.000631172807617819e+00
1.001289943665321758e+00
1.002510966001400883e+00
1.004697931829503066e+00
1.008494044033890535e+00
1.014886677413514349e+00
1.025331126238300916e+00
1.041877214004636398e+00
1.067265531538027279e+00
1.104939283239334769e+00
1.158900283662369635e+00
1.233340309609731733e+00
1.332015801953663869e+00
1.457435607585440662e+00
1.610060894353820826e+00
1.787853054363550243e+00
1.986545259704783017e+00
2.200782436001037290e+00
2.425997971954950039e+00
2.660149708318442219e+00
2.904399003085648356e+00
3.161887686985984214e+00
3.434589214309093919e+00
3.720176042964593144e+00
4.010206897860920883e+00
4.291053384535536530e+00
4.546393421111921462e+00
4.759729521267855645e+00
4.916642174732745119e+00
5.005184331222075400e+00
5.016476949406176722e+00
4.944538465319482157e+00
4.786568696062873052e+00
4.543702874708760220e+00
4.220884823456072965e+00
3.827447232501877572e+00
3.376443525859578632e+00
2.884174578298565716e+00
2.368982804715665136e+00
1.849736871453436127e+00
1.344626259009867209e+00
8.694892593572801642e-01
4.371058527867844323e-01
5.664130268346354025e-02
-2.662567669469079190e-01
-5.290166679197196853e-01
-7.316931444195177159e-01
-8.762070706778246620e-01
-9.658564662082075314e-01
-1.004727540890132609e+00
-9.972935438614444204e-01
-9.481772252928295508e-01
-8.619315865047773029e-01
-7.429806653318905552e-01
-5.955012071392300488e-01
-4.234009258764997452e-01
-2.302945572320598822e-01
-1.948463872737233107e-02
2.059859924617991056e-01
4.433438948422695480e-01
6.900587685830529283e-01
9.438381506834754298e-01
1.202607733391865663e+00
1.464447146661774113e+00
1.727560020273305463e+00
1.990231234109249847e+00
2.250797687393525148e+00
2.507614525817837947e+00
2.759017992890148818e+00
3.003306288647052291e+00
3.238712513249542901e+00
3.463410124320036143e+00
3.675527935991110606e+00
3.873162562254063523e+00
4.054409236462782395e+00
4.217393500720747923e+00
4.360316052553184107e+00
4.481503091737772060e+00
4.579467975895849641e+00
4.652972746050608954e+00
4.701067458475044702e+00
4.723129216010214293e+00
4.718891386350565931e+00
4.688459483183351040e+00
4.632314588666486266e+00
4.551292496660144238e+00
4.446559656230592239e+00
4.319575495639073281e+00
4.172033472554406153e+00
4.005803982085142323e+00
3.822876023836349280e+00
3.625299546792859040e+00
3.415134093721591046e+00
3.194404236340472991e+00
2.965066357328866253e+00
2.728980798144616582e+00
2.487888050678500385e+00
2.243394748564980556e+00
1.996965956020691824e+00
1.749922791590532212e+00
1.503445365212545459e+00
1.258581158790286203e+00
1.016251976552476677e+00
7.772584296369487999e-01
5.422931279124986181e-01
3.119552944555133989e-01
8.676007302904167884e-02
-1.328505379008259046e-01
-3.464976635643824965e-01
-5.538579703806044696e-01
-7.546549764752297218e-01
-9.486521465257400365e-01
-1.135647139267358607e+00
-1.315467241050284786e+00
-1.487967262224058729e+00
-1.653025594329758707e+00
-1.810541743741529208e+00
-1.960437288129945888e+00
-2.102655329149088370e+00
-2.237159293047712438e+00
-2.363932287025129142e+00
-2.482976150354890166e+00
-2.594310835833967932e+00
-2.697974024226276857e+00
-2.794020540546366060e+00
-2.882522130820195372e+00
-2.963567315366755661e+00
-3.037261134037352761e+00
-3.103724801864397254e+00
-3.163093125050490340e+00
-3.215512518936997299e+00
-3.261141407350818255e+00
-3.300148396995184363e+00
-3.332710875572786335e+00
-3.359015896624036657e+00
-3.379259769872253738e+00
-3.393647110064172523e+00
-3.402390545955615409e+00
-3.405709227747253820e+00
-3.403827447062313549e+00
-3.396974601489271883e+00
-3.385384047768725591e+00
-3.369292083483376832e+00
-3.348938108982784545e+00
-3.324563816487967394e+00
-3.296412396797985256e+00
-3.264728663129771835e+00
-3.229758525574387917e+00
-3.191749009836870155e+00
-3.150949205802106690e+00
-3.107610651051306849e+00
-3.061986743266458255e+00
-3.014332534300567357e+00
-2.964905687507727539e+00
-2.913966312399540737e+00
-2.861776558811929938e+00
-2.808601186380573100e+00
-2.754707557936431517e+00
-2.700365786399446577e+00
-2.645849734083175253e+00
-2.591438209331833775e+00
-2.537415719975046891e+00
-2.484073796001572632e+00
-2.431713495380503520e+00
-2.380647510437905012e+00
-2.331202567290896255e+00
-2.283723042986902652e+00
-2.238575371008945769e+00
-2.196152844128571591e+00
-2.156881617924252925e+00
-2.121228623132008995e+00
-2.089710860613573029e+00
-2.062906014781134445e+00
-2.041465491277998368e+00
-2.026130203338730063e+00
-2.017747235606297096e+00
-2.017284693331792944e+00
-2.025838377927337675e+00
-2.044614085883152299e+00
-2.074846786884589012e+00
-2.117565030281105098e+00
-2.172973409811853163e+00
-2.238868110331551531e+00
-2.306500584347960014e+00
-2.349293386254263538e+00
-2.289661751324700845e+00
-1.886108535063483860e+00
-2.530750043764499746e-01
3.354602701250601449e+00
1.499117967024224063e+00
1.000031608936666538e+00
1.000000000000000000e+00
1.000000000000000000e+00
