1.000000000000000000e+00
1.000000139920120601e+00
1.000000663388088906e+00
1.000003817686897278e+00
1.000016391401835625e+00
1.000053281400919092e+00
1.000143597361622616e+00
1.000341239046778519e+00
1.000742926079193573e+00
1.001517658593749083e+00
1.002952463920408599e+00
1.005519610986680856e+00
1.009969484931942496e+00
1.017449777466998162e+00
1.029643911920604671e+00
1.048907973246274938e+00
1.078365564156930967e+00
1.121896963987659257e+00
1.183941969455574172e+00
1.269044712361131477e+00
1.381118173346455036e+00
1.522526938695711207e+00
1.693228832038483622e+00
1.890353147943744760e+00
2.108613610534092242e+00
2.341679054072940858e+00
2.584330196978816829e+00
2.834423448996835404e+00
3.093670470169274545e+00
3.366305543663987265e+00
3.655597576282720418e+00
3.960342406576610408e+00
4.272754531051728755e+00
4.579332844283852566e+00
4.863399800975209963e+00
5.107630357013015043e+00
5.296324298153662902e+00
5.415684808223845792e+00
5.454459781487129177e+00
5.403832648995931187e+00
5.257931364450810108e+00
5.014983767527585456e+00
4.677522153608522970e+00
4.253485137660068638e+00
3.755838879041378142e+00
3.202338685581103128e+00
2.614223958945921300e+00
2.014313486079441606e+00
1.425298683146376089e+00
8.673813501920045743e-01
3.571119663268324529e-01
-9.350935349195094171e-02
-4.770289849599701482e-01
-7.900211513128101437e-01
-1.032488051509717453e+00
-1.206839230498340187e+00
-1.317200219053812571e+00
-1.368623300784294505e+00
-1.366563587100168009e+00
-1.316585458355739258e+00
-1.224111275952184164e+00
-1.094370775931259310e+00
-9.322780453988084304e-01
-7.424179647109186986e-01
-5.290225638342321846e-01
-2.959466895589100699e-01
-4.672489389733400916e-02
2.154469619533200542e-01
4.876870239687279285e-01
7.674255932651060652e-01
1.052384115973217460e+00
1.340499748083620934e+00
1.629888298398512125e+00
1.918790583037594422e+00
2.205533230576126158e+00
2.488483112562419386e+00
2.765996846869755110e+00
3.036390362157319611e+00
3.297898382255078698e+00
3.548670972112121014e+00
3.786780788943617804e+00
4.010227376968245494e+00
4.216963472086612263e+00
4.404923648632348865e+00
4.572070359833144693e+00
4.716449192421213077e+00
4.836260708494790173e+00
4.929935889966587048e+00
4.996189249850751857e+00
5.034074735246726107e+00
5.043032505906880125e+00
5.022921345535623416e+00
4.974036493208305210e+00
4.897097745308942152e+00
4.793231657081836516e+00
4.663934908438269744e+00
4.511009465213832392e+00
4.336496937418856668e+00
4.142608896368593641e+00
3.931656029469336122e+00
3.705983473346706969e+00
3.467913570470383178e+00
3.219702003653249545e+00
2.963500620658262807e+00
2.701325655707594642e+00
2.435038312806134364e+00
2.166333581719053658e+00
1.896736095295234792e+00
1.627602895477887390e+00
1.360133130068025720e+00
1.095376385647190975e+00
8.342383318431989547e-01
5.774968240254572116e-01
3.258197171555421989e-01
7.977637137296768322e-02
-1.601489551919552112e-01
-3.935448635180579524e-01
-6.200635275613816111e-01
-8.394101644408067386e-01
-1.051334685240954858e+00
-1.255624764870868493e+00
-1.452100364075380678e+00
-1.640611200621171495e+00
-1.821032071932813912e+00
-1.993259954071240125e+00
-2.157215163011856340e+00
-2.312840746696391392e+00
-2.460101119662705837e+00
-2.598981365982470315e+00
-2.729486191445952059e+00
-2.851639275115769756e+00
-2.965482902806920951e+00
-3.071077372537480699e+00
-3.168500830622942299e+00
-3.257849201468336897e+00
-3.339235992803207598e+00
-3.412791997520975951e+00
-3.478662355963782371e+00
-3.537004333872406647e+00
-3.587987909191816538e+00
-3.631793732727594204e+00
-3.668611589353431235e+00
-3.698641552587395687e+00
-3.722093608400077080e+00
-3.739186638072969693e+00
-3.750148176177443116e+00
-3.755212748621731933e+00
-3.754620340814845747e+00
-3.748616446426590088e+00
-3.737450801518487076e+00
-3.721376266172360836e+00
-3.700649091867864282e+00
-3.675528036988352731e+00
-3.646273498184321671e+00
-3.613147716715396474e+00
-3.576414213576843970e+00
-3.536337859949147067e+00
-3.493186036224120716e+00
-3.447229118061754249e+00
-3.398739811122005516e+00
-3.347992927929921425e+00
-3.295266526369209359e+00
-3.240841715967163417e+00
-3.185002170773080454e+00
-3.128034779451500658e+00
-3.070229603561272835e+00
-3.011880001867707435e+00
-2.953283741573263121e+00
-2.894744322160456296e+00
-2.836571754384223709e+00
-2.779083983247252032e+00
-2.722609673185422352e+00
-2.667490485903821540e+00
-2.614083660065328107e+00
-2.562765973809590037e+00
-2.513938575131412723e+00
-2.468032209277965627e+00
-2.425513778552861766e+00
-2.386895058776878464e+00
-2.352742947864162826e+00
-2.323691178903940280e+00
-2.300454836905159173e+00
-2.283848160256862325e+00
-2.274803654125938213e+00
-2.274389855381294456e+00
-2.283821367687448145e+00
-2.304444502271284279e+00
-2.337658281375063929e+00
-2.384675277673850236e+00
-2.445884743441891995e+00
-2.519206400695411574e+00
-2.595785315719913111e+00
-2.648295386390215445e+00
-2.596897965034631994e+00
-2.194126389173072234e+00
-5.246090573666646328e-01
3.348845449448812239e+00
1.619694311487391847e+00
1.000055154611091623e+00
1.000000000000000000e+00
1.000000000000000000e+00
