1.000000000000000000e+00
1.000000094015239371e+00
1.000000447975237350e+00
1.000002583768647701e+00
1.000011098091500017e+00
1.000036084515830481e+00
1.000097286389206586e+00
1.000231311394680578e+00
1.000503973963524418e+00
1.001030569481936805e+00
1.002007598557647539e+00
1.003759899317258508e+00
1.006806839982853585e+00
1.011949372921974843e+00
1.020375196116344085e+00
1.033770608494832155e+00
1.054414062206331382e+00
1.085208806344962751e+00
1.129595241589542498e+00
1.191280633135799460e+00
1.273747062282793108e+00
1.379576811983990403e+00
1.509744244611119557e+00
1.663152001760390908e+00
1.836746853344678021e+00
2.026375197797498640e+00
2.228296218599440159e+00
2.440613859703856470e+00
2.663823739929833234e+00
2.899741160144932106e+00
3.148804860655707305e+00
3.407445306022030440e+00
3.666666102566137120e+00
3.913056532395607245e+00
4.131212694192411661e+00
4.306195359111815613e+00
4.425684164770246731e+00
4.480427046199041641e+00
4.464690824165200134e+00
4.375938786791841117e+00
4.214783748373471362e+00
3.985241265912898179e+00
3.694243937467918570e+00
3.351718798817346912e+00
2.969754576478875752e+00
2.562054173639908505e+00
2.142996087553791895e+00
1.726625433032104029e+00
1.325987981622429812e+00
9.521425503121542233e-01
6.138618081391269410e-01
3.173694132288778502e-01
6.648170143962479905e-02
-1.370637774608808312e-01
-2.933234748051347651e-01
-4.036498614808396446e-01
-4.703955498836130955e-01
-4.965221382868691968e-01
-4.853267616747919400e-01
-4.402722835930618084e-01
-3.648170725200183262e-01
-2.623617156813024542e-01
-1.361486311263892801e-01
1.076093251819042716e-02
1.755084658015165777e-01
3.554531891659148402e-01
5.481286156406974808e-01
7.512477435148982030e-01
9.626803037077490410e-01
1.180448051351729477e+00
1.402710107439611331e+00
1.627714123517723932e+00
1.853776316364556642e+00
2.079252505926189709e+00
2.302521245005427541e+00
2.521964300189267316e+00
2.735945343369911242e+00
2.942803969365322736e+00
3.140843883833520866e+00
3.328347659688227100e+00
3.503598906825615256e+00
3.664901502076203688e+00
3.810612113490092767e+00
3.939171189661241801e+00
4.049141742587845094e+00
4.139249281481512277e+00
4.208427360824604335e+00
4.255859616491281194e+00
4.281001123909377704e+00
4.283597475796714349e+00
4.263694937062752821e+00
4.221639980443894657e+00
4.158069984749310777e+00
4.073886600682662618e+00
3.970229179376934425e+00
3.848440244062589333e+00
3.710016904158785156e+00
3.556566237717263324e+00
3.389761639604516930e+00
3.211301030622273789e+00
3.022870760672043300e+00
2.826115048584086242e+00
2.622614136362614534e+00
2.413866147899877745e+00
2.201271432961891428e+00
1.986123881718534934e+00
1.769606470722479008e+00
1.552790359226003947e+00
1.336637636481456282e+00
1.122007952614049398e+00
9.096637323332789071e-01
7.002732397477664517e-01
4.944204150791387531e-01
2.926158212195508201e-01
9.530341608004391785e-02
-9.713134455998098660e-02
-2.843540558543635188e-01
-4.660757723537815034e-01
-6.420464680144689629e-01
-8.120498360063057586e-01
-9.758989395845547588e-01
-1.133432746308381089e+00
-1.284514570088631347e+00
-1.429029018404659235e+00
-1.566880072537714108e+00
-1.697991859424675010e+00
-1.822308213178114089e+00
-1.939791699121280244e+00
-2.050423061748883669e+00
-2.154200415470088892e+00
-2.251138684455849415e+00
-2.341269217221610521e+00
-2.424639234765520790e+00
-2.501311557704966049e+00
-2.571364388734203921e+00
-2.634891004511960233e+00
-2.691999372625518472e+00
-2.742809983058292822e+00
-2.787454152974845556e+00
-2.826074226033705283e+00
-2.858822002189936651e+00
-2.885857503940861157e+00
-2.907349565768890365e+00
-2.923475396992436526e+00
-2.934419716003386913e+00
-2.940374413439817758e+00
-2.941537262091266758e+00
-2.938110719385808700e+00
-2.930301805359029732e+00
-2.918321100326239481e+00
-2.902381849310951889e+00
-2.882700012252592092e+00
-2.859493544886230421e+00
-2.832981698974503804e+00
-2.803385059434220672e+00
-2.770925070364423259e+00
-2.735824001193877475e+00
-2.698305661091954022e+00
-2.658595670528832500e+00
-2.616920966332845211e+00
-2.573509618756423478e+00
-2.528591584692909677e+00
-2.482398575721594725e+00
-2.435163744649559536e+00
-2.387122161178707014e+00
-2.338510841390700090e+00
-2.289568914146913325e+00
-2.240538483796002289e+00
-2.191665669437554254e+00
-2.143201312914154943e+00
-2.095402166103327968e+00
-2.048533051499174196e+00
-2.002868739399588094e+00
-1.958696099761893183e+00
-1.916317273260429443e+00
-1.876053527453566350e+00
-1.838249495113750243e+00
-1.803278443842805778e+00
-1.771549148209071278e+00
-1.743513944771096780e+00
-1.719677903365707250e+00
-1.700609947544971412e+00
-1.686956063992081312e+00
-1.679452844027446989e+00
-1.678938640742866140e+00
-1.686356053303087910e+00
-1.702730188145291645e+00
-1.729085986256902796e+00
-1.766218202322304087e+00
-1.814100807464490206e+00
-1.870387036677449322e+00
-1.926506606546845690e+00
-1.956982988306326998e+00
-1.887720730221180032e+00
-1.487587028021263302e+00
8.161007555266643065e-02
3.295648437387975083e+00
1.359316399887468219e+00
1.000014753170703763e+00
1.000000000000000000e+00
1.000000000000000000e+00
