1.000000000000000000e+00
1.000000005545641057e+00
1.000000027051705986e+00
1.000000157627697783e+00
1.000000678321900205e+00
1.000002208086704814e+00
1.000005963025109468e+00
1.000014211822669141e+00
1.000031066730564522e+00
1.000063811095015964e+00
1.000125040955368361e+00
1.000235986442485903e+00
1.000431467834028920e+00
1.000767005588716785e+00
1.001328594589753651e+00
1.002245486592474588e+00
1.003705889563772047e+00
1.005974658501117558e+00
1.009410746406687265e+00
1.014480641026823893e+00
1.021762606390326678e+00
1.031937089258230689e+00
1.045761503084577715e+00
1.064034347429044347e+00
1.087560948808452332e+00
1.117129163089571442e+00
1.153491523043211675e+00
1.197305425695994074e+00
1.248976291541862293e+00
1.308371961245538229e+00
1.374463055493403196e+00
1.445105459189448105e+00
1.517123791354774820e+00
1.586789098173505552e+00
1.650502460778507707e+00
1.705414441522250524e+00
1.749820210470326431e+00
1.783177391899245734e+00
1.805934817519329716e+00
1.819210742454289376e+00
1.824491040349246029e+00
1.823398879331562972e+00
1.817497570084178893e+00
1.808205947796049484e+00
1.796729208485145834e+00
1.784056242448835539e+00
1.770968180980299067e+00
1.758059157637304804e+00
1.745774235130395979e+00
1.734423629442164883e+00
1.724214124658940417e+00
1.715265720765648316e+00
1.707631498420915994e+00
1.701314220881467110e+00
1.696273557597813175e+00
1.692438819514865855e+00
1.689711857122026428e+00
1.687975072345980987e+00
1.687096141096843915e+00
1.686930330659184740e+00
1.687324855307971383e+00
1.688119672554439177e+00
1.689151734056430820e+00
1.690256689055082528e+00
1.691271245963297476e+00
1.692035713435721567e+00
1.692394195573349913e+00
1.692197264099490672e+00
1.691303451368378452e+00
1.689581617031862715e+00
1.686912764596033343e+00
1.683190124004851684e+00
1.678320353721569846e+00
1.672224026491449411e+00
1.664836317871083660e+00
1.656107154210247012e+00
1.646000831667765452e+00
1.634495852294078677e+00
1.621583994389425465e+00
1.607270074196137877e+00
1.591571525149302557e+00
1.574517376321594941e+00
1.556147417510209241e+00
1.536510980001181803e+00
1.515665852978488770e+00
1.493677167872337952e+00
1.470616573166877217e+00
1.446561443618203269e+00
1.421593525433257010e+00
1.395797910033127698e+00
1.369262127792249428e+00
1.342075326210248054e+00
1.314327611043402566e+00
1.286109159540494318e+00
1.257509759888277845e+00
1.228618360487312877e+00
1.199522268882334597e+00
1.170306640057250824e+00
1.141054034673683493e+00
1.111843999677107675e+00
1.082752766971569747e+00
1.053853020733028556e+00
1.025213842587827884e+00
9.969006239903677180e-01
9.689748973304942448e-01
9.414942871132481184e-01
9.145124918335888475e-01
8.880792930338076152e-01
8.622406227293586412e-01
8.370387247704733635e-01
8.125122120874906928e-01
7.886960015279594893e-01
7.656215173727066725e-01
7.433169453194542475e-01
7.218073197503407368e-01
7.011146805697999751e-01
6.812582220055122262e-01
6.622543824808371227e-01
6.441169962090950163e-01
6.268574100756857392e-01
6.104845847034907624e-01
5.950051775197555681e-01
5.804235612738884997e-01
5.667419228170998968e-01
5.539603292561893211e-01
5.420766906177924005e-01
5.310867859142094360e-01
5.209843238517739561e-01
5.117609954355634150e-01
5.034065469561087580e-01
4.959088503950068172e-01
4.892539732184668644e-01
4.834262614976579386e-01
4.784084159467034136e-01
4.741815695896067218e-01
4.707253726454390108e-01
4.680180831492807836e-01
4.660367378733747956e-01
4.647573041367227820e-01
4.641547483877651592e-01
4.642031819094823986e-01
4.648759908984705924e-01
4.661458842606240882e-01
4.679849841436604652e-01
4.703649328083818748e-01
4.732569731563121551e-01
4.766320680274899191e-01
4.804610119473199936e-01
4.847144913936390354e-01
4.893631797900966918e-01
4.943778235213998618e-01
4.997292815405347532e-01
5.053885943222673482e-01
5.113270472217380513e-01
5.175161962659484693e-01
5.239279115258989039e-01
5.305343958455932540e-01
5.373081650741893256e-01
5.442220424483321661e-01
5.512491813307646149e-01
5.583630682684150859e-01
5.655374783442763675e-01
5.727464631994222399e-01
5.799643400958700568e-01
5.871656383800682999e-01
5.943250574223436500e-01
6.014174093360765694e-01
6.084175206389793589e-01
6.153001146924025333e-01
6.220396960080225579e-01
6.286103988083739935e-01
6.349857760375737792e-01
6.411385824756625773e-01
6.470405250853678014e-01
6.526619456823643528e-01
6.579714496316468875e-01
6.629354947102945594e-01
6.675179158933971513e-01
6.716793727963898952e-01
6.753767647953237141e-01
6.785626705104190748e-01
6.811848806129107148e-01
6.831862238469473825e-01
6.845051658154014396e-01
6.850780934044243820e-01
6.848451583155463762e-01
6.837636665154354088e-01
6.818377004527744756e-01
6.791835817356234317e-01
6.761777787292719832e-01
6.738048182955556076e-01
6.745242542207375847e-01
6.846046492249291404e-01
7.210737828672093563e-01
8.352300776528743809e-01
1.195261400510985172e+00
1.293170249396421223e+00
1.000870736049647602e+00
1.000000004718229585e+00
1.000000000000000000e+00
1.000000000000000000e+00
