1.000000000000000000e+00
1.000000167019708286e+00
1.000000789935845402e+00
1.000004540960381050e+00
1.000019492841115687e+00
1.000063354690511552e+00
1.000170714396398708e+00
1.000405570981792724e+00
1.000882657749937232e+00
1.001802190616022381e+00
1.003503613466940392e+00
1.006544112142448100e+00
1.011806184337022740e+00
1.020633902991749276e+00
1.034987795351006490e+00
1.057591701069172885e+00
1.092021825553329384e+00
1.142663020341386115e+00
1.214442073480034745e+00
1.312265871404037831e+00
1.440157886049714175e+00
1.600228892569435901e+00
1.791770109917772080e+00
2.010887816598020628e+00
2.251092012402559295e+00
2.504928220448008780e+00
2.766437612388542355e+00
3.033361757063421038e+00
3.308030738475710830e+00
3.595917492296143436e+00
3.901786674451031001e+00
4.225787002643375700e+00
4.561030413860519772e+00
4.894406002865792971e+00
5.209172324930736231e+00
5.487474290740331995e+00
5.712587620064752514e+00
5.868999439152165820e+00
5.943031947597098963e+00
5.922735040714298016e+00
5.798591547768515930e+00
5.565094315546320836e+00
5.221324237494217257e+00
4.772722446175524880e+00
4.231186010577424383e+00
3.615306930788473760e+00
2.949135397751784460e+00
2.259910173328364191e+00
1.575743721976882172e+00
9.223260877281307391e-01
3.210987255234987181e-01
-2.121666272525874752e-01
-6.675521302946487712e-01
-1.040425018688469594e+00
-1.330662647302560231e+00
-1.541280457246179347e+00
-1.677447019079707946e+00
-1.745406571360775594e+00
-1.751783769083531839e+00
-1.703222194189906391e+00
-1.606107075951952234e+00
-1.466544570782501999e+00
-1.290249421768968840e+00
-1.082553129962319671e+00
-8.483857548396049886e-01
-5.922446696996921389e-01
-3.182529999766968709e-01
-3.012440825829059560e-02
2.688201869075564909e-01
5.756602699376360821e-01
8.878570179878070290e-01
1.203166633434446631e+00
1.519596334242756752e+00
1.835338466224809784e+00
2.148719897537525902e+00
2.458142639914141281e+00
2.762017585174344259e+00
3.058720773421576666e+00
3.346536750366471136e+00
3.623644207120841454e+00
3.888113205899014879e+00
4.137898238169606557e+00
4.370856902938187183e+00
4.584771866631296433e+00
4.777394632197692559e+00
4.946502537589974047e+00
5.089978640865617798e+00
5.205900089284437371e+00
5.292604746942601857e+00
5.348765613349010017e+00
5.373458482024901173e+00
5.366215579610216224e+00
5.327063502169977482e+00
5.256525829527717519e+00
5.155617216698574090e+00
5.025812402304559612e+00
4.868978123610374631e+00
4.687300294801366896e+00
4.483202805286814474e+00
4.259261941314560929e+00
4.018125992705370741e+00
3.762442390230812617e+00
3.494800276449354648e+00
3.217681105517262719e+00
2.933416164998160269e+00
2.644159630906257163e+00
2.351872318920892990e+00
2.058314705422028101e+00
1.765048970475522117e+00
1.473449951296877281e+00
1.184714900176762509e+00
8.998703430588653740e-01
6.197916634430734595e-01
3.452247888867397418e-01
7.680031992113589556e-02
-1.849501118829028345e-01
-4.395789297522534333e-01
-6.867113009650597233e-01
-9.260324016910268519e-01
-1.157277355370718963e+00
-1.380222916330493765e+00
-1.594680931178529049e+00
-1.800495351154175472e+00
-1.997536693833955157e+00
-2.185698650618737027e+00
-2.364899552022550644e+00
-2.535081718890822788e+00
-2.696209916446021815e+00
-2.848270612669477231e+00
-2.991270823949538471e+00
-3.125237443494284229e+00
-3.250216910216073618e+00
-3.366274609748966640e+00
-3.473494792687233268e+00
-3.571980606687677362e+00
-3.661853982309219102e+00
-3.743255397495350412e+00
-3.816340500018587267e+00
-3.881277589492878377e+00
-3.938248444995192443e+00
-3.987446022265843659e+00
-4.029072748502333212e+00
-4.063342020751111505e+00
-4.090477876388849410e+00
-4.110713897963416130e+00
-4.124293037534792816e+00
-4.131465747079758444e+00
-4.132488261481777947e+00
-4.127622758301724204e+00
-4.117135947794635875e+00
-4.101297834451901103e+00
-4.080382122016644963e+00
-4.054665241858593561e+00
-4.024425395050089449e+00
-3.989942867232310064e+00
-3.951499419201917274e+00
-3.909378426792238681e+00
-3.863866307958706336e+00
-3.815253141015540361e+00
-3.763831905040213144e+00
-3.709898237692219602e+00
-3.653751802548800054e+00
-3.595696060430106478e+00
-3.536037679863161198e+00
-3.475087286309558543e+00
-3.413159372693730820e+00
-3.350572389615300128e+00
-3.287649988557670877e+00
-3.224722493758720443e+00
-3.162127698072874971e+00
-3.100212392134495065e+00
-3.039335474766619694e+00
-2.979870414160741277e+00
-2.922208013937247717e+00
-2.866760759141397052e+00
-2.813968117503142796e+00
-2.764302222125092356e+00
-2.718275032826143356e+00
-2.676447941112806816e+00
-2.639443065081866102e+00
-2.607956155138579035e+00
-2.582772733752686456e+00
-2.564788137579264493e+00
-2.555029354588686630e+00
-2.554676035704392945e+00
-2.565074293640213554e+00
-2.587726124824936580e+00
-2.624212554788338814e+00
-2.675950708310227188e+00
-2.743535806738845562e+00
-2.825027409787894683e+00
-2.911462887936194566e+00
-2.974743773004308700e+00
-2.932889602187775058e+00
-2.533760473089948562e+00
-8.358590507178593754e-01
3.296041762967622191e+00
1.764786255178234953e+00
1.000099191567632051e+00
1.000000000000000000e+00
1.000000000000000000e+00
