1.000000000000000000e+00
1.000000247773809026e+00
1.000001164864515735e+00
1.000006678163876561e+00
1.000028652763025994e+00
1.000093096215192379e+00
1.000250741772739760e+00
1.000595301020450467e+00
1.001294374987089508e+00
1.002639480959082396e+00
1.005122646980307621e+00
1.009546642332676880e+00
1.017172651731913957e+00
1.029900885352746931e+00
1.050463804479059737e+00
1.082586841711466130e+00
1.131040395856750980e+00
1.201479486820800746e+00
1.299963678472298989e+00
1.432100578066898278e+00
1.601867779461138008e+00
1.810357844901630653e+00
2.054843174012864093e+00
2.328642550542359579e+00
2.622186172885311972e+00
2.925254079584323375e+00
3.230092743801603827e+00
3.534122399158460492e+00
3.841066365031525098e+00
4.159277164812754002e+00
4.497083100008397949e+00
4.858008805078549486e+00
5.237695664379415916e+00
5.624698881587712584e+00
6.003269916413558782e+00
6.355799933718544459e+00
6.664838971803146883e+00
6.912449674396664356e+00
7.080528640437296239e+00
7.150440368924207313e+00
7.103944830051737824e+00
6.925585615678047091e+00
6.603977509734544782e+00
6.135251636250380614e+00
5.524652485254550882e+00
4.788786827421952275e+00
3.955572541605855807e+00
3.061805252845056557e+00
2.149495085157786978e+00
1.259694557281775484e+00
4.283441128549870247e-01
-3.170688453856496114e-01
-9.585670508788421973e-01
-1.487284445047653225e+00
-1.902409066529360038e+00
-2.208760409058570406e+00
-2.414742229300279597e+00
-2.530173384015943938e+00
-2.564948339755259710e+00
-2.528458018987079559e+00
-2.429297362850500352e+00
-2.275433090618453669e+00
-2.074221357708714741e+00
-1.832559380402404292e+00
-1.556930426908945675e+00
-1.253365569411199143e+00
-9.274955447842894163e-01
-5.844378565445585982e-01
-2.287581099222472936e-01
1.355946837385056114e-01
5.052983073767461919e-01
8.775524004140435874e-01
1.250024107810630669e+00
1.620752896357520845e+00
1.988071479654626605e+00
2.350510526920516430e+00
2.706691109555986241e+00
3.055247432250792983e+00
3.394728784198043581e+00
3.723558471897486122e+00
4.040005640193148118e+00
4.342147235359201218e+00
4.627862722557048336e+00
4.894830722503878739e+00
5.140555552401365524e+00
5.362414039109753006e+00
5.557739551128953792e+00
5.723926300611956286e+00
5.858513293720839066e+00
5.959292538792783311e+00
6.024421922470378554e+00
6.052531669884585241e+00
6.042819528144094399e+00
5.995101856959597519e+00
5.909855076666918450e+00
5.788218542161488678e+00
5.631936695692489891e+00
5.443285169917292166e+00
5.224973891033823037e+00
4.980032928547507787e+00
4.711696501525275416e+00
4.423290791131202049e+00
4.118139866340407629e+00
3.799480902837663265e+00
3.470388892699416861e+00
3.133725095611913591e+00
2.792102813139096806e+00
2.447868805303810014e+00
2.103100095070773001e+00
1.759615869847061198e+00
1.418988985664012326e+00
1.082554273727365901e+00
7.514367565394134418e-01
4.265833775614467638e-01
1.087835758910115219e-01
-2.013067106928813910e-01
-5.031432484519270387e-01
-7.962771430199886424e-01
-1.080336381402941193e+00
-1.355011425772352229e+00
-1.620043421512414206e+00
-1.875215058060747397e+00
-2.120346688728933948e+00
-2.355288586495649206e+00
-2.579916382923511442e+00
-2.794133682493367132e+00
-2.997871451814349886e+00
-3.191086040616176955e+00
-3.373758376920739543e+00
-3.545892532637481054e+00
-3.707515000832611207e+00
-3.858674472164109304e+00
-3.999441212192306416e+00
-4.129907208311867528e+00
-4.250186485612136522e+00
-4.360415209017975080e+00
-4.460751609925442729e+00
-4.551371268354960975e+00
-4.632463694570968293e+00
-4.704233865572558848e+00
-4.766899122454176130e+00
-4.820686961737842502e+00
-4.865837557786392154e+00
-4.902603568224576769e+00
-4.931248803912962053e+00
-4.952048252725363753e+00
-4.965285592604185894e+00
-4.971250928472856323e+00
-4.970241293017237716e+00
-4.962558816532469663e+00
-4.948509142686706497e+00
-4.928402258688921123e+00
-4.902551277863006263e+00
-4.871271230952229914e+00
-4.834879721347923542e+00
-4.793696198727134039e+00
-4.748042322400061188e+00
-4.698244203639362127e+00
-4.644633431687311464e+00
-4.587546044034976234e+00
-4.527322237141549799e+00
-4.464308423353863020e+00
-4.398856899886475880e+00
-4.331324951051508165e+00
-4.262075884543012450e+00
-4.191478782680655435e+00
-4.119908464791770975e+00
-4.047747086489106749e+00
-3.975386001037434447e+00
-3.903226535937916353e+00
-3.831681748537321575e+00
-3.761180390526023043e+00
-3.692169768127250951e+00
-3.625118877670385320e+00
-3.560523661236877579e+00
-3.498913418575785972e+00
-3.440857479349222370e+00
-3.386973696837095371e+00
-3.337940123003468873e+00
-3.294508694517504832e+00
-3.257520776782901084e+00
-3.227926987498030087e+00
-3.206812468175530562e+00
-3.195425033085045552e+00
-3.195203646167798173e+00
-3.207800833422329134e+00
-3.235080570663617650e+00
-3.279045489567058436e+00
-3.341582834489162490e+00
-3.423751484450786364e+00
-3.523898385356036389e+00
-3.632735847992541345e+00
-3.720343038273381531e+00
-3.700691396581706538e+00
-3.317966894145448542e+00
-1.598925293142527959e+00
3.009510359366689425e+00
2.148909411597798691e+00
1.000352598969672435e+00
1.000000000000068834e+00
1.000000000000000000e+00
