1.000000000000000000e+00
1.000000214681297628e+00
1.000001011579248145e+00
1.000005805333326503e+00
1.000024912618536099e+00
1.000080953824818319e+00
1.000218075486840164e+00
1.000517876236043824e+00
1.001126426167257888e+00
1.002298111712471407e+00
1.004463029694688148e+00
1.008324543107402382e+00
1.014991126435677904e+00
1.026139867773852021e+00
1.044195702620984934e+00
1.072488938067860387e+00
1.115325445694146822e+00
1.177876706815847108e+00
1.265787430582126394e+00
1.384435107445199709e+00
1.537869277974826865e+00
1.727631736679589025e+00
1.951815931226320799e+00
2.204831079412108430e+00
2.478282226563956581e+00
2.762988225593568270e+00
3.051867021760472198e+00
3.342468601549382079e+00
3.638017344097296046e+00
3.945816272106673850e+00
4.272882627290170987e+00
4.621479994666960245e+00
4.986269233909359500e+00
5.355091262640718774e+00
5.711663806335444349e+00
6.038055258985901119e+00
6.316810512268050459e+00
6.530615300804245571e+00
6.662770407752000246e+00
6.696962139757541621e+00
6.618144666153632727e+00
6.414658540579288193e+00
6.079293518493502191e+00
5.612122051788955623e+00
5.021507659351474473e+00
4.325479013327338862e+00
3.551055358922809102e+00
2.731721019993385902e+00
1.904213352985802299e+00
1.103521476064999840e+00
3.597297920690864514e-01
-3.044901153135326499e-01
-8.745414798239867782e-01
-1.343383295564450020e+00
-1.710537066379663518e+00
-1.980081590759829036e+00
-2.159066673690972937e+00
-2.255830536662685404e+00
-2.278948604235951247e+00
-2.236748298674759994e+00
-2.137014843386279672e+00
-1.987067493443787969e+00
-1.793708753708174841e+00
-1.563303913135694945e+00
-1.301791050056513521e+00
-1.014641788517465892e+00
-7.069163474904878175e-01
-3.831861755834099492e-01
-4.752274672564143349e-02
2.965392547698327830e-01
6.459968013566552703e-01
9.982787285272635147e-01
1.351194029209272118e+00
1.702847595772208900e+00
2.051571971036373121e+00
2.395845968511334245e+00
2.734203141696598838e+00
3.065167247867328193e+00
3.387170009398326798e+00
3.698519852991538404e+00
3.997383085799793179e+00
4.281757734857253972e+00
4.549477639521268379e+00
4.798219566846483097e+00
5.025537652400506872e+00
5.228916030796923131e+00
5.405853638673269401e+00
5.553965131268656208e+00
5.671061271586856911e+00
5.755246959590999190e+00
5.805018922592205755e+00
5.819353123060382771e+00
5.797778002717167922e+00
5.740405992072884267e+00
5.647954651171421148e+00
5.521733719134316765e+00
5.363580363604216750e+00
5.175782612995535104e+00
4.960985748734627165e+00
4.722087036593901388e+00
4.462132041539529581e+00
4.184216909296686993e+00
3.891408256928753584e+00
3.586672346158105817e+00
3.272813094022226199e+00
2.952430743967838556e+00
2.627895340326604323e+00
2.301333348784349475e+00
1.974627101261500872e+00
1.649426794053276080e+00
1.327161736652982427e+00
1.009048481938335851e+00
6.961158488306902203e-01
3.892328346191247235e-01
8.912682075646229107e-02
-2.035953222296534859e-01
-4.884280491994938411e-01
-7.649526596930590339e-01
-1.032821025839670614e+00
-1.291742826752779072e+00
-1.541475062094547210e+00
-1.781813878982259070e+00
-2.012590974234264696e+00
-2.233666693183491869e+00
-2.444925898591708613e+00
-2.646280074242472580e+00
-2.837666674320634908e+00
-3.019047307806357772e+00
-3.190406951759149123e+00
-3.351752629707004161e+00
-3.503112711209493746e+00
-3.644536648115612731e+00
-3.776094367581354305e+00
-3.897876331923196602e+00
-4.009993745449403235e+00
-4.112578575502221945e+00
-4.205783420092608971e+00
-4.289777348248819067e+00
-4.364742857263355091e+00
-4.430877122540498370e+00
-4.488389228240029283e+00
-4.537498168878388860e+00
-4.578434953783909300e+00
-4.611442359842137684e+00
-4.636773700108686391e+00
-4.654692767171635381e+00
-4.665471600904901983e+00
-4.669388449997485147e+00
-4.666728132440289833e+00
-4.657780377508501601e+00
-4.642838382574351108e+00
-4.622199467358966807e+00
-4.596163956050038024e+00
-4.565034069867891731e+00
-4.529114440597609814e+00
-4.488711430326088880e+00
-4.444133400972094528e+00
-4.395692619868805551e+00
-4.343706116588690769e+00
-4.288494762643654035e+00
-4.230383000215724998e+00
-4.169700614978379960e+00
-4.106782446833012301e+00
-4.041967619070121920e+00
-3.975600458008598626e+00
-3.908030312035845277e+00
-3.839611570213400604e+00
-3.770705120786033149e+00
-3.701680060191244959e+00
-3.632914487721471630e+00
-3.564797181402050263e+00
-3.497731228911408419e+00
-3.432136745817780277e+00
-3.368453887099937649e+00
-3.307147764184171557e+00
-3.248714444755280706e+00
-3.193687273931476778e+00
-3.142644890373807343e+00
-3.096222138948494518e+00
-3.055122885554855561e+00
-3.020134617759067996e+00
-2.992146932948354987e+00
-2.972174886923415915e+00
-2.961384833634265856e+00
-2.961120187925405656e+00
-2.972920725215424387e+00
-2.998517473001743205e+00
-3.039758707081076317e+00
-3.098360663707457441e+00
-3.175216365956364584e+00
-3.268578026285860361e+00
-3.369300276440860387e+00
-3.448159209770418787e+00
-3.420504250270532509e+00
-3.030749446923919788e+00
-1.312384345687181986e+00
3.139684906197823810e+00
2.000054451464366334e+00
1.000224348429471277e+00
1.000000000000000000e+00
1.000000000000000000e+00
