1.000000000000000000e+00
1.000000095189652827e+00
1.000000453505136777e+00
1.000002615493854163e+00
1.000011234226770629e+00
1.000036526872414289e+00
1.000098477959451504e+00
1.000234140880589706e+00
1.000510127752885614e+00
1.001043122748160430e+00
1.002031973556418265e+00
1.003805354292633512e+00
1.006888672815181796e+00
1.012092005078247148e+00
1.020616206260121395e+00
1.034165561679801115e+00
1.055041587160920669e+00
1.086174811203740376e+00
1.131034533662172770e+00
1.193353814196135509e+00
1.276630802579489909e+00
1.383446999340439465e+00
1.514753975025183053e+00
1.669409439581097221e+00
1.844300351761147372e+00
2.035212640206080170e+00
2.238363079512786236e+00
2.451847163340522329e+00
2.676192895083567613e+00
2.913280750690007359e+00
3.163623677631665743e+00
3.423709118921537620e+00
3.684559873164697130e+00
3.932742274190836440e+00
4.152791794932773506e+00
4.329675658699193797e+00
4.450954453044607462e+00
4.507231383485917675e+00
4.492612547430979930e+00
4.404393923175343062e+00
4.243031867971355453e+00
4.012420704108170533e+00
3.719422602854720594e+00
3.373965660503812636e+00
2.988214158141463184e+00
2.576019763553964115e+00
2.151966865603351931e+00
1.730338553188989437e+00
1.324426235746996028e+00
9.455121044633868488e-01
6.025532696315448744e-01
3.019071862413884588e-01
4.747254426988251064e-02
-1.589763971997354142e-01
-3.174974948086817794e-01
-4.294710377588789041e-01
-4.972954556737501641e-01
-5.239872958380580314e-01
-5.129018581647103447e-01
-4.675600108205308358e-01
-3.914753151860234093e-01
-2.881001089498025358e-01
-1.607239855058000544e-01
-1.245069192967426450e-02
1.538236008648277697e-01
3.354254455447014394e-01
5.298601422550923701e-01
7.348170210979142469e-01
9.481463951403472645e-01
1.167854715974870228e+00
1.392089587450764165e+00
1.619090119996194010e+00
1.847166434873769303e+00
2.074669998972800133e+00
2.299976131682779368e+00
2.521463779200492361e+00
2.737493431631861096e+00
2.946400510655392768e+00
3.146482841897399574e+00
3.336015009378239249e+00
3.513270250787682070e+00
3.676539454293018316e+00
3.824163718241121224e+00
3.954565505383317525e+00
4.066287855361956360e+00
4.158034950194659629e+00
4.228718548786266851e+00
4.277501038479119444e+00
4.303817690231349857e+00
4.307396683808289772e+00
4.288270122941303164e+00
4.246774263572039132e+00
4.183540705830226081e+00
4.099469907863721119e+00
3.995704610048822047e+00
3.873595044719449376e+00
3.734649763526672661e+00
3.580490359219173246e+00
3.412807073442642114e+00
3.233316231348875469e+00
3.043723416965048667e+00
2.845692257176363871e+00
2.640822053069695308e+00
2.430629197409183817e+00
2.216531150835792108e+00
1.999837521315146027e+00
1.781745469999563181e+00
1.563338748702390202e+00
1.345590464255482122e+00
1.129369798255309920e+00
9.154473066362630584e-01
7.044980534120521831e-01
4.971116087418081531e-01
2.938031718077995791e-01
9.502046500415706198e-02
-9.884802680669918518e-02
-2.874654808316285393e-01
-4.705410481347638840e-01
-6.478232089894971901e-01
-8.190944891933200633e-01
-9.841670418347679972e-01
-1.142879126909216669e+00
-1.295093525559967373e+00
-1.440694442887886728e+00
-1.579585560379844766e+00
-1.711690815407204136e+00
-1.836953956340354965e+00
-1.955337554719170701e+00
-2.066822447801724749e+00
-2.171406921644676746e+00
-2.269106147277993646e+00
-2.359951794497013644e+00
-2.443991477728853834e+00
-2.521288484888230652e+00
-2.591921562628030529e+00
-2.655984610212799968e+00
-2.713586297791863888e+00
-2.764847877198105319e+00
-2.809901472287662294e+00
-2.848890287419791889e+00
-2.881967024393683463e+00
-2.909292640063849689e+00
-2.931036949644788336e+00
-2.947378190476238835e+00
-2.958502151720141082e+00
-2.964601839369877201e+00
-2.965876175974242912e+00
-2.962528793917084791e+00
-2.954767917239809361e+00
-2.942805351983857065e+00
-2.926855584353764250e+00
-2.907135836044191013e+00
-2.883865340390820986e+00
-2.857264637801048224e+00
-2.827555616836612717e+00
-2.794961037511336954e+00
-2.759704499776983955e+00
-2.722011169101307360e+00
-2.682108053294889771e+00
-2.640223502936609457e+00
-2.596587027210997434e+00
-2.551430056944449021e+00
-2.504985810989553752e+00
-2.457488978285234271e+00
-2.409176198121861123e+00
-2.360286087982172987e+00
-2.311059409167955270e+00
-2.261739936386174765e+00
-2.212575504994208853e+00
-2.163818721656876942e+00
-2.115728158796747138e+00
-2.068570532673973617e+00
-2.022622592634791605e+00
-1.978173286151106547e+00
-1.935526952973221082e+00
-1.895007209745958932e+00
-1.856961217946622167e+00
-1.821764991842140802e+00
-1.789830324462431843e+00
-1.761612906921680155e+00
-1.737621574736117891e+00
-1.718429527409074398e+00
-1.704687670158202106e+00
-1.697138315251581320e+00
-1.696626527093979986e+00
-1.704102817440418471e+00
-1.720601604321201572e+00
-1.747158614186088643e+00
-1.784580531849452312e+00
-1.832852924424753560e+00
-1.889635715972994179e+00
-1.946347730442206991e+00
-1.977450577493789607e+00
-1.908649758145785302e+00
-1.508198775611698572e+00
6.479642767233423362e-02
3.300667298578400466e+00
1.366077757790286729e+00
1.000015366687853513e+00
1.000000000000000000e+00
1.000000000000000000e+00
