1.000000000000000000e+00
1.000000011338001205e+00
1.000000055045196401e+00
1.000000320090950634e+00
1.000001376947049714e+00
1.000004481237078302e+00
1.000012097836278535e+00
1.000028819667389213e+00
1.000062959068739987e+00
1.000129208426883132e+00
1.000252909559653069e+00
1.000476626658054924e+00
1.000869855709089595e+00
1.001542760469755988e+00
1.002664686170154917e+00
1.004487679938066202e+00
1.007374105849148327e+00
1.011825438148621581e+00
1.018506384025044342e+00
1.028255318235623550e+00
1.042069667522275589e+00
1.061057590688492258e+00
1.086355916341702699e+00
1.119032073515545900e+00
1.160006853798674520e+00
1.210029321287080073e+00
1.269711415043172531e+00
1.339533096052955896e+00
1.419704008667509232e+00
1.509790471176917004e+00
1.608162273465342906e+00
1.711617629846396538e+00
1.815448095985521038e+00
1.914131526991835530e+00
2.002356427213223711e+00
2.075954228862825879e+00
2.132508083390140197e+00
2.171364246517647700e+00
2.193380903860994824e+00
2.200434767668370206e+00
2.194968096834898574e+00
2.179649110495125885e+00
2.157058204320416728e+00
2.129562289717978008e+00
2.099191989428077498e+00
2.067635073265345014e+00
2.036243173229407510e+00
2.006059321368494963e+00
1.977880852125171840e+00
1.952274400829747236e+00
1.929628861040475707e+00
1.910179818777083982e+00
1.894042933340273516e+00
1.881242445927163054e+00
1.871721214060273253e+00
1.865363723751833458e+00
1.861998892212229695e+00
1.861414533948300809e+00
1.863365284537006561e+00
1.867575667597959566e+00
1.873747902217122840e+00
1.881562182388836213e+00
1.890684769807669863e+00
1.900770750403383058e+00
1.911468491507820833e+00
1.922424773378107909e+00
1.933284984499139103e+00
1.943699102660342959e+00
1.953325351945176314e+00
1.961836105029497013e+00
1.968922823958934254e+00
1.974297325023602001e+00
1.977695724749768180e+00
1.978880893864175761e+00
1.977645432639464573e+00
1.973813426578439945e+00
1.967240949670495009e+00
1.957816953000474758e+00
1.945462269122197663e+00
1.930130013652331389e+00
1.911805377236072356e+00
1.890503847648884683e+00
1.866269654599269190e+00
1.839173148955687065e+00
1.809308322782517964e+00
1.776790111854305687e+00
1.741752247116574281e+00
1.704345095728983406e+00
1.664732156263067253e+00
1.623087276255782641e+00
1.579592137125897411e+00
1.534433946658134040e+00
1.487803532148816110e+00
1.439892954439411010e+00
1.390894145572883378e+00
1.340997619095136484e+00
1.290390436560879595e+00
1.239254890007882137e+00
1.187767394503693064e+00
1.136097478243175640e+00
1.084407082124895894e+00
1.032850049542695992e+00
9.815720479726817160e-01
9.307104355302892040e-01
8.803939581895913191e-01
8.307427306119414823e-01
7.818682919254540398e-01
7.338737246234887657e-01
6.868539037771127509e-01
6.408959542154309963e-01
5.960794637525099748e-01
5.524764112798459248e-01
5.101516952822177098e-01
4.691637652019911009e-01
4.295648640922477557e-01
3.914014186908526538e-01
3.547144008416114880e-01
3.195395459332558419e-01
2.859077019574469691e-01
2.538450913516631657e-01
2.233735293533972155e-01
1.945105945868851327e-01
1.672696475938213190e-01
1.416600252660236703e-01
1.176871563622818723e-01
9.535243906879656284e-02
7.465325821331496303e-02
5.558307737841299695e-02
3.813150988377447120e-02
2.228443344826338060e-02
8.024097169002685978e-03
-4.670774224124242535e-03
-1.582484693950694452e-02
-2.546606113150385459e-02
-3.362551025889701922e-02
-4.033730381185228475e-02
-4.563841639704416947e-02
-4.956835473823285876e-02
-5.216886647889462658e-02
-5.348383493335242406e-02
-5.355899799372286496e-02
-5.244170010972803997e-02
-5.018082735829149793e-02
-4.682664362834894345e-02
-4.243058733500595925e-02
-3.704512476627998957e-02
-3.072351322537562879e-02
-2.351957830313620296e-02
-1.548760424441252351e-02
-6.682143110245087128e-03
2.842158776720835663e-03
1.303063272495351595e-02
2.382872859481293890e-02
3.518214598164287610e-02
4.703688355649136149e-02
5.933933080050033532e-02
7.203630694509718935e-02
8.507501583337874485e-02
9.840303531729258091e-02
1.119683732093151862e-01
1.257194815520299436e-01
1.396051660410322082e-01
1.535745717963300505e-01
1.675771743082636045e-01
1.815626772894440299e-01
1.954809394568079728e-01
2.092818702684398346e-01
2.229152365757152698e-01
2.363304296477206079e-01
2.494762403846564613e-01
2.623005582048891227e-01
2.747499401201711766e-01
2.867691710151371032e-01
2.983007543289307728e-01
3.092842535906417667e-01
3.196555137962080462e-01
3.293457907173092947e-01
3.382807263011053944e-01
3.463791270311337156e-01
3.535516228900433822e-01
3.596992916461045353e-01
3.647123256474394948e-01
3.684690480200604190e-01
3.708360911789226888e-01
3.716712838007049657e-01
3.708324661239555953e-01
3.681991880498607927e-01
3.637225907691357674e-01
3.575382286291790557e-01
3.502248898692110757e-01
3.434197289217517657e-01
3.413618748850873463e-01
3.550666499865113845e-01
4.147880704226306614e-01
6.123185772243117109e-01
1.257182209085978775e+00
1.607927449657721830e+00
1.003910697690742149e+00
1.000000024932570453e+00
1.000000000000000000e+00
1.000000000000000000e+00
