1.000000000000000000e+00
1.000000090498456284e+00
1.000000431409346247e+00
1.000002488712496307e+00
1.000010690184667039e+00
1.000034759039312826e+00
1.000093715862383270e+00
1.000222832499566783e+00
1.000485532259396404e+00
1.000992946636407810e+00
1.001934537066883957e+00
1.003623632457073311e+00
1.006561470261701174e+00
1.011521594089715315e+00
1.019652136548353960e+00
1.032585237001265588e+00
1.052529772268906427e+00
1.082306484524380830e+00
1.125268022643738375e+00
1.185042777920561230e+00
1.265062775288494867e+00
1.367910701735555179e+00
1.494627710661181608e+00
1.644250501790144980e+00
1.813905653768013160e+00
1.999622280213199543e+00
2.197788401958214344e+00
2.406534526326379098e+00
2.626259641283723134e+00
2.858583810276276616e+00
3.103724346396538269e+00
3.357944095297231257e+00
3.612195354200966602e+00
3.853145423933164615e+00
4.065583514713450697e+00
4.234862895499901470e+00
4.349030919526399863e+00
4.399277241811939909e+00
4.380353669380609993e+00
4.290222415424462810e+00
4.129956368591568783e+00
3.903919758461233958e+00
3.619237475567133266e+00
3.285813288639631846e+00
2.915491350554177075e+00
2.521515386637417144e+00
2.117639822968840235e+00
1.717195708500977247e+00
1.332496505829008582e+00
9.739379477042099387e-01
6.497468091557013770e-01
3.657516203625408857e-01
1.255260155239889541e-01
-6.930016835474354930e-02
-2.187782981799074045e-01
-3.241773711117888479e-01
-3.877127777454928981e-01
-4.121812958598194965e-01
-4.007052089174571452e-01
-3.565726627014357275e-01
-2.830755343759834286e-01
-1.834582214907456710e-01
-6.082078907021234992e-02
8.190363945635063814e-02
2.419699502302124772e-01
4.168355887315611241e-01
6.041187948814208397e-01
8.016035995821411131e-01
1.007218026115858311e+00
1.219029851426893796e+00
1.435232980600836594e+00
1.654101080563997073e+00
1.873969233677577506e+00
2.093207104783199046e+00
2.310203950970260323e+00
2.523351227109462247e+00
2.731023597166080563e+00
2.931574826477849616e+00
3.123328088672377323e+00
3.304591882623689969e+00
3.473682964137903451e+00
3.628946200360263052e+00
3.768786901419570068e+00
3.891701224652915680e+00
3.996313580778886987e+00
4.081414596670680517e+00
4.146003947720595662e+00
4.189329318620155007e+00
4.210905072961701023e+00
4.210528520990680867e+00
4.188287552638165323e+00
4.144558173573072324e+00
4.079993810567498436e+00
3.995498321912348327e+00
3.892199518997450536e+00
3.771415489034680935e+00
3.634607815741548897e+00
3.483338970813249613e+00
3.319230892748942452e+00
3.143925514879787553e+00
2.959050837460433847e+00
2.766192314919035500e+00
2.566872556806244710e+00
2.362534488837117586e+00
2.154526781322432694e+00
1.944095853839900467e+00
1.732381830468564310e+00
1.520417805356132357e+00
1.309132534865969477e+00
1.099356800454016625e+00
8.918283649526286272e-01
6.871948317236834525e-01
4.860229993647079416e-01
2.888092814149972876e-01
9.598611486703075013e-02
-9.207034473871517077e-02
-2.750331438730008182e-01
-4.526192289227424226e-01
-6.245832198636374066e-01
-7.907124606037664316e-01
-9.508228774741592781e-01
-1.104755677761934729e+00
-1.252375875848458886e+00
-1.393569374298732289e+00
-1.528241128256251358e+00
-1.656315895182565834e+00
-1.777737816319245878e+00
-1.892469477000378708e+00
-2.000491371519959927e+00
-2.101801117496555626e+00
-2.196412907353634925e+00
-2.284357125862898741e+00
-2.365679805653924550e+00
-2.440442349729313509e+00
-2.508721306052533517e+00
-2.570608053960132811e+00
-2.626208417657120542e+00
-2.675640560100454479e+00
-2.719033331542330068e+00
-2.756526441777205072e+00
-2.788268928921838974e+00
-2.814417951930491490e+00
-2.835139338834602007e+00
-2.850607147190602042e+00
-2.861002812258018668e+00
-2.866514804973446129e+00
-2.867337372683246066e+00
-2.863669369529498354e+00
-2.855714123133463289e+00
-2.843678454505880193e+00
-2.827771801511666183e+00
-2.808206253955033649e+00
-2.785195848857375367e+00
-2.758955885293365107e+00
-2.729702949842508275e+00
-2.697654450980542684e+00
-2.663028578373952460e+00
-2.626044983939561650e+00
-2.586925037731639510e+00
-2.545891346996369098e+00
-2.503167577008710065e+00
-2.458979174899670106e+00
-2.413553242717005443e+00
-2.367118237415851478e+00
-2.319904432706644481e+00
-2.272143953403328531e+00
-2.224070944029725716e+00
-2.175922410728406309e+00
-2.127939236353412866e+00
-2.080366880163446286e+00
-2.033456543249837711e+00
-1.987467276134339933e+00
-1.942667819153479192e+00
-1.899338713992308580e+00
-1.857775404507318706e+00
-1.818292006374819580e+00
-1.781225455152686710e+00
-1.746940659096531512e+00
-1.715837207616153437e+00
-1.688357230750923144e+00
-1.664994342142967376e+00
-1.646304458166636175e+00
-1.632918605894162045e+00
-1.625555980075282125e+00
-1.625034531371918112e+00
-1.632272814268845851e+00
-1.648267656268346704e+00
-1.674011274834905638e+00
-1.710262291599146778e+00
-1.756959702882235907e+00
-1.811736997919773273e+00
-1.866058386708124184e+00
-1.894639280133323833e+00
-1.824003035185410848e+00
-1.424936694184667063e+00
1.323631941196896089e-01
3.279017560243794982e+00
1.339091798890467144e+00
1.000013021658960222e+00
1.000000000000000000e+00
1.000000000000000000e+00
