1.000000000000000000e+00
1.000000098721704811e+00
1.000000470129821517e+00
1.000002710853291843e+00
1.000011643407858086e+00
1.000037856433533490e+00
1.000102059274670552e+00
1.000242644653108304e+00
1.000528621307995580e+00
1.001080845080750015e+00
1.002105211817768460e+00
1.003941910294447348e+00
1.007134468049111442e+00
1.012520313122782456e+00
1.021339706904825562e+00
1.035350733460870032e+00
1.056923768937723107e+00
1.089070579430809760e+00
1.135346189137379724e+00
1.199559639721311743e+00
1.285255522796475702e+00
1.395011118848037857e+00
1.529708072658729101e+00
1.688068541223940455e+00
1.866800339124523367e+00
2.061509149602823054e+00
2.268285964696453050e+00
2.485201984534027186e+00
2.712882763931657948e+00
2.953404474291329240e+00
3.207503703174063858e+00
3.471841849049137174e+00
3.737505111394982649e+00
3.990999609737833076e+00
4.216689630781933928e+00
4.399273181656927711e+00
4.525964066623522797e+00
4.586938921463207031e+00
4.575824884938159087e+00
4.489413658848180333e+00
4.327683752434313469e+00
4.094151590675782160e+00
3.795449766690127458e+00
3.441489903709709530e+00
3.044645177417165005e+00
2.619200586916780260e+00
2.180351619000754138e+00
1.743094966116414124e+00
1.321463455159666234e+00
9.274164234820596597e-01
5.704717944301274102e-01
2.573947743713806968e-01
-7.664425181477699939e-03
-2.228189334759047013e-01
-3.881299308051263108e-01
-5.050611537033999898e-01
-5.761487434240301075e-01
-6.045741506525467157e-01
-5.938668329787052391e-01
-5.477209776722592460e-01
-4.698148148781582933e-01
-3.637549995195334396e-01
-2.329718345109724476e-01
-8.069595316027823595e-02
9.006386852812922617e-02
2.765363597513424421e-01
4.761422192110685847e-01
6.864997428109274047e-01
9.054009659028672274e-01
1.130806473667184786e+00
1.360829480423483506e+00
1.593683789365851755e+00
1.827661732374900039e+00
2.061102413952119683e+00
2.292372360810579490e+00
2.519843181059420623e+00
2.741867155270403256e+00
2.956768721044400916e+00
3.162829773793183641e+00
3.358302773975844424e+00
3.541431762220637047e+00
3.710470586126148440e+00
3.863715484018094504e+00
3.999536646574836762e+00
4.116418632291876989e+00
4.213002752319186861e+00
4.288136106945545478e+00
4.340917651944891986e+00
4.370723143486847206e+00
4.377228034031991122e+00
4.360421123296210233e+00
4.320606939306859573e+00
4.258398497585699438e+00
4.174691346099125511e+00
4.070637056195161030e+00
3.947607712035494210e+00
3.807145024571154224e+00
3.650913099094295511e+00
3.480651832061852691e+00
3.298132018018873346e+00
3.105116327415669009e+00
2.903326103016860227e+00
2.694417400527581830e+00
2.479961060760903724e+00
2.261425563191843402e+00
2.040167384704894893e+00
1.817425973669152484e+00
1.594322603304512365e+00
1.371863183002129727e+00
1.150945243198840062e+00
9.323634925477859436e-01
7.168131593666328127e-01
5.049004758396249404e-01
2.971543320518873488e-01
9.403353737218803077e-02
-1.040645295506435752e-01
-2.967959714398421545e-01
-4.838643935372762273e-01
-6.650139445980143282e-01
-8.400237827171145311e-01
-1.008703450026916082e+00
-1.170889188958852634e+00
-1.326442273722402865e+00
-1.475245780474322421e+00
-1.617202557030989363e+00
-1.752236026143080050e+00
-1.880289722097943539e+00
-2.001326267938307701e+00
-2.115326802411607865e+00
-2.222290140652448898e+00
-2.322232199916327122e+00
-2.415185611554278911e+00
-2.501199160580604541e+00
-2.580337520191976264e+00
-2.652681045877026467e+00
-2.718325475699167715e+00
-2.777381552923317898e+00
-2.829972775135065621e+00
-2.876233641598911817e+00
-2.916309889663438959e+00
-2.950356873419515136e+00
-2.978538295752517939e+00
-3.001026853618781853e+00
-3.018003804868802487e+00
-3.029658084605326707e+00
-3.036185975993102470e+00
-3.037789779675444723e+00
-3.034676579664981499e+00
-3.027058136990617765e+00
-3.015149858263626026e+00
-2.999169875252033712e+00
-2.979339115796854731e+00
-2.955880565962113238e+00
-2.929018551237147161e+00
-2.898978789677284063e+00
-2.865987907165215454e+00
-2.830273413069408939e+00
-2.792064459491428341e+00
-2.751592134024134051e+00
-2.709088946365335815e+00
-2.664788640546053688e+00
-2.618926987512315119e+00
-2.571741646553758365e+00
-2.523471833909579853e+00
-2.474358816813039486e+00
-2.424645936328118978e+00
-2.374578770542967288e+00
-2.324406024648456803e+00
-2.274380601925875656e+00
-2.224760322108178201e+00
-2.175809136942319810e+00
-2.127799360327298661e+00
-2.081013593169869225e+00
-2.035746927254060701e+00
-1.992310207805051636e+00
-1.951034002372747045e+00
-1.912272956247298206e+00
-1.876411213791748578e+00
-1.843869503916782504e+00
-1.815113449832198578e+00
-1.790663037447760120e+00
-1.771104128811274991e+00
-1.757102196587447374e+00
-1.749416500203779368e+00
-1.748911990076986056e+00
-1.756562632083120690e+00
-1.773430460535109221e+00
-1.800583217652469870e+00
-1.838863058734644396e+00
-1.888290158739724056e+00
-1.946544789083823224e+00
-2.005014737554902116e+00
-2.037981843814819172e+00
-1.970574530342762420e+00
-1.569279021572115740e+00
1.464057298765737529e-02
3.314240119718477651e+00
1.386422652736665873e+00
1.000017322750463844e+00
1.000000000000000000e+00
1.000000000000000000e+00
