1.000000000000000000e+00
1.000000020671130585e+00
1.000000099906520168e+00
1.000000579834312342e+00
1.000002493417611049e+00
1.000008112973718610e+00
1.000021895473512945e+00
1.000052136317451268e+00
1.000113825794207489e+00
1.000233406244762646e+00
1.000456363902299417e+00
1.000858828029340453e+00
1.001564523926467221e+00
1.002768400821582473e+00
1.004767798885012331e+00
1.008000773138183259e+00
1.013088739497788549e+00
1.020876586940253405e+00
1.032457909110043648e+00
1.049167740137509686e+00
1.072522555854070747e+00
1.104095625189543295e+00
1.145336034612601583e+00
1.197376577224312788e+00
1.260912173149852933e+00
1.336217347506912567e+00
1.423322925645969184e+00
1.522189749922356450e+00
1.632665338865902926e+00
1.754030653288684682e+00
1.884178344119534332e+00
2.018979369391918244e+00
2.152241990028765262e+00
2.276598686842789654e+00
2.384894073551235394e+00
2.471467748918729779e+00
2.533030497573640627e+00
2.568688958532220123e+00
2.579650219160826818e+00
2.568566744273169888e+00
2.538942526894970797e+00
2.494691751648578482e+00
2.439681729447830794e+00
2.377555447880691286e+00
2.311519016656512271e+00
2.244313252524966273e+00
2.178198103089898030e+00
2.114971723363620715e+00
2.056057311776323449e+00
2.002506120149164293e+00
1.955076048882887552e+00
1.914262551584527960e+00
1.880350724868461887e+00
1.853462114005446582e+00
1.833569319387902352e+00
1.820536998947980711e+00
1.814125709148924903e+00
1.814018484641514606e+00
1.819835249997417082e+00
1.831137820500132962e+00
1.847443723019384976e+00
1.868225175443144259e+00
1.892922729336007359e+00
1.920948319865092513e+00
1.951691349051839719e+00
1.984525983595115228e+00
2.018808862920540292e+00
2.053888244085092740e+00
2.089108993680084847e+00
2.123822501646393412e+00
2.157395386687107397e+00
2.189211705266520980e+00
2.218681201576466755e+00
2.245245411829032367e+00
2.268385550730233291e+00
2.287628647409195803e+00
2.302551724202737127e+00
2.312787107336708115e+00
2.318024181738136846e+00
2.318013947609786296e+00
2.312572211079768625e+00
2.301579331754840307e+00
2.284979976508806132e+00
2.262780213857507938e+00
2.235044315371954582e+00
2.201890532831785929e+00
2.163487415576935469e+00
2.120049586597311908e+00
2.071830366188134764e+00
2.019115487377115326e+00
1.962217074776978931e+00
1.901467858738242311e+00
1.837216091029519216e+00
1.769819466730938373e+00
1.699641139117388233e+00
1.627045951206337771e+00
1.552395285106089373e+00
1.476043489865041636e+00
1.398334877276229404e+00
1.319601063171582656e+00
1.240159073608581020e+00
1.160309965001509847e+00
1.080338427356776876e+00
1.000512374828926854e+00
9.210822820586174187e-01
8.422811589368492946e-01
7.643247282836174161e-01
6.874117692016078474e-01
6.117247475395783951e-01
5.374308773220554114e-01
4.646826992686773905e-01
3.936180918867233092e-01
3.243614788484391886e-01
2.570252283956399042e-01
1.917102625420891437e-01
1.285069465209722483e-01
6.749590445690500928e-02
8.748534074876019098e-03
-4.767223401973437469e-02
-1.017113670158141109e-01
-1.533212618541285321e-01
-2.024613863156122240e-01
-2.490982352089252672e-01
-2.932049479212494036e-01
-3.347610945625896228e-01
-3.737529448522933229e-01
-4.101734676265497703e-01
-4.440221898968047531e-01
-4.753051056202067803e-01
-5.040345045673623181e-01
-5.302288225997842108e-01
-5.539125025587156026e-01
-5.751158016281459062e-01
-5.938746349483208231e-01
-6.102304147390777977e-01
-6.242298584439907039e-01
-6.359247711174900175e-01
-6.453714672300499000e-01
-6.526302756762267787e-01
-6.577654128525524113e-01
-6.608445053902949340e-01
-6.619381766366140285e-01
-6.611199936562647261e-01
-6.584662150312323714e-01
-6.540554570627605813e-01
-6.479684685783323461e-01
-6.402877228701578938e-01
-6.310970334003932480e-01
-6.204813891662394054e-01
-6.085266242982141360e-01
-5.953191170009504152e-01
-5.809456849368122011e-01
-5.654933385594599349e-01
-5.490490484409099592e-01
-5.316996694186479910e-01
-5.135317751969468159e-01
-4.946315919825456375e-01
-4.750850930697206875e-01
-4.549780191262733919e-01
-4.343957605246382414e-01
-4.134233160106743910e-01
-3.921454526464708268e-01
-3.706467074936500850e-01
-3.490113716221567297e-01
-3.273236506888629882e-01
-3.056677595002679770e-01
-2.841280685819831398e-01
-2.627894168148791065e-01
-2.417374909039978204e-01
-2.210591754620513938e-01
-2.008430396280192765e-01
-1.811800645206581295e-01
-1.621643697432491871e-01
-1.438940577251460462e-01
-1.264723324384103009e-01
-1.100088351030180794e-01
-9.462114390351107629e-02
-8.043656829463390057e-02
-6.759434134624627000e-02
-5.624809260756845342e-02
-4.656850456212490580e-02
-3.874613601533118123e-02
-3.299406459751640097e-02
-2.954923800557490363e-02
-2.867044812939058621e-02
-3.062850114237168977e-02
-3.567881887227003501e-02
-4.399471108323855378e-02
-5.551150393423205653e-02
-6.956167203087035289e-02
-8.399612034233890079e-02
-9.296012726249382185e-02
-8.084789911181562705e-02
-4.203772531321991329e-03
2.699101855734613586e-01
1.199239022790507647e+00
2.027686054605848387e+00
1.016182355301166629e+00
1.000000132260553620e+00
1.000000000000000000e+00
1.000000000000000000e+00
