1.000000000000000000e+00
1.000000147502583481e+00
1.000000698838249269e+00
1.000004020409446470e+00
1.000017260776068673e+00
1.000056105258066985e+00
1.000151199810395797e+00
1.000359277377480316e+00
1.000782113521563987e+00
1.001597475806873305e+00
1.003107127568668933e+00
1.005807241805582786e+00
1.010485459290442645e+00
1.018344984199418324e+00
1.031147825942951624e+00
1.051354828065367064e+00
1.082219321830935943e+00
1.127767521857093502e+00
1.192582145999069310e+00
1.281317091094403393e+00
1.397924934598046010e+00
1.544706195015446371e+00
1.721434836390415724e+00
1.924950529650468978e+00
2.149621233180117663e+00
2.388790173122851801e+00
2.637022679767050626e+00
2.892142144591813846e+00
3.156041794522528310e+00
3.433317930762250558e+00
3.727673896074163995e+00
4.038293163690533483e+00
4.357637501375676514e+00
4.672295448802209705e+00
4.965536347590435717e+00
5.219837867612675986e+00
5.419155079067451197e+00
5.549148202537506513e+00
5.597826051190604169e+00
5.555444678887820231e+00
5.415080291924376787e+00
5.173912130794709796e+00
4.833537968062231904e+00
4.401264916039560049e+00
3.889854429403591940e+00
3.317399538760458899e+00
2.706017699108645314e+00
2.079828663756399187e+00
1.463073138023496478e+00
8.774947971438121774e-01
3.410017116905713075e-01
-1.333695748513261115e-01
-5.374951921870908533e-01
-8.676255843879261409e-01
-1.123734248855675411e+00
-1.308400822184223822e+00
-1.426041752207595881e+00
-1.482044566765547966e+00
-1.482198074752520300e+00
-1.432379670516874981e+00
-1.338295265551389779e+00
-1.205434944788687845e+00
-1.038951043823846065e+00
-8.436493213313340789e-01
-6.239661899534041378e-01
-3.839424322408251378e-01
-1.272809157114641876e-01
1.426758832378689779e-01
4.229227734634639080e-01
7.107920921324634156e-01
1.003932904457431663e+00
1.300232116641073299e+00
1.597775260242960682e+00
1.894789268312615294e+00
2.189599970290043274e+00
2.480582549099437983e+00
2.766106519439761602e+00
3.044501462435336148e+00
3.314011890591562537e+00
3.572790676014450550e+00
3.818903481242811981e+00
4.050329961204175433e+00
4.264988081688237287e+00
4.460761140471882769e+00
4.635543521983072957e+00
4.787296874278483827e+00
4.914124693321316073e+00
5.014351881777550979e+00
5.086582085537318498e+00
5.129759125288018140e+00
5.143219820887734883e+00
5.126732375827387500e+00
5.080519697715854655e+00
5.005251276115135539e+00
4.902028323563604850e+00
4.772348276827696800e+00
4.618038603452053081e+00
4.441188750044486433e+00
4.244076911889049342e+00
4.029094832758322475e+00
3.798678595868658192e+00
3.555246945957402982e+00
3.301153623200371090e+00
3.038646802858623097e+00
2.769834383452391968e+00
2.496662534907012176e+00
2.220903169948520439e+00
1.944149074926375897e+00
1.667816531356216769e+00
1.393155411568675062e+00
1.121257949005339594e+00
8.530647534527353582e-01
5.893819115196941016e-01
3.308999041753160064e-01
7.820586496101170071e-02
-1.682021809985862204e-01
-4.079023111744106145e-01
-6.405388384233626775e-01
-8.658111509527616212e-01
-1.083464871776538274e+00
-1.293284529770973856e+00
-1.495087775240423023e+00
-1.688722714287882676e+00
-1.874062983777643687e+00
-2.051004706966770730e+00
-2.219467734993611607e+00
-2.379395023959718802e+00
-2.530751216348269939e+00
-2.673521929434683919e+00
-2.807712676142966490e+00
-2.933348208977808458e+00
-3.050472162580716518e+00
-3.159146457352786097e+00
-3.259451158103855217e+00
-3.351484432178624573e+00
-3.435362377037880943e+00
-3.511218739466077210e+00
-3.579201854618637935e+00
-3.639472340865636202e+00
-3.692203753688207080e+00
-3.737580472336292203e+00
-3.775796114115561153e+00
-3.807054784858964869e+00
-3.831570715504621916e+00
-3.849567222793893073e+00
-3.861276485480261922e+00
-3.866937823888119574e+00
-3.866796115821302671e+00
-3.861101875965468277e+00
-3.850109949238967655e+00
-3.834078358336371561e+00
-3.813268609172109969e+00
-3.787944781533509442e+00
-3.758372634975252424e+00
-3.724819845083989112e+00
-3.687555425692060851e+00
-3.646849818338352645e+00
-3.602976125960305254e+00
-3.556210635621378735e+00
-3.506832126539854322e+00
-3.455121641379700126e+00
-3.401363688662094820e+00
-3.345846039207732936e+00
-3.288859210393818788e+00
-3.230697144207558047e+00
-3.171657152535318325e+00
-3.112040032516814048e+00
-3.052151215584027355e+00
-2.992302133925031526e+00
-2.932811005750100009e+00
-2.874004290006412887e+00
-2.816219565201193209e+00
-2.759807861829138176e+00
-2.705136298329596567e+00
-2.652592156097878018e+00
-2.602587848107379198e+00
-2.555566281768854253e+00
-2.512007597128825154e+00
-2.472438144574545138e+00
-2.437441041969699906e+00
-2.407668241170048073e+00
-2.383855523565093559e+00
-2.366840959194246530e+00
-2.357584819927228459e+00
-2.357188297823239687e+00
-2.366904644073687169e+00
-2.388125917363348005e+00
-2.422304614679527290e+00
-2.470713407307378873e+00
-2.533802083387964199e+00
-2.609531521244617736e+00
-2.689014943696393267e+00
-2.744695147112067968e+00
-2.696069725682941343e+00
-2.294093881654280853e+00
-6.149683610491279984e-01
3.338154474332342581e+00
1.661088005093608322e+00
1.000065735129865407e+00
1.000000000000000000e+00
1.000000000000000000e+00
