1.000000000000000000e+00
1.000000019030261145e+00
1.000000092035319588e+00
1.000000534301030752e+00
1.000002297730743228e+00
1.000007476493869119e+00
1.000020178637047064e+00
1.000048051405724836e+00
1.000104916904600794e+00
1.000215164078115171e+00
1.000420763477921859e+00
1.000791996947571816e+00
1.001443164869322722e+00
1.002554527227980996e+00
1.004401340757439032e+00
1.007389744296997458e+00
1.012097031538351510e+00
1.019310186837925070e+00
1.030051504460977485e+00
1.045575161911440620e+00
1.067315944871043421e+00
1.096778513602310934e+00
1.135373678461516711e+00
1.184241683531609857e+00
1.244136196177328735e+00
1.315431388367944709e+00
1.398270806601752403e+00
1.492709302688786988e+00
1.598651550332104376e+00
1.715411818171688640e+00
1.840938622477470865e+00
1.971227510010233219e+00
2.100302284946430120e+00
2.221074926017299944e+00
2.326678144685597971e+00
2.411693445124093671e+00
2.472983157614420779e+00
2.509710480027560919e+00
2.523046520558430483e+00
2.515537028910173944e+00
2.490527603673393653e+00
2.451736279336842461e+00
2.402819626280599419e+00
2.347204106674359636e+00
2.287890205531333265e+00
2.227429392646551154e+00
2.167914217424127266e+00
2.111000536983913545e+00
2.057991458320497902e+00
2.009843549838147947e+00
1.967241565717857243e+00
1.930628595954203108e+00
1.900254944427193671e+00
1.876221592528728666e+00
1.858493793424297769e+00
1.846938565816516498e+00
1.841328035605085622e+00
1.841363523182170336e+00
1.846688498378898036e+00
1.856892989039257147e+00
1.871526133328463404e+00
1.890095270898031421e+00
1.912078535227258236e+00
1.936927865874725097e+00
1.964074880680963808e+00
1.992937923684603208e+00
2.022920411200221924e+00
2.053419638984444795e+00
2.083831791386039800e+00
2.113561402332817973e+00
2.142029646134809173e+00
2.168676619362103430e+00
2.192969022334596119e+00
2.214405762533629751e+00
2.232525051969244334e+00
2.246909782237536124e+00
2.257191001010116604e+00
2.263052319182521810e+00
2.264231006139231450e+00
2.260521584470133849e+00
2.251778161369006881e+00
2.237913638568496122e+00
2.218898965516472810e+00
2.194760035229247563e+00
2.165574390884266620e+00
2.131467089155716366e+00
2.092607145293075011e+00
2.049203576579344599e+00
2.001498665576270319e+00
1.949762287454396059e+00
1.894286536253346753e+00
1.835380609853965339e+00
1.773366363471911455e+00
1.708572978606430981e+00
1.641333538381837931e+00
1.571981796996973380e+00
1.500847682561092800e+00
1.428254216056729087e+00
1.354514925773798062e+00
1.279931553184382009e+00
1.204792431027663868e+00
1.129371306628816907e+00
1.053927038481190737e+00
9.787032641506758779e-01
9.039278219126775094e-01
8.298127394526471079e-01
7.565543966830680089e-01
6.843338310666143842e-01
6.133172979658575441e-01
5.436572186909671700e-01
4.754926874446242513e-01
4.089494609012026549e-01
3.441410345404083970e-01
2.811698945951628392e-01
2.201280530062480478e-01
1.610978385814997027e-01
1.041526230229067596e-01
4.935727523133199429e-02
-3.231160022816509381e-03
-5.356295404755544165e-02
-1.015952763427212663e-01
-1.472918740666319115e-01
-1.906230363826684759e-01
-2.315652492425634978e-01
-2.701010018757404874e-01
-3.062190310328366527e-01
-3.399143190083936950e-01
-3.711879626679132071e-01
-4.000470865498108042e-01
-4.265046822329381371e-01
-4.505794662272956663e-01
-4.722957466889936007e-01
-4.916832407076878741e-01
-5.087769239498201035e-01
-5.236168757056215428e-01
-5.362480953321352439e-01
-5.467202949384433186e-01
-5.550873637208132427e-01
-5.614069078143465452e-01
-5.657401250436463469e-01
-5.681513609363670891e-01
-5.687077228528505390e-01
-5.674790224134633743e-01
-5.645375369439701307e-01
-5.599576969889831224e-01
-5.538158730402829022e-01
-5.461899962748647530e-01
-5.371592013846343550e-01
-5.268036698267712925e-01
-5.152043227674228953e-01
-5.024425413048190237e-01
-4.886000660810299046e-01
-4.737587682490019270e-01
-4.580004338255184715e-01
-4.414066914396766461e-01
-4.240588592808333113e-01
-4.060378828926432537e-01
-3.874244201856077985e-01
-3.682988595918749719e-01
-3.487412134588616097e-01
-3.288310817506835959e-01
-3.086477998092025943e-01
-2.882704430173698151e-01
-2.677778163847083226e-01
-2.472486059226545463e-01
-2.267614711354034307e-01
-2.063951861667147891e-01
-1.862289335584128014e-01
-1.663426604863897651e-01
-1.468174101200517001e-01
-1.277357793579942946e-01
-1.091825981395311146e-01
-9.124561059424332599e-02
-7.401626645229333890e-02
-5.759076545615474801e-02
-4.207130270813969064e-02
-2.756746663113504928e-02
-1.419790769863823847e-02
-2.092370277254060502e-03
8.606023312487139434e-03
1.773833273974274177e-02
2.512723455142622936e-02
3.057467925227419156e-02
3.386084093733882083e-02
3.474637580304535539e-02
3.298225591513506694e-02
2.833655604410368831e-02
2.065904880218079331e-02
1.003129342698627115e-02
-2.883174260136598527e-03
-1.599723811640958032e-02
-2.367291084124291053e-02
-1.094334872035672250e-02
6.377872976863784016e-02
3.275563237243763193e-01
1.216728914114459270e+00
1.960796707753889256e+00
1.013245423058434014e+00
1.000000103760714021e+00
1.000000000000000000e+00
1.000000000000000000e+00
