1.000000000000000000e+00
1.000000013850243175e+00
1.000000067144450222e+00
1.000000390204688339e+00
1.000001678368154234e+00
1.000005461817676133e+00
1.000014743598747646e+00
1.000035117388947015e+00
1.000076701802428802e+00
1.000157370419044955e+00
1.000307925952180987e+00
1.000580047187234367e+00
1.001057989341537224e+00
1.001875060310600585e+00
1.003235681219643460e+00
1.005443136429491124e+00
1.008931638676622944e+00
1.014298795069452641e+00
1.022330922038157341e+00
1.034009855182516979e+00
1.050487340378399859e+00
1.073017096575928697e+00
1.102846190543569138e+00
1.141090255547866361e+00
1.188641206581663390e+00
1.246149211828452286e+00
1.314090841558755329e+00
1.392815517988736262e+00
1.482429500285180834e+00
1.582398614942208237e+00
1.690920891458887576e+00
1.804482968717786573e+00
1.917902357886265508e+00
2.025084175168990974e+00
2.120157350861426426e+00
2.198512622296683094e+00
2.257488399179549798e+00
2.296382692029616202e+00
2.316182167259324132e+00
2.319015184718668188e+00
2.307652157272395144e+00
2.285132444651148287e+00
2.254408693268926900e+00
2.218206549209883249e+00
2.178878716979396390e+00
2.138394510490908562e+00
2.098342873038393730e+00
2.059959844430802267e+00
2.024199667176728834e+00
1.991748008081576149e+00
1.963082693772129961e+00
1.938500428590960611e+00
1.918155367564725822e+00
1.902092445401442289e+00
1.890258432100435204e+00
1.882529402788506223e+00
1.878713474672035089e+00
1.878568128369694890e+00
1.881809532358150516e+00
1.888115869237750433e+00
1.897136551504739588e+00
1.908492066935745024e+00
1.921783530726987044e+00
1.936595602077020528e+00
1.952501534207990552e+00
1.969069109773173842e+00
1.985860473597901299e+00
2.002439277678310869e+00
2.018375039791151071e+00
2.033250447801225658e+00
2.046667610742944010e+00
2.058249849371445617e+00
2.067646985400307447e+00
2.074538888323453456e+00
2.078639784923372424e+00
2.079701117657562826e+00
2.077512877632355259e+00
2.071905437394885752e+00
2.062748997254517214e+00
2.049954745825583569e+00
2.033475184340752584e+00
2.013302385665771688e+00
1.989466431796281354e+00
1.962032401036791551e+00
1.931097426203864265e+00
1.896787378043633066e+00
1.859254151822702150e+00
1.818672863546612728e+00
1.775237287401123298e+00
1.729156160296410283e+00
1.680649794285012710e+00
1.629946936345333608e+00
1.577282130621199929e+00
1.522892483819741960e+00
1.467015738179009210e+00
1.409888455875401236e+00
1.351743290401837827e+00
1.292807188622131731e+00
1.233299884727478091e+00
1.173432543498514891e+00
1.113406817950526762e+00
1.053414168260942363e+00
9.936357432630527065e-01
9.342422073171775532e-01
8.753933663314695801e-01
8.172381610024613829e-01
7.599147614180846722e-01
7.035507458972457551e-01
6.482634465726674344e-01
5.941605576597517313e-01
5.413404358222716484e-01
4.898920406247951886e-01
4.398956289130093733e-01
3.914235751551538023e-01
3.445406991604472724e-01
2.993047760087677589e-01
2.557670062849960457e-01
2.139723030367285672e-01
1.739597397157474634e-01
1.357628851256513225e-01
9.941008071139544044e-02
6.492465499130720130e-02
3.232494434738239497e-02
1.624532725896383947e-03
-2.716761009080962547e-02
-5.404729113664827334e-02
-7.901508295416442840e-02
-1.020762197151181272e-01
-1.232405213009415412e-01
-1.425222637201097597e-01
-1.599400602470302246e-01
-1.755167468583428425e-01
-1.892792317221654030e-01
-2.012583658834720957e-01
-2.114888097375945131e-01
-2.200088788354188640e-01
-2.268603726328692338e-01
-2.320881744712916528e-01
-2.357399039235158755e-01
-2.378658023669399102e-01
-2.385183972119122309e-01
-2.377522071251072511e-01
-2.356236765358599716e-01
-2.321909851799798530e-01
-2.275138072578780923e-01
-2.216531408425052863e-01
-2.146710230664555519e-01
-2.066302620791163613e-01
-1.975943100125948093e-01
-1.876270329097068090e-01
-1.767925012776390692e-01
-1.651549072137261098e-01
-1.527783937293709093e-01
-1.397268951763341593e-01
-1.260640793184387987e-01
-1.118532350200435177e-01
-9.715722507829337162e-02
-8.203854348089890947e-02
-6.655932811367044899e-02
-5.078128867766223270e-02
-3.476568570083845428e-02
-1.857343992866733462e-02
-2.265144480287405084e-03
1.409893093639495720e-02
3.045872043387745295e-02
4.675428034698554669e-02
6.292567046210684190e-02
7.891272535794459364e-02
9.465477817914270953e-02
1.100903971452233121e-01
1.251570289314973827e-01
1.397904820324268327e-01
1.539244023845114662e-01
1.674896651253087732e-01
1.804135826567980772e-01
1.926189651786555934e-01
2.040230681060331008e-01
2.145363466346483228e-01
2.240609589834364201e-01
2.324891074539490732e-01
2.397013077933863312e-01
2.455646537715701905e-01
2.499314057280317691e-01
2.526388160178237863e-01
2.535119235876024946e-01
2.523729451119102740e-01
2.490651443186969738e-01
2.435085848918877027e-01
2.358273966758347440e-01
2.266434501269361246e-01
2.177770539135473749e-01
2.140098196612753578e-01
2.278594283157841516e-01
2.938478502703919526e-01
5.169804564349423925e-01
1.253943261854606028e+00
1.730647236981054382e+00
1.006201915928734314e+00
1.000000042350823071e+00
1.000000000000000000e+00
1.000000000000000000e+00
