1.000000000000000000e+00
1.000000146230890063e+00
1.000000692895081089e+00
1.000003986429459202e+00
1.000017115058054795e+00
1.000055631954383406e+00
1.000149925611115265e+00
1.000356254220355012e+00
1.000775546266883032e+00
1.001584100746506945e+00
1.003081213454077192e+00
1.005759056393052298e+00
1.010399038272276062e+00
1.018195084648547466e+00
1.030896083908396932e+00
1.050945414621988760e+00
1.081574824895289000e+00
1.126786323170603898e+00
1.191139036857715938e+00
1.279268928826188478e+00
1.395122441833181126e+00
1.541011256499826398e+00
1.716740353577184131e+00
1.919197817513627280e+00
2.142809112768428559e+00
2.380971445277090925e+00
2.628285787328087153e+00
2.882581005246478423e+00
3.145720336531447447e+00
3.422240207635160125e+00
3.715771946468893638e+00
4.025434442470422702e+00
4.343647651003758270e+00
4.656983813016769780e+00
4.948719005425789241e+00
5.201361038399576309e+00
5.398919360507989040e+00
5.527141621943608918e+00
5.574157190735493650e+00
5.530374929164204367e+00
5.389045907012486758e+00
5.147525419306865579e+00
4.807570188128771349e+00
4.376597460782510218e+00
3.867408642586550815e+00
3.298046064379926534e+00
2.690485001300492840e+00
2.068630444784863354e+00
1.456464861162659608e+00
8.754734651469513462e-01
3.433358484565603441e-01
-1.270864465245528652e-01
-5.277830917068317973e-01
-8.550596251555361293e-01
-1.108894707989923623e+00
-1.291839494370181196e+00
-1.408261615653580989e+00
-1.463492502341625645e+00
-1.463265384897524779e+00
-1.413405794449953179e+00
-1.319572880652402747e+00
-1.187213901105999447e+00
-1.021442011578381326e+00
-8.270265738357108765e-01
-6.083702075829431344e-01
-3.694828355469679804e-01
-1.140392834353735202e-01
1.546424764187203926e-01
4.335779182792589559e-01
7.201158233260529506e-01
1.011917420141883683e+00
1.306878059278756776e+00
1.603088347648949696e+00
1.898777516092769124e+00
2.192271462756398392e+00
2.481943870386833950e+00
2.766161937252772152e+00
3.043252748296342070e+00
3.311458909447618559e+00
3.568932496065628346e+00
3.813739957376669487e+00
4.043863841814597571e+00
4.257227458979289558e+00
4.451722189327135482e+00
4.625253308400203878e+00
4.775796035069486578e+00
4.901469684376627001e+00
5.000616564254964480e+00
5.071858627326738755e+00
5.114157992919317053e+00
5.126868766377193687e+00
5.109774420793200100e+00
5.063110186480443531e+00
4.987554277182584705e+00
4.884212514649444614e+00
4.754582613650130796e+00
4.600488190540512612e+00
4.424011093772501901e+00
4.227418751258328555e+00
4.013089688720338444e+00
3.783445075675865965e+00
3.540887788726983842e+00
3.287755383480202909e+00
3.026280104577579788e+00
2.758554669692339534e+00
2.486511163272442371e+00
2.211908737615626119e+00
1.936328869275528053e+00
1.661178007967484049e+00
1.387697607813253908e+00
1.116972826274230002e+00
8.499384787395272145e-01
5.873959728336144437e-01
3.300320418396452959e-01
7.843087760574149470e-02
-1.669117715394097534e-01
-4.055757221328432638e-01
-6.372065850733209524e-01
-8.615047105961950447e-01
-1.078216429489624817e+00
-1.287126790449650837e+00
-1.488053826515870481e+00
-1.680845911926249103e+00
-1.865376878239725977e+00
-2.041542993679899887e+00
-2.209264190895706914e+00
-2.368483446347112054e+00
-2.519165370486197819e+00
-2.661295498476496491e+00
-2.794879216204944949e+00
-2.919941105414449734e+00
-3.036524584677919414e+00
-3.144691313281345657e+00
-3.244521046053550073e+00
-3.336111586711940191e+00
-3.419578611672885238e+00
-3.495055386326586522e+00
-3.562689724731101126e+00
-3.622641698365970608e+00
-3.675084278752186240e+00
-3.720201236494953712e+00
-3.758185563411144514e+00
-3.789240706894954069e+00
-3.813580204331359802e+00
-3.831426647485640213e+00
-3.843011455630426010e+00
-3.848573164885704223e+00
-3.848355852860724902e+00
-3.842609212889758208e+00
-3.831587254191978875e+00
-3.815547155100029730e+00
-3.794749562091646933e+00
-3.769457684580792112e+00
-3.739936405053109869e+00
-3.706452510285198620e+00
-3.669274115696253613e+00
-3.628670751595455712e+00
-3.584914584331996945e+00
-3.538280932853921534e+00
-3.489047581196369485e+00
-3.437494550692552053e+00
-3.383905291659428993e+00
-3.328566481486832540e+00
-3.271767513696106189e+00
-3.213801171317486105e+00
-3.154963574379127333e+00
-3.095554296797295102e+00
-3.035877509125870066e+00
-2.976243337942202860e+00
-2.916968650150871145e+00
-2.858378502492746609e+00
-2.800809004817334191e+00
-2.744609643544802413e+00
-2.690145908424038446e+00
-2.637803348977606710e+00
-2.587992520313064926e+00
-2.541154323728121778e+00
-2.497766715569876173e+00
-2.458353641852085492e+00
-2.423495544547602076e+00
-2.393841369957903087e+00
-2.370123485363529792e+00
-2.353176029591812490e+00
-2.343954694197794453e+00
-2.343555284448355813e+00
-2.353224675943761390e+00
-2.374347379867070007e+00
-2.408367069785143144e+00
-2.456546499073290590e+00
-2.519325463525713182e+00
-2.594658041413428151e+00
-2.673662665575641917e+00
-2.728819949189177585e+00
-2.679734872382046884e+00
-2.277611033083098757e+00
-5.999966065903054036e-01
3.340202867676452136e+00
1.654187396868471716e+00
1.000063870756725537e+00
1.000000000000000000e+00
1.000000000000000000e+00
