1.000000000000000000e+00
1.000000065478231281e+00
1.000000313243021077e+00
1.000001809867451685e+00
1.000007776472509491e+00
1.000025289736151679e+00
1.000068202723010335e+00
1.000162229335955999e+00
1.000353666842293210e+00
1.000723781632499865e+00
1.001411450441511697e+00
1.002647079336615121e+00
1.004800815976973904e+00
1.008447095423284035e+00
1.014444804052981208e+00
1.024026737046452640e+00
1.038882697374908126e+00
1.061207565840577960e+00
1.093671471753746127e+00
1.139262167421881022e+00
1.200959093679929923e+00
1.281248161238208283e+00
1.381565864186210524e+00
1.501868030129966947e+00
1.640585964087663440e+00
1.795127169144750123e+00
1.962897392961856502e+00
2.142304471086119655e+00
2.333119805879864117e+00
2.535628225423003812e+00
2.748577493383298265e+00
2.967255582359646482e+00
3.182615434767170903e+00
3.382378590091840387e+00
3.553282962847100990e+00
3.683327842473699043e+00
3.763629903747727212e+00
3.788780029823377138e+00
3.756974850926677600e+00
3.669425237246723537e+00
3.529887206841955116e+00
3.344382934261495244e+00
3.120457879317664940e+00
2.866919576669487046e+00
2.593100244188126347e+00
2.308470403264800019e+00
2.022142585139166115e+00
1.742437506419053816e+00
1.476719988864401589e+00
1.231014793906478610e+00
1.010008082905729410e+00
8.169940138974133292e-01
6.540041065541410958e-01
5.219977883588825529e-01
4.209878035636001048e-01
3.502897186180148892e-01
3.086435060298467481e-01
2.944113513249628777e-01
3.057165086856016845e-01
3.405301379466725842e-01
3.967711736825316748e-01
4.723362930058825904e-01
5.651664900088294585e-01
6.732636411399012255e-01
7.947070297058098642e-01
9.276656570012143943e-01
1.070370496146835881e+00
1.221120769190227051e+00
1.378271692676019455e+00
1.540235978189432808e+00
1.705479561509570585e+00
1.872494540518246930e+00
2.039793548421711566e+00
2.205898926414700423e+00
2.369341476803861646e+00
2.528658129030276758e+00
2.682388886943192663e+00
2.829084750503139123e+00
2.967311134792902649e+00
3.095669115048101272e+00
3.212820124757902907e+00
3.317506116126588633e+00
3.408576030419872005e+00
3.485007660300282417e+00
3.545931298221126848e+00
3.590650569548313076e+00
3.618663985598578936e+00
3.629681501201123428e+00
3.623625104429892385e+00
3.600627444237248120e+00
3.561024940681825068e+00
3.505345188922767807e+00
3.434290666897688915e+00
3.348713348587314620e+00
3.249592418545326211e+00
3.138009390310640079e+00
3.015116043908409704e+00
2.882107069153660106e+00
2.740194707870852397e+00
2.590585388220585372e+00
2.434460442996612350e+00
2.272960364213896689e+00
2.107174469306454245e+00
1.938132359073716504e+00
1.766796240012616481e+00
1.594057195507495805e+00
1.420733596144950761e+00
1.247571285185767209e+00
1.075245736155810095e+00
9.043664728316445078e-01
7.354802334213211834e-01
5.690724569640057684e-01
4.055733132072514846e-01
2.453644744075871020e-01
8.878302977213059499e-02
-6.387364452763338862e-02
-2.123433958185318993e-01
-3.563960143654295032e-01
-4.958292215979686057e-01
-6.304655013606864644e-01
-7.601494460695875643e-01
-8.847456444026846611e-01
-1.004137829347729216e+00
-1.118226943480753910e+00
-1.226929936528635690e+00
-1.330180387347021265e+00
-1.427928259230378805e+00
-1.520139252137314045e+00
-1.606794420710600191e+00
-1.687889589962054959e+00
-1.763434921782893960e+00
-1.833454584559291778e+00
-1.897986291762772337e+00
-1.957081020569638730e+00
-2.010802758194258910e+00
-2.059228176340851313e+00
-2.102446246267305696e+00
-2.140556607704376280e+00
-2.173668258376974194e+00
-2.201899556465581220e+00
-2.225376993740015408e+00
-2.244234200486411090e+00
-2.258612219039640046e+00
-2.268659067469859458e+00
-2.274529007833367533e+00
-2.276382185443269091e+00
-2.274383609506462456e+00
-2.268702201742856861e+00
-2.259510598087225652e+00
-2.246984344204937756e+00
-2.231301170805637391e+00
-2.212640933500410245e+00
-2.191185024660351477e+00
-2.167115805577408683e+00
-2.140616558933108760e+00
-2.111871093705457891e+00
-2.081063664422888593e+00
-2.048379420093721759e+00
-2.014004554301358052e+00
-1.978125931318871267e+00
-1.940930939218520113e+00
-1.902608005572413274e+00
-1.863346508978461102e+00
-1.823336576824550637e+00
-1.782769446499689936e+00
-1.741837531758590130e+00
-1.700734601877573304e+00
-1.659656465487964860e+00
-1.618801800075261532e+00
-1.578372776832574820e+00
-1.538576049097698295e+00
-1.499624453324770013e+00
-1.461738553345776293e+00
-1.425148423042785328e+00
-1.390096193660059987e+00
-1.356839141703376717e+00
-1.325653115155563277e+00
-1.296836757336948143e+00
-1.270716929297613929e+00
-1.247655030930746589e+00
-1.228054143495043382e+00
-1.212367494028376624e+00
-1.201108160317059248e+00
-1.194858411305384616e+00
-1.194275990162553702e+00
-1.200091276251201045e+00
-1.213080898939771890e+00
-1.233984343429004316e+00
-1.263285380586236073e+00
-1.300666759738605460e+00
-1.343646137934048967e+00
-1.384049444725422573e+00
-1.398344650727527005e+00
-1.318724734428938339e+00
-9.340698183894876605e-01
5.099141110066089944e-01
3.074358799536210274e+00
1.198719441332050550e+00
1.000004598410238810e+00
1.000000000000000000e+00
1.000000000000000000e+00
