1.000000000000000000e+00
1.000000076762765477e+00
1.000000366607903368e+00
1.000002116620444692e+00
1.000009093250306513e+00
1.000029569443387611e+00
1.000079734673277709e+00
1.000189625914037928e+00
1.000413290508249231e+00
1.000845519163390485e+00
1.001648117485864464e+00
1.003089126851927970e+00
1.005598294049824482e+00
1.009840786885132902e+00
1.016807707441622632e+00
1.027915151356342927e+00
1.045092524737867290e+00
1.070825884248739923e+00
1.108106597337947585e+00
1.160229815617878302e+00
1.230401755454922474e+00
1.321175770594991361e+00
1.433829689394145346e+00
1.567914174533186600e+00
1.721267211877581360e+00
1.890656434089776017e+00
2.073003403258778743e+00
2.266566533056439958e+00
2.471380384062591862e+00
2.688311691710637330e+00
2.916737407871145216e+00
3.152325371991078651e+00
3.385935227997093122e+00
3.604692103622495924e+00
3.794321645473070603e+00
3.941505476175064526e+00
4.035885117971197644e+00
4.070478524120287211e+00
4.041955376558836299e+00
3.950157236252676451e+00
3.797789023712540679e+00
3.590329762814971737e+00
3.335357646115346686e+00
3.042381662806660003e+00
2.722028358616300991e+00
2.385565439275678212e+00
2.044224007074255223e+00
1.708550018548548488e+00
1.388066355401612162e+00
1.090680638603973129e+00
8.225923553050579207e-01
5.881734930806556960e-01
3.901090237889760504e-01
2.296401903490908614e-01
1.067466210715328351e-01
2.048524402673665770e-02
-3.082648964754991158e-02
-4.934175180514233094e-02
-3.749472231768845309e-02
2.118876561347983727e-03
6.687044862477746487e-02
1.541392467854028336e-01
2.613935707773983874e-01
3.862107091158600847e-01
5.262957370791865319e-01
6.794947001001433451e-01
8.437601559399706685e-01
1.017156369199337718e+00
1.197842216163257145e+00
1.384069626874349535e+00
1.574174695474700236e+00
1.766541556828014281e+00
1.959590789552846601e+00
2.151761218238992690e+00
2.341502441545576296e+00
2.527265792078889017e+00
2.707494318439445102e+00
2.880625690223015845e+00
3.045090270849709846e+00
3.199330748895961918e+00
3.341826980801552605e+00
3.471117036722697335e+00
3.585827380176456192e+00
3.684699575635153490e+00
3.766620990480894271e+00
3.830653961434868471e+00
3.876067255946354262e+00
3.902362698465138724e+00
3.909283518903992061e+00
3.896820260617393838e+00
3.865209552501627233e+00
3.814925079783591855e+00
3.746662804799820723e+00
3.661313923482887756e+00
3.559939921156904497e+00
3.443743155039665549e+00
3.314027792969528097e+00
3.172165423185747013e+00
3.019562465270375640e+00
2.857629677553406911e+00
2.687756485903621151e+00
2.511289686889198514e+00
2.329518874080910074e+00
2.143664384778039445e+00
1.954866704260398880e+00
1.764180959318072173e+00
1.572574322494478150e+00
1.380925842862224862e+00
1.190028871602051286e+00
1.000596360643901006e+00
8.132648197539201762e-01
6.285963946896477861e-01
4.470863666516685098e-01
2.691715405223513158e-01
9.523525656515448301e-02
-7.438648830641719778e-02
-2.393994006383007855e-01
-3.995467115705220174e-01
-5.546041743234554344e-01
-7.043760962821706828e-01
-8.486920149684752390e-01
-9.874040475008152296e-01
-1.120385755087866642e+00
-1.247529758883221263e+00
-1.368746245498041025e+00
-1.483963641082491902e+00
-1.593128281714978556e+00
-1.696203626698952860e+00
-1.793169800248402446e+00
-1.884022908796842311e+00
-1.968774548131988933e+00
-2.047451442197019578e+00
-2.120094936841312450e+00
-2.186760713144475510e+00
-2.247518539664180803e+00
-2.302451945564993885e+00
-2.351657828386089832e+00
-2.395244600855653161e+00
-2.433330719097823724e+00
-2.466044755883218365e+00
-2.493524029571827061e+00
-2.515913506703251201e+00
-2.533366194689781636e+00
-2.546042698794288128e+00
-2.554110430831201040e+00
-2.557743252143953150e+00
-2.557120340722785379e+00
-2.552425136302135300e+00
-2.543845167413972153e+00
-2.531571163215766251e+00
-2.515796256090228056e+00
-2.496715961265251860e+00
-2.474527532454650292e+00
-2.449429337658531214e+00
-2.421620841962387694e+00
-2.391302177819206509e+00
-2.358674080132912909e+00
-2.323938438562993536e+00
-2.287298493867979676e+00
-2.248958413817302215e+00
-2.209123130344551988e+00
-2.167998948849243490e+00
-2.125793441630825509e+00
-2.082715200973090486e+00
-2.038974246264783741e+00
-1.994782076483561539e+00
-1.950351845771900461e+00
-1.905899120961010107e+00
-1.861642798013962929e+00
-1.817805764355579390e+00
-1.774615972212061799e+00
-1.732308330047354294e+00
-1.691126388498474187e+00
-1.651324281291992602e+00
-1.613169534937886951e+00
-1.576946479755553465e+00
-1.542960020407202482e+00
-1.511540301766060468e+00
-1.483048739874450961e+00
-1.457885071276019628e+00
-1.436495348500079539e+00
-1.419381515228617552e+00
-1.407112567200017983e+00
-1.400335629170642360e+00
-1.399784234649403825e+00
-1.406277627976493694e+00
-1.420696150166319782e+00
-1.443897803584369033e+00
-1.476494184412617372e+00
-1.518284697833375718e+00
-1.566832040227433831e+00
-1.613768510925801758e+00
-1.634673228162993430e+00
-1.558865527712084642e+00
-1.165974132360845905e+00
3.362246962181134058e-01
3.187753794934832019e+00
1.260895835843592439e+00
1.000007635803586981e+00
1.000000000000000000e+00
1.000000000000000000e+00
