1.000000000000000000e+00
1.000000058644515688e+00
1.000000280865090740e+00
1.000001623594075184e+00
1.000006976743217368e+00
1.000022690247499124e+00
1.000061197240693200e+00
1.000145582924204080e+00
1.000317428611884774e+00
1.000649762949952670e+00
1.001267477765545255e+00
1.002377982642312482e+00
1.004314919169746911e+00
1.007596964631065184e+00
1.013001400317320444e+00
1.021647222425957846e+00
1.035074293894621134e+00
1.055293255602046232e+00
1.084767653545195776e+00
1.126282248335654490e+00
1.182658056119666012e+00
1.256317310089379635e+00
1.348772767260853600e+00
1.460214756546004189e+00
1.589436611965911128e+00
1.734250246296839881e+00
1.892381323114185943e+00
2.062358327632087374e+00
2.243823535471342279e+00
2.436743188624504342e+00
2.639531499620747734e+00
2.847316907661984420e+00
3.051205546547774539e+00
3.239394373517526127e+00
3.399348321565615727e+00
3.519956428059294318e+00
3.593276463042403446e+00
3.614842024343128735e+00
3.583700899250605421e+00
3.501760753646222746e+00
3.373236676982812376e+00
3.204280002435524466e+00
3.002222047286786211e+00
2.775284747249869621e+00
2.531909980450667952e+00
2.280437753588897998e+00
2.028716133510116926e+00
1.783782672771972333e+00
1.551785657030798848e+00
1.337704159288065631e+00
1.145390726321146468e+00
9.775479331536324201e-01
8.358483870825492712e-01
7.210958896468373513e-01
6.333216474703587950e-01
5.719861922971155588e-01
5.360690263202445571e-01
5.242276462451835872e-01
5.349080519625986074e-01
5.664127431298862092e-01
6.169832281336016244e-01
6.848230170776739012e-01
7.681548495900223372e-01
8.652347926534830203e-01
9.743671675549040456e-01
1.093916314077110208e+00
1.222283061651718183e+00
1.357911897384396882e+00
1.499281923670133132e+00
1.644910456073735983e+00
1.793351759367590059e+00
1.943175663239224527e+00
2.092965629897206359e+00
2.241312384275944147e+00
2.386816293501650144e+00
2.528088821196142533e+00
2.663753271890910490e+00
2.792455145526479221e+00
2.912868049928449832e+00
3.023715004587383071e+00
3.123792048972871438e+00
3.211986866480453173e+00
3.287302060331394493e+00
3.348873295583021381e+00
3.395988108365420644e+00
3.428101411736295123e+00
3.444851075148612107e+00
3.446068729398424235e+00
3.431776298973568728e+00
3.402181057159392896e+00
3.357666260266531477e+00
3.298777366897833296e+00
3.226205736953491776e+00
3.140765025564657087e+00
3.043371093388391291e+00
2.935020257194276283e+00
2.816761661256435012e+00
2.689674198909727476e+00
2.554845418910068666e+00
2.413352270509181885e+00
2.266245435774124850e+00
2.114536677140614884e+00
1.959190814944332004e+00
1.801119088757431097e+00
1.641173068357594911e+00
1.480141868462498511e+00
1.318751079762914946e+00
1.157663119758750137e+00
9.974792098777808258e-01
8.387432679846903438e-01
6.819446141358208591e-01
5.275191322692915907e-01
3.758544458840390456e-01
2.272957459645094658e-01
8.214907561356364629e-02
-5.931452744058859222e-02
-1.968552125443757406e-01
-3.302615582665815452e-01
-4.593471449295672415e-01
-5.839478583558072033e-01
-7.039196340989380962e-01
-8.191366664769997863e-01
-9.294907254124882279e-01
-1.034889494221623130e+00
-1.135255545883689710e+00
-1.230526934837999464e+00
-1.320657006813340528e+00
-1.405613839628486517e+00
-1.485379912345753617e+00
-1.559951586217937614e+00
-1.629338713137898909e+00
-1.693564330069124990e+00
-1.752664231294575936e+00
-1.806686696673385439e+00
-1.855692240819844185e+00
-1.899753294864048536e+00
-1.938953832472583905e+00
-1.973387881286506662e+00
-2.003158317878602990e+00
-2.028376833349244457e+00
-2.049162801075731455e+00
-2.065642350548350326e+00
-2.077948573840378010e+00
-2.086221099050495020e+00
-2.090605400490503474e+00
-2.091252440903666354e+00
-2.088317726671034880e+00
-2.081960424706505997e+00
-2.072343153195281396e+00
-2.059631232732873851e+00
-2.043992010330366593e+00
-2.025594778747444202e+00
-2.004610226412443463e+00
-1.981209907509699386e+00
-1.955566178960560730e+00
-1.927851829408835149e+00
-1.898239991361522216e+00
-1.866904529023685200e+00
-1.834020162035503221e+00
-1.799762124097165295e+00
-1.764306027297632307e+00
-1.727828321498663389e+00
-1.690506217681298384e+00
-1.652517513464076604e+00
-1.614040926065559267e+00
-1.575256166604351638e+00
-1.536344120329137253e+00
-1.497487483494508442e+00
-1.458871537042954136e+00
-1.420684745151146622e+00
-1.383119687299680045e+00
-1.346374636967457850e+00
-1.310655012191768831e+00
-1.276175052774721985e+00
-1.243160196323843003e+00
-1.211849955314900251e+00
-1.182501116726298651e+00
-1.155391676125277156e+00
-1.130825864262376523e+00
-1.109139994586384237e+00
-1.090709050869246965e+00
-1.075954433948522304e+00
-1.065352734093275133e+00
-1.059443967950946197e+00
-1.058836610967618608e+00
-1.064203458868528740e+00
-1.076254263623141361e+00
-1.095652705174100072e+00
-1.122802082951973368e+00
-1.157314791343777793e+00
-1.196690949692535089e+00
-1.232909271965856979e+00
-1.243085084812969088e+00
-1.161491168036712596e+00
-7.837479253504608945e-01
6.174550279353370197e-01
2.984668061134026829e+00
1.162689796854848634e+00
1.000003249346305578e+00
1.000000000000000000e+00
1.000000000000000000e+00
