1.000000000000000000e+00
1.000000052082885116e+00
1.000000249729474655e+00
1.000001444347026425e+00
1.000006207083686149e+00
1.000020188301179003e+00
1.000054453873515437e+00
1.000129556747416437e+00
1.000282532714128703e+00
1.000578464202861895e+00
1.001128738800233009e+00
1.002118528369829065e+00
1.003846105525627364e+00
1.006775988773497499e+00
1.011605924808925083e+00
1.019343492353681047e+00
1.031380845103799793e+00
1.049545570214214685e+00
1.076093403923665370e+00
1.113600826208033023e+00
1.164719702469612539e+00
1.231792241594213300e+00
1.316387402422179997e+00
1.418910468655230073e+00
1.538503326878590149e+00
1.673379765565711219e+00
1.821596316095019041e+00
1.981826639236123899e+00
2.153621122987861458e+00
2.336676834650868617e+00
2.529135580219755042e+00
2.726037043258563219e+00
2.918715512592543249e+00
3.095912739446101902e+00
3.245871175469769554e+00
3.358386736457158683e+00
3.426430804519307483e+00
3.446402428301436505e+00
3.418077668844933026e+00
3.343904375933410833e+00
3.228385448392824486e+00
3.077639790778016859e+00
2.898654646244922972e+00
2.698988135749592399e+00
2.486173783820449401e+00
2.267463266169364999e+00
2.049531334072007382e+00
1.838254176287877684e+00
1.638696693960831174e+00
1.454916477560741495e+00
1.290034952662501899e+00
1.146236074724609866e+00
1.024876082451689818e+00
9.266188355215532191e-01
8.515081438731894048e-01
7.991291859856092250e-01
7.686718662652767264e-01
7.590562511803357060e-01
7.690182180730443795e-01
7.971606373996438233e-01
8.420198003405171550e-01
9.020817735123651815e-01
9.758305417779956636e-01
1.061759534898120139e+00
1.158384856371036609e+00
1.264256431503992806e+00
1.377938525359247546e+00
1.498017805866309837e+00
1.623097459090184103e+00
1.751802851511261361e+00
1.882783182436660763e+00
2.014695567294269463e+00
2.146206573390895045e+00
2.275989972159691455e+00
2.402732318829704727e+00
2.525137647457568413e+00
2.641931342044864461e+00
2.751872169518086331e+00
2.853759842813707426e+00
2.946455541652363674e+00
3.028903626516983749e+00
3.100148008411814704e+00
3.159351691224252079e+00
3.205810868661155499e+00
3.238968838639852965e+00
3.258426403236322599e+00
3.263951971163897792e+00
3.255487330445005600e+00
3.233140970009644288e+00
3.197180490419297527e+00
3.148021679370200054e+00
3.086214373438688430e+00
3.012426828248933930e+00
2.927424364842742932e+00
2.832051760551100195e+00
2.727214714884922397e+00
2.613856540682802709e+00
2.492939127890128503e+00
2.365425787551076020e+00
2.232265731287019328e+00
2.094381635405868636e+00
1.952659720834315049e+00
1.807943731303611301e+00
1.661029936329099455e+00
1.512662421023439174e+00
1.363531098868350222e+00
1.214271071537645019e+00
1.065463099284045478e+00
9.176353910355791177e-01
7.712669954351528689e-01
6.267900858482542414e-01
4.845908400323516441e-01
3.450138276711360863e-01
2.083669641644189940e-01
7.492422314108976300e-02
-5.507089009473705582e-02
-1.814021388608053342e-01
-3.038782763591994507e-01
-4.223301610390717276e-01
-5.366084993319469865e-01
-6.465819606333268466e-01
-7.521356862960346668e-01
-8.531707616692422169e-01
-9.496028117745353159e-01
-1.041361147012024535e+00
-1.128389323830131685e+00
-1.210645006594214701e+00
-1.288099494620517094e+00
-1.360737442347556447e+00
-1.428556405839879861e+00
-1.491566494941376497e+00
-1.549790095381291755e+00
-1.603261477722917272e+00
-1.652026539411136641e+00
-1.696142561411696059e+00
-1.735677901952396684e+00
-1.770711638198851912e+00
-1.801332221013524970e+00
-1.827636377506139054e+00
-1.849729046242960750e+00
-1.867722341999811908e+00
-1.881734701681974764e+00
-1.891891030861585721e+00
-1.898322291578836474e+00
-1.901164857966702870e+00
-1.900560165929217948e+00
-1.896653845110824577e+00
-1.889594906319610690e+00
-1.879535525726752532e+00
-1.866630353854054514e+00
-1.851035890526645744e+00
-1.832910387774622674e+00
-1.812413339938398371e+00
-1.789704993609720018e+00
-1.764946272404237071e+00
-1.738298431895477281e+00
-1.709922967204426048e+00
-1.679981943630931340e+00
-1.648638096629687189e+00
-1.616054523547338917e+00
-1.582394560135975903e+00
-1.547822186266107236e+00
-1.512501961404771444e+00
-1.476598877393938025e+00
-1.440278663926751523e+00
-1.403707870050575401e+00
-1.367054044462717277e+00
-1.330486325276275528e+00
-1.294176157359017143e+00
-1.258297862460058703e+00
-1.223029512846534939e+00
-1.188554386595393364e+00
-1.155062321332182229e+00
-1.122751281833305415e+00
-1.091829560952109590e+00
-1.062518441218269327e+00
-1.035055161422134606e+00
-1.009696553590892165e+00
-9.867236663903952154e-01
-9.664471303775166167e-01
-9.492131807234404084e-01
-9.354106777100525960e-01
-9.254789425815908022e-01
-9.199148951639543048e-01
-9.192768582270990363e-01
-9.241791818484440535e-01
-9.352640513307802772e-01
-9.531191597300383567e-01
-9.780684073544062551e-01
-1.009657862140382889e+00
-1.045381175253552009e+00
-1.077398608501974664e+00
-1.083550578381319962e+00
-1.000421462433209951e+00
-6.311359725326469716e-01
7.220706551424053155e-01
2.880722914518388134e+00
1.129778289464353769e+00
1.000002242478639891e+00
1.000000000000000000e+00
1.000000000000000000e+00
