1.000000000000000000e+00
1.000000043914015757e+00
1.000000210898239317e+00
1.000001220618359277e+00
1.000005246284836113e+00
1.000017064722975801e+00
1.000046033941006884e+00
1.000109542244252969e+00
1.000238940922234310e+00
1.000489366025065330e+00
1.000955280816391735e+00
1.001793941114849096e+00
1.003259120265655335e+00
1.005746994780696069e+00
1.009854550772142812e+00
1.016447467374653524e+00
1.026728432363710697e+00
1.042287912192252364e+00
1.065108621895477281e+00
1.097487257547079320e+00
1.141838573079369867e+00
1.200375047861282685e+00
1.274707422738682538e+00
1.365490150620548349e+00
1.472297886925044486e+00
1.593864581272696146e+00
1.728697204965274237e+00
1.875701310634134700e+00
2.034371877179663723e+00
2.204138867512876576e+00
2.382889316680066205e+00
2.565658252257318139e+00
2.744188001611201244e+00
2.908023304106968077e+00
3.046473812952620985e+00
3.150511449487826798e+00
3.214219907063971426e+00
3.234974096705700575e+00
3.213287250152368824e+00
3.152063571983835466e+00
3.055929972147248375e+00
2.930744715479866258e+00
2.782889546097546241e+00
2.618984512957430955e+00
2.445395381991725792e+00
2.268054146581401920e+00
2.092267632198379967e+00
1.922594687945948122e+00
1.762892744393108613e+00
1.616204096478693675e+00
1.484847862535306096e+00
1.370437805238112094e+00
1.273978132560781518e+00
1.195970369092465901e+00
1.136462004682665672e+00
1.095165106483397821e+00
1.071493603013078166e+00
1.064652764998809564e+00
1.073698079868688149e+00
1.097568175864226614e+00
1.135132856818974245e+00
1.185201907842534652e+00
1.246562214754035169e+00
1.317986049796391557e+00
1.398242037568194984e+00
1.486105367492288831e+00
1.580343222679216453e+00
1.679723840113269473e+00
1.783014455971723145e+00
1.888989382906141712e+00
1.996435088546732128e+00
2.104140839119297279e+00
2.210904144536812055e+00
2.315533093833082923e+00
2.416855171187608509e+00
2.513725063479409272e+00
2.605031336011874643e+00
2.689709305470535661e+00
2.766749348004260423e+00
2.835215089534573352e+00
2.894261504159757248e+00
2.943147437409683764e+00
2.981249737089394003e+00
3.008071924544948761e+00
3.023252016012331733e+00
3.026566967980753642e+00
3.017936714833348688e+00
2.997424721431378281e+00
2.965228558701334283e+00
2.921670333464324365e+00
2.867185092932845958e+00
2.802307373968832227e+00
2.727657331024006204e+00
2.643922864706186093e+00
2.551845508215412117e+00
2.452206057586147736e+00
2.345806596405700439e+00
2.233456277524183964e+00
2.115958741850748392e+00
1.994100858342932714e+00
1.868643904228575625e+00
1.740316656267645756e+00
1.609811509221240611e+00
1.477781228743643149e+00
1.344835727788802338e+00
1.211540904084863701e+00
1.078418421968605934e+00
9.459462690900224402e-01
8.145602906687078315e-01
6.846569627422068871e-01
5.565951826288390025e-01
4.306968434736002660e-01
3.072502920074821620e-01
1.865142471337293550e-01
6.871985475522712772e-02
-4.592662074797929095e-02
-1.572413206251074003e-01
-2.650610675534011418e-01
-3.692411214012299991e-01
-4.696534384411171770e-01
-5.661852229117088076e-01
-6.587377891583827694e-01
-7.472262097326224373e-01
-8.315782199680884501e-01
-9.117335655129082950e-01
-9.876445159135226470e-01
-1.059275786141232079e+00
-1.126604168589510069e+00
-1.189618316026097800e+00
-1.248318370910764807e+00
-1.302715674454364647e+00
-1.352832526744073283e+00
-1.398701846129368764e+00
-1.440366933805687255e+00
-1.477881245726815562e+00
-1.511308107885171115e+00
-1.540720384613998073e+00
-1.566199321005171896e+00
-1.587833588699131049e+00
-1.605719190874960400e+00
-1.619958557097019414e+00
-1.630659788104540597e+00
-1.637936734934212657e+00
-1.641908612592076100e+00
-1.642699420538262789e+00
-1.640437609229500104e+00
-1.635255315987385494e+00
-1.627287648300171252e+00
-1.616672466580278966e+00
-1.603549772472882440e+00
-1.588061154167314193e+00
-1.570349674453234368e+00
-1.550559416918825484e+00
-1.528835051234675113e+00
-1.505321747310524927e+00
-1.480164867275853169e+00
-1.453509871302491430e+00
-1.425502579691259264e+00
-1.396289245969960513e+00
-1.366016292948375455e+00
-1.334830206720505341e+00
-1.302877876361670184e+00
-1.270306545720661706e+00
-1.237263700982018433e+00
-1.203897341270580235e+00
-1.170356068239422287e+00
-1.136789264627179774e+00
-1.103347621886582308e+00
-1.070183782658713056e+00
-1.037452869975177050e+00
-1.005313280712937241e+00
-9.739279771361021298e-01
-9.434657083928924548e-01
-9.141024274316237319e-01
-8.860232559038412337e-01
-8.594248555897859854e-01
-8.345180787439063774e-01
-8.115312035343276165e-01
-7.907140169620747727e-01
-7.723425341820323586e-01
-7.567242652585752793e-01
-7.442042715128992514e-01
-7.351717710057643629e-01
-7.300658486425958271e-01
-7.293777002817147803e-01
-7.336437628598604377e-01
-7.434167277250907091e-01
-7.591847705041171457e-01
-7.811702231554799036e-01
-8.088403297383811585e-01
-8.397015755949358562e-01
-8.662062505794687617e-01
-8.672882534268513410e-01
-7.829778622557059808e-01
-4.275743500292570887e-01
8.534494715837502854e-01
2.722441718652721665e+00
1.091953111926213360e+00
1.000001320096347346e+00
1.000000000000000000e+00
1.000000000000000000e+00
