1.000000000000000000e+00
1.000000137416614532e+00
1.000000651675963637e+00
1.000003750691184745e+00
1.000016104075470258e+00
1.000052348089614407e+00
1.000141084556255056e+00
1.000335276480515345e+00
1.000729971354640480e+00
1.001491268624906228e+00
1.002901317748736920e+00
1.005424469454030856e+00
1.009798756245470441e+00
1.017153440174533241e+00
1.029145809124023092e+00
1.048097025306816699e+00
1.077087300864322916e+00
1.119947867412377729e+00
1.181070112212841972e+00
1.264960390805442536e+00
1.375516964541883658e+00
1.515124200606673632e+00
1.683800002715487576e+00
1.878769759253052340e+00
2.094862872331157977e+00
2.325857685505011485e+00
2.566607582782345354e+00
2.814980100341403002e+00
3.072625507349676433e+00
3.343655922142911407e+00
3.631194193757772304e+00
3.933906945154127310e+00
4.243928324909705729e+00
4.547731929369657422e+00
4.828664987114511753e+00
5.069477300555717214e+00
5.254593682436964563e+00
5.370408323479874291e+00
5.405923973011288908e+00
5.352638737497986021e+00
5.205032274658115909e+00
4.961677416911312477e+00
4.625407225581982473e+00
4.204354691245472786e+00
3.711535190347698077e+00
3.164573418850567865e+00
2.584402771797372989e+00
1.993401836351310630e+00
1.413745736768173167e+00
8.651270850339843888e-01
3.636509053281685722e-01
-7.902096650228412900e-02
-4.556525188069496246e-01
-7.629223384454599799e-01
-1.000840980492380572e+00
-1.171761667871540347e+00
-1.279713921852915215e+00
-1.329638888040056921e+00
-1.326880232903165924e+00
-1.276896953149241565e+00
-1.185015264054670503e+00
-1.056376294021616369e+00
-8.958130182915943207e-01
-7.078353600761961850e-01
-4.966063555014613162e-01
-2.659184554084573771e-01
-1.925006396246801282e-02
2.402516235550379298e-01
5.097455314874986820e-01
7.866942594378115716e-01
1.068843079154531361e+00
1.354145694296480018e+00
1.640727934450779024e+00
1.926835319113759049e+00
2.210794977302745767e+00
2.490971409821223226e+00
2.765717506542125115e+00
3.033345393311316140e+00
3.292087457647348891e+00
3.540093930840306768e+00
3.775441066025384540e+00
3.996136436285026683e+00
4.200145858825055534e+00
4.385422524432480706e+00
4.549953060385548476e+00
4.691812395552092951e+00
4.809234604784943024e+00
4.900686906047540425e+00
4.964921302149983617e+00
5.001028605008038141e+00
5.008483193526205746e+00
4.987173459965708489e+00
4.937417866268002165e+00
4.859951861171719401e+00
4.755909188354816131e+00
4.626784960793935753e+00
4.474371349643001317e+00
4.300692807310228183e+00
4.107937609288834224e+00
3.898388482894896701e+00
3.674359459929493532e+00
3.438140103999017150e+00
3.191952896733379230e+00
2.937917170538243639e+00
2.678018285679347965e+00
2.414088871604120445e+00
2.147798073439814992e+00
1.880647637326851918e+00
1.613974714311113612e+00
1.348961417684384045e+00
1.086643005408577167e+00
8.279133971490880706e-01
5.735409440192945629e-01
3.241858750675951084e-01
8.041155160942284330e-02
-1.573024218329012180e-01
-3.885482089098855618e-01
-6.129806494607449308e-01
-8.303069398979768811e-01
-1.040278448245038678e+00
-1.242683917499052271e+00
-1.437344090474226510e+00
-1.624109227618869999e+00
-1.802854512632698913e+00
-1.973477199829848816e+00
-2.135897749818605362e+00
-2.290059227169344513e+00
-2.435925953146829137e+00
-2.573482813870891839e+00
-2.702734223180619733e+00
-2.823703476973953297e+00
-2.936432383902870757e+00
-3.040980671596059004e+00
-3.137425815442719035e+00
-3.225862959138690478e+00
-3.306404712634752219e+00
-3.379180848321734931e+00
-3.444335404094763575e+00
-3.502024488850083550e+00
-3.552416847229561636e+00
-3.595691844806570892e+00
-3.632037944890848635e+00
-3.661653831524953162e+00
-3.684748029159299776e+00
-3.701537892918041806e+00
-3.712249360645684781e+00
-3.717115310364934366e+00
-3.716374045800752590e+00
-3.710269335117193368e+00
-3.699049158617450317e+00
-3.682964601733939691e+00
-3.662270109930681361e+00
-3.637222612516626707e+00
-3.608080662520896098e+00
-3.575104633244301944e+00
-3.538556157741859831e+00
-3.498698193077963925e+00
-3.455796154762738492e+00
-3.410118390761577079e+00
-3.361935525106932943e+00
-3.311520236652737648e+00
-3.259148376482270848e+00
-3.205098777456240722e+00
-3.149652776537602339e+00
-3.093094855609707761e+00
-3.035712603975786461e+00
-2.977796845520022107e+00
-2.919642737287170497e+00
-2.861551079024996280e+00
-2.803829089814331432e+00
-2.746791820184085076e+00
-2.690764905881311009e+00
-2.636086827066195681e+00
-2.583111468652455667e+00
-2.532212044712546906e+00
-2.483785881999566847e+00
-2.438259601116358866e+00
-2.396095615544657775e+00
-2.357800759503158705e+00
-2.323936431720624807e+00
-2.295130188182215036e+00
-2.272090096249379076e+00
-2.255622313354902708e+00
-2.246649929486696173e+00
-2.246230409236089631e+00
-2.255565253526861547e+00
-2.275985266461419076e+00
-2.308871348380045596e+00
-2.355415712643363690e+00
-2.415987116916598509e+00
-2.488491386428882013e+00
-2.564084574597288668e+00
-2.615520053260238509e+00
-2.563191398862664006e+00
-2.160206687353949828e+00
-4.941927823937946052e-01
3.351518870185993926e+00
1.605898907252554020e+00
1.000051937618727349e+00
1.000000000000000000e+00
1.000000000000000000e+00
