1.000000000000000000e+00
1.000000135546180058e+00
1.000000642923039695e+00
1.000003700616207469e+00
1.000015889312337647e+00
1.000051650471986964e+00
1.000139206280772797e+00
1.000330819429759988e+00
1.000720287190500768e+00
1.001471539865397054e+00
1.002863078402768116e+00
1.005353329118447769e+00
1.009671078381761955e+00
1.016931785545322153e+00
1.028773149601080350e+00
1.047490130240104067e+00
1.076130336167795187e+00
1.118488066598090969e+00
1.178918132981683575e+00
1.261898151760203257e+00
1.371314829852606554e+00
1.509566840824619671e+00
1.676716747140055253e+00
1.870061865705010540e+00
2.084518512342305119e+00
2.313947506666893528e+00
2.553257041640880409e+00
2.800323052582765371e+00
3.056749481432336601e+00
3.326556326607530423e+00
3.612756488315106651e+00
3.913919708453602375e+00
4.222120629357891453e+00
4.523815490958874364e+00
4.802372562005503553e+00
5.040600908981497597e+00
5.223022569269276438e+00
5.336178374875271579e+00
5.369265044765401562e+00
5.314018479057276423e+00
5.165182362451297138e+00
4.921586584787928764e+00
4.586286017617476674e+00
4.167553914387151615e+00
3.678436163250053514e+00
3.136453509904875592e+00
2.562305470194333523e+00
1.978038362112174431e+00
1.405440161734304638e+00
8.638231671507013987e-01
3.689606275644156663e-01
-6.773699067069173518e-02
-4.391950126342496485e-01
-7.421691536358667740e-01
-9.766758400289005104e-01
-1.145026151754753307e+00
-1.251177876129091038e+00
-1.299988958201858225e+00
-1.296719369727318494e+00
-1.246748696125320244e+00
-1.155330489760080237e+00
-1.027538815227523328e+00
-8.681452542430242447e-01
-6.816030746955844544e-01
-4.720232822157415797e-01
-2.431513913401989191e-01
1.576323291362282959e-03
2.590491047442085026e-01
5.264563593034695677e-01
8.012848020625289447e-01
1.081297484032879064e+00
1.364460462868588797e+00
1.648907070722249957e+00
1.932886391193847642e+00
2.214726018771393523e+00
2.492788822645360725e+00
2.765425101557090315e+00
3.030944394475032944e+00
3.287577662646867349e+00
3.533475647234185502e+00
3.766717737401175548e+00
3.985318010855719351e+00
4.187252607409957861e+00
4.370489199778748279e+00
4.533033048227697925e+00
4.672981545672933557e+00
4.788594286058875049e+00
4.878365951029119074e+00
4.941076830009528464e+00
4.975845424645807924e+00
4.982171690683831144e+00
4.959966020602729841e+00
4.909563987813244879e+00
4.831712400461885437e+00
4.727549968531989499e+00
4.598570188452227647e+00
4.446557452641252794e+00
4.273522941079280102e+00
4.081637095068505694e+00
3.873161358301723922e+00
3.650386170577542444e+00
3.415576295390128525e+00
3.170929139754106618e+00
2.918539511343828607e+00
2.660369504976239252e+00
2.398230230787415262e+00
2.133771377912509148e+00
1.868477466292602696e+00
1.603670675713745108e+00
1.340520296540951728e+00
1.080050797810458763e+00
8.231472477562324919e-01
5.705708337436785627e-01
3.229760334045871928e-01
8.092168042195767297e-02
-1.551161358771812326e-01
-3.847322726127895831e-01
-6.075835871323734816e-01
-8.233787751064842730e-01
-1.031870308907860911e+00
-1.232847741305626688e+00
-1.426132407671976798e+00
-1.611574979113313821e+00
-1.789050930483080171e+00
-1.958457724245153520e+00
-2.119715927323431170e+00
-2.272768613194278586e+00
-2.417580028328130570e+00
-2.554134904402181494e+00
-2.682437429263996087e+00
-2.802510603451219051e+00
-2.914395868885744978e+00
-3.018152515738393493e+00
-3.113857505804988879e+00
-3.201605386189232849e+00
-3.281508081845471381e+00
-3.353694587573794461e+00
-3.418308101590471271e+00
-3.475503851649580866e+00
-3.525449643340991646e+00
-3.568323863642138161e+00
-3.604313969417418217e+00
-3.633617586851966230e+00
-3.656442128071066389e+00
-3.673003786975314267e+00
-3.683527286887743113e+00
-3.688244252551659663e+00
-3.687391708664570000e+00
-3.681212111160530487e+00
-3.669952105086267125e+00
-3.653861426118533373e+00
-3.633193146178947064e+00
-3.608202803490333288e+00
-3.579147548847745330e+00
-3.546286334886299407e+00
-3.509879358850650277e+00
-3.470188122250744911e+00
-3.427476546947699543e+00
-3.382011440183057882e+00
-3.334061844847303835e+00
-3.283898819662745883e+00
-3.231796540843473675e+00
-3.178032114086268400e+00
-3.122885103952326880e+00
-3.066638167740899146e+00
-3.009577021119054230e+00
-2.951990567374710661e+00
-2.894171986487354964e+00
-2.836420033908848115e+00
-2.779039815330572427e+00
-2.722344190555923582e+00
-2.666656503630347341e+00
-2.612312827901410728e+00
-2.559664511644524687e+00
-2.509082073664941070e+00
-2.460959951403911550e+00
-2.415721647064664079e+00
-2.373826180605532965e+00
-2.335776650612609195e+00
-2.302130298790792562e+00
-2.273510011585330837e+00
-2.250618551283102953e+00
-2.234255966397047821e+00
-2.225338229466750306e+00
-2.224914435208358299e+00
-2.234176180383808497e+00
-2.254442548673224689e+00
-2.287080745751487676e+00
-2.333267603008971403e+00
-2.393356400688865016e+00
-2.465242488574764135e+00
-2.540090311917334809e+00
-2.590713743863513496e+00
-2.537684416383027219e+00
-2.134558339105962599e+00
-4.712763461183141489e-01
3.353214055269789107e+00
1.595551841555363115e+00
1.000049620839459585e+00
1.000000000000000000e+00
1.000000000000000000e+00
