1.000000000000000000e+00
1.000000177121046052e+00
1.000000837004068499e+00
1.000004809707734088e+00
1.000020645031854949e+00
1.000067096496244368e+00
1.000180785543191231e+00
1.000429457677979750e+00
1.000934522587394016e+00
1.001907750966124055e+00
1.003707955006870378e+00
1.006923622210014635e+00
1.012485788735837611e+00
1.021810356310391299e+00
1.036958591386544892e+00
1.060786916424727444e+00
1.097032807041903757e+00
1.150257817585274012e+00
1.225554466086232974e+00
1.327945499464440626e+00
1.461475658750506890e+00
1.628145838971581272e+00
1.826994144970282230e+00
2.053755345998748982e+00
2.301513485420213723e+00
2.562422987729808810e+00
2.830269488587112470e+00
3.102753290843491829e+00
3.382413655922865026e+00
3.675146768592093771e+00
3.986234054243813496e+00
4.316302311380570522e+00
4.658800579323538749e+00
5.000801528407799346e+00
5.325614265509029721e+00
5.615293248305858853e+00
5.852863060470220979e+00
6.022315966081944083e+00
6.109213863725229565e+00
6.100565659274398200e+00
5.985585125958697184e+00
5.757402015844802712e+00
5.413761305915548050e+00
4.959036595408176318e+00
4.404518047071092290e+00
3.768868243232958548e+00
3.076962040059393111e+00
2.357521388175409793e+00
1.640588736628444178e+00
9.538724462875353138e-01
3.206529288398760058e-01
-2.418538169518386072e-01
-7.227682728105109256e-01
-1.116974716879750362e+00
-1.424288851518948018e+00
-1.647951264143457939e+00
-1.793523093264660195e+00
-1.867690577574496524e+00
-1.877500381447428257e+00
-1.829972722164928900e+00
-1.731817888215995582e+00
-1.589431750602580795e+00
-1.408792136308900433e+00
-1.195478608678022692e+00
-9.546581158131958178e-01
-6.910513988170341459e-01
-4.089911649178681885e-01
-1.123791240112704398e-01
1.953018387660477861e-01
5.110002540038042218e-01
8.320792770774410041e-01
1.156226581292154609e+00
1.481408269620738238e+00
1.805798786171296966e+00
2.127726335428639093e+00
2.445608617091617365e+00
2.757880962127106095e+00
3.062947924533746757e+00
3.359120916112005251e+00
3.644599994165560020e+00
3.917467463024535856e+00
4.175676717353836942e+00
4.417067836455955465e+00
4.639386581971857382e+00
4.840326594343471456e+00
5.017586090792220510e+00
5.168949624115836805e+00
5.292380081619640464e+00
5.386089238811675450e+00
5.448618144667081609e+00
5.478911934511581983e+00
5.476381139817294574e+00
5.440947285084732243e+00
5.373051454522237869e+00
5.273653640923553709e+00
5.144204862843457349e+00
4.986578929431324525e+00
4.802997934640951705e+00
4.595947599322632193e+00
4.368086831597512543e+00
4.122161885526780090e+00
3.860927896753195476e+00
3.587086465499052856e+00
3.303231656327896282e+00
3.011803415604620504e+00
2.715057666587957996e+00
2.415048005532319131e+00
2.113617503324598967e+00
1.812400333622288917e+00
1.512833071874098101e+00
1.216164880808290549e+00
9.234647357745957574e-01
6.356422395893396304e-01
3.534706957940114136e-01
7.760216314707774066e-02
-1.914151269512532616e-01
-4.531209029982489755e-01
-7.071308272975304066e-01
-9.531229736433495248e-01
-1.190827159240159139e+00
-1.420016139687451551e+00
-1.640498699552449757e+00
-1.852116514803562097e+00
-2.054738310195857842e+00
-2.248256297575760509e+00
-2.432587766093585735e+00
-2.607674426357057929e+00
-2.773480803057801314e+00
-2.929993481069154360e+00
-3.077219914323429784e+00
-3.215187747629896009e+00
-3.343944500029703448e+00
-3.463556964846045361e+00
-3.574111158887744555e+00
-3.675712392737099155e+00
-3.768485186505751372e+00
-3.852573057455163319e+00
-3.928134978210831907e+00
-3.995342748579940650e+00
-4.054381913199117449e+00
-4.105449360684509053e+00
-4.148751556787100725e+00
-4.184506171371627836e+00
-4.212941766642581243e+00
-4.234296673348164397e+00
-4.248818840383668416e+00
-4.256763888401229323e+00
-4.258393324538713109e+00
-4.253974744370944805e+00
-4.243780369055224710e+00
-4.228085763051186774e+00
-4.207170291370233350e+00
-4.181316116428267726e+00
-4.150807207842023949e+00
-4.115929698711557450e+00
-4.076971260562262778e+00
-4.034221270024868744e+00
-3.987972336635277060e+00
-3.938520971057120512e+00
-3.886166790988037967e+00
-3.831212272418497822e+00
-3.773964202567856585e+00
-3.714733438299624879e+00
-3.653834278301268501e+00
-3.591585248772201755e+00
-3.528308995283223837e+00
-3.464332358920833688e+00
-3.399987666682794618e+00
-3.335614255771736758e+00
-3.271559272138879315e+00
-3.208179234535241786e+00
-3.145843260072467285e+00
-3.084935586102991678e+00
-3.025858396159056607e+00
-2.969036296819035137e+00
-2.914921779383111922e+00
-2.864001053426854959e+00
-2.816801408798475403e+00
-2.773901122219614823e+00
-2.735941105162338349e+00
-2.703638207700512108e+00
-2.677801905035093188e+00
-2.659355102100778634e+00
-2.649356896182495369e+00
-2.649024690439698126e+00
-2.659749271278784022e+00
-2.683085512829185948e+00
-2.720676233979759662e+00
-2.774007934474054693e+00
-2.843745463089935477e+00
-2.927995010375417095e+00
-3.017756117253261205e+00
-3.084673286375009038e+00
-3.046106378913181700e+00
-2.648766937442439406e+00
-9.439399365940728259e-01
3.267914708973955751e+00
1.816783117078857313e+00
1.000120315930458803e+00
1.000000000000000000e+00
1.000000000000000000e+00
