1.000000000000000000e+00
1.000000263210016671e+00
1.000001236211621736e+00
1.000007084020908987e+00
1.000030391566620880e+00
1.000098740576062628e+00
1.000265924028895581e+00
1.000631276584187157e+00
1.001372384955673489e+00
1.002797964297124311e+00
1.005428674225700814e+00
1.010113123166564542e+00
1.018182667571244426e+00
1.031639551392039111e+00
1.053355939856059242e+00
1.087235118607792872e+00
1.138253828028484405e+00
1.212277521181545081e+00
1.315539599622653766e+00
1.453733139126797358e+00
1.630783192244407820e+00
1.847563680372067862e+00
2.100971048410046116e+00
2.383840384188565586e+00
2.686091528411045370e+00
2.997058769277037626e+00
3.308700962352119301e+00
3.618378657220481465e+00
3.930019739755273633e+00
4.252414596186063100e+00
4.594442118798051311e+00
4.960161328081780674e+00
5.345638568853553707e+00
5.739759287421423828e+00
6.127054213751176093e+00
6.490130114666775363e+00
6.811635893292683264e+00
7.073468908658806953e+00
7.257016624186579890e+00
7.342718378533903412e+00
7.311000292071039297e+00
7.144768926330396397e+00
6.830780704280873472e+00
6.363339437371905660e+00
5.746144273701502492e+00
4.994948126908822061e+00
4.137839053655116395e+00
3.212913654090727711e+00
2.264453974945683790e+00
1.336222216482624292e+00
4.668271194184451245e-01
-3.140201175631378572e-01
-9.867548197941999888e-01
-1.541632163167453218e+00
-1.977665337839732418e+00
-2.300020058028766634e+00
-2.517744852596420557e+00
-2.641358989637273336e+00
-2.681368323364519135e+00
-2.647640082561443453e+00
-2.549113723382420371e+00
-2.394015998637929243e+00
-2.189915722248619190e+00
-1.943914106403273445e+00
-1.662710137501340224e+00
-1.352565081821474724e+00
-1.019353363510446142e+00
-6.684320671269081693e-01
-3.045877938625508041e-01
6.804273584306527733e-02
4.459913616127146874e-01
8.263520078740201891e-01
1.206725684838011237e+00
1.585120602047995764e+00
1.959868363632063737e+00
2.329522504480574074e+00
2.692743822641302742e+00
3.048217588753007412e+00
3.394548608298345371e+00
3.730216089682832248e+00
4.053541615303053014e+00
4.362646050713276047e+00
4.655440268345876653e+00
4.929617115612577649e+00
5.182674244749097880e+00
5.411957889604825489e+00
5.614745875194395275e+00
5.788352511639779152e+00
5.930212956183952500e+00
6.037994725961126186e+00
6.109716179696217608e+00
6.143860533569552196e+00
6.139480263259051718e+00
6.096256750147142967e+00
6.014551101089484320e+00
5.895414777635754611e+00
5.740535750131595449e+00
5.552166928814412650e+00
5.333028975920808712e+00
5.086193254492299864e+00
4.814961195274263694e+00
4.522746237743063169e+00
4.212973875874955532e+00
3.888990773085316821e+00
3.553983479138049351e+00
3.210922176963931118e+00
2.862522812400095429e+00
2.511225949274781488e+00
2.159192159961127899e+00
1.808313680749755736e+00
1.460225829070144865e+00
1.116315195822393136e+00
7.777491840545037727e-01
4.455093724708122926e-01
1.204130606922479696e-01
-1.968614910752533864e-01
-5.057521480207597397e-01
-8.057957473329705467e-01
-1.096608696344328893e+00
-1.377871866859355476e+00
-1.649318249595228325e+00
-1.910723410359299379e+00
-2.161901516339006957e+00
-2.402697225982354468e+00
-2.632980948876285865e+00
-2.852651715903275598e+00
-3.061636597151128569e+00
-3.259888651907415724e+00
-3.447386117707341047e+00
-3.624130922888560757e+00
-3.790147951547086613e+00
-3.945484835681327684e+00
-4.090211321201789652e+00
-4.224419451316362206e+00
-4.348223928884336509e+00
-4.461762251948576896e+00
-4.565194663556296994e+00
-4.658699168261954071e+00
-4.742467934425980580e+00
-4.816708961990763704e+00
-4.881642820948564498e+00
-4.937500341973358964e+00
-4.984525332599495151e+00
-5.022974405459159186e+00
-5.053115600551680409e+00
-5.075228445458090931e+00
-5.089601348188245389e+00
-5.096529228348113172e+00
-5.096314083245426119e+00
-5.089263076954233078e+00
-5.075686890103678017e+00
-5.055900632589913180e+00
-5.030222579846972408e+00
-4.998972917207880506e+00
-4.962474461999526909e+00
-4.921051916191178321e+00
-4.875032274307775637e+00
-4.824747223998627099e+00
-4.770534251798752123e+00
-4.712735562722058624e+00
-4.651697783030631861e+00
-4.587774150444692722e+00
-4.521324163692807652e+00
-4.452712625236688204e+00
-4.382310731717968366e+00
-4.310495792628457501e+00
-4.237651165038963441e+00
-4.164167916765369348e+00
-4.090446756240035953e+00
-4.016898796870834509e+00
-3.943947345022507545e+00
-3.872032014191220117e+00
-3.801611643381929806e+00
-3.733167480278733574e+00
-3.667208582107003956e+00
-3.604278403674297859e+00
-3.544961612817028929e+00
-3.489892781001954880e+00
-3.439768381521278950e+00
-3.395360840565154970e+00
-3.357534468601360622e+00
-3.327265839992911811e+00
-3.305669876687424402e+00
-3.294028966508893763e+00
-3.293822570367505254e+00
-3.306750919467129624e+00
-3.334734104641290831e+00
-3.379839642557558754e+00
-3.444026074908755675e+00
-3.528419962399997889e+00
-3.631402618831775175e+00
-3.743614104375731610e+00
-3.834821201532528256e+00
-3.818437733654470367e+00
-3.438933401706101289e+00
-1.722066586947716527e+00
2.946223516361660355e+00
2.214569222757846845e+00
1.000424981552550108e+00
1.000000000000111022e+00
1.000000000000000000e+00
