1.000000000000000000e+00
1.000000169691375174e+00
1.000000802389926946e+00
1.000004612083503330e+00
1.000019797775526520e+00
1.000064345004931798e+00
1.000173379934103712e+00
1.000411893390617868e+00
1.000896386423249629e+00
1.001830135122695697e+00
1.003557714631546638e+00
1.006644607423635707e+00
1.011986184697444058e+00
1.020945586478116507e+00
1.035510112836420138e+00
1.058438895943532687e+00
1.093351167323153739e+00
1.144679079952749090e+00
1.217394033945656595e+00
1.316434500798669971e+00
1.445830525320094262e+00
1.607664512363267573e+00
1.801160880360648253e+00
2.022327074875826192e+00
2.264559242563464636e+00
2.520298065396084475e+00
2.783516132751120864e+00
3.051944046751169370e+00
3.327968314938825056e+00
3.617175792383879873e+00
3.924469959410173736e+00
4.250127487924178382e+00
4.587349658650864193e+00
4.923072640278681078e+00
5.240565149071443329e+00
5.521943351133623779e+00
5.750410498105150481e+00
5.910315939250977202e+00
5.987773710187897613e+00
5.970551830391680248e+00
5.848792417892525464e+00
5.616625374483514399e+00
5.272779477954783189e+00
4.822419055555831058e+00
4.277290076316910827e+00
3.656014795340865486e+00
2.982872736766388311e+00
2.285503607754908906e+00
1.592535468854441749e+00
9.301941657287259302e-01
3.204072711014983033e-01
-2.206730378977712903e-01
-6.828765523987693209e-01
-1.061444394876078112e+00
-1.356238378636133612e+00
-1.570333499023295554e+00
-1.709001889678766428e+00
-1.778604709506955039e+00
-1.785878837721662338e+00
-1.737568693765498384e+00
-1.640147152164867173e+00
-1.499798861156292462e+00
-1.322309962642291392e+00
-1.113079145898189237e+00
-8.771003615201439230e-01
-6.189309343137150421e-01
-3.427499676171796850e-01
-5.232115094746805917e-02
2.489916445541309753e-01
5.582332591461892646e-01
8.728389879881517377e-01
1.190546966477525004e+00
1.509353585248130569e+00
1.827446473546100014e+00
2.143152828671667454e+00
2.454878731940245196e+00
2.761041390016590213e+00
3.060024151593806252e+00
3.350118335374754786e+00
3.629507837920138869e+00
3.896265391596543726e+00
4.148344504648990849e+00
4.383597330295716077e+00
4.599795860593284047e+00
4.794675309947256103e+00
4.965991076557320305e+00
5.111599175851055499e+00
5.229545627903782190e+00
5.318134180754177542e+00
5.376002358248679336e+00
5.402191048941707763e+00
5.396200194084632251e+00
5.358028749962501003e+00
5.288178856859710564e+00
5.187651285545811675e+00
5.057915221231928271e+00
4.900840087076995921e+00
4.718622226412302112e+00
4.513702742405270918e+00
4.288680598908212183e+00
4.046230761868795156e+00
3.789029840707502483e+00
3.519697333656146121e+00
3.240745010825730521e+00
2.954533354667856493e+00
2.663243838840727129e+00
2.368862143775916973e+00
2.073170863280064946e+00
1.777751445336664071e+00
1.483995243549818044e+00
1.193113393861150895e+00
9.061437749693675991e-01
6.239709216195770125e-01
3.473480811470576746e-01
7.691159018982084150e-02
-1.868024844476189050e-01
-4.433431771157509971e-01
-6.923331211926900819e-01
-9.334556038239315567e-01
-1.166444342182227256e+00
-1.391075036349307403e+00
-1.607158731344384917e+00
-1.814538788723101037e+00
-2.013085266949806496e+00
-2.202691483435265773e+00
-2.383275512287513997e+00
-2.554779533270878034e+00
-2.717168269339337083e+00
-2.870428241583676598e+00
-3.014566605041999470e+00
-3.149610475302121237e+00
-3.275606601185037992e+00
-3.392620765507817548e+00
-3.500737711528231877e+00
-3.600061185176073320e+00
-3.690713828842221211e+00
-3.772836952020451662e+00
-3.846587110362975626e+00
-3.912133558571983194e+00
-3.969659101839756232e+00
-4.019357767134181358e+00
-4.061433081693192726e+00
-4.096099605418972445e+00
-4.123582606051871657e+00
-4.144116956432096543e+00
-4.157946965509682791e+00
-4.165324488423926219e+00
-4.166507191415755429e+00
-4.161758722724312243e+00
-4.151347288589751550e+00
-4.135544403168905703e+00
-4.114625307326027048e+00
-4.088867988631447403e+00
-4.058552214858030638e+00
-4.023959859757910706e+00
-3.985374289469504561e+00
-3.943080509444534254e+00
-3.897366618131814064e+00
-3.848524438400406478e+00
-3.796848748790706107e+00
-3.742637039573547320e+00
-3.686190902709437278e+00
-3.627815799754321446e+00
-3.567820462204609022e+00
-3.506517650390498453e+00
-3.444224059108905944e+00
-3.381260404180561618e+00
-3.317952678233684338e+00
-3.254633636570575028e+00
-3.191643593912698140e+00
-3.129331963016870777e+00
-3.068060395830035869e+00
-3.008205261091595251e+00
-2.950160426694267812e+00
-2.894341640875561339e+00
-2.841191876635047464e+00
-2.791187055237557502e+00
-2.744843261770825826e+00
-2.702726431329242285e+00
-2.665463739076871175e+00
-2.633756613533694058e+00
-2.608397023794964742e+00
-2.590287726892705145e+00
-2.580464354144144767e+00
-2.580116719632310485e+00
-2.590602963514876844e+00
-2.613439319849399922e+00
-2.650223455435661624e+00
-2.702391185760640191e+00
-2.770556511732642058e+00
-2.852791629046062205e+00
-2.940123871649733100e+00
-3.004385494433736259e+00
-2.963415417260259144e+00
-2.564743116533656053e+00
-8.648445034269309772e-01
3.288957955685293921e+00
1.778651034769141548e+00
1.000104515163974472e+00
1.000000000000000000e+00
1.000000000000000000e+00
