1.000000000000000000e+00
1.000000024125918596e+00
1.000000116460762589e+00
1.000000675550830165e+00
1.000002904738847453e+00
1.000009450738841510e+00
1.000025503665698645e+00
1.000060720389221336e+00
1.000132544011036462e+00
1.000271725978279402e+00
1.000531124792583659e+00
1.000999119357590894e+00
1.001819152932326151e+00
1.003216852502186063e+00
1.005535571886418511e+00
1.009279664003440491e+00
1.015161822711062811e+00
1.024146061261921981e+00
1.037471512032487775e+00
1.056636361220379294e+00
1.083318835752691722e+00
1.119223023079448875e+00
1.165862183678580299e+00
1.224335997229370587e+00
1.295200069830021672e+00
1.378508430190411582e+00
1.474051204787228286e+00
1.581596296598028140e+00
1.700884233479756702e+00
1.831147366943413290e+00
1.970190488329409462e+00
2.113659267629172778e+00
2.254948976715279496e+00
2.386141443750760871e+00
2.499501388529776769e+00
2.588868401936793351e+00
2.650624110311797121e+00
2.683729845499573496e+00
2.689432454559813834e+00
2.670570882280877800e+00
2.630948665421647181e+00
2.574867759546309642e+00
2.506624769921812046e+00
2.430315042142772608e+00
2.349583401183881648e+00
2.267582089917334454e+00
2.186940581371549452e+00
2.109775471465821006e+00
2.037781395073414714e+00
1.972225578277235103e+00
1.914033623598452305e+00
1.863821447014923249e+00
1.821954086060557421e+00
1.788599832043320292e+00
1.763747405197140239e+00
1.747255002603180785e+00
1.738855810215852005e+00
1.738190514623976890e+00
1.744825389924530956e+00
1.758259055388347036e+00
1.777939407770869229e+00
1.803262670265818324e+00
1.833589479021876301e+00
1.868248118411533598e+00
1.906541060348982741e+00
1.947752710053557657e+00
1.991145588980341108e+00
2.035969955300560130e+00
2.081468454087998410e+00
2.126886640441247867e+00
2.171482184517050218e+00
2.214526533779455963e+00
2.255313991709096744e+00
2.293168541982473663e+00
2.327453123950484759e+00
2.357577172935738208e+00
2.383002167083540623e+00
2.403248831327834623e+00
2.417900363432182953e+00
2.426609197859335598e+00
2.429102265604237587e+00
2.425182186685931551e+00
2.414728429725079728e+00
2.397695183840586886e+00
2.374108710150723667e+00
2.344063256597491041e+00
2.307717382880545287e+00
2.265289393022218878e+00
2.217048760167386057e+00
2.163308642166925200e+00
2.104418527565107500e+00
2.040757016212098485e+00
1.972725329811213735e+00
1.900739561886968465e+00
1.825225397682078476e+00
1.746613084899310664e+00
1.665330768742240064e+00
1.581799754512220657e+00
1.496430499596186126e+00
1.409619076625053369e+00
1.321744612214842185e+00
1.233167400012898041e+00
1.144228245397627797e+00
1.055247844159075132e+00
9.665259014946228078e-01
8.783410526346234759e-01
7.909510568024367139e-01
7.045932137541064399e-01
6.194851419503834000e-01
5.358260848087728068e-01
4.537976477037536371e-01
3.735638628835213915e-01
2.952726868752432177e-01
2.190577256595570843e-01
1.450390131752842815e-01
7.332412151000902711e-02
4.009178392590582833e-03
-6.282047937749825339e-02
-1.270893653739188223e-01
-1.887311351202562160e-01
-2.476880035156343585e-01
-3.039102973944279307e-01
-3.573563885521435779e-01
-4.079922266843422629e-01
-4.557910778047387090e-01
-5.007338422176346171e-01
-5.428090541859709184e-01
-5.820127172935453119e-01
-6.183482021604684853e-01
-6.518260516321826570e-01
-6.824638140736344338e-01
-7.102858915701559805e-01
-7.353233262872329590e-01
-7.576136318026874816e-01
-7.772006205296015935e-01
-7.941341954059114583e-01
-8.084701118393519126e-01
-8.202693104899404508e-01
-8.295973499227088377e-01
-8.365242783348869615e-01
-8.411240875632409741e-01
-8.434742429867808644e-01
-8.436556428098791471e-01
-8.417523392602415111e-01
-8.378511618370697578e-01
-8.320414691994545420e-01
-8.244146821156500549e-01
-8.150638437073758347e-01
-8.040834403454159007e-01
-7.915690236717587425e-01
-7.776168662568416767e-01
-7.623238499684371616e-01
-7.457871835223587320e-01
-7.281041351626775793e-01
-7.093719506374507322e-01
-6.896876627669140669e-01
-6.691480173174780832e-01
-6.478495889075885916e-01
-6.258888064909484683e-01
-6.033618124696878970e-01
-5.803644107427307075e-01
-5.569922524706715228e-01
-5.333408308937933606e-01
-5.095054525783858645e-01
-4.855814163831165819e-01
-4.616641107478968165e-01
-4.378491696470801497e-01
-4.142328227654153983e-01
-3.909123211619769944e-01
-3.679863231906221888e-01
-3.455554377887544160e-01
-3.237230487184236671e-01
-3.025961307616363838e-01
-2.822861985840777743e-01
-2.629105740383267387e-01
-2.445939029316489266e-01
-2.274698581195732094e-01
-2.116831858402391242e-01
-1.973922224264410274e-01
-1.847717500718446260e-01
-1.740160943132576521e-01
-1.653424797126506474e-01
-1.589943005305593238e-01
-1.552431228553157738e-01
-1.543872094110594617e-01
-1.567418507240547210e-01
-1.626110255422577866e-01
-1.722169461736948737e-01
-1.855336926585545165e-01
-2.018952332210850742e-01
-2.190474866580638669e-01
-2.307428365589016539e-01
-2.201920373312483414e-01
-1.404476071560601946e-01
1.524584951885618600e-01
1.156687712575061866e+00
2.159675021965230979e+00
1.023512927708015496e+00
1.000000209825334441e+00
1.000000000000000000e+00
1.000000000000000000e+00
