1.000000000000000000e+00
1.000000015312473289e+00
1.000000074177850307e+00
1.000000430939974816e+00
1.000001853472881175e+00
1.000006031431102782e+00
1.000016280369057542e+00
1.000038774897230365e+00
1.000084681692123389e+00
1.000173719050576837e+00
1.000339853783488886e+00
1.000640040034590061e+00
1.001167063133373558e+00
1.002067581880600855e+00
1.003566200933883046e+00
1.005995590937725837e+00
1.009830991722423299e+00
1.015724578523815147e+00
1.024531127463533586e+00
1.037312268700915974e+00
1.055303980502375172e+00
1.079836816515549414e+00
1.112211695735156658e+00
1.153559982234663162e+00
1.204743522639127207e+00
1.266342384985424063e+00
1.338744458918127656e+00
1.422217796965690617e+00
1.516809235128389943e+00
1.621934410449773267e+00
1.735708206327273073e+00
1.854460944309605619e+00
1.972765077823947610e+00
2.084224318417154276e+00
2.182669217356079105e+00
2.263251983673548295e+00
2.323174970490899049e+00
2.361703914179058561e+00
2.379888412380150253e+00
2.379987635125428991e+00
2.364946909995749191e+00
2.338007506305553207e+00
2.302327963741446659e+00
2.260835646584836045e+00
2.216067075619591265e+00
2.170154572449543906e+00
2.124826368644196606e+00
2.081433294375019560e+00
2.041024061335334761e+00
2.004356963343858933e+00
1.971964829924311990e+00
1.944182876319415554e+00
1.921190223033325983e+00
1.903046039427641167e+00
1.889701236026681386e+00
1.881028626959650785e+00
1.876825713360783077e+00
1.876833770880854013e+00
1.880748074652783153e+00
1.888221433887372180e+00
1.898874269258665759e+00
1.912294205749597742e+00
1.928046460738556789e+00
1.945676803310622649e+00
1.964716877686405461e+00
1.984690517278945077e+00
2.005113251869851343e+00
2.025500021309363685e+00
2.045369829766708225e+00
2.064253768073336825e+00
2.081701944713441055e+00
2.097285513067671747e+00
2.110602708683619433e+00
2.121283026552751139e+00
2.128992336622522519e+00
2.133436442521103871e+00
2.134362981259161796e+00
2.131563914718231256e+00
2.124875353761094043e+00
2.114179296212474135e+00
2.099404397732881122e+00
2.080524379117022260e+00
2.057556576215239907e+00
2.030558795699583197e+00
1.999626182265810570e+00
1.964887597281020692e+00
1.926502612638876899e+00
1.884658346762439152e+00
1.839564277231782841e+00
1.791447991557294728e+00
1.740551257531413487e+00
1.687126355429427127e+00
1.631432967126228650e+00
1.573734394460740482e+00
1.514295253817309339e+00
1.453379306003989901e+00
1.391246274351432222e+00
1.328149725360143973e+00
1.264335294286381917e+00
1.200039095471070461e+00
1.135486614263982785e+00
1.070891907031208401e+00
1.006457445826552943e+00
9.423739121599744584e-01
8.788197742060669393e-01
8.159612838099433718e-01
7.539525927526201654e-01
6.929359675583215417e-01
6.330421940700615702e-01
5.743912782763743730e-01
5.170928016472040589e-01
4.612458723922401305e-01
4.069399224693689976e-01
3.542556442662385674e-01
3.032653725467924777e-01
2.540336691904150346e-01
2.066178613804455499e-01
1.610683722169263254e-01
1.174292301154598872e-01
7.573844951598687758e-02
3.602834518166377065e-02
-1.674225659185676635e-03
-3.734783986821501450e-02
-7.097624068041852308e-02
-1.025481851094918045e-01
-1.320576300169346851e-01
-1.595037239973470244e-01
-1.848906963909325296e-01
-2.082277785355710342e-01
-2.295290656099073234e-01
-2.488133911936172005e-01
-2.661042072287133631e-01
-2.814294241539331831e-01
-2.948212752047970620e-01
-3.063161762842756541e-01
-3.159545628646223125e-01
-3.237807078881352885e-01
-3.298422831880697959e-01
-3.341899796288315128e-01
-3.368773886461449152e-01
-3.379606353836107080e-01
-3.374980575510487801e-01
-3.355501410433921472e-01
-3.321793150555534258e-01
-3.274496902871574799e-01
-3.214268754583443632e-01
-3.141776652639696188e-01
-3.057697466102742290e-01
-2.962715623988650404e-01
-2.857520592042354646e-01
-2.742804574817545027e-01
-2.619261630757868109e-01
-2.487585796585009834e-01
-2.348469329799616756e-01
-2.202602084354262912e-01
-2.050670270015350072e-01
-1.893355935427133985e-01
-1.731337615205787162e-01
-1.565290470622557051e-01
-1.395885472493586521e-01
-1.223789149514175056e-01
-1.049664790669934678e-01
-8.741725493260374402e-02
-6.979694495672349175e-02
-5.217106767857255384e-02
-3.460504321455431381e-02
-1.716431926775564484e-02
8.538088437359467320e-05
1.707775843638090207e-02
3.374565491095393027e-02
5.002066531533727600e-02
6.583257379640401752e-02
8.110878274028371360e-02
9.577365015710961882e-02
1.097476235324447436e-01
1.229462106528725479e-01
1.352788256241144182e-01
1.466474196646459227e-01
1.569448288875035236e-01
1.660529345438040705e-01
1.738407285194943364e-01
1.801623425504945697e-01
1.848553782255262234e-01
1.877405008570891543e-01
1.886241214009722056e-01
1.873079981119655790e-01
1.836141113892296173e-01
1.774432972957309396e-01
1.689097819288477298e-01
1.586526390309807855e-01
1.485805126199550574e-01
1.437478696927548261e-01
1.574412241583190986e-01
2.263851213744333124e-01
4.624355208331504818e-01
1.246896622407777544e+00
1.798642590368872085e+00
1.007859647369019784e+00
1.000000055823517808e+00
1.000000000000000000e+00
1.000000000000000000e+00
