1.000000000000000000e+00
1.000000058200111841e+00
1.000000278757832373e+00
1.000001611466456275e+00
1.000006924672116826e+00
1.000022520985281771e+00
1.000060741060834202e+00
1.000144498856745168e+00
1.000315068378325289e+00
1.000644941247644137e+00
1.001258097091948240e+00
1.002360444351352298e+00
1.004283239174125875e+00
1.007541510461431367e+00
1.012907190156209447e+00
1.021491796576077471e+00
1.034825307399893424e+00
1.054906161373885931e+00
1.084184131581705790e+00
1.125430300444662635e+00
1.181454776102505821e+00
1.254674983838172109e+00
1.346608045014167754e+00
1.457459190105896418e+00
1.586045343264243179e+00
1.730205202000478781e+00
1.887686059150328832e+00
2.057025244699832278e+00
2.237857709629725189e+00
2.430130200911370775e+00
2.632236861891947832e+00
2.839297992574395746e+00
3.042432564167906861e+00
3.229871653198979065e+00
3.389130441277253603e+00
3.509157920117245144e+00
3.582073694128235619e+00
3.603471545909965990e+00
3.572451701216297959e+00
3.490962718094141159e+00
3.363244135319950257e+00
3.195450020762683696e+00
2.994892623377813923e+00
2.769751892466541854e+00
2.528409591062855899e+00
2.279131820977078338e+00
2.029685644867965877e+00
1.787027528760539052e+00
1.557229565881064426e+00
1.345205717887397290e+00
1.154756769859538235e+00
9.885485846628648821e-01
8.482314469425467074e-01
7.345993978506645261e-01
6.476846960592229641e-01
5.869568294907507866e-01
5.514102393529147772e-01
5.397209498510144865e-01
5.503553132586139762e-01
5.816368216096080568e-01
6.318275026293429519e-01
6.991504570644357930e-01
7.818464718558355564e-01
8.781879487787195293e-01
9.864937212822366686e-01
1.105140780370161613e+00
1.232541020958694888e+00
1.367148470584925057e+00
1.507450459978680435e+00
1.651971360621766971e+00
1.799271518869140163e+00
1.947926243013927916e+00
2.096524109965982152e+00
2.243660881469545565e+00
2.387942111225314523e+00
2.527984833342804549e+00
2.662418537068695024e+00
2.789895657745791180e+00
2.909097626267116432e+00
3.018756147536031165e+00
3.117676707804255987e+00
3.204757070344502523e+00
3.279010318568037707e+00
3.339582737368151477e+00
3.385772296527755909e+00
3.417043808021540396e+00
3.433044123878065346e+00
3.433612582506416544e+00
3.418777300089696158e+00
3.388750020448337619e+00
3.343916617105735511e+00
3.284823263523907855e+00
3.212160156386802967e+00
3.126738045569291469e+00
3.029468301499944616e+00
2.921341377849343335e+00
2.803399474402437086e+00
2.676713735256860183e+00
2.542363427496821426e+00
2.401416946453304391e+00
2.254916374854318395e+00
2.103865023249075428e+00
1.949219550171921611e+00
1.791883440698116559e+00
1.632701015539244960e+00
1.472454703312356505e+00
1.311864002912809246e+00
1.151585843716079305e+00
9.922165504768085675e-01
8.342957017147233367e-01
6.783088063444080440e-01
5.246884452969764467e-01
3.738193927692478047e-01
2.260443838822369933e-01
8.166735948117720412e-02
-5.904243766183562420e-02
-1.958466873243939754e-01
-3.285352672132193508e-01
-4.569228628970964934e-01
-5.808463018089411456e-01
-7.001623230058542369e-01
-8.147458068418046429e-01
-9.244891025843797738e-01
-1.029300383832866705e+00
-1.129102636370079793e+00
-1.223834247953511367e+00
-1.313448821709009451e+00
-1.397914622759881098e+00
-1.477214250796804684e+00
-1.551344125391357132e+00
-1.620314097311682966e+00
-1.684147144717459854e+00
-1.742878947764736619e+00
-1.796557617659706008e+00
-1.845243446197825099e+00
-1.889008588181413817e+00
-1.927936688339050963e+00
-1.962121402264701775e+00
-1.991665198458962616e+00
-2.016679321705547867e+00
-2.037282667191868679e+00
-2.053600859035357384e+00
-2.065766452548397858e+00
-2.073918508489895896e+00
-2.078201906161004864e+00
-2.078766985976316928e+00
-2.075768609699700118e+00
-2.069365281952604718e+00
-2.059718940377487151e+00
-2.046994210548279014e+00
-2.031357733287661116e+00
-2.012978082778104749e+00
-1.992025219083108034e+00
-1.968669960819958931e+00
-1.943083921225067234e+00
-1.915439138803042063e+00
-1.885907989083257075e+00
-1.854663568530999562e+00
-1.821879816623369175e+00
-1.787731176654234089e+00
-1.752392460841547539e+00
-1.716039306062259406e+00
-1.678848097994812827e+00
-1.640995798463971589e+00
-1.602660276553671714e+00
-1.564020383409155279e+00
-1.525256132503900020e+00
-1.486549333391635530e+00
-1.448084361663155795e+00
-1.410048755672693943e+00
-1.372634144792707289e+00
-1.336037819947945904e+00
-1.300464177844214753e+00
-1.266126391026765274e+00
-1.233248772411922545e+00
-1.202069638185550682e+00
-1.172844492163115371e+00
-1.145849940373410147e+00
-1.121388691104983293e+00
-1.099795370659486293e+00
-1.081443073765296914e+00
-1.066751062340788536e+00
-1.056193475756483036e+00
-1.050307494590609458e+00
-1.049698290689064839e+00
-1.055034804327395825e+00
-1.067022320163830473e+00
-1.086319474383056427e+00
-1.113324254134028246e+00
-1.147644511730270045e+00
-1.186779567664012935e+00
-1.222719243173104209e+00
-1.232624473253703501e+00
-1.150914026290840164e+00
-7.736820607300850527e-01
6.245022406274483018e-01
2.978209556661065793e+00
1.160403086072703482e+00
1.000003172744690083e+00
1.000000000000000000e+00
1.000000000000000000e+00
