1.000000000000000000e+00
1.000000004390059649e+00
1.000000021444252818e+00
1.000000125027075581e+00
1.000000538088068991e+00
1.000001751710519748e+00
1.000004731004348724e+00
1.000011277023556966e+00
1.000024655823555708e+00
1.000050655363350582e+00
1.000099293064293349e+00
1.000187469465980694e+00
1.000342938931035430e+00
1.000610027842415262e+00
1.001057537355255489e+00
1.001789157578814926e+00
1.002956406081298324e+00
1.004773482464875078e+00
1.007532437815948700e+00
1.011615857967638865e+00
1.017503116631856885e+00
1.025766533516584422e+00
1.037055727102505598e+00
1.052073280313108761e+00
1.071549985391497595e+00
1.096224220378801073e+00
1.126820200187693244e+00
1.163984785813102274e+00
1.208138785819143246e+00
1.259220895506023785e+00
1.316375694931374962e+00
1.377768480572981291e+00
1.440662207051061738e+00
1.501831045009826449e+00
1.558150373402535704e+00
1.607132406150825643e+00
1.647267243670949011e+00
1.678043445817448909e+00
1.699802097828531089e+00
1.713462826923567439e+00
1.720264643936834981e+00
1.721566751620104085e+00
1.718680796966683522e+00
1.712796994417306928e+00
1.704926321068408024e+00
1.695897701768916521e+00
1.686365485080425497e+00
1.676827249267985653e+00
1.667655242570801111e+00
1.659109241232032739e+00
1.651362658743768419e+00
1.644516889565629247e+00
1.638617920087710234e+00
1.633670166058271089e+00
1.629642840219120314e+00
1.626480439258282562e+00
1.624105480699572723e+00
1.622425098500824614e+00
1.621335005758979708e+00
1.620721533313646878e+00
1.620465184904526845e+00
1.620441400467849125e+00
1.620523937802739400e+00
1.620586253308626157e+00
1.620503354327983647e+00
1.620153757273332218e+00
1.619419617681514323e+00
1.618188737041754033e+00
1.616355643200107828e+00
1.613823322000286220e+00
1.610504514009096333e+00
1.606321676411403443e+00
1.601207798874549448e+00
1.595106672512734747e+00
1.587973318599730455e+00
1.579774012661756100e+00
1.570485915566920410e+00
1.560096883455963646e+00
1.548604707146316928e+00
1.536016893185998322e+00
1.522350319611408764e+00
1.507630446199691443e+00
1.491890678729031139e+00
1.475171449943140090e+00
1.457519411694284450e+00
1.438986608444524196e+00
1.419629875903815952e+00
1.399510268097133858e+00
1.378692054720909388e+00
1.357241967698358698e+00
1.335228536969774948e+00
1.312721487461373293e+00
1.289791256692065069e+00
1.266508334571434080e+00
1.242942923926541710e+00
1.219164604682591913e+00
1.195241726883859767e+00
1.171241020658233101e+00
1.147227256353307911e+00
1.123262918969317514e+00
1.099407970432656034e+00
1.075719662531349652e+00
1.052252484403564781e+00
1.029058084346274216e+00
1.006185129221509600e+00
9.836792554800025679e-01
9.615830439454724488e-01
9.399360159233457468e-01
9.187746746734911651e-01
8.981326195953014402e-01
8.780405820125904981e-01
8.585263685203803341e-01
8.396150106765013499e-01
8.213289545263582347e-01
8.036881239572731817e-01
7.867100383071277125e-01
7.704099249172922104e-01
7.548007876421000129e-01
7.398935234408026140e-01
7.256970132951537922e-01
7.122182017911259377e-01
6.994621636191671321e-01
6.874321213135191622e-01
6.761295248541364655e-01
6.655541067871082461e-01
6.557038585886247883e-01
6.465750557992474556e-01
6.381623099062181392e-01
6.304586142361602308e-01
6.234554055855362487e-01
6.171426239801345304e-01
6.115087720181211495e-01
6.065409844110292159e-01
6.022250920726425205e-01
5.985456873772192488e-01
5.954861948267123894e-01
5.930289459612922975e-01
5.911553155150878203e-01
5.898458427584623021e-01
5.890802889573012457e-01
5.888377535733562151e-01
5.890967782512264161e-01
5.898353875920523404e-01
5.910311623317767715e-01
5.926613247281837804e-01
5.947028035059378492e-01
5.971323281646958581e-01
5.999265172186212247e-01
6.030619267693480001e-01
6.065151253586753555e-01
6.102627616762440477e-01
6.142815965013380675e-01
6.185485568352413477e-01
6.230407855059888478e-01
6.277356618022668089e-01
6.326108353325362588e-01
6.376442408231079995e-01
6.428140832737353483e-01
6.480988337544139055e-01
6.534772467205754998e-01
6.589283621133036339e-01
6.644314708224930976e-01
6.699661050052588829e-01
6.755120290751470691e-01
6.810491979965099807e-01
6.865577242590857887e-01
6.920178331268556082e-01
6.974097864183137485e-01
7.027137915435225368e-01
7.079099119575772425e-01
7.129779503021127507e-01
7.178972860916658094e-01
7.226467090701217399e-01
7.272042278171541030e-01
7.315468271125475930e-01
7.356501848592755799e-01
7.394883598826528237e-01
7.430334328675108901e-01
7.462550915923236161e-01
7.491201970369271157e-01
7.515923773067449964e-01
7.536317082568414483e-01
7.551946444367880762e-01
7.562345863722093053e-01
7.567038179017815391e-01
7.565583142266385508e-01
7.557686041088996776e-01
7.543436075816977171e-01
7.523830482329469937e-01
7.501954707926969945e-01
7.485751902316463147e-01
7.494913075914352296e-01
7.579406572229929751e-01
7.874620951944077962e-01
8.787723017410292714e-01
1.164163109546402897e+00
1.224126454640205308e+00
1.000555765986531620e+00
1.000000002915369501e+00
1.000000000000000000e+00
1.000000000000000000e+00
