1.000000000000000000e+00
1.000000114168674070e+00
1.000000542725961283e+00
1.000003126981012569e+00
1.000013428757067002e+00
1.000043657139456643e+00
1.000117682301477684e+00
1.000279735054424357e+00
1.000609264625069050e+00
1.001245284921264744e+00
1.002424335341635775e+00
1.004536589614834607e+00
1.008204067358564826e+00
1.014382347563497433e+00
1.024481265025756427e+00
1.040489220631976908e+00
1.065069303083967522e+00
1.101575134250545984e+00
1.153916934958090446e+00
1.226209878403237141e+00
1.322171173748676765e+00
1.444330099236847964e+00
1.593241674333109259e+00
1.767030591358915714e+00
1.961635330324680737e+00
2.171900691699939934e+00
2.393395370554492807e+00
2.624099152054108597e+00
2.865060647133272909e+00
3.119198103385902421e+00
3.388223050978734552e+00
3.669587944796591561e+00
3.954736751015917928e+00
4.230045367259829270e+00
4.479304832249948909e+00
4.686233867147559629e+00
4.836722225292049870e+00
4.919241498614679742e+00
4.925423520528693366e+00
4.849870170655374402e+00
4.690385547047925208e+00
4.448645755480332475e+00
4.130006785356411747e+00
3.743988845922190389e+00
3.303565611908118260e+00
2.824662988644369932e+00
2.324988384234866867e+00
1.822599420125216696e+00
1.334795306027786843e+00
8.765716100769911368e-01
4.599924155250142976e-01
9.369208852978405666e-02
-2.170154836145645472e-01
-4.697132416593983173e-01
-6.644608075215668874e-01
-8.030822282175252846e-01
-8.887131064331413866e-01
-9.252479266154768345e-01
-9.169617359511434973e-01
-8.682839449688625200e-01
-7.835865984220301561e-01
-6.671250470312889425e-01
-5.229218232081807027e-01
-3.547441343570387762e-01
-1.660801610428842834e-01
3.987929207154825711e-02
2.601895432424456978e-01
4.921605461544512061e-01
7.333308420975318542e-01
9.814620183892379668e-01
1.234519625984524582e+00
1.490611408415082106e+00
1.747958935155155658e+00
2.004857116722352117e+00
2.259647024023037520e+00
2.510684510706660877e+00
2.756305753389614477e+00
2.994810373366468159e+00
3.224437040873122218e+00
3.443370639442705716e+00
3.649758675300007305e+00
3.841725133667998726e+00
4.017401908835076085e+00
4.174960739505220175e+00
4.312657407351806249e+00
4.428880678585834119e+00
4.522211528803329550e+00
4.591481567086738380e+00
4.635809403702416454e+00
4.654636244875410611e+00
4.647751693435967724e+00
4.615306563859129518e+00
4.557813778828301743e+00
4.476126139821670513e+00
4.371411462034901163e+00
4.245115102239961580e+00
4.098902520633134650e+00
3.934604144059780761e+00
3.754159448635949303e+00
3.559561995112073607e+00
3.352810715034102884e+00
3.135867809474839341e+00
2.910627561919775452e+00
2.678890238423623060e+00
2.442339760538499327e+00
2.202530680530046414e+00
1.960881085054589246e+00
1.718670512306510911e+00
1.477042883168021348e+00
1.237014596391537991e+00
9.994811887312253784e-01
7.652215789918118682e-01
5.349106819318942829e-01
3.091333901284141206e-01
8.839344474762425574e-02
-1.268761177532876649e-01
-3.363033853056898725e-01
-5.395703281212975710e-01
-7.364044763022056239e-01
-9.265723044221587656e-01
-1.109873716438720459e+00
-1.286137664286798321e+00
-1.455220133675736882e+00
-1.617000350392672425e+00
-1.771378403963982606e+00
-1.918276168443971752e+00
-2.057636770529642334e+00
-2.189423425673547197e+00
-2.313618807498194041e+00
-2.430224120508582608e+00
-2.539258489338799052e+00
-2.640758571158040358e+00
-2.734777975551919038e+00
-2.821387030987910105e+00
-2.900672624290002499e+00
-2.972737935192502068e+00
-3.037702083921992369e+00
-3.095697617374117527e+00
-3.146868575081198660e+00
-3.191370852808071756e+00
-3.229370419685066551e+00
-3.261041944053332031e+00
-3.286569626320822390e+00
-3.306146783528000288e+00
-3.319974911874948198e+00
-3.328263386852993833e+00
-3.331228004591115788e+00
-3.329089632317530523e+00
-3.322074157123035221e+00
-3.310411363169598165e+00
-3.294333933680071436e+00
-3.274077592866050601e+00
-3.249880310090714985e+00
-3.221981521962753003e+00
-3.190622240599728876e+00
-3.156044536345853135e+00
-3.118491546898324529e+00
-3.078208385090554167e+00
-3.035442502714743362e+00
-2.990443118493508301e+00
-2.943461015803044312e+00
-2.894749464683861628e+00
-2.844564062137908245e+00
-2.793162342193841408e+00
-2.740804329397943384e+00
-2.687752538733845231e+00
-2.634272126378748524e+00
-2.580631866253269457e+00
-2.527105320606298111e+00
-2.473971586989736959e+00
-2.421516599371194012e+00
-2.370035576770288976e+00
-2.319835092972764912e+00
-2.271235436816756437e+00
-2.224574156875883890e+00
-2.180210377768824870e+00
-2.138529512454740988e+00
-2.099949147601424926e+00
-2.064926787003385389e+00
-2.033968945588224830e+00
-2.007641529907469469e+00
-1.986582564470415813e+00
-1.971517556973932495e+00
-1.963275650778377068e+00
-1.962803867029177196e+00
-1.971173085138000491e+00
-1.989559659152533078e+00
-2.019164246133639207e+00
-2.060977023112451345e+00
-2.115164332691812366e+00
-2.179497493149846754e+00
-2.245252991181214242e+00
-2.286020221387050633e+00
-2.224733316719546661e+00
-1.821369751546535243e+00
-1.973800186696525738e-01
3.350322702830460742e+00
1.475136656154313552e+00
1.000028025090916373e+00
1.000000000000000000e+00
1.000000000000000000e+00
