1.000000000000000000e+00
1.000000028982136024e+00
1.000000139692694967e+00
1.000000809782284339e+00
1.000003481494613489e+00
1.000011326402713285e+00
1.000030562076701157e+00
1.000072752565935641e+00
1.000158774887579982e+00
1.000325408318383458e+00
1.000635812840911631e+00
1.001195459027738544e+00
1.002175248515922323e+00
1.003843418487045502e+00
1.006607015718878007e+00
1.011061748412720229e+00
1.018045325196551332e+00
1.028683568369828327e+00
1.044411013460906146e+00
1.066941142198808867e+00
1.098159577014185206e+00
1.139928303109664309e+00
1.193820516280023947e+00
1.260858846699877578e+00
1.341378204298375509e+00
1.435109393496091457e+00
1.541506312260978229e+00
1.660083829708085545e+00
1.790464891216812182e+00
1.931859629095074693e+00
2.082008510560140913e+00
2.236310831666858512e+00
2.387656178441782462e+00
2.527418589078162636e+00
2.647089691016861757e+00
2.739812282674359611e+00
2.801471952604398297e+00
2.830760172248981466e+00
2.828895286370804563e+00
2.798891136203687680e+00
2.744896121833361846e+00
2.671702018684191327e+00
2.584179229290962443e+00
2.487055287953824134e+00
2.384610369405085528e+00
2.280610567320135562e+00
2.178250643758291805e+00
2.080144640618234675e+00
1.988417389800958723e+00
1.904682726204816934e+00
1.830136864593356449e+00
1.765590340697459348e+00
1.711536170803068080e+00
1.668215076857731294e+00
1.635637480282011058e+00
1.613645618849292251e+00
1.601923078538043832e+00
1.600037445657624957e+00
1.607465150490785089e+00
1.623602029922898593e+00
1.647785777328963475e+00
1.679295910113532964e+00
1.717373928306397124e+00
1.761227163201943391e+00
1.810036098721528486e+00
1.862962689288859774e+00
1.919144124390673278e+00
1.977702710603725045e+00
2.037749473165600289e+00
2.098394853618591238e+00
2.158757839020640112e+00
2.217966000637536794e+00
2.275164878981797312e+00
2.329524983509859482e+00
2.380252264212375568e+00
2.426596989781061975e+00
2.467860740324685942e+00
2.503405996437393366e+00
2.532661362747617773e+00
2.555131592933008733e+00
2.570406122523131387e+00
2.578162824590932711e+00
2.578171815236219189e+00
2.570295165335729770e+00
2.554485804505496560e+00
2.530784386386910612e+00
2.499316320678135472e+00
2.460287317603626178e+00
2.413973581686153391e+00
2.360712962398843207e+00
2.300895911254423609e+00
2.234956304153474793e+00
2.163362924161233991e+00
2.086609210620911981e+00
2.005205950776410617e+00
1.919674224486036085e+00
1.830536323559162071e+00
1.738309091800702033e+00
1.643498232500914202e+00
1.546593284774588462e+00
1.448063902314355111e+00
1.348357065085645345e+00
1.247895909252286772e+00
1.147078686933004965e+00
1.046277485898703175e+00
9.458380099321899159e-01
8.460797548711141980e-01
7.472965067941809147e-01
6.497573231755282563e-01
5.537081925770336310e-01
4.593730093754194721e-01
3.669537327420335782e-01
2.766323210955404788e-01
1.885729473161517900e-01
1.029230438267140918e-01
1.981475318884799025e-02
-6.063374199126415898e-02
-1.383173447852446558e-01
-2.131428231159849529e-01
-2.850278833242556042e-01
-3.539004065653171271e-01
-4.196978594403241170e-01
-4.823671803609032582e-01
-5.418641795395778837e-01
-5.981531990127897380e-01
-6.512074921549577677e-01
-7.010092162152786743e-01
-7.475492278311991479e-01
-7.908269602943798215e-01
-8.308501914804875543e-01
-8.676348506213673595e-01
-9.012048471725033760e-01
-9.315918269222739356e-01
-9.588349864161131997e-01
-9.829808850749126581e-01
-1.004083215485454206e+00
-1.022202538867457378e+00
-1.037405493989580485e+00
-1.049764130323411093e+00
-1.059355782048488459e+00
-1.066262428401153262e+00
-1.070570147544649409e+00
-1.072369098277872856e+00
-1.071753208205703745e+00
-1.068819740672167340e+00
-1.063669018936378663e+00
-1.056403879871181895e+00
-1.047129159927632447e+00
-1.035951500122835656e+00
-1.022978904718546023e+00
-1.008320339465224036e+00
-9.920856140706461046e-01
-9.743850525107872196e-01
-9.553291797950531627e-01
-9.350286343264225808e-01
-9.135939445708574080e-01
-8.911354462903696705e-01
-8.677634308776543959e-01
-8.435881798021096500e-01
-8.187197916565918110e-01
-7.932681155964815822e-01
-7.673429739198300847e-01
-7.410541464347433216e-01
-7.145113221618912824e-01
-6.878243024433481345e-01
-6.611030991802951950e-01
-6.344581002834177585e-01
-6.080004684363620182e-01
-5.818426264594991348e-01
-5.560986867315045323e-01
-5.308850660596374782e-01
-5.063214368219918216e-01
-4.825316576995759554e-01
-4.596448556208542202e-01
-4.377968859554724479e-01
-4.171320849602691561e-01
-3.978052363359157462e-01
-3.799839459408028697e-01
-3.638515853717233517e-01
-3.496106537377141055e-01
-3.374864612954302512e-01
-3.277312029294764950e-01
-3.206280944582033943e-01
-3.164943045378560416e-01
-3.156803416550346131e-01
-3.185608591409593293e-01
-3.255055821131847549e-01
-3.368049437292091608e-01
-3.524919454990764756e-01
-3.719188590337530465e-01
-3.927280939956506733e-01
-4.082321921976868606e-01
-4.002695769541543269e-01
-3.177877786794868209e-01
-3.764448435088101064e-03
1.088217388371803818e+00
2.326260585138694825e+00
1.036395787729748275e+00
1.000000366451806677e+00
1.000000000000000000e+00
1.000000000000000000e+00
