1.000000000000000000e+00
1.000000096365421420e+00
1.000000459040330192e+00
1.000002647246608589e+00
1.000011370477995376e+00
1.000036969601130421e+00
1.000099670514305705e+00
1.000236972643013367e+00
1.000516286306085911e+00
1.001055685210028079e+00
1.002056365047349296e+00
1.003850836657200096e+00
1.006970547059903742e+00
1.012234691763469252e+00
1.020857270896682545e+00
1.034560527538863628e+00
1.055668983545099415e+00
1.087140343527995157e+00
1.132472640548450871e+00
1.195424491062117012e+00
1.279509815418721219e+00
1.387309016464133959e+00
1.519750613131763961e+00
1.675647258547034113e+00
1.851826152631834699e+00
2.044012954826089690e+00
2.248382279122670191e+00
2.463021352013696319e+00
2.688490633102011973e+00
2.926735806643463889e+00
3.178344204495589853e+00
3.439860764498374746e+00
3.702328468145387408e+00
3.952292164167590105e+00
4.174228506679206419e+00
4.353013095863718540e+00
4.476089207114228863e+00
4.533916583532715094e+00
4.520441117720546131e+00
4.432791058170601595e+00
4.271264855687159745e+00
4.039633194388837722e+00
3.744684737541664088e+00
3.396345346146301125e+00
3.006851887414756064e+00
2.590202636295184657e+00
2.161186784586299314e+00
1.734325349189913767e+00
1.323156131543889114e+00
9.391858671520992852e-01
5.915573519974863803e-01
2.867628927271562156e-01
2.878427156930109601e-02
-1.805671324786876919e-01
-3.413504336215847923e-01
-4.549737372202371510e-01
-5.238813315526069658e-01
-5.511447203928644401e-01
-5.401773109968733833e-01
-4.945578595219898843e-01
-4.178549681442357278e-01
-3.135725688813462142e-01
-1.850472937127925488e-01
-3.542528554107159805e-02
1.323596880600622083e-01
3.156015439773305897e-01
5.117773780923438043e-01
7.185528500813648245e-01
9.337588540501520207e-01
1.155386548492070675e+00
1.381572050313185862e+00
1.610545984936043062e+00
1.840612464643366142e+00
2.070118723377870840e+00
2.297437002687660268e+00
2.520943620209834091e+00
2.738996111866403016e+00
2.949925987282743023e+00
3.152025482347731611e+00
3.343561504626411551e+00
3.522797244510871728e+00
3.688010926922702382e+00
3.837528392540201061e+00
3.969754402229686452e+00
4.083212264750017084e+00
4.176585021279229260e+00
4.248762756858657674e+00
4.298886662230013478e+00
4.326372185980798868e+00
4.330930012095654646e+00
4.312577944719269141e+00
4.271641841654286509e+00
4.208747314509720283e+00
4.124793405123648782e+00
4.020926018747714714e+00
3.898502882742913123e+00
3.759043794989885168e+00
3.604184689599634339e+00
3.435632505995306119e+00
3.255121848297811926e+00
3.064377430527528201e+00
2.865082201400249939e+00
2.658854449103548845e+00
2.447228773947024205e+00
2.231639693580816708e+00
2.013412484803548175e+00
1.793758447418640767e+00
1.573773881617781312e+00
1.354442868705090675e+00
1.136644079473417390e+00
9.211561596482115144e-01
7.086609327187286533e-01
4.997535597009412078e-01
2.949538386967750503e-01
9.471322120202796402e-02
-1.005768119801052213e-01
-2.905770508336188995e-01
-4.749947711414639895e-01
-6.535769851204856762e-01
-8.261050742449936868e-01
-9.923903019528003133e-01
-1.152270238736683217e+00
-1.305607148689180930e+00
-1.452284848005355400e+00
-1.592206729725099024e+00
-1.725296551015717439e+00
-1.851497981999361775e+00
-1.970773606167947500e+00
-2.083104357627533876e+00
-2.188488696616483598e+00
-2.286942042105501116e+00
-2.378496384893053150e+00
-2.463199731287912808e+00
-2.541115833769912680e+00
-2.612323979114789640e+00
-2.676918684330232168e+00
-2.735009316310546446e+00
-2.786717882024980497e+00
-2.832177304474314372e+00
-2.871531640408923725e+00
-2.904934484455795385e+00
-2.932547718160550154e+00
-2.954542127218055647e+00
-2.971096966205620138e+00
-2.982399083788219496e+00
-2.988642589613629941e+00
-2.990027543896665474e+00
-2.986758741532297812e+00
-2.979045597816123880e+00
-2.967101131494245703e+00
-2.951141056696982012e+00
-2.931383843423907454e+00
-2.908049988998049784e+00
-2.881361308725701953e+00
-2.851540980966860150e+00
-2.818813067729207145e+00
-2.783402485518761793e+00
-2.745535742112197752e+00
-2.705441218671976067e+00
-2.663348665554718941e+00
-2.619489016933144399e+00
-2.574095163665319763e+00
-2.527401818023030433e+00
-2.479645191269290727e+00
-2.431063478518589172e+00
-2.381896884921922197e+00
-2.332387790501304181e+00
-2.282781626589671653e+00
-2.233327931022857538e+00
-2.184281061412545633e+00
-2.135901396693245413e+00
-2.088457532625133339e+00
-2.042228183005780906e+00
-1.997504357771163752e+00
-1.954592580094353993e+00
-1.913818799266557624e+00
-1.875532688014085680e+00
-1.840112988516651393e+00
-1.807974491874793976e+00
-1.779576221309383088e+00
-1.755430752997964472e+00
-1.736115534196725374e+00
-1.722286356566473220e+00
-1.714691216542032048e+00
-1.714181847569088868e+00
-1.721716625641037224e+00
-1.738339226107879609e+00
-1.765096102876400952e+00
-1.802805816500896219e+00
-1.851465499712022567e+00
-1.908741814149240268e+00
-1.966042972577197512e+00
-1.997769716660109163e+00
-1.929431916628031374e+00
-1.528681907461562961e+00
4.803158906121365174e-02
3.305434767146278485e+00
1.372849157087011385e+00
1.000015999137396916e+00
1.000000000000000000e+00
1.000000000000000000e+00
