1.000000000000000000e+00
1.000000142435195416e+00
1.000000675150544804e+00
1.000003884960605438e+00
1.000016679912532291e+00
1.000054218542911544e+00
1.000146120417787055e+00
1.000347225718957622e+00
1.000755932511554480e+00
1.001544152029064882e+00
1.003003805727082032e+00
1.005615104331925913e+00
1.010140816531958974e+00
1.017747097909404319e+00
1.030143532890155145e+00
1.049721121763137477e+00
1.079646776564523458e+00
1.123849614174416311e+00
1.186817446269008203e+00
1.273131576572643864e+00
1.386718935094051641e+00
1.529923532128883990e+00
1.702642504655978772e+00
1.901908832681309613e+00
2.122320783676460820e+00
2.357438184230613576e+00
2.601969536749848988e+00
2.853760193623108066e+00
3.114582771849901288e+00
3.388792969050149484e+00
3.679805128716526763e+00
3.986544322444009136e+00
4.301306477682439677e+00
4.610618148603773392e+00
4.897780637053623209e+00
5.145398686263350285e+00
5.337652198567868211e+00
5.460558422249161659e+00
5.502614670484047288e+00
5.454692454199549623e+00
5.310568511265742586e+00
5.068123296440934844e+00
4.729582818863558913e+00
4.302683112284269029e+00
3.800331508690856452e+00
3.240404863322800200e+00
2.644441922280689194e+00
2.035698418783096209e+00
1.437382146821940987e+00
8.702064879537454445e-01
3.511709113084466316e-01
-1.073826036567266939e-01
-4.977799382618228741e-01
-8.164891866605624715e-01
-1.063503587505687964e+00
-1.241289179994637504e+00
-1.354067958753413681e+00
-1.407003620424116530e+00
-1.405662588885115305e+00
-1.355714086013044550e+00
-1.262675792900782579e+00
-1.131865135201707728e+00
-9.682764623415499594e-01
-7.765689462685964051e-01
-5.610431775418094347e-01
-3.256161891226726501e-01
-7.387865697562066847e-02
1.909247926221531999e-01
4.658713648903518578e-01
7.483588894781313394e-01
1.036084841613339025e+00
1.326969734310312177e+00
1.619119326135606274e+00
1.910769774817941524e+00
2.200247333655586779e+00
2.485921454142426157e+00
2.766152778358322628e+00
3.039261423927150485e+00
3.303484927765896195e+00
3.556973753992593412e+00
3.797797611030269138e+00
4.023948728553536469e+00
4.233367520592511646e+00
4.423970719194385559e+00
4.593697355267583049e+00
4.740564361079453448e+00
4.862739367549343328e+00
4.958617558031877870e+00
5.026876218936600971e+00
5.066532504124815262e+00
5.076992232266147376e+00
5.058084277013207064e+00
5.010080201630416674e+00
4.933683583351673896e+00
4.830013151975549590e+00
4.700566490817514875e+00
4.547154708370264586e+00
4.371835962282249355e+00
4.176844572597893546e+00
3.964518713445150944e+00
3.737234229108287842e+00
3.497345916017364775e+00
3.247142397814460235e+00
2.988807831657186220e+00
2.724389163048005713e+00
2.455776040989986253e+00
2.184689194662746026e+00
1.912676055727611457e+00
1.641113481387565187e+00
1.371217587395606508e+00
1.104052229178356104e+00
8.405347716048297002e-01
5.814525244679064064e-01
3.274809239634443037e-01
7.919528935268516090e-02
-1.629155022578058221e-01
-3.984365187282201681e-01
-6.270172928353299202e-01
-8.483610823339233775e-01
-1.062216356761120251e+00
-1.268369734085652789e+00
-1.466640400237787967e+00
-1.656877534179612033e+00
-1.838955547784120403e+00
-2.012771136738961353e+00
-2.178244467988843081e+00
-2.335318566488571168e+00
-2.483957931920770967e+00
-2.624147836606963935e+00
-2.755893267138813663e+00
-2.879218273275056639e+00
-2.994165604331994412e+00
-3.100796113949572330e+00
-3.199188603604449899e+00
-3.289439761751228097e+00
-3.371663976429016163e+00
-3.445993042826556163e+00
-3.512573184650260139e+00
-3.571562804459299745e+00
-3.623133092683437972e+00
-3.667465963690129893e+00
-3.704752501379791063e+00
-3.735194145531810062e+00
-3.759002319809833903e+00
-3.776397407227240155e+00
-3.787608514132084103e+00
-3.792871788806717603e+00
-3.792428872247921134e+00
-3.786526957045675434e+00
-3.775417507937293582e+00
-3.759355132078267214e+00
-3.738597859000881041e+00
-3.713406247827200080e+00
-3.684042510134656112e+00
-3.650770726179640491e+00
-3.613856275695709552e+00
-3.573565914608616279e+00
-3.530168958797685885e+00
-3.483937782286441021e+00
-3.435147143086112465e+00
-3.384073958187848508e+00
-3.330998463248405983e+00
-3.276204015603848774e+00
-3.219976597656402983e+00
-3.162605476263410154e+00
-3.104383156741800764e+00
-3.045605504262947516e+00
-2.986572867707325329e+00
-2.927591417757693826e+00
-2.868973928116885119e+00
-2.811041209199980351e+00
-2.754124924626371040e+00
-2.698569887469647099e+00
-2.644736658992722145e+00
-2.593005548962829643e+00
-2.543781492487121376e+00
-2.497499323088976819e+00
-2.454630392616708345e+00
-2.415691375525366613e+00
-2.381254621256649440e+00
-2.351959986366522148e+00
-2.328529512346764641e+00
-2.311785448032776635e+00
-2.302669631706365738e+00
-2.302261576315063341e+00
-2.311788875186638670e+00
-2.332613214365728549e+00
-2.366151585965596826e+00
-2.413636755478201668e+00
-2.475478310112170899e+00
-2.549609783106546068e+00
-2.627165457904716561e+00
-2.680741036894817686e+00
-2.630271310166191867e+00
-2.227739776025564389e+00
-5.548728337488797457e-01
3.345716015107108365e+00
1.633490141408157514e+00
1.000058522795022942e+00
1.000000000000000000e+00
1.000000000000000000e+00
