1.000000000000000000e+00
1.000000144962477799e+00
1.000000686966308283e+00
1.000003952529325835e+00
1.000016969680520118e+00
1.000055159752557765e+00
1.000148654362633449e+00
1.000353238010245782e+00
1.000768993937976914e+00
1.001570755621001840e+00
1.003055356123352393e+00
1.005710973559542643e+00
1.010312794176264406e+00
1.018045476247006365e+00
1.030644797487782149e+00
1.050536674939144488e+00
1.080931259963993307e+00
1.125806310330800031e+00
1.189697273392541721e+00
1.277222036337414934e+00
1.392320723534955507e+00
1.537315985790429718e+00
1.712043671962084623e+00
1.913440222201171492e+00
2.135988653400864301e+00
2.373140263159488672e+00
2.619531764798227247e+00
2.872997508764493446e+00
3.135370634429034631e+00
3.411127509935068858e+00
3.703827291531904820e+00
4.012524271585417246e+00
4.329596822779460119e+00
4.641601414232658485e+00
4.931821684709253972e+00
5.182796659406699646e+00
5.378591375358779736e+00
5.505042123208515825e+00
5.550399869220133731e+00
5.505226989935556148e+00
5.362949606423256022e+00
5.121098581771160951e+00
4.781588345008047192e+00
4.351944359146698638e+00
3.845005671527069957e+00
3.278761689325168316e+00
2.675043842892760537e+00
2.057541530555498710e+00
1.449978984833505180e+00
8.735835501436736150e-01
3.458072251672110187e-01
-1.206625406252936905e-01
-5.179282228015538170e-01
-8.423499971070579351e-01
-1.093911535859502848e+00
-1.275135567999597042e+00
-1.390341047156618437e+00
-1.444803403200957570e+00
-1.444200279507589224e+00
-1.394305226415700094e+00
-1.300730435977727639e+00
-1.168880114116623403e+00
-1.003828025759653020e+00
-8.103069691586683998e-01
-5.926856626047345422e-01
-3.549431173222979963e-01
-1.007261133805330278e-01
1.666718528829329860e-01
4.442868764350975108e-01
7.294841346485616551e-01
1.019936978301813735e+00
1.313549173215695198e+00
1.608416388540925723e+00
1.902770157689842589e+00
2.194936471433201586e+00
2.483287556158255693e+00
2.766188357994399549e+00
3.041963551179803993e+00
3.308853941968361578e+00
3.565010937131618096e+00
3.808501920705348098e+00
4.037312499698363588e+00
4.249371504744546613e+00
4.442578581499867951e+00
4.614850075848371702e+00
4.764174943560453457e+00
4.888688461538487573e+00
4.986750453019182849e+00
5.057001246772209413e+00
5.098421284661221797e+00
5.110381934667747039e+00
5.092681872556246603e+00
5.045568546597908544e+00
4.969728760906693132e+00
4.866272794073557506e+00
4.736698478693086578e+00
4.582825421454825410e+00
4.406727723700991639e+00
4.210661912015659425e+00
3.996993178104385258e+00
3.768127680675938951e+00
3.526452349147682686e+00
3.274288491776725429e+00
3.013852373605323542e+00
2.747221493507823631e+00
2.476313820965793777e+00
2.202875724576575767e+00
1.928477352225841823e+00
1.654515306025508670e+00
1.382222608310350820e+00
1.112677328581076264e+00
8.468084769587911342e-01
5.854127722680452228e-01
3.291731914119412905e-01
7.867097691649491131e-02
-1.656004062240120922e-01
-4.032225190542624849e-01
-6.338422749156534808e-01
-8.571609894395301188e-01
-1.072925703573737177e+00
-1.280921987302036769e+00
-1.480968257029529944e+00
-1.672913155048667555e+00
-1.856630706866491121e+00
-2.032017324330130936e+00
-2.198993019804296178e+00
-2.357500787936295694e+00
-2.507505204640322560e+00
-2.648991720169084463e+00
-2.781965590305888192e+00
-2.906451222724081518e+00
-3.022491816405497911e+00
-3.130148765800136790e+00
-3.229501511859597329e+00
-3.320647490624782705e+00
-3.403701953283101211e+00
-3.478797679524889830e+00
-3.546081957838321141e+00
-3.605714308147115688e+00
-3.657867113191929143e+00
-3.702723529935364688e+00
-3.740475919520199977e+00
-3.771327065579178850e+00
-3.795489806497939433e+00
-3.813186003495776522e+00
-3.824646310687911388e+00
-3.830108474191995072e+00
-3.829815765492434743e+00
-3.824017050533322859e+00
-3.812965496681361532e+00
-3.796917431636869900e+00
-3.776132636080685057e+00
-3.750873442604289121e+00
-3.721403850087127818e+00
-3.687989749894032165e+00
-3.650898352370032018e+00
-3.610398269892326706e+00
-3.566760725518354214e+00
-3.520260063399154316e+00
-3.471173065722947815e+00
-3.419778725849621726e+00
-3.366359429300594730e+00
-3.311200753492024695e+00
-3.254590961582079611e+00
-3.196821671179088220e+00
-3.138187804016324023e+00
-3.078987704360966582e+00
-3.019524275470085506e+00
-2.960106331889146514e+00
-2.901049382760404693e+00
-2.842677076093368171e+00
-2.785324046465885495e+00
-2.729338229468698085e+00
-2.675083479194101166e+00
-2.622943606043807829e+00
-2.573327299640265409e+00
-2.526673447051282828e+00
-2.483457812156330657e+00
-2.444201926999780561e+00
-2.409483547012385429e+00
-2.379948600937226377e+00
-2.356326028233674208e+00
-2.339446020682649063e+00
-2.330259671060364024e+00
-2.329857376146274195e+00
-2.339479610370264417e+00
-2.360503307352713964e+00
-2.394363282443353835e+00
-2.442312332452931223e+00
-2.504780222424563885e+00
-2.579714206027652779e+00
-2.658237960807765532e+00
-2.712870183178492489e+00
-2.663324494409454513e+00
-2.261058610572415084e+00
-5.849905843233299541e-01
3.342147168484753905e+00
1.647287645383455068e+00
1.000062047728308867e+00
1.000000000000000000e+00
1.000000000000000000e+00
