1.000000000000000000e+00
1.000000196569388766e+00
1.000000927481010438e+00
1.000005325929091304e+00
1.000022857906049278e+00
1.000074282307410911e+00
1.000200123892737158e+00
1.000475315899568729e+00
1.001034068181291481e+00
1.002110283661942658e+00
1.004099824216737380e+00
1.007650946223183963e+00
1.013787139072442445e+00
1.024060661558030549e+00
1.040723148194693470e+00
1.066879996511726825e+00
1.106568862664197406e+00
1.164675911343810766e+00
1.246591438116753991e+00
1.357535780026847494e+00
1.501569454802211157e+00
1.680464197045739905e+00
1.892768578701204518e+00
2.133519612208574667e+00
2.395015314219781200e+00
2.668696190906385990e+00
2.947883262810489402e+00
3.230198528485887177e+00
3.518553348175033513e+00
3.819603677479836090e+00
4.139565084993685140e+00
4.479939860554441822e+00
4.834815310022479551e+00
5.191650335461903687e+00
5.533930025553745580e+00
5.843656916222657927e+00
6.103528599172966196e+00
6.296766482629195139e+00
6.407659387711180266e+00
6.421393868083809409e+00
6.324888690984674433e+00
6.108733081705812751e+00
5.768090644686076018e+00
5.305153856338028717e+00
4.729807853300635578e+00
4.060544839844687282e+00
3.323519565931519093e+00
2.550063474686937504e+00
1.773781542801684097e+00
1.026200889436343244e+00
3.341381996360049955e-01
-2.823759500675454004e-01
-8.105604266718597906e-01
-1.244325892860808747e+00
-1.583347974323068730e+00
-1.831300950662072102e+00
-1.994510599113086480e+00
-2.080515772171082745e+00
-2.097160965723279702e+00
-2.052159507165129071e+00
-1.952802411294076723e+00
-1.805992023178921935e+00
-1.618161965510868550e+00
-1.395324673168040874e+00
-1.143067614642699903e+00
-8.665160357742791586e-01
-5.703897946372439298e-01
-2.589435677561240934e-01
6.403189498665130819e-02
3.952338078136393706e-01
7.318357500337816512e-01
1.071391969373329811e+00
1.411787994878961339e+00
1.751162945730273091e+00
2.087847668557368586e+00
2.420291416003551355e+00
2.746979584186489021e+00
3.066376714467062836e+00
3.376853566666402351e+00
3.676661892625982198e+00
3.963921376142610864e+00
4.236600537581160175e+00
4.492526319518511002e+00
4.729397023326775695e+00
4.944820769150969575e+00
5.136370563594433669e+00
5.301668303604833987e+00
5.438482206468300717e+00
5.544803335732651384e+00
5.618935996595910254e+00
5.659585151269308945e+00
5.665931783389283716e+00
5.637693070277459917e+00
5.575142782857827051e+00
5.479121592447143918e+00
5.351016360782706371e+00
5.192692995577314896e+00
5.006420102005042949e+00
4.794778943173313657e+00
4.560564677856639548e+00
4.306690782286979768e+00
4.036100275109465230e+00
3.751693937626529696e+00
3.456267513886560838e+00
3.152457150698897426e+00
2.842703636459531058e+00
2.529229937179651166e+00
2.214030431659818721e+00
1.898871529474515762e+00
1.585303445432559855e+00
1.274671040011937651e+00
9.681216057412538323e-01
6.666279360876171678e-01
3.710139692630218256e-01
8.197153374713200824e-02
-1.999202737172042499e-01
-4.741774567456329970e-01
-7.403977809642646735e-01
-9.982457925250132202e-01
-1.247441032728971777e+00
-1.487748335720618487e+00
-1.718970242240448920e+00
-1.940943604879763473e+00
-2.153533183358952829e+00
-2.356627776688340781e+00
-2.550142069962971547e+00
-2.734015975443635948e+00
-2.908212913844776093e+00
-3.072719041341910984e+00
-3.227541990086211676e+00
-3.372710178461084229e+00
-3.508272522388403925e+00
-3.634297832778136339e+00
-3.750874823240287981e+00
-3.858112252449560131e+00
-3.956138895874063532e+00
-4.045103376277810803e+00
-4.125170303745266942e+00
-4.196517434080353937e+00
-4.259336759165702091e+00
-4.313831916326447136e+00
-4.360216302282026390e+00
-4.398714947626289451e+00
-4.429564238913628493e+00
-4.453010739544527752e+00
-4.469311088093570916e+00
-4.478729904139437501e+00
-4.481537871933411132e+00
-4.478012024219885312e+00
-4.468434178191134087e+00
-4.453089569625490185e+00
-4.432267411686588332e+00
-4.406259831997359377e+00
-4.375360821297445746e+00
-4.339866670584117792e+00
-4.300075316977209461e+00
-4.256286563090649899e+00
-4.208803799824450742e+00
-4.157934771743411417e+00
-4.103990717290604273e+00
-4.047286108055114795e+00
-3.988140267016604845e+00
-3.926877102221790761e+00
-3.863824405046893506e+00
-3.799314705515984603e+00
-3.733685127074592547e+00
-3.667277433888175509e+00
-3.600439409587330886e+00
-3.533526479027031542e+00
-3.466902507329338246e+00
-3.400941425069234025e+00
-3.336030667820464313e+00
-3.272573805022344740e+00
-3.210993468740695800e+00
-3.151736066868031649e+00
-3.095277534029171385e+00
-3.042129430971569626e+00
-2.992846662014621462e+00
-2.948037923627945034e+00
-2.908377983117827803e+00
-2.874621687548247095e+00
-2.847621625567566372e+00
-2.828350302776045933e+00
-2.817924564839584534e+00
-2.817629683711916133e+00
-2.828936720979346120e+00
-2.853495511639357218e+00
-2.893059731326010464e+00
-2.949240063040521331e+00
-3.022825271063432684e+00
-3.112002496882635860e+00
-3.207697816338123342e+00
-3.281092167922945446e+00
-3.248429997875103226e+00
-2.854896760268166300e+00
-1.140969105775848424e+00
3.205223782229718932e+00
1.913642894938470729e+00
1.000168960006559971e+00
1.000000000000000000e+00
1.000000000000000000e+00
