1.000000000000000000e+00
1.000000153267764924e+00
1.000000725769744969e+00
1.000004174359458320e+00
1.000017920942946059e+00
1.000058249482267847e+00
1.000156972166565073e+00
1.000372972161594376e+00
1.000811860874340375e+00
1.001658054362714045e+00
1.003224483123282829e+00
1.006025418551262041e+00
1.010876673771959888e+00
1.019023360681590606e+00
1.032286680598380579e+00
1.053206137595545266e+00
1.085132051064563008e+00
1.132199050510465321e+00
1.199094943573647543e+00
1.290552619129591072e+00
1.410550027644585924e+00
1.561335114276401370e+00
1.742540443340448331e+00
1.950787098060990710e+00
2.180184792517329662e+00
2.423835166176713685e+00
2.676144324655318929e+00
2.934911101687251112e+00
3.202162332673704981e+00
3.482761505225715926e+00
3.780734083280512969e+00
4.095553920618758781e+00
4.419873589084306609e+00
4.740361190322951224e+00
5.040265608328299507e+00
5.301941776959074204e+00
5.509114667734761994e+00
5.647065766123391839e+00
5.703274162830965999e+00
5.667317073066599598e+00
5.531486446179075145e+00
5.292163796376350149e+00
4.950216928683542683e+00
4.512434265212353246e+00
3.991369395131524556e+00
3.405316192606056447e+00
2.777011314412410226e+00
2.131530552992974226e+00
1.494276659295282528e+00
8.881636341333947193e-01
3.321386661844607513e-01
-1.599629040208452313e-01
-5.794970355622313107e-01
-9.224605221362403018e-01
-1.188801724566472151e+00
-1.381229228912072005e+00
-1.504381004307686176e+00
-1.563898359412450256e+00
-1.565820227092493022e+00
-1.516256025012522324e+00
-1.421119725923239097e+00
-1.286091385826410027e+00
-1.116497041430691395e+00
-9.173041696115630250e-01
-6.930999025800342883e-01
-4.480632513205727863e-01
-1.860232304933959746e-01
8.956705509440555935e-02
3.756088492102643839e-01
6.693598789257515502e-01
9.684139428785483172e-01
1.270619563865719615e+00
1.574039245623195304e+00
1.876889610361706318e+00
2.177496439948658491e+00
2.474242170520565942e+00
2.765507490183830352e+00
3.049634218083093984e+00
3.324876710374193856e+00
3.589392946922856709e+00
3.841246817156505955e+00
4.078406932349594172e+00
4.298769342723994136e+00
4.500183178854339161e+00
4.680495990599779610e+00
4.837610384389085638e+00
4.969560425123232150e+00
5.074594057855765783e+00
5.151233426621568690e+00
5.198340335557993797e+00
5.215173577027308660e+00
5.201431857076562970e+00
5.157281378983326725e+00
5.083350758223263988e+00
4.980718615314597031e+00
4.850879182206342399e+00
4.695675317356735157e+00
4.517228831818596468e+00
4.317864728200918378e+00
4.100032805662498170e+00
3.866235065380334568e+00
3.618960688404385895e+00
3.360635477218027578e+00
3.093578698531127547e+00
2.819966106067067102e+00
2.541806901685401687e+00
2.260930145188133178e+00
1.978979297203444787e+00
1.697414700788939079e+00
1.417523956182214606e+00
1.140431004173562357e+00
8.671024079071653068e-01
5.983652003533443953e-01
3.349266311664076956e-01
7.738698800079792106e-02
-1.737455292451093036e-01
-4.180412302630621135e-01
-6.551386326501007495e-01
-8.847328293804289645e-01
-1.106566280929225821e+00
-1.320421188750054986e+00
-1.526113482880422589e+00
-1.723490056700813566e+00
-1.912423657177785730e+00
-2.092809734616009276e+00
-2.264567747731427882e+00
-2.427640531284229297e+00
-2.581992838533308632e+00
-2.727610619770397982e+00
-2.864499920245510811e+00
-2.992686218995643799e+00
-3.112214078823889007e+00
-3.223146548925537758e+00
-3.325565040990591026e+00
-3.419569309100890742e+00
-3.505277294481155881e+00
-3.582824858062691131e+00
-3.652362625995773993e+00
-3.714053621534143090e+00
-3.768073970145300766e+00
-3.814610730114516901e+00
-3.853860271399528692e+00
-3.886029599210430785e+00
-3.911336000490058584e+00
-3.930005987978675730e+00
-3.942275090496154100e+00
-3.948386088275475547e+00
-3.948587389410471715e+00
-3.943133132802838503e+00
-3.932281850778517551e+00
-3.916295290999182388e+00
-3.895438751102081376e+00
-3.869980150729789958e+00
-3.840189118337996810e+00
-3.806337250458684984e+00
-3.768697524350317352e+00
-3.727544402144598479e+00
-3.683155121491198614e+00
-3.635810246338604834e+00
-3.585792954834671420e+00
-3.533388806515617819e+00
-3.478886993373207392e+00
-3.422580128848825787e+00
-3.364763710313653178e+00
-3.305736818258124821e+00
-3.245802051504526275e+00
-3.185265635434405329e+00
-3.124438599292656882e+00
-3.063638174401074110e+00
-3.003188583352057961e+00
-2.943422517754442413e+00
-2.884684086814557791e+00
-2.827331189485859042e+00
-2.771738190976051897e+00
-2.718300080473210478e+00
-2.667437541362619680e+00
-2.619602412716176776e+00
-2.575284557678762631e+00
-2.535021032975511623e+00
-2.499406872128743906e+00
-2.469107410065930708e+00
-2.444873629424535899e+00
-2.427561103202769299e+00
-2.418150495863414129e+00
-2.417766982647447715e+00
-2.427692201028929020e+00
-2.449351815629495110e+00
-2.484237613290674940e+00
-2.533666431405070529e+00
-2.598132555280664224e+00
-2.675627144187004092e+00
-2.757240326566473776e+00
-2.815247767004357637e+00
-2.768678596667849767e+00
-2.367438678096775551e+00
-6.819353660982926391e-01
3.327695495005377868e+00
1.692154968081249322e+00
1.000074656557372155e+00
1.000000000000000000e+00
1.000000000000000000e+00
