1.000000000000000000e+00
1.000000193740026466e+00
1.000000914329778112e+00
1.000005250923954314e+00
1.000022536407250362e+00
1.000073238361923522e+00
1.000197314632915280e+00
1.000468654793151835e+00
1.001019610789784631e+00
1.002080874785175713e+00
1.004042937667682267e+00
1.007545399899609340e+00
1.013598379690897167e+00
1.023734451471833173e+00
1.040177837774327596e+00
1.065998209797855756e+00
1.105190361740843175e+00
1.162594449890758330e+00
1.243559097510319900e+00
1.353277845482043329e+00
1.495810805794345999e+00
1.672964312346833182e+00
1.883358191455012154e+00
2.122129472948985462e+00
2.381687782870721026e+00
2.653574411420602797e+00
2.931175845153816351e+00
3.212125402750743319e+00
3.499282714213795664e+00
3.799197533101076552e+00
4.117954372540692631e+00
4.456931894727228283e+00
4.810125796220393823e+00
5.164936819589846628e+00
5.504819051027965315e+00
5.811773858964016881e+00
6.068534988208231340e+00
6.258422461460003916e+00
6.365895825686353149e+00
6.376392557024110452e+00
6.277153179839606523e+00
6.059128789467811416e+00
5.717857480629208844e+00
5.255856787478032643e+00
4.683232853582732780e+00
4.018525422275316394e+00
3.287726811087984924e+00
2.521808490073516928e+00
1.753869938268999062e+00
1.014888879759292539e+00
3.311687611254124919e-01
-2.776712502861573006e-01
-7.991301876064585974e-01
-1.227263673184950887e+00
-1.561769398429425193e+00
-1.806258510566263187e+00
-1.966944752821011999e+00
-2.051242655318695984e+00
-2.066881623749663000e+00
-2.021476508303581276e+00
-1.922237263959363451e+00
-1.775996523691373508e+00
-1.589125586091278297e+00
-1.367577476930991853e+00
-1.116881364009348898e+00
-8.421057468952335423e-01
-5.479155367273805810e-01
-2.385148531827271934e-01
8.234996554982007555e-02
4.114125826527795793e-01
7.458741912270789864e-01
1.083308550756814981e+00
1.421613025461237800e+00
1.758931961875209060e+00
2.093595856947749745e+00
2.424049327003006571e+00
2.748770328115862860e+00
3.066214374739926196e+00
3.374743112539749568e+00
3.672600078229256493e+00
3.957898579630416691e+00
4.228603735381184947e+00
4.482542932351152309e+00
4.717419662691173521e+00
4.930852572789870436e+00
5.120430840737238753e+00
5.283797952113913787e+00
5.418748456658668111e+00
5.523303748595759899e+00
5.595801125110606122e+00
5.634979468187830243e+00
5.640052631805587247e+00
5.610767520705626232e+00
5.547422752990805783e+00
5.450877319093738294e+00
5.322528744149696678e+00
5.164245681864462867e+00
4.978291725460410433e+00
4.767236048912766755e+00
4.533855769472538100e+00
4.281041721242331732e+00
4.011711137166320995e+00
3.728737207320365510e+00
3.434887550390120392e+00
3.132770816811316195e+00
2.824801789568103683e+00
2.513179539990558098e+00
2.199877052899725793e+00
1.886642008212941368e+00
1.575008501618041956e+00
1.266307803650087216e+00
9.616760766531938787e-01
6.620771256002002669e-01
3.683276764088755373e-01
8.111388319927900770e-02
-1.989895722317464866e-01
-4.715020996240145701e-01
-7.360240473698268504e-01
-9.922219286257469850e-01
-1.239816794327646132e+00
-1.478574657860751485e+00
-1.708299004256528475e+00
-1.928827430317916036e+00
-2.140025319774278678e+00
-2.341782018433796519e+00
-2.534012642385934377e+00
-2.716657418724036432e+00
-2.889679982525188873e+00
-3.053066606319875920e+00
-3.206824950411017117e+00
-3.350983374774689327e+00
-3.485590646344082888e+00
-3.610715336947275311e+00
-3.726445822643079886e+00
-3.832890415759397484e+00
-3.930177328650758195e+00
-4.018454498134963693e+00
-4.097885772014287831e+00
-4.168648098665239665e+00
-4.230932592349473609e+00
-4.284941970304300796e+00
-4.330888684110549391e+00
-4.368996758190939467e+00
-4.399501507017528290e+00
-4.422648364083487493e+00
-4.438692773154881088e+00
-4.447898115617070047e+00
-4.450533813202431688e+00
-4.446875599862125661e+00
-4.437203972412091524e+00
-4.421802836784307189e+00
-4.400960051984249333e+00
-4.374966375802548768e+00
-4.344114422299279354e+00
-4.308699087100017699e+00
-4.269016897417651002e+00
-4.225366223677586852e+00
-4.178048973857055870e+00
-4.127371344659505503e+00
-4.073642971233912391e+00
-4.017176668140091778e+00
-3.958290023501648935e+00
-3.897305136273655712e+00
-3.834547925276504454e+00
-3.770348974424747812e+00
-3.705043392983092154e+00
-3.638970867194977199e+00
-3.572477026360827423e+00
-3.505915050677361311e+00
-3.439646470561541935e+00
-3.374042783399197720e+00
-3.309488862541031917e+00
-3.246385571354576172e+00
-3.185152677974166568e+00
-3.126233535305895206e+00
-3.070100791347338820e+00
-3.017262451780849286e+00
-2.968269548066303720e+00
-2.923726510129368350e+00
-2.884303357006231305e+00
-2.850749607899715432e+00
-2.823911808058470196e+00
-2.804755512205700185e+00
-2.794389475453018523e+00
-2.794089464089100527e+00
-2.805315300132656731e+00
-2.829703528715846517e+00
-2.868992322813929352e+00
-2.924775026574077508e+00
-2.997823173344338343e+00
-3.086312848998507885e+00
-3.181180971890198439e+00
-3.253673800238378711e+00
-3.220187070944395380e+00
-2.826078959361139731e+00
-1.113169828829464247e+00
3.214916524344931137e+00
1.899816288203495462e+00
1.000161204429018236e+00
1.000000000000000000e+00
1.000000000000000000e+00
