1.000000000000000000e+00
1.000000088757810213e+00
1.000000423206278244e+00
1.000002441633132344e+00
1.000010488149072563e+00
1.000034102517089352e+00
1.000091947282861549e+00
1.000218632461454371e+00
1.000476396485548092e+00
1.000974307003973163e+00
1.001898335291014686e+00
1.003556101139917445e+00
1.006439842741079449e+00
1.011309487988486078e+00
1.019293492867457296e+00
1.031997021527504055e+00
1.051594225743907263e+00
1.080864547776007711e+00
1.123116516099013973e+00
1.181938555430856574e+00
1.260736808149745425e+00
1.362093046719629497e+00
1.487080632583444251e+00
1.634802313436477084e+00
1.802474042584962355e+00
1.986216293650845177e+00
2.182481924227235304e+00
2.389415358661345579e+00
2.607368041817920368e+00
2.837863484255308766e+00
3.081009996253420979e+00
3.332989327946043190e+00
3.584732040872998127e+00
3.822949463816355919e+00
4.032533024477577221e+00
4.198987757411643429e+00
4.310549236574264143e+00
4.358630195779626071e+00
4.338224200865783864e+00
4.247538777400639454e+00
4.087869300868024247e+00
3.863744078881099053e+00
3.582372441588475453e+00
3.253635263291248414e+00
2.889245451071638549e+00
2.502212006448151449e+00
2.105976553397952866e+00
1.713516206268937747e+00
1.336784057787957281e+00
9.858510975362546613e-01
6.686776282679202099e-01
3.908997702354519710e-01
1.559732410089556542e-01
-3.452420009266448514e-02
-1.806409301821819413e-01
-2.836045603697426865e-01
-3.455625848280295953e-01
-3.692300921570715877e-01
-3.576424952781635525e-01
-3.140009462470436108e-01
-2.415142917218683627e-01
-1.433489889110423632e-01
-2.253407906362247734e-02
1.180611814995066455e-01
2.757481289175073291e-01
4.480330385414663663e-01
6.325762197567472711e-01
8.271969549177985437e-01
1.029852212475120821e+00
1.238632674797032873e+00
1.451749651794948193e+00
1.667489960132601201e+00
1.884198394998228387e+00
2.100251963897649787e+00
2.314045834938772916e+00
2.523976998027208207e+00
2.728426423689787050e+00
2.925755875082605151e+00
3.114299248560792766e+00
3.292379038687955894e+00
3.458329611274977289e+00
3.610517323551532431e+00
3.747372710346023705e+00
3.867420546625224720e+00
3.969316521628736272e+00
4.051884182300948822e+00
4.114156388803166919e+00
4.155412735968274873e+00
4.175196893447164825e+00
4.173331500534279925e+00
4.149924583737394812e+00
4.105366146715786257e+00
4.040316835417210761e+00
3.955680822322702905e+00
3.852579418864042982e+00
3.732317856163407832e+00
3.596339426828891739e+00
3.446183886969158117e+00
3.283447145670247647e+00
3.109742939653922900e+00
2.926669972265577790e+00
2.735784254768760082e+00
2.538579561706491461e+00
2.336471225652073436e+00
2.130782092803962691e+00
1.922734861481177671e+00
1.713448234184049790e+00
1.503936263133508477e+00
1.295111012959160757e+00
1.087788790019899476e+00
8.826949712396758851e-01
6.804667620277344842e-01
4.816623131939052338e-01
2.867708806451165215e-01
9.621905449768480834e-02
-8.962174714577868240e-02
-2.704283824735697617e-01
-4.459208270221364234e-01
-6.158561026864787236e-01
-7.800234523045467272e-01
-9.382403012526119301e-01
-1.090349037727768255e+00
-1.236215580943826442e+00
-1.375726528969736240e+00
-1.508787365276563985e+00
-1.635323197960699027e+00
-1.755278351502419953e+00
-1.868615445458908342e+00
-1.975314868099426580e+00
-2.075374002850719712e+00
-2.168806685902924247e+00
-2.255642825563357157e+00
-2.335927861747228995e+00
-2.409722486514810136e+00
-2.477102415054980522e+00
-2.538158069666056171e+00
-2.592994191801714532e+00
-2.641727767158344342e+00
-2.684486396174426748e+00
-2.721408453109639858e+00
-2.752641574385149781e+00
-2.778341464354015855e+00
-2.798672423329223502e+00
-2.813806907041418892e+00
-2.823924681921711421e+00
-2.829212480681448927e+00
-2.829862758504809950e+00
-2.826072537437708032e+00
-2.818043267635963911e+00
-2.805979858453855780e+00
-2.790089811493299710e+00
-2.770583248326415227e+00
-2.747672213040296185e+00
-2.721569994435368400e+00
-2.692491145799177588e+00
-2.660651023547620397e+00
-2.626265743215252968e+00
-2.589552844059525238e+00
-2.550731537247839409e+00
-2.510022231914742719e+00
-2.467646357919412115e+00
-2.423827075135116527e+00
-2.378789149018141647e+00
-2.332758657272545832e+00
-2.285963444829943292e+00
-2.238633160571641856e+00
-2.190999426965440922e+00
-2.143296671565428912e+00
-2.095763129986827344e+00
-2.048641541310241898e+00
-2.002180302443709259e+00
-1.956635549161138021e+00
-1.912272977880114189e+00
-1.869369936758104700e+00
-1.828218491138731583e+00
-1.789129149620761305e+00
-1.752434966526363658e+00
-1.718496635778397730e+00
-1.687709116939314136e+00
-1.660509396190740894e+00
-1.637385314239689915e+00
-1.618886233821631659e+00
-1.605635646010316941e+00
-1.598343984063646861e+00
-1.597818926714459353e+00
-1.604966928529873327e+00
-1.620770596466966529e+00
-1.646205711240568581e+00
-1.682012783184154481e+00
-1.728113365832824488e+00
-1.782131359900679390e+00
-1.835549165908091362e+00
-1.863181126685993894e+00
-1.791870143208240673e+00
-1.393401064017620650e+00
1.577061422764144960e-01
3.269855655664822169e+00
1.329099720862884304e+00
1.000012221342917673e+00
1.000000000000000000e+00
1.000000000000000000e+00
