1.000000000000000000e+00
1.000000226692553840e+00
1.000001067269477462e+00
1.000006122583957380e+00
1.000026272174864506e+00
1.000085367863168040e+00
1.000229951339266066e+00
1.000546027231722368e+00
1.001187500641082195e+00
1.002422277714458243e+00
1.004703023614708313e+00
1.008769367156304497e+00
1.015785582057292746e+00
1.027510457145995648e+00
1.046481862789418127e+00
1.076175796123881589e+00
1.121070393845758462e+00
1.186518026778353718e+00
1.278321049777583873e+00
1.401948443345299333e+00
1.561430724285551186e+00
1.758150337854971212e+00
1.989900725009625004e+00
2.250686830817396178e+00
2.531674042673198954e+00
2.823290314622819874e+00
3.118200671487069808e+00
3.413907734984053644e+00
3.713827233482594359e+00
4.025661842706257154e+00
4.356926552641733785e+00
4.710361589716354658e+00
5.080994363476630582e+00
5.456924481482878342e+00
5.822050302142735667e+00
6.158531383692156247e+00
6.448877037998957285e+00
6.675499095026211194e+00
6.821133962121954220e+00
6.868566971856973957e+00
6.801536587020757807e+00
6.606958678116898298e+00
6.276079782579860655e+00
5.807544409359416626e+00
5.208624350539607484e+00
4.496907539854881009e+00
3.699832847422233506e+00
2.852174721140145586e+00
1.992650195631698429e+00
1.158489189020352583e+00
3.819211281544894754e-01
-3.126298406688263198e-01
-9.093465643563379830e-01
-1.400536859260262057e+00
-1.785608436067042781e+00
-2.068908711116641097e+00
-2.257974308902905403e+00
-2.361677621049527165e+00
-2.389074638093297676e+00
-2.348886470410116445e+00
-2.249204838737719037e+00
-2.097599713305525970e+00
-1.901091357010571192e+00
-1.666254122574987617e+00
-1.399237717410493964e+00
-1.105727579671988314e+00
-7.909986786981663132e-01
-4.598256859605054925e-01
-1.164624417287551256e-01
2.354043492782318392e-01
5.926550596506148239e-01
9.526351552120966293e-01
1.313102309628067399e+00
1.672138033129960677e+00
2.028075376554209441e+00
2.379412387931441053e+00
2.724714637135115414e+00
3.062545909595383531e+00
3.391380056419491584e+00
3.709565995832332153e+00
4.015305317227376491e+00
4.306621648277484837e+00
4.581361228309926759e+00
4.837196168686616282e+00
5.071656069837634284e+00
5.282178695276678937e+00
5.466194773244383853e+00
5.621230533429782739e+00
5.744989864481452990e+00
5.835456568181757397e+00
5.890998085263097650e+00
5.910460269775561493e+00
5.893248917941993348e+00
5.839368539452038931e+00
5.749450849165984145e+00
5.624747373553290686e+00
5.467066882352026980e+00
5.278699373996156297e+00
5.062320818204095296e+00
4.820884225219833397e+00
4.557511116900282211e+00
4.275388266611601651e+00
3.977682319258069921e+00
3.667463777676065462e+00
3.347640129415703214e+00
3.020910801691736314e+00
2.689737871365787125e+00
2.356330851867979082e+00
2.022645248384663752e+00
1.690394593288031322e+00
1.361061859649281169e+00
1.035907722784245699e+00
7.159967986357392844e-01
4.022269911198117498e-01
9.534860296522029710e-02
-2.040134686487523608e-01
-4.953395643024717798e-01
-7.782000673262544632e-01
-1.052238312570413115e+00
-1.317157202916472425e+00
-1.572708230096089954e+00
-1.818682935231520803e+00
-2.054909195492228946e+00
-2.281244007521694872e+00
-2.497569192837472585e+00
-2.703793680737164973e+00
-2.899852868595808708e+00
-3.085706745067020584e+00
-3.261339095896834461e+00
-3.426756141409041057e+00
-3.581985828522261883e+00
-3.727077582522862809e+00
-3.862101695636454224e+00
-3.987149419816884865e+00
-4.102333214555298646e+00
-4.207786798792345628e+00
-4.303665041372513045e+00
-4.390139600489074034e+00
-4.467395745902519977e+00
-4.535633713601076700e+00
-4.595065816567977635e+00
-4.645914370886557343e+00
-4.688413952272081353e+00
-4.722811168488445510e+00
-4.749363392685020280e+00
-4.768338736272232481e+00
-4.780013724652374840e+00
-4.784671177499173922e+00
-4.782600620172956063e+00
-4.774096563343498190e+00
-4.759457008624051078e+00
-4.738984166480447513e+00
-4.712983302134155394e+00
-4.681761591235890307e+00
-4.645628684540530351e+00
-4.604896010704021769e+00
-4.559877079568139813e+00
-4.510889509565891409e+00
-4.458255945654731711e+00
-4.402303099156731570e+00
-4.343361469783348916e+00
-4.281767221317878125e+00
-4.217861877176534158e+00
-4.151991503599833599e+00
-4.084507671736647971e+00
-4.015767252425166411e+00
-3.946132414917111308e+00
-3.875972137151632246e+00
-3.805663971025461834e+00
-3.735594831888457090e+00
-3.666162705139687894e+00
-3.597780400427417202e+00
-3.530878324362308973e+00
-3.465907540832587674e+00
-3.403344815625850561e+00
-3.343698771733851771e+00
-3.287516345481362290e+00
-3.235390985456726209e+00
-3.187973853794931145e+00
-3.145986972317766472e+00
-3.110238184809849482e+00
-3.081640154240813612e+00
-3.061234440181136662e+00
-3.050218215846645098e+00
-3.049971065128592507e+00
-3.062075472278013688e+00
-3.088312870961754442e+00
-3.130590151112243369e+00
-3.190688689943721457e+00
-3.269565199376932796e+00
-3.365509763238318186e+00
-3.469327271109703847e+00
-3.551535612110690021e+00
-3.526950675318788697e+00
-3.139750088829130981e+00
-1.420166471148741838e+00
3.093628665822548029e+00
2.055400493914345983e+00
1.000266751634718121e+00
1.000000000000009104e+00
1.000000000000000000e+00
