1.000000000000000000e+00
1.000000060885614772e+00
1.000000291488674753e+00
1.000001684726331552e+00
1.000007239213896559e+00
1.000023543420690553e+00
1.000063496582681344e+00
1.000151046911830877e+00
1.000329324279428000e+00
1.000674063028429206e+00
1.001314749968539530e+00
1.002466354177468544e+00
1.004474525334378976e+00
1.007876297009985933e+00
1.013475846701315630e+00
1.022429734825959224e+00
1.036327420726256276e+00
1.057240661807428150e+00
1.087701817906197688e+00
1.130563720429426100e+00
1.188701239498658024e+00
1.264559577229016352e+00
1.359628333999169714e+00
1.474022008644723325e+00
1.606415044932235636e+00
1.754485205903521416e+00
1.915850678839465582e+00
2.088997311540518265e+00
2.273606457869662645e+00
2.469745119822054136e+00
2.675931924892609004e+00
2.887340705374607630e+00
3.095018363320583443e+00
3.286995833870332007e+00
3.450490134476376980e+00
3.574091658979944963e+00
3.649547188827429789e+00
3.672084276079520926e+00
3.640480349679301231e+00
3.556428178451697342e+00
3.424009162834980469e+00
3.249350142027880750e+00
3.039869052453020526e+00
2.803992497961771413e+00
2.550461707991306337e+00
2.287989041904871179e+00
2.024833719214047090e+00
1.768446929596733108e+00
1.525366898658512271e+00
1.300906635420161050e+00
1.099184414174663393e+00
9.230913006293840484e-01
7.744143963204137560e-01
6.540073777156094614e-01
5.618958146446918489e-01
4.974941101736736204e-01
4.597051321779038746e-01
4.470915585504429135e-01
4.579954373704504533e-01
4.906122425276219223e-01
5.430790326374557164e-01
6.134997434229350066e-01
7.000055057817006210e-01
8.007695820629646688e-01
9.140228367226570505e-01
1.038065687630931766e+00
1.171243189666348883e+00
1.311951900089465939e+00
1.458629768049432229e+00
1.609759032419029401e+00
1.763863961882948805e+00
1.919487600073620071e+00
2.075188623333735105e+00
2.229533519090031390e+00
2.381097799421301175e+00
2.528466248913399550e+00
2.670232473555272712e+00
2.805008523438881962e+00
2.931430064683001380e+00
3.048177754202946232e+00
3.154001299514062939e+00
3.247738676072193797e+00
3.328340530817316623e+00
3.394889605268914146e+00
3.446621169515641903e+00
3.482940284884178617e+00
3.503439323968515318e+00
3.507910616281282756e+00
3.496344241441347478e+00
3.468924172239194803e+00
3.426019630871894872e+00
3.368171608671291839e+00
3.296076489266835718e+00
3.210561793935371888e+00
3.112565325711631914e+00
3.003112365073156820e+00
2.883286576189818096e+00
2.754205529369898375e+00
2.616998223857062378e+00
2.472784506612929700e+00
2.322658244729654431e+00
2.167673684336291373e+00
2.008836694064592088e+00
1.847097522672906278e+00
1.683344205249995396e+00
1.518399480497953702e+00
1.353019558904364761e+00
1.187894423698843571e+00
1.023649868674503693e+00
8.608515631256751233e-01
7.000079058017840694e-01
5.415712898225639726e-01
3.859435550113553548e-01
2.334821219082086896e-01
8.450347947438663354e-02
-6.071243691193417558e-02
-2.019182097023923261e-01
-3.388960122215423088e-01
-4.714539913769384416e-01
-5.994234178610601260e-01
-7.226563008916292441e-01
-8.410234926068370642e-01
-9.544139501191465369e-01
-1.062732984172972683e+00
-1.165901176881464441e+00
-1.263854983513240660e+00
-1.356546524345598304e+00
-1.443942996169399917e+00
-1.526026324359582853e+00
-1.602792622011367296e+00
-1.674251784180925018e+00
-1.740427173689103268e+00
-1.801355181794800586e+00
-1.857084952746755890e+00
-1.907678131472670957e+00
-1.953208542368007672e+00
-1.993761811136239626e+00
-2.029433828755839553e+00
-2.060329511146830050e+00
-2.086562776299421884e+00
-2.108255380312052285e+00
-2.125535967976344587e+00
-2.138540300754489643e+00
-2.147410826478666657e+00
-2.152295975223432301e+00
-2.153349800057055230e+00
-2.150731007233215308e+00
-2.144602050157346174e+00
-2.135128923293394987e+00
-2.122480394582982210e+00
-2.106827313031151672e+00
-2.088342534421798735e+00
-2.067200358365211432e+00
-2.043575985578805820e+00
-2.017645459664639151e+00
-1.989585287895578203e+00
-1.959572355446489889e+00
-1.927784333113411241e+00
-1.894399809531436052e+00
-1.859597938933633232e+00
-1.823558301648836588e+00
-1.786461381914554281e+00
-1.748488487262205515e+00
-1.709821564865709576e+00
-1.670643543807563969e+00
-1.631138406819456765e+00
-1.591491370262073657e+00
-1.551889536618439980e+00
-1.512522686777251435e+00
-1.473583887545239834e+00
-1.435270442666294777e+00
-1.397785512264827057e+00
-1.361339594874184211e+00
-1.326152240130301641e+00
-1.292454482134465232e+00
-1.260491787070448177e+00
-1.230527328824765121e+00
-1.202846020152918083e+00
-1.177759671595131064e+00
-1.155612997309297452e+00
-1.136790388186477818e+00
-1.121723898041591116e+00
-1.110902326386997263e+00
-1.104879821771662218e+00
-1.104281327655612932e+00
-1.109798869784114572e+00
-1.122164502059455504e+00
-1.142067122814816038e+00
-1.169936674358435402e+00
-1.205408532681388145e+00
-1.245987530296370549e+00
-1.283598683837900323e+00
-1.295134219243376794e+00
-1.214151720061597661e+00
-8.339515596983114731e-01
5.820118698565666104e-01
3.016034146282472239e+00
1.174333621242743764e+00
1.000003655613203701e+00
1.000000000000000000e+00
1.000000000000000000e+00
