1.000000000000000000e+00
1.000000238278457187e+00
1.000001120928910137e+00
1.000006428111510637e+00
1.000027581369162588e+00
1.000089618137029346e+00
1.000241385602259392e+00
1.000573128030674663e+00
1.001246286123290030e+00
1.002541760440372798e+00
1.004933887439399376e+00
1.009197075533719623e+00
1.016549016723800047e+00
1.028826526294448929e+00
1.048674975310365909e+00
1.079708407653111601e+00
1.126567124119086882e+00
1.194772084839258897e+00
1.290269950145218392e+00
1.418609178521025305e+00
1.583794080183460906e+00
1.787049203968804845e+00
2.025880648267766038e+00
2.293912575663305198e+00
2.581900717490989816e+00
2.879911137652195308e+00
3.180374994745914563e+00
3.480749511221716830e+00
3.784623704722096527e+00
4.100065168566016993e+00
4.435045018626619040e+00
4.792742607742779271e+00
5.168527523707608928e+00
5.550750014794423315e+00
5.923497695600469015e+00
6.269047349266521074e+00
6.569915873530944417e+00
6.808304066488308770e+00
6.966464631178474143e+00
7.026378153170599106e+00
6.970672267830584801e+00
6.784939112809187378e+00
6.458965937680871683e+00
5.990015029268799474e+00
5.384258539486625139e+00
4.658774651502522346e+00
3.841303397228863936e+00
2.967766715642867315e+00
2.078719454073314932e+00
1.213509863941351075e+00
4.064159871055048612e-01
-3.164515826936117326e-01
-9.380905032270451249e-01
-1.450167777403848834e+00
-1.851973342697424751e+00
-2.148113964117044805e+00
-2.346600857435960030e+00
-2.456825131132634343e+00
-2.488304206820178610e+00
-2.450130339779874156e+00
-2.350676873689172552e+00
-2.197738208327914222e+00
-1.998526111276841322e+00
-1.759799023486023239e+00
-1.487895753601411020e+00
-1.188696276075326130e+00
-8.676744016371192858e-01
-5.297954327112827100e-01
-1.794859213429093048e-01
1.794224849558322676e-01
5.436984216682891891e-01
9.106070684502837187e-01
1.277856368976007406e+00
1.643504855666336750e+00
2.005885579684637765e+00
2.363514712380533567e+00
2.714988477333288852e+00
3.058909405567917794e+00
3.393792672788242815e+00
3.718027689704920036e+00
4.029852451653473722e+00
4.327318765096321407e+00
4.608289548020352733e+00
4.870438420260057022e+00
5.111278538753029288e+00
5.328211202879871600e+00
5.518610337628615525e+00
5.679926153413590306e+00
5.809768480144585467e+00
5.906012512223792754e+00
5.966907784640515189e+00
5.991179566552733426e+00
5.978118041745441147e+00
5.927623930613946435e+00
5.840244110430225177e+00
5.717169801637108861e+00
5.560176471083297933e+00
5.371548814841213826e+00
5.153984411539641819e+00
4.910481737344579045e+00
4.644227371506579161e+00
4.358487701511942092e+00
4.056518673178829637e+00
3.741484900970811989e+00
3.416388139852997163e+00
3.084018658681085157e+00
2.746923247132476931e+00
2.407388171513511033e+00
2.067436795654758797e+00
1.728841572986109076e+00
1.393135540568036124e+00
1.061620634435053834e+00
7.353950395258860295e-01
4.153838678937040729e-01
1.023590937938060330e-01
-2.030372404235483985e-01
-5.002719460533802120e-01
-7.889048369476500122e-01
-1.068570875970205281e+00
-1.338966219741348329e+00
-1.599836784608118068e+00
-1.850969370819657067e+00
-2.092187851857568948e+00
-2.323345663849213150e+00
-2.544321361329720865e+00
-2.755021079698726005e+00
-2.955377909908560863e+00
-3.145349964713692437e+00
-3.324919578283099142e+00
-3.494091904227837553e+00
-3.652894199783892404e+00
-3.801375591575064217e+00
-3.939606458570473535e+00
-4.067678555233632309e+00
-4.185705297365333699e+00
-4.293821842266007494e+00
-4.392184999705557757e+00
-4.480968675772599497e+00
-4.560360563458396577e+00
-4.630563597599266501e+00
-4.691792948855662004e+00
-4.744273876126177569e+00
-4.788244129375933689e+00
-4.823953740445372063e+00
-4.851663721807482510e+00
-4.871646067571837158e+00
-4.884181340011743977e+00
-4.889556471188309494e+00
-4.888065223493319955e+00
-4.880006409007238588e+00
-4.865682345763307382e+00
-4.845399637277241212e+00
-4.819467983621748886e+00
-4.788199001676249900e+00
-4.751906839452075815e+00
-4.710907462784127198e+00
-4.665518991503729396e+00
-4.616063844790751602e+00
-4.562869718377426054e+00
-4.506268586103791662e+00
-4.446596415660838630e+00
-4.384195143765293956e+00
-4.319412357104794431e+00
-4.252600431078029430e+00
-4.184117532697522179e+00
-4.114327391586407145e+00
-4.043599278945095854e+00
-3.972309567010375186e+00
-3.900843547527824473e+00
-3.829596214723919978e+00
-3.758973999567046143e+00
-3.689398640441005295e+00
-3.621310005145103261e+00
-3.555169194118544151e+00
-3.491463702958973236e+00
-3.430713721185886911e+00
-3.373478710242216572e+00
-3.320365768328189748e+00
-3.272041096966123774e+00
-3.229243450075144128e+00
-3.192799423904334244e+00
-3.163642918459915521e+00
-3.142839883941759282e+00
-3.131615840947881146e+00
-3.131383621139921303e+00
-3.143764938694900923e+00
-3.170587479242769735e+00
-3.213811821413687042e+00
-3.275278798712085049e+00
-3.356002725936863218e+00
-3.454306406415771580e+00
-3.560944710530823620e+00
-3.646192437653446916e+00
-3.624388306550746730e+00
-3.239654435065275173e+00
-1.519986005909686799e+00
3.047814879329362459e+00
2.107352382035411420e+00
1.000312099772792784e+00
1.000000000000042188e+00
1.000000000000000000e+00
