1.000000000000000000e+00
1.000000055119993458e+00
1.000000264146769791e+00
1.000001527362277542e+00
1.000006563550658090e+00
1.000021347099805169e+00
1.000057577218858684e+00
1.000136979966107509e+00
1.000298697251956304e+00
1.000611494074428842e+00
1.001193018165691173e+00
1.002238754064129544e+00
1.004063385072696990e+00
1.007156575807012011e+00
1.012253034874561308e+00
1.020412182963702952e+00
1.033095015380174120e+00
1.052214627567107375e+00
1.080124146306542743e+00
1.119498168392962123e+00
1.173069049286355359e+00
1.243218498424753404e+00
1.331491715988003088e+00
1.438195895170386374e+00
1.562311553117361917e+00
1.701864740050802238e+00
1.854755692667252154e+00
2.019586846980812478e+00
2.195946595467117568e+00
2.383651392586001894e+00
2.580962513263684865e+00
2.782952117208679077e+00
2.980838422556144174e+00
3.163100020817974922e+00
3.317610099880246466e+00
3.433739351532982376e+00
3.504036602932465438e+00
3.524507102097361955e+00
3.494602699304120375e+00
3.416538696691452603e+00
3.294704635569172257e+00
3.135253950063569217e+00
2.945349681981788592e+00
2.732868576715159481e+00
2.505769679510894576e+00
2.271807145936549865e+00
2.038192274973103846e+00
1.811328823208040451e+00
1.596771722122771964e+00
1.398994194434458826e+00
1.221447063430657121e+00
1.066547981145878232e+00
9.357960538759596547e-01
8.299188189272604932e-01
7.489551009779639168e-01
6.924345191446399372e-01
6.594524483167084616e-01
6.488105198094340498e-01
6.591134499612942843e-01
6.888278117524682109e-01
7.363558014808150309e-01
8.000546343648159420e-01
8.782888898147765966e-01
9.694432449680765451e-01
1.071936508116598574e+00
1.184233066179019467e+00
1.304821535662351373e+00
1.432222413925181348e+00
1.564980731830881711e+00
1.701670762656600777e+00
1.840896329736800840e+00
1.981272366282849084e+00
2.121424865835607854e+00
2.259986757397812962e+00
2.395602051134045674e+00
2.526929095705344075e+00
2.652643079841410678e+00
2.771447382520550118e+00
2.882080475013876431e+00
2.983336916023782592e+00
3.074090051586808148e+00
3.153309524303042011e+00
3.220082621383051347e+00
3.273630293350417553e+00
3.313323352456917448e+00
3.338695220461578739e+00
3.349454519292271115e+00
3.345493098216761219e+00
3.326880745035716291e+00
3.293858714760596662e+00
3.246829419853686449e+00
3.186342358761899085e+00
3.113078091988702667e+00
3.027825781545870676e+00
2.931464391784466272e+00
2.824942646218560505e+00
2.709253716526078382e+00
2.585414328184000521e+00
2.454445805445260032e+00
2.317356852128759304e+00
2.175129652182379747e+00
2.028708716496792519e+00
1.878993963803810452e+00
1.726834988065573340e+00
1.573025729113872950e+00
1.418302130032713659e+00
1.263341307743325315e+00
1.108761973160973247e+00
9.551263096663502594e-01
8.029435956276254061e-01
6.526726816414990529e-01
5.047229968565452030e-01
3.594592970729648673e-01
2.172070188326142015e-01
7.825525234486482851e-02
-5.713947942105104122e-02
-1.887497383137895779e-01
-3.163746737165273326e-01
-4.398368892947427389e-01
-5.589799847284715462e-01
-6.736665008539434174e-01
-7.837762911988995773e-01
-8.892059233279550057e-01
-9.898671558801627191e-01
-1.085686006346461729e+00
-1.176603326616825873e+00
-1.262574640976016349e+00
-1.343569633225663473e+00
-1.419571843128593747e+00
-1.490578182312695787e+00
-1.556598565851856408e+00
-1.617655621148804457e+00
-1.673784279400694519e+00
-1.725031510733386897e+00
-1.771456076821040782e+00
-1.813128218474729270e+00
-1.850129289433497748e+00
-1.882550343969903617e+00
-1.910490988831683667e+00
-1.934059331870464860e+00
-1.953370901101340706e+00
-1.968547756489166467e+00
-1.979718663637727749e+00
-1.987018674286816555e+00
-1.990588460223542633e+00
-1.990573958891970419e+00
-1.987125469148282253e+00
-1.980396805379494474e+00
-1.970545084193598084e+00
-1.957730006038989945e+00
-1.942113206015031679e+00
-1.923858163935445287e+00
-1.903129675345474725e+00
-1.880093342555297031e+00
-1.854915504701946771e+00
-1.827762880292473024e+00
-1.798802476591321309e+00
-1.768201946525995272e+00
-1.736129699449549646e+00
-1.702754577298581928e+00
-1.668245725277999858e+00
-1.632773022357545845e+00
-1.596507011031602197e+00
-1.559618737401885280e+00
-1.522280069424465587e+00
-1.484663775138262309e+00
-1.446943703063578557e+00
-1.409295394044755678e+00
-1.371896825036735157e+00
-1.334928992813048554e+00
-1.298576815228156267e+00
-1.263030644427453275e+00
-1.228487666318618166e+00
-1.195153520021937643e+00
-1.163244581272872447e+00
-1.132990725486574313e+00
-1.104638404276223174e+00
-1.078454422459987683e+00
-1.054730751155353419e+00
-1.033790119892451509e+00
-1.015992305039207455e+00
-1.001741491313305144e+00
-9.914945464233445582e-01
-9.857686725550427465e-01
-9.851457822927578434e-01
-9.902676931604131871e-01
-1.001808302358530911e+00
-1.020390885082852028e+00
-1.046376347324440736e+00
-1.079341236636015111e+00
-1.116780700017222960e+00
-1.150766075004281186e+00
-1.158787807469912945e+00
-1.076317100215385292e+00
-7.028644980606930659e-01
6.735058814016388062e-01
2.931178821568632742e+00
1.144774260922069020e+00
1.000002676230211662e+00
1.000000000000000000e+00
1.000000000000000000e+00
