1.000000000000000000e+00
1.000000207344785119e+00
1.000000977532036650e+00
1.000005611293823593e+00
1.000024081008982879e+00
1.000078253721475408e+00
1.000210810402606398e+00
1.000500652948745239e+00
1.001089054046152560e+00
1.002222117306555305e+00
1.004316102311530567e+00
1.008052112536031331e+00
1.014504322947637815e+00
1.025299499248893520e+00
1.042792824231517201e+00
1.070224277394373757e+00
1.111792344257682918e+00
1.172554809356596950e+00
1.258055834720809507e+00
1.373612156939808537e+00
1.523280477575499336e+00
1.708697378355148677e+00
1.928140368203025368e+00
2.176270345303892295e+00
2.444968627711354703e+00
2.725301076617451024e+00
3.010345656400043701e+00
3.297681434128542310e+00
3.590409678018327888e+00
3.895577973580926834e+00
4.219886453324159348e+00
4.565296568684764189e+00
4.926239698531804656e+00
5.290400386147361189e+00
5.641395613749343063e+00
5.961255726794990828e+00
6.232571967627576370e+00
6.438228067350336481e+00
6.561904034367570304e+00
6.587872430593275652e+00
6.501863682346184170e+00
6.293114821827116678e+00
5.955371386166069314e+00
5.489571226672635085e+00
4.904714636762171232e+00
4.219049496226612739e+00
3.459280175442718264e+00
2.658049911530603104e+00
1.850848759544194477e+00
1.071275240306355014e+00
3.480943212308163504e-01
-2.970931707491318297e-01
-8.504300928125669845e-01
-1.305265640689039275e+00
-1.661186370760353137e+00
-1.922107144666887146e+00
-2.094783041298244441e+00
-2.187227675944630079e+00
-2.207721473166005755e+00
-2.164346313774062391e+00
-2.064692165696567994e+00
-1.915915321782206027e+00
-1.724674972508911663e+00
-1.497199090483009698e+00
-1.239288388197677504e+00
-9.562776876120855363e-01
-6.530917246425300693e-01
-3.341750952425751042e-01
-3.486343898076881345e-03
3.355334441256325184e-01
6.799527118780481771e-01
1.027251176122324638e+00
1.375268979055551455e+00
1.722125034909170793e+00
2.066151324933974465e+00
2.405814740844715249e+00
2.739629262701877010e+00
3.066094424642631822e+00
3.383616789041983708e+00
3.690481071903766619e+00
3.984833599739792120e+00
4.264658966652421057e+00
4.527786329511632957e+00
4.771898887189952809e+00
4.994569993526603469e+00
5.193316860762991816e+00
5.365685167209292672e+00
5.509348724515675144e+00
5.622188484917821860e+00
5.702387667227330148e+00
5.748525456556459190e+00
5.759659665522427474e+00
5.735394759125227004e+00
5.675908875856841895e+00
5.581970530630579574e+00
5.454922418320746758e+00
5.296615552072230670e+00
5.109332623174779542e+00
4.895695677162914983e+00
4.658563336586092340e+00
4.400930284510553570e+00
4.125833086419831375e+00
3.836273402938548127e+00
3.535150388375955188e+00
3.225201704766051058e+00
2.908964456439063095e+00
2.588750327591066824e+00
2.266633285347784188e+00
1.944449525315774530e+00
1.623809403931776529e+00
1.306108545230876272e+00
9.925358528306916783e-01
6.840977585008295447e-01
3.816452305777926490e-01
8.589140194123325023e-02
-2.025680128005841463e-01
-4.832361508125750382e-01
-7.557009736504947117e-01
-1.019619509941057434e+00
-1.274705479802745067e+00
-1.520719120061119645e+00
-1.757459243855051811e+00
-1.984759720924320403e+00
-2.202482774457998449e+00
-2.410514954181981473e+00
-2.608769133927896888e+00
-2.797183856431102011e+00
-2.975721556264810275e+00
-3.144367778289737014e+00
-3.303129881106860566e+00
-3.452036341016857079e+00
-3.591136478364474804e+00
-3.720499852650167139e+00
-3.840216301594444381e+00
-3.950396122218697403e+00
-4.051170072289495216e+00
-4.142689223285058731e+00
-4.225120922578944338e+00
-4.298645832498013242e+00
-4.363459115759296125e+00
-4.419767738781697375e+00
-4.467788518993088154e+00
-4.507750136214827563e+00
-4.539892873118932748e+00
-4.564467405133515676e+00
-4.581734725628348492e+00
-4.591963969682393731e+00
-4.595430425127524643e+00
-4.592415861951898215e+00
-4.583206912343034567e+00
-4.568093658787912403e+00
-4.547370249574386847e+00
-4.521333803108489313e+00
-4.490283323123802184e+00
-4.454520181157631598e+00
-4.414347446778223549e+00
-4.370070136683575690e+00
-4.321997046107720841e+00
-4.270441568498799967e+00
-4.215720799665781726e+00
-4.158155270711803908e+00
-4.098070658166428792e+00
-4.035797504005055991e+00
-3.971670472831985155e+00
-3.906029245516849713e+00
-3.839218352837741488e+00
-3.771587205905158502e+00
-3.703491522624771548e+00
-3.635295001735639797e+00
-3.567370119765620018e+00
-3.500099787041957011e+00
-3.433880901930756568e+00
-3.369127033972087570e+00
-3.306271403272470710e+00
-3.245771716716131738e+00
-3.188116069146710085e+00
-3.133829177479106054e+00
-3.083480279317233119e+00
-3.037693862009832824e+00
-2.997162265843328122e+00
-2.962660052012097367e+00
-2.935062164931114825e+00
-2.915366816807966277e+00
-2.904720767685293747e+00
-2.904444426666992651e+00
-2.916050388510992075e+00
-2.941237576494360351e+00
-2.981816885512234894e+00
-3.039462898856001960e+00
-3.115027639031284323e+00
-3.206738136132358363e+00
-3.305478430941677370e+00
-3.382186075628981659e+00
-3.352558714776777915e+00
-2.961257434837885061e+00
-1.244281165702892711e+00
3.166887378484887883e+00
1.965485935841387866e+00
1.000200697219856494e+00
1.000000000000000000e+00
1.000000000000000000e+00
