1.000000000000000000e+00
1.000000219893757425e+00
1.000001035754578327e+00
1.000005943073345671e+00
1.000025502910483199e+00
1.000082870344998209e+00
1.000223231963392134e+00
1.000530099807955375e+00
1.001152946986071157e+00
1.002352033150516464e+00
1.004567261901500919e+00
1.008517760980543798e+00
1.015336273253626187e+00
1.026735445276384828e+00
1.045189412139556184e+00
1.074092034464405820e+00
1.117824472212497700e+00
1.181637491848073873e+00
1.271245253751109416e+00
1.392066134492421670e+00
1.548142491792364073e+00
1.740947563750984139e+00
1.968444375206480634e+00
2.224865515352203005e+00
2.501623327575605682e+00
2.789365008163316340e+00
3.080897392620500330e+00
3.373749875720900349e+00
3.671231393121464848e+00
3.980821164871224394e+00
4.309755640847808600e+00
4.660507971460580379e+00
5.027899521279540984e+00
5.399883180261940474e+00
5.760252864619756608e+00
6.091112391213655108e+00
6.374985373268872380e+00
6.594431346909533254e+00
6.732497878208781650e+00
6.772471573380809851e+00
6.698770770595252166e+00
6.499111186884938718e+00
6.165609346630453125e+00
5.697719246121129011e+00
5.103337503474553394e+00
4.400313368577551287e+00
3.615862318208902693e+00
2.784041521994555346e+00
1.942456886411559891e+00
1.127075490748834508e+00
3.689150653102156729e-01
-3.085919888401985611e-01
-8.903205767928312753e-01
-1.368948890828528553e+00
-1.743950135859030581e+00
-2.019519648233455200e+00
-2.202917840459771348e+00
-2.302714311917906986e+00
-2.327693360640239018e+00
-2.286354456912429001e+00
-2.186617761254879611e+00
-2.035913701864473069e+00
-1.841141787173169231e+00
-1.608760384675754995e+00
-1.344801406347467143e+00
-1.054830801547883778e+00
-7.440030612590486925e-01
-4.169785145347012500e-01
-7.790817317853857005e-02
2.696071069266494646e-01
6.225136219345660527e-01
9.782040270886338540e-01
1.334465086060009575e+00
1.689391605662067919e+00
2.041316413119879769e+00
2.388726718604729182e+00
2.730169985831825130e+00
3.064187304147583113e+00
3.389228559486585191e+00
3.703619525982096317e+00
4.005541467141029877e+00
4.293003012473950442e+00
4.563842708347099375e+00
4.815734456332382507e+00
5.046220739260785848e+00
5.252764430164188703e+00
5.432833640286035326e+00
5.584003400289421215e+00
5.704036889399711541e+00
5.790985376755292791e+00
5.843288606294126275e+00
5.859865463847514278e+00
5.840190858209390434e+00
5.784330398209236890e+00
5.692964713990627423e+00
5.567378884667445682e+00
5.409398582667534150e+00
5.221313682261365052e+00
5.005783868469427134e+00
4.765731716166260235e+00
4.504236850258124925e+00
4.224435782869981892e+00
3.929439490103820543e+00
3.622260319209105628e+00
3.305747873809538717e+00
2.982546073079381355e+00
2.655065432207977416e+00
2.325468895998901608e+00
1.995670908007021405e+00
1.667349435424533732e+00
1.341957299656735048e+00
1.020730372992257218e+00
7.047131367439910532e-01
3.947872231992662906e-01
9.169002045450813654e-02
-2.039637439400933394e-01
-4.916623864003278332e-01
-7.709824723569177474e-01
-1.041572185080454682e+00
-1.303138288788104004e+00
-1.555435425713360909e+00
-1.798257781803198618e+00
-2.031435436953521023e+00
-2.254827325619421785e+00
-2.468317033707907893e+00
-2.671814979121230227e+00
-2.865257765362652531e+00
-3.048606339094262374e+00
-3.221845200037950718e+00
-3.384981061603093977e+00
-3.538042147236673873e+00
-3.681077933531108126e+00
-3.814158541475169528e+00
-3.937374810774904699e+00
-4.050838524654018613e+00
-4.154682444483707826e+00
-4.249060187507814668e+00
-4.334141980232333324e+00
-4.410111557247008207e+00
-4.477167456659443268e+00
-4.535520198860165664e+00
-4.585390255467763687e+00
-4.627010219828010307e+00
-4.660624568367359721e+00
-4.686488413964407407e+00
-4.704867462160419400e+00
-4.716035739030350449e+00
-4.720273517484634418e+00
-4.717867699853653285e+00
-4.709110132818820738e+00
-4.694296142011999962e+00
-4.673725213861554373e+00
-4.647699861977113045e+00
-4.616524503681104896e+00
-4.580505995691367183e+00
-4.539952946473381878e+00
-4.495176000373858116e+00
-4.446489796012458307e+00
-4.394213849581948494e+00
-4.338671617227218391e+00
-4.280190220840268012e+00
-4.219102265484554692e+00
-4.155745543542738396e+00
-4.090462243942756260e+00
-4.023599890234538456e+00
-3.955511149154439021e+00
-3.886553840681753691e+00
-3.817092419114425539e+00
-3.747499706639566330e+00
-3.678157685962155643e+00
-3.609459189780417798e+00
-3.541811585537743667e+00
-3.475639517742199036e+00
-3.411387941225015652e+00
-3.349527094245489334e+00
-3.290558566664891327e+00
-3.235021680809071487e+00
-3.183501588327295018e+00
-3.136640309878802046e+00
-3.095149695986292748e+00
-3.059826187466574421e+00
-3.031569528120405810e+00
-3.011406434188620196e+00
-3.000516820604969936e+00
-3.000260019837787340e+00
-3.012194606836900324e+00
-3.038073803081195567e+00
-3.079771704620184902e+00
-3.139033270523636787e+00
-3.216779675291934648e+00
-3.311280071190062735e+00
-3.413367757224945009e+00
-3.493705912143192815e+00
-3.467407163994657093e+00
-3.078758752616524319e+00
-1.359712410712497821e+00
3.119907115763579153e+00
2.024261367815054502e+00
1.000242182031187976e+00
1.000000000000000000e+00
1.000000000000000000e+00
