1.000000000000000000e+00
1.000000121402022435e+00
1.000000576662513518e+00
1.000003321357662678e+00
1.000014262587765490e+00
1.000046366056857261e+00
1.000124977270018700e+00
1.000297050637086738e+00
1.000646902748617562e+00
1.001322004758106177e+00
1.002573149827692633e+00
1.004813720539147637e+00
1.008702093612634743e+00
1.015248396571378997e+00
1.025940409607539294e+00
1.042871768201810267e+00
1.068838202605871368e+00
1.107346416111108622e+00
1.162462773041115005e+00
1.238432443490309787e+00
1.339038189326505535e+00
1.466772454314122287e+00
1.622027896377931544e+00
1.802648578318424288e+00
2.004221316843738165e+00
2.221249282866974539e+00
2.449070294447742047e+00
2.685626970066226082e+00
2.932160763922597724e+00
3.191972302492468216e+00
3.467221771781170414e+00
3.755740105107552296e+00
4.049171911781131783e+00
4.333892527808395734e+00
4.593508436840723519e+00
4.811378788285766817e+00
4.972874519012512096e+00
5.065759652028503091e+00
5.080797353851221665e+00
5.011591894051630192e+00
4.854908168559264325e+00
4.611485261211345943e+00
4.285956749402165755e+00
3.887501559481040481e+00
3.429209630967911870e+00
2.927632511258044357e+00
2.401555272262576590e+00
1.870422215332355531e+00
1.353061371026264670e+00
8.659195354483671947e-01
4.222961004690626297e-01
3.174299098214301146e-02
-2.998482086214868114e-01
-5.697921075154644965e-01
-7.781388117930204684e-01
-9.268784656501832808e-01
-1.019425609371636288e+00
-1.060003587037718464e+00
-1.053226769424629117e+00
-1.003854955967668383e+00
-9.165689750248514622e-01
-7.959118620727376747e-01
-6.461691966171229096e-01
-4.713480729329671548e-01
-2.751530304236879942e-01
-6.096617661614977396e-02
1.680995015373829005e-01
4.092107886654197113e-01
6.597879428591438833e-01
9.174996496533569523e-01
1.180242978962177114e+00
1.446077461935708852e+00
1.713194061365521215e+00
1.979870822864191249e+00
2.244442192253306434e+00
2.505263539605951273e+00
2.760672093596274301e+00
3.008966182807496725e+00
3.248376269455583998e+00
3.477069167006586525e+00
3.693161997011463082e+00
3.894733571878592038e+00
4.079854711122562705e+00
4.246619674390837318e+00
4.393191382292482849e+00
4.517852677635607606e+00
4.619069636861522277e+00
4.695555249098382511e+00
4.746310828842543295e+00
4.770667497181293015e+00
4.768317869273345444e+00
4.739334182927584571e+00
4.684173604900857768e+00
4.603658445140902167e+00
4.498952770677844271e+00
4.371524668237995570e+00
4.223086281315312718e+00
4.055535368839557897e+00
3.870895273207029419e+00
3.671255350885927360e+00
3.458717722887716395e+00
3.235350933374397275e+00
3.003155259357757512e+00
2.764033583031961783e+00
2.519766502070410308e+00
2.271997598286410014e+00
2.022225271398780055e+00
1.771800141524110028e+00
1.521927982863475082e+00
1.273678304138444739e+00
1.027991504008491486e+00
7.856835262632325678e-01
5.474594656359046407e-01
3.139286358573134539e-01
8.561418992734694255e-02
-1.370355967113927598e-01
-3.536369886400627105e-01
-5.638629646328253697e-01
-7.674342657272840151e-01
-9.641122832778756813e-01
-1.153693137263105628e+00
-1.336002978238779892e+00
-1.510895820741139817e+00
-1.678249494473280201e+00
-1.837963114322236580e+00
-1.989958063380002473e+00
-2.134177435321692240e+00
-2.270584810187082248e+00
-2.399163601947031932e+00
-2.519916094636799997e+00
-2.632862818664789550e+00
-2.738042167126605975e+00
-2.835509809868099307e+00
-2.925338477969469775e+00
-3.007617827239569497e+00
-3.082454191401010402e+00
-3.149970243784448787e+00
-3.210302363154693417e+00
-3.263598617463167262e+00
-3.310019189108843296e+00
-3.349734518859922794e+00
-3.382923884296130446e+00
-3.409776322184641995e+00
-3.430490223168520370e+00
-3.445272370968032405e+00
-3.454337657906135117e+00
-3.457907568172681856e+00
-3.456208776092619672e+00
-3.449473122170096939e+00
-3.437936449192818600e+00
-3.421837569510191024e+00
-3.401418441470817289e+00
-3.376923347863656222e+00
-3.348598091720823788e+00
-3.316690131476158765e+00
-3.281448049616674023e+00
-3.243121578442544894e+00
-3.201962578017302441e+00
-3.158225433914258140e+00
-3.112166458522731105e+00
-3.064043682559246307e+00
-3.014117837796808530e+00
-2.962652187690919536e+00
-2.909912110126879892e+00
-2.856165678332412305e+00
-2.801683649513262875e+00
-2.746739608853667747e+00
-2.691610984982217847e+00
-2.636580265072591800e+00
-2.581935752635208026e+00
-2.527972905263590420e+00
-2.474996880990804282e+00
-2.423324670334968012e+00
-2.373287523024934398e+00
-2.325234616143797339e+00
-2.279537522411064110e+00
-2.236595076489220624e+00
-2.196839461392148696e+00
-2.160744239719423643e+00
-2.128833789932222942e+00
-2.101694083343209840e+00
-2.079985940821072354e+00
-2.064461116029713939e+00
-2.055979319889106538e+00
-2.055523498353283962e+00
-2.064206999743474213e+00
-2.083256358843095235e+00
-2.113930729749495807e+00
-2.157285738032262312e+00
-2.213553035304257399e+00
-2.280546589108035427e+00
-2.349500920183089203e+00
-2.393723444694331182e+00
-2.335274268729122582e+00
-1.931665285857125935e+00
-2.925611571380016818e-01
3.356438998937486318e+00
1.516280594967242434e+00
1.000034377255212714e+00
1.000000000000000000e+00
1.000000000000000000e+00
