1.000000000000000000e+00
1.000000006017100596e+00
1.000000029336758800e+00
1.000000170905772645e+00
1.000000735433198118e+00
1.000002393938692835e+00
1.000006464705307296e+00
1.000015406736799006e+00
1.000033676538447880e+00
1.000069165508670643e+00
1.000135517499894267e+00
1.000255720418763428e+00
1.000467459968036543e+00
1.000830789374363317e+00
1.001438652240373761e+00
1.002430604756284982e+00
1.004009596275214244e+00
1.006460743526540469e+00
1.010169598091214427e+00
1.015635724639125881e+00
1.023475900580141706e+00
1.034411914246043285e+00
1.049241187978213530e+00
1.068796019224952598e+00
1.093905484019788821e+00
1.125370017182223625e+00
1.163945966625764994e+00
1.210288454583490880e+00
1.264792898496598594e+00
1.327299127200094242e+00
1.396713650103608595e+00
1.470779133412849271e+00
1.546159147090242492e+00
1.618939123047625550e+00
1.685344657328351037e+00
1.742392241644294071e+00
1.788304896458837501e+00
1.822529075916066388e+00
1.845554327733422539e+00
1.858573798742436001e+00
1.863166684972231701e+00
1.861056447194672669e+00
1.853902485181501136e+00
1.843211490700742194e+00
1.830263755407053328e+00
1.816110461080449268e+00
1.801582490111154344e+00
1.787312193945965966e+00
1.773773775341221715e+00
1.761297915239253609e+00
1.750105218982779931e+00
1.740323702912744519e+00
1.732009908059570114e+00
1.725166572059986247e+00
1.719750157017223779e+00
1.715684469071529605e+00
1.712863593651852590e+00
1.711160463832212653e+00
1.710431874490436543e+00
1.710520896271925162e+00
1.711261544432602033e+00
1.712479574586119213e+00
1.713997079731850226e+00
1.715634317432693567e+00
1.717212274970387975e+00
1.718555447772996070e+00
1.719492061448048670e+00
1.719857022359044141e+00
1.719493588266675754e+00
1.718256008235161891e+00
1.716011567901048807e+00
1.712640737807022751e+00
1.708038552992019676e+00
1.702115207071851932e+00
1.694796867246087579e+00
1.686025891864363579e+00
1.675760461411780256e+00
1.663974440692666867e+00
1.650656392009199447e+00
1.635809339467691581e+00
1.619450324487647475e+00
1.601609293327189043e+00
1.582328182309925113e+00
1.561659574417529006e+00
1.539665499731193377e+00
1.516416196586823695e+00
1.491989189119279802e+00
1.466468400768262459e+00
1.439942647282531851e+00
1.412504491134368712e+00
1.384249228734047099e+00
1.355273972023175455e+00
1.325676911055426066e+00
1.295556328389799061e+00
1.265010084229347465e+00
1.234135114588031934e+00
1.203026546848731115e+00
1.171777135488719424e+00
1.140476776579875118e+00
1.109212048568596343e+00
1.078065884176448330e+00
1.047117318817576415e+00
1.016441435209852973e+00
9.861092724614733962e-01
9.561876462339956584e-01
9.267391009373887600e-01
8.978218955728333173e-01
8.694900192198272704e-01
8.417932702810255741e-01
8.147774384313298812e-01
7.884843716918836787e-01
7.629519085736519157e-01
7.382141046985983834e-01
7.143015141829742731e-01
6.912412873531967872e-01
6.690573442842714380e-01
6.477705389525065804e-01
6.273987581785250844e-01
6.079570878568866243e-01
5.894579406288394940e-01
5.719111657953721561e-01
5.553241391143547423e-01
5.397017814299288618e-01
5.250466651379365191e-01
5.113590845883663194e-01
4.986370126897212707e-01
4.868761269447142714e-01
4.760698733650729486e-01
4.662095213723259635e-01
4.572842409790602858e-01
4.492811770715317010e-01
4.421855229816539778e-01
4.359806086710229511e-01
4.306479811487846643e-01
4.261674867062313354e-01
4.225173611214776415e-01
4.196743262243836092e-01
4.176137746728856848e-01
4.163099338479097078e-01
4.157359385170467103e-01
4.158639882635614127e-01
4.166654878972054221e-01
4.181110976999087292e-01
4.201708307206525883e-01
4.228141681509426930e-01
4.260101459404195823e-01
4.297274841153166380e-01
4.339347079645830552e-01
4.386002128820478130e-01
4.436923674717871968e-01
4.491796069504625510e-01
4.550304757643303111e-01
4.612137025549839509e-01
4.676982691233885214e-01
4.744534382982064646e-01
4.814488012265115691e-01
4.886542977430226586e-01
4.960401946073683677e-01
5.035770793832663461e-01
5.112358855470920949e-01
5.189878961036865634e-01
5.268046949469451512e-01
5.346581541738493204e-01
5.425204226389431783e-01
5.503638678519987559e-01
5.581610305647822790e-01
5.658845627478776841e-01
5.735071205988644394e-01
5.810012365441949989e-01
5.883391933769626103e-01
5.954928592422015221e-01
6.024334573283487426e-01
6.091313291227672400e-01
6.155556616921533664e-01
6.216741405892449723e-01
6.274525432799430424e-01
6.328542883660727147e-01
6.378399135819431409e-01
6.423664672980864410e-01
6.463868617392395377e-01
6.498492480456593556e-01
6.526964851987691052e-01
6.548659156433491724e-01
6.562899619515145666e-01
6.568985239740133819e-01
6.566251892346969266e-01
6.554215452267296849e-01
6.532889461876024706e-01
6.503488570934281565e-01
6.470020048339408802e-01
6.443030853522593304e-01
6.448950982651876496e-01
6.555257277938800753e-01
6.945425400450293552e-01
8.172569880765073735e-01
1.205600919026768247e+00
1.320667558621390736e+00
1.001022373083803041e+00
1.000000005614135823e+00
1.000000000000000000e+00
1.000000000000000000e+00
