1.000000000000000000e+00
1.000000233604871225e+00
1.000001099290270146e+00
1.000006304922723688e+00
1.000027053516036268e+00
1.000087904501752112e+00
1.000236775624027130e+00
1.000562202138043810e+00
1.001222587537036857e+00
1.002493596018394051e+00
1.004840833497578911e+00
1.009024702214789571e+00
1.016241392940531174e+00
1.028296336674299427e+00
1.047791706254191046e+00
1.078286146410507573e+00
1.124355004273512426e+00
1.191451910405254555e+00
1.285466200981279616e+00
1.411915269346559310e+00
1.574814876234558847e+00
1.775453711751469266e+00
2.011453513286059813e+00
2.276590962342764701e+00
2.561785367481504760e+00
2.857247032246816421e+00
3.155500299158156441e+00
3.454020669509729302e+00
3.756328540958668416e+00
4.070346649396901384e+00
4.403864864926820388e+00
4.759887797124146225e+00
5.133648382883908567e+00
5.513395761045800647e+00
5.883139649510009228e+00
6.225106388641123978e+00
6.521805227973109353e+00
6.755516207091555536e+00
6.908680369855003001e+00
6.963595667763982533e+00
6.903330754514233725e+00
6.714005819734830460e+00
6.385993089677111989e+00
5.917112475357444445e+00
5.313984467368076281e+00
4.593902080045607406e+00
3.784495456606693953e+00
2.921234721459978534e+00
2.043941714062784687e+00
1.191115312965899564e+00
3.962097554931072740e-01
-3.153439440479200995e-01
-9.270222628884681182e-01
-1.430752067434109431e+00
-1.825871706005261830e+00
-2.116883298092514298e+00
-2.311606030572018966e+00
-2.419221348215419454e+00
-2.449060744950792845e+00
-2.410067701024071862e+00
-2.310503513439513767e+00
-2.158074000837214346e+00
-1.959915777325451636e+00
-1.722715031102145078e+00
-1.452736022660612303e+00
-1.155781616219327290e+00
-8.372463912344041415e-01
-5.020193985572439788e-01
-1.544579135978383921e-01
2.016646660651452982e-01
5.631619448547793283e-01
9.273314580361251558e-01
1.291901225195777769e+00
1.654939091102487714e+00
2.014778163425057667e+00
2.369927358350773172e+00
2.718970572416982812e+00
3.060494709460254814e+00
3.392998219916796732e+00
3.714854044549828593e+00
4.024285254347155671e+00
4.319331926430512780e+00
4.597849749279546039e+00
4.857511085899045788e+00
5.095834935296734258e+00
5.310236390222456748e+00
5.498111282232536645e+00
5.656939436266684496e+00
5.784367588941390359e+00
5.878313791710072067e+00
5.937074335273536896e+00
5.959422530917557914e+00
5.944694846557281309e+00
5.892833786730193424e+00
5.804420636933820710e+00
5.680671377556278046e+00
5.523375550995731409e+00
5.334820790760374187e+00
5.117696857149457657e+00
4.874984828827523486e+00
4.609845980999105919e+00
4.325515484141879696e+00
4.025214092273538213e+00
3.712069204040902459e+00
3.389045204553408297e+00
3.058896282127897770e+00
2.724135529019183988e+00
2.387018642583015104e+00
2.049541931583822141e+00
1.713454334858919070e+00
1.380268891996131897e+00
1.051271045554871053e+00
7.275455498482671368e-01
4.100066186320217021e-01
9.941753349037081577e-02
-2.035865528279520997e-01
-4.984779010376844677e-01
-7.848205949870447062e-01
-1.062252992336124358e+00
-1.330473997087888938e+00
-1.589231806631949073e+00
-1.838315169604571864e+00
-2.077549612815874802e+00
-2.306790048070603838e+00
-2.525916387349007142e+00
-2.734835932066740583e+00
-2.933482741511801439e+00
-3.121815721832524204e+00
-3.299817828042352463e+00
-3.467494677973782746e+00
-3.624873839695820887e+00
-3.772004591756872749e+00
-3.908957308571148648e+00
-4.035823571494288053e+00
-4.152716439506520807e+00
-4.259770518165503006e+00
-4.357141862482639461e+00
-4.445003499893354082e+00
-4.523542174111122804e+00
-4.592959759718353574e+00
-4.653470303398527186e+00
-4.705297906183909973e+00
-4.748679067319235614e+00
-4.783862467723736245e+00
-4.811107682766473381e+00
-4.830685171966983660e+00
-4.842873901562073868e+00
-4.847959177895910798e+00
-4.846233088147816837e+00
-4.837992744017351576e+00
-4.823538757907498642e+00
-4.803175997574077982e+00
-4.777212411240492784e+00
-4.745957862120917525e+00
-4.709724722681711384e+00
-4.668827167804549205e+00
-4.623581497655807837e+00
-4.574308235409678680e+00
-4.521333080505665514e+00
-4.464985925630072572e+00
-4.405600574972186045e+00
-4.343516679232553024e+00
-4.279079422461614435e+00
-4.212638678743777731e+00
-4.144549998647289790e+00
-4.075174389858608137e+00
-4.004878304184422255e+00
-3.934035177253079496e+00
-3.863027225645033980e+00
-3.792246232670122286e+00
-3.722095271690272877e+00
-3.652992530082892486e+00
-3.585374111727128277e+00
-3.519697123388946025e+00
-3.456444790265101652e+00
-3.396132697614567597e+00
-3.339315320537399767e+00
-3.286594323067227652e+00
-3.238629919209333963e+00
-3.196154201700840858e+00
-3.159986302172553163e+00
-3.131051668366354512e+00
-3.110406544556657771e+00
-3.099265172668701052e+00
-3.099027158448480979e+00
-3.111298614096800641e+00
-3.137888836542935600e+00
-3.180737070768428154e+00
-3.241660550856238832e+00
-3.321650793089325759e+00
-3.419017841907897814e+00
-3.524536993877968705e+00
-3.608580479218678860e+00
-3.585675429328242014e+00
-3.199947613431690208e+00
-1.480194431152505263e+00
3.066434065383064400e+00
2.086562539229938729e+00
1.000293273984844244e+00
1.000000000000028866e+00
1.000000000000000000e+00
