1.000000000000000000e+00
1.000000018708735006e+00
1.000000090492267235e+00
1.000000525373007543e+00
1.000002259359676460e+00
1.000007351687479895e+00
1.000019841974137069e+00
1.000047250337297911e+00
1.000103169718329355e+00
1.000211586154703403e+00
1.000413780158620591e+00
1.000778885404306262e+00
1.001419350641276296e+00
1.002512547915857422e+00
1.004329388198336392e+00
1.007269721715339017e+00
1.011902133943000770e+00
1.019002154786636138e+00
1.029577929314310358e+00
1.044867513681242865e+00
1.066289281657371690e+00
1.095333904066063679e+00
1.133404022129895106e+00
1.181640610011797987e+00
1.240808161383283537e+00
1.311299857973595051e+00
1.393281091655352855e+00
1.486825225076275681e+00
1.591848572488596236e+00
1.707672729974579084e+00
1.832258331935504359e+00
1.961626843067262316e+00
2.089846000917585656e+00
2.209884166992265087e+00
2.314931708233435970e+00
2.399618063755426967e+00
2.460835032158628533e+00
2.497756023761878108e+00
2.511543823171866308e+00
2.504721880316904681e+00
2.480603497567006599e+00
2.442867314034908421e+00
2.395128024367640940e+00
2.340769464571682335e+00
2.282751958664342773e+00
2.223590253166367159e+00
2.165344631119299645e+00
2.109643670636692558e+00
2.057767551694559938e+00
2.010654837278182505e+00
1.968976406891835840e+00
1.933165439814998221e+00
1.903465661852868474e+00
1.879974163163111722e+00
1.862654807952594194e+00
1.851375061972023728e+00
1.845909256171372803e+00
1.845962207830440516e+00
1.851181909736729692e+00
1.861163839072706550e+00
1.875463275232434279e+00
1.893594422160197910e+00
1.915042801731471123e+00
1.939268260915574693e+00
1.965710801567554622e+00
1.993797575132129962e+00
2.022941345731791074e+00
2.052549221468378704e+00
2.082027654946584594e+00
2.110791802547524298e+00
2.138273720390033272e+00
2.163924646584704625e+00
2.187222558983652920e+00
2.207677669826802358e+00
2.224839360646607478e+00
2.238301403456854022e+00
2.247705298201576163e+00
2.252744505187959767e+00
2.253165416576784263e+00
2.248770771466785057e+00
2.239421830145225112e+00
2.225037491243393006e+00
2.205593460247635917e+00
2.181119119583220911e+00
2.151694228956675392e+00
2.117444816377362038e+00
2.078539657264653950e+00
2.035186377064138075e+00
1.987624843884343573e+00
1.936121617714588128e+00
1.880964703537326255e+00
1.822458566039846461e+00
1.760919805081885059e+00
1.696671966851707181e+00
1.630042224481424329e+00
1.561358248014779182e+00
1.490943830134218162e+00
1.419115896576820912e+00
1.346181998209137420e+00
1.272438084425659088e+00
1.198166931191093854e+00
1.123637001432918670e+00
1.049102157809503222e+00
9.748013441201227591e-01
9.009580223910771402e-01
8.277801635030832550e-01
7.554604066311592092e-01
6.841763569303312975e-01
6.140911322033124620e-01
5.453542889999183352e-01
4.781023158475067869e-01
4.124586189338114162e-01
3.485345732985849487e-01
2.864307464644548773e-01
2.262374193181343474e-01
1.680353585176832532e-01
1.118965254321878933e-01
5.788451902698925344e-02
6.055239159871508847e-03
-4.354261700914451722e-02
-9.086714663868469821e-02
-1.358829279178738747e-01
-1.785609858049701237e-01
-2.188784538851471784e-01
-2.568183846761732392e-01
-2.923699889568179833e-01
-3.255286334016478933e-01
-3.562957114714747631e-01
-3.846785573030165883e-01
-4.106902870846892983e-01
-4.343496584128360150e-01
-4.556809381416034865e-01
-4.747137216188933584e-01
-4.914827835345515483e-01
-5.060279241644778381e-01
-5.183937874846004101e-01
-5.286296559263828909e-01
-5.367889230658525745e-01
-5.429286403417682427e-01
-5.471093922212550975e-01
-5.493948587858034083e-01
-5.498514353409020838e-01
-5.485481740519101423e-01
-5.455565481455187937e-01
-5.409501436718356926e-01
-5.348044486522854912e-01
-5.271964795214973964e-01
-5.182044293324443718e-01
-5.079075126329672951e-01
-4.963856630414080762e-01
-4.837192576953127099e-01
-4.699890177627437104e-01
-4.552757829127520028e-01
-4.396602990469604677e-01
-4.232231468056171786e-01
-4.060445909681071330e-01
-3.882045190970114801e-01
-3.697825247182294217e-01
-3.508579250827517648e-01
-3.315096567261542337e-01
-3.118162401510409798e-01
-2.918559252054913067e-01
-2.717066963031640747e-01
-2.514462630571845381e-01
-2.311522098105608380e-01
-2.109020876534224986e-01
-1.907735544244298920e-01
-1.708446646821004111e-01
-1.511942212806292318e-01
-1.319021029184379301e-01
-1.130497160518295213e-01
-9.472066459614505995e-02
-7.700142196301136555e-02
-5.998211183148498271e-02
-4.375753769910040863e-02
-2.842841017476752108e-02
-1.410272458926180306e-02
-8.974046554994041889e-04
1.105969763917852809e-02
2.162755549534445959e-02
3.064957015380226704e-02
3.795105674258464346e-02
4.333696000597198061e-02
4.659086196649848965e-02
4.747728324005591471e-02
4.575151090229063328e-02
4.118625068266912326e-02
3.363577221515676174e-02
2.318479479588497760e-02
1.049564445646680722e-02
-2.357782048562947173e-03
-9.782602633991228924e-03
3.056153328240166639e-03
7.736153856187234779e-02
3.389906475543510989e-01
1.219899239869050467e+00
1.947361521700287090e+00
1.012710751631856532e+00
1.000000098742537480e+00
1.000000000000000000e+00
1.000000000000000000e+00
