1.000000000000000000e+00
1.000000195152463078e+00
1.000000920895437240e+00
1.000005288370984236e+00
1.000022696919591114e+00
1.000073759566974418e+00
1.000198717204923815e+00
1.000471980494538560e+00
1.001026829040137400e+00
1.002095558214878945e+00
1.004071340932413126e+00
1.007598100383023887e+00
1.013692633048420166e+00
1.023897346289162957e+00
1.040450158639774747e+00
1.066438596648647819e+00
1.105878884950563856e+00
1.163634197689129124e+00
1.245074028864999294e+00
1.355405375569775916e+00
1.498688628289401636e+00
1.676712897741475583e+00
1.888062437544282712e+00
2.127824283349530443e+00
2.388352229830222662e+00
2.661137127522378520e+00
2.939532694439136673e+00
3.221166595545129852e+00
3.508924384061226753e+00
3.809409009214711705e+00
4.128770609748009690e+00
4.468449723224925840e+00
4.822487839539729926e+00
5.178314668388422248e+00
5.519399568694208114e+00
5.827744153214255540e+00
6.086063669076959393e+00
6.277628370237586353e+00
6.386811991047556702e+00
6.398926162443360433e+00
6.301050274272935070e+00
6.083954427322591840e+00
5.742989680550420140e+00
5.280511562463494180e+00
4.706516522417109272e+00
4.039521476660617338e+00
3.305600800115673810e+00
2.535906483875596695e+00
1.763790901921294729e+00
1.020506317657011275e+00
3.326124636068775176e-01
-2.800661752052976960e-01
-8.048889047126692731e-01
-1.235839115972635183e+00
-1.572603555046172330e+00
-1.818824883316844554e+00
-1.980772736876664775e+00
-2.065923692737119843e+00
-2.082064646323721568e+00
-2.036859701429225122e+00
-1.937559416819647051e+00
-1.791031388438212080e+00
-1.603678192030273841e+00
-1.381482659434024596e+00
-1.130003183668774058e+00
-8.543366818686330966e-01
-5.591755544700263147e-01
-2.487491945046567676e-01
7.317387177399796439e-02
4.033091058540809182e-01
7.388439162111402059e-01
1.077342325505417531e+00
1.416695794316039647e+00
1.755046063665907985e+00
2.090723807379087695e+00
2.422175955756515009e+00
2.747884174441980409e+00
3.066308474221420610e+00
3.375815033688317257e+00
3.674651465254084481e+00
3.960934224591243780e+00
4.232630082727932397e+00
4.487566147972934516e+00
4.723443253979443313e+00
4.937874716289559984e+00
5.128441557890217162e+00
5.292776402710002159e+00
5.428660573081903529e+00
5.534100247315604015e+00
5.607416190569830761e+00
5.647330306396892929e+00
5.653040014055449092e+00
5.624277373826853221e+00
5.561328616601532993e+00
5.465043623561143704e+00
5.336814648263505489e+00
5.178509037048232955e+00
4.992392955938968591e+00
4.781041687765866577e+00
4.547241429513302791e+00
4.293894388247027294e+00
4.023930733810161087e+00
3.740237488014418243e+00
3.445596360947936976e+00
3.142629773486970812e+00
2.833765528137155876e+00
2.521214655998316623e+00
2.206960847901176859e+00
1.892761155020530994e+00
1.580157737047397370e+00
1.270488662474722030e+00
9.648956607402010555e-01
6.643470322555010688e-01
3.696631095463953076e-01
8.153288379070527947e-02
-1.994667563766841789e-01
-4.728535187196905576e-01
-7.382264616974902882e-01
-9.952511167417678051e-01
-1.243647782024106974e+00
-1.483181883587227912e+00
-1.713656436767472702e+00
-1.934908668805014553e+00
-2.146803654044258991e+00
-2.349230467560166069e+00
-2.542104012573672911e+00
-2.725364361320337547e+00
-2.898975044176604232e+00
-3.062922277888310951e+00
-3.217213710990682873e+00
-3.361877734888018221e+00
-3.496963193148721505e+00
-3.622538779205251469e+00
-3.738693039878241198e+00
-3.845534512577588604e+00
-3.943191693047511492e+00
-4.031812862839514011e+00
-4.111562252631967063e+00
-4.182617216256252490e+00
-4.245169308515943207e+00
-4.299421708441720114e+00
-4.345587341968937700e+00
-4.383890738399819575e+00
-4.414567750048946415e+00
-4.437864377180521736e+00
-4.454036662793645185e+00
-4.463348609228883213e+00
-4.466070271381729739e+00
-4.462478034537994631e+00
-4.452853057685048022e+00
-4.437479913714615698e+00
-4.416647140786739811e+00
-4.390646183727342944e+00
-4.359770347103561150e+00
-4.324315226429628289e+00
-4.284578056110714961e+00
-4.240857924931950684e+00
-4.193457484597961304e+00
-4.142683707995296949e+00
-4.088847034164420968e+00
-4.032261108415686301e+00
-3.973244388507165326e+00
-3.912119880119267812e+00
-3.849214440512225721e+00
-3.784859628793232567e+00
-3.719391563439133019e+00
-3.653150971768790889e+00
-3.586484562352220351e+00
-3.519746639809221644e+00
-3.453299904007262278e+00
-3.387517071040472061e+00
-3.322784297499723483e+00
-3.259503801950608626e+00
-3.198096786716210893e+00
-3.139008134501412695e+00
-3.082712139033832788e+00
-3.029718586102681410e+00
-2.980580446386322357e+00
-2.935904286145529785e+00
-2.896362501970945136e+00
-2.862707280885904204e+00
-2.835788194333781931e+00
-2.816574277729349429e+00
-2.806178337671960232e+00
-2.805880900707216519e+00
-2.817147417592005265e+00
-2.841621089259684041e+00
-2.881047853253628777e+00
-2.937029739237400516e+00
-3.010346915286340241e+00
-3.099181016797579069e+00
-3.194463558389479818e+00
-3.267408110723504233e+00
-3.234334459858686728e+00
-2.840512632396737125e+00
-1.127083089422863615e+00
3.210099077126123301e+00
1.906729811627606797e+00
1.000165046464597030e+00
1.000000000000000000e+00
1.000000000000000000e+00
