1.000000000000000000e+00
1.000000073206593676e+00
1.000000349803654043e+00
1.000002020059540087e+00
1.000008678776671989e+00
1.000028222402780997e+00
1.000076105195223608e+00
1.000181004050251676e+00
1.000394528793972837e+00
1.000807218267028453e+00
1.001573673550116839e+00
1.002950119455723765e+00
1.005347609046860269e+00
1.009402889691138894e+00
1.016065724440739615e+00
1.026695037688572620e+00
1.043145752695812778e+00
1.067813834111992044e+00
1.103591943138040543e+00
1.153681865759623060e+00
1.221222703891849504e+00
1.308751201116909124e+00
1.417599124877215511e+00
1.547446851022884928e+00
1.696318605406706537e+00
1.861180187354305016e+00
2.039100583472730932e+00
2.228379855638857432e+00
2.428964602688120422e+00
2.641532716590586194e+00
2.865254675582374233e+00
3.095665459627162441e+00
3.323634999650766364e+00
3.536452691715846530e+00
3.720138280762606442e+00
3.861766898349470623e+00
3.951431036592234047e+00
3.982641521212126445e+00
3.952559516766403824e+00
3.861481346801140191e+00
3.712477313567899895e+00
3.511238506542361026e+00
3.265374791580186731e+00
2.984210982571163573e+00
2.677992408448312656e+00
2.357433917820893399e+00
2.033099333711794632e+00
1.714823230922560171e+00
1.411431846519747069e+00
1.130221095827983691e+00
8.768969552293079950e-01
6.554791797256726005e-01
4.684389886087285126e-01
3.169252873479511678e-01
2.009278733018498020e-01
1.195868133144733642e-01
7.135513357266755341e-02
5.424443868509039313e-02
6.599809758662869563e-02
1.042003154114618663e-01
1.663957871444264047e-01
2.501271903409506003e-01
3.530119166893528893e-01
4.727610552229916108e-01
6.071975181884152750e-01
7.542689388577833443e-01
9.120152762288350479e-01
1.078574278375177942e+00
1.252165832248287147e+00
1.431091298497936481e+00
1.613726016014255915e+00
1.798485978374545269e+00
1.983818085374032147e+00
2.168184251316958910e+00
2.350055904415083941e+00
2.527907093990708454e+00
2.700206730311943026e+00
2.865423171103072875e+00
3.022024110280540299e+00
3.168496889413948914e+00
3.303373490752013808e+00
3.425251508463856620e+00
3.532823362946632795e+00
3.624901661393137520e+00
3.700447820003119670e+00
3.758598693800815571e+00
3.798694943789358458e+00
3.820304451224521891e+00
3.823228115869611976e+00
3.807503316838706020e+00
3.773400714897111374e+00
3.721413900420226906e+00
3.652243945053627261e+00
3.566772709429021138e+00
3.466038602243256328e+00
3.351208497827018906e+00
3.223540825889652517e+00
3.084353381505240410e+00
2.934993028577179697e+00
2.776807487994018775e+00
2.611121727415884219e+00
2.439218466009992703e+00
2.262324987835356183e+00
2.081602240167823581e+00
1.898135193936679066e+00
1.712927925015982344e+00
1.526901354097800700e+00
1.340893199847426720e+00
1.155660324225044278e+00
9.718837537491012979e-01
7.901723827822026980e-01
6.110648589188980573e-01
4.350366126191833049e-01
2.625077295664826060e-01
9.384761026880188151e-02
-7.061930836116071808e-02
-2.306082799893456325e-01
-3.858703565864300966e-01
-5.361877005180046840e-01
-6.813698700295144350e-01
-8.212507072664623209e-01
-9.556858576059250598e-01
-1.084551723476135932e+00
-1.207743221224422792e+00
-1.325172377803026214e+00
-1.436768987714260648e+00
-1.542480309168436925e+00
-1.642270319956474545e+00
-1.736119281941294057e+00
-1.824023088009366411e+00
-1.905992786538287076e+00
-1.982054228531793916e+00
-2.052247574086962789e+00
-2.116627006014725421e+00
-2.175260478876587023e+00
-2.228229391188440101e+00
-2.275628194157564455e+00
-2.317562606884939758e+00
-2.354148193865886807e+00
-2.385510414743874819e+00
-2.411783297260442271e+00
-2.433108370739827553e+00
-2.449635020242730388e+00
-2.461520044559766252e+00
-2.468926882547810564e+00
-2.472025253945181245e+00
-2.470990061146443928e+00
-2.466000365853598275e+00
-2.457239207306475492e+00
-2.444892739540548643e+00
-2.429149456013432129e+00
-2.410200156022282325e+00
-2.388237317296594941e+00
-2.363454488837195555e+00
-2.336046263613287266e+00
-2.306207859164737251e+00
-2.274135047229275841e+00
-2.240024673190588622e+00
-2.204074837538149811e+00
-2.166484487197910536e+00
-2.127453257418918220e+00
-2.087182051516176529e+00
-2.045872939844642246e+00
-2.003728926834127844e+00
-1.960954343737303374e+00
-1.917754905587336411e+00
-1.874337888124319340e+00
-1.830912862563940813e+00
-1.787692585274511803e+00
-1.744893649019788384e+00
-1.702737530533089627e+00
-1.661452423317299587e+00
-1.621274880516720085e+00
-1.582451707896795678e+00
-1.545242693334893058e+00
-1.509923919062284181e+00
-1.476791427328383310e+00
-1.446165751435695590e+00
-1.418397760430285093e+00
-1.393875485564900485e+00
-1.373031854814888097e+00
-1.356353927265950832e+00
-1.344393605801216474e+00
-1.337778177881238317e+00
-1.337217975562149608e+00
-1.343505006178099981e+00
-1.357487764616363224e+00
-1.379987750247717582e+00
-1.411576960276848869e+00
-1.452018113399060395e+00
-1.498858032500436810e+00
-1.543783498301730894e+00
-1.562633189540389544e+00
-1.485567043470444659e+00
-1.094908481062413896e+00
3.903936742192697373e-01
3.156220783631817017e+00
1.241023825316333040e+00
1.000006558153567982e+00
1.000000000000000000e+00
1.000000000000000000e+00
