1.000000000000000000e+00
1.000000106417760826e+00
1.000000506320761318e+00
1.000002918359661708e+00
1.000012533735834985e+00
1.000040749255328265e+00
1.000109850861571115e+00
1.000261143782789741e+00
1.000568846566215253e+00
1.001162878954418467e+00
1.002264440028749037e+00
1.004238696347621529e+00
1.007668431450542634e+00
1.013450230847002809e+00
1.022909389914883560e+00
1.037919725810289462e+00
1.060999119935363222e+00
1.095332306881771300e+00
1.144655149801883764e+00
1.212934324577937151e+00
1.303806334056248462e+00
1.419830192706280414e+00
1.561728673611521900e+00
1.727926912316916974e+00
1.914746429790148197e+00
2.117408359150195096e+00
2.331738144781950073e+00
2.555758909116057964e+00
2.790308319475724108e+00
3.037885681831006934e+00
3.299715073815336019e+00
3.572847425520728759e+00
3.848532858348638008e+00
4.113187889019246590e+00
4.350857835503802562e+00
4.545714334838730331e+00
4.684273209858926812e+00
4.755828484388904265e+00
4.752990977711647247e+00
4.671454734227300953e+00
4.510127556389019965e+00
4.271642166352155989e+00
3.962046064336148365e+00
3.591117651323490811e+00
3.171591588263017236e+00
2.718622505429776126e+00
2.248691738890880920e+00
1.778335522171653027e+00
1.323211620628833796e+00
8.967789469537074121e-01
5.098064844879813817e-01
1.699741562135236028e-01
-1.180005582917888346e-01
-3.519741516500077272e-01
-5.320102907091214250e-01
-6.597532142224754592e-01
-7.380383853107899128e-01
-7.704043015899801894e-01
-7.607553580558448214e-01
-7.131569279599581090e-01
-6.316385508132869031e-01
-5.201356786557868039e-01
-3.823786309676906470e-01
-2.218693061267774380e-01
-4.185813056590211023e-02
1.546728326628172279e-01
3.649612733488887262e-01
5.864714150633504319e-01
8.168687867874203645e-01
1.054014619697374311e+00
1.295948162249539681e+00
1.540829642313373382e+00
1.786914957251693359e+00
2.032519485505616341e+00
2.275994774736416648e+00
2.515701652158158108e+00
2.749980776922776649e+00
2.977139955526642456e+00
3.195434637472380324e+00
3.403078141852937666e+00
3.598260509878837610e+00
3.779164735759590776e+00
3.943999010420092599e+00
4.091028738370241946e+00
4.218619127227258403e+00
4.325281120466033080e+00
4.409725757175469774e+00
4.470916576794138564e+00
4.508100344542241622e+00
4.520836268959003590e+00
4.509015604632568675e+00
4.472869047593734493e+00
4.412963306456522794e+00
4.330176731294018921e+00
4.225673355281987398e+00
4.100866165976987610e+00
3.957362759879041736e+00
3.796914034531453819e+00
3.621362864309821461e+00
3.432594158957003483e+00
3.232491021391568964e+00
3.022897146154169157e+00
2.805589308836087703e+00
2.582254418130701001e+00
2.354469841076353376e+00
2.123692122056670684e+00
1.891250962230413446e+00
1.658347633647700103e+00
1.426057868651877225e+00
1.195339409143395537e+00
9.670381194115637014e-01
7.418917798445543443e-01
5.205416327004283028e-01
3.035451960410677774e-01
9.138432727180202664e-02
-1.155252309087026197e-01
-3.168250869997228936e-01
-5.122075902684249948e-01
-7.014081897078571215e-01
-8.841993579368720990e-01
-1.060385519143959066e+00
-1.229799014211627295e+00
-1.392298256575972726e+00
-1.547764218173235395e+00
-1.696098223597085175e+00
-1.837222809216638053e+00
-1.971081223216603728e+00
-2.097636330254069925e+00
-2.216870007710407986e+00
-2.328782260672225934e+00
-2.433390627781891080e+00
-2.530729791885314661e+00
-2.620851008359127210e+00
-2.703821854246668099e+00
-2.779726043779324751e+00
-2.848663144618594600e+00
-2.910748211863276591e+00
-2.966109404956391860e+00
-3.014886143495576043e+00
-3.057229406102778491e+00
-3.093300027559382936e+00
-3.123267376944070861e+00
-3.147310095646323802e+00
-3.165615672249932455e+00
-3.178379531265727920e+00
-3.185804717841383304e+00
-3.188100502566822758e+00
-3.185481089070260285e+00
-3.178165534508675005e+00
-3.166376671914461483e+00
-3.150340150440112730e+00
-3.130284541135083032e+00
-3.106440569612103353e+00
-3.079040367228252695e+00
-3.048317551247599955e+00
-3.014506723408551636e+00
-2.977843461867006436e+00
-2.938565154205121654e+00
-2.896911325335815857e+00
-2.853123094574466556e+00
-2.807442980404044164e+00
-2.760115757499959077e+00
-2.711388307534418285e+00
-2.661509258568264258e+00
-2.610729508872769333e+00
-2.559302238555102527e+00
-2.507483066909111269e+00
-2.455530986185981757e+00
-2.403709483024579097e+00
-2.352287272059283119e+00
-2.301539555424308325e+00
-2.251750363529589016e+00
-2.203214554203148712e+00
-2.156240097103012232e+00
-2.111151480162465788e+00
-2.068293855682620919e+00
-2.028037578571215693e+00
-1.990783865084333470e+00
-1.956972213853099829e+00
-1.927089115889360604e+00
-1.901677989040528205e+00
-1.881351309959609752e+00
-1.866805178263232223e+00
-1.858834497318487378e+00
-1.858346065011703629e+00
-1.866363241659761751e+00
-1.884006289563070258e+00
-1.912410580556926254e+00
-1.952493448242031304e+00
-2.004348992090148940e+00
-2.065702627754516296e+00
-2.127882330982053372e+00
-2.164807627993492023e+00
-2.100451930787983645e+00
-1.697827414333192175e+00
-9.248896615120824616e-02
3.336575761837592413e+00
1.430719979178673107e+00
1.000022196196402868e+00
1.000000000000000000e+00
1.000000000000000000e+00
