1.000000000000000000e+00
1.000000065011590555e+00
1.000000311033609979e+00
1.000001797160412487e+00
1.000007721920384229e+00
1.000025112423038820e+00
1.000067724898222155e+00
1.000161094014183405e+00
1.000351195571375307e+00
1.000718734628429418e+00
1.001401635431351966e+00
1.002628738822433752e+00
1.004767709910874496e+00
1.008389196479339001e+00
1.014346550692109217e+00
1.023864866496804416e+00
1.038623828862675236e+00
1.060805935491230034e+00
1.093067511563564853e+00
1.138382873070478585e+00
1.199721179270183402e+00
1.279564579623011733e+00
1.379355294119342101e+00
1.499065459162080449e+00
1.637151048143147491e+00
1.791046748370137109e+00
1.958179441271235888e+00
2.136964360403768470e+00
2.327163208682906603e+00
2.529038059348735157e+00
2.741312545793841871e+00
2.959261830202114751e+00
3.173846790431616771e+00
3.372818551562102307e+00
3.542961922135018593e+00
3.672334894870224797e+00
3.752117586155614859e+00
3.776965961006537142e+00
3.745137091365535298e+00
3.657893157772791337e+00
3.519026239420567137e+00
3.334572405185155741e+00
3.112067223929139370e+00
2.860281961973354381e+00
2.588490296740793895e+00
2.306086172904479259e+00
2.022094920340015811e+00
1.744747708426253041e+00
1.481323802615281293e+00
1.237774052041215489e+00
1.018725545636669949e+00
8.274304870570540205e-01
6.658949730509342579e-01
5.350674615228684372e-01
4.349620545245295178e-01
3.649045883519969613e-01
3.236518988954478759e-01
3.095868692939287570e-01
3.208552830969651493e-01
3.554513438443259732e-01
4.113163493039595497e-01
4.863681886943506671e-01
5.785672874857182846e-01
6.859330132682873726e-01
8.065600968216241062e-01
9.386309076730464662e-01
1.080387993965176596e+00
1.230140416627239386e+00
1.386251709298831125e+00
1.547141517844682124e+00
1.711281531297663250e+00
1.877168804318309236e+00
2.043320382403546631e+00
2.208262780933719416e+00
2.370530991620473316e+00
2.528666416401419870e+00
2.681214087082833597e+00
2.826730770905359513e+00
2.963788580849169296e+00
3.090996249643414462e+00
3.207023779822779197e+00
3.310622524706461789e+00
3.400651463756923398e+00
3.476098828982635780e+00
3.536105434690336669e+00
3.579985150859389620e+00
3.607246044336018365e+00
3.617606531767228795e+00
3.610995673461448785e+00
3.587551534034291834e+00
3.547614098402874561e+00
3.491712569960432333e+00
3.420549055146689721e+00
3.334973279596682882e+00
3.235960439051556392e+00
3.124586523272686378e+00
3.001996552679009334e+00
2.869377514471906920e+00
2.727933299887565610e+00
2.578861625139555080e+00
2.423335003475905136e+00
2.262485218116761398e+00
2.097393152978299202e+00
1.929080386349862675e+00
1.758501626274806773e+00
1.586541049550150184e+00
1.414010749832164349e+00
1.241650935631335217e+00
1.070132076011874878e+00
9.000592844070649523e-01
7.319754509006853871e-01
5.663627055452680192e-01
4.036483889443432949e-01
2.442117586453003975e-01
8.838785961797608615e-02
-6.352765625677687933e-02
-2.112740872126218639e-01
-3.546224373548894637e-01
-4.933714452651885018e-01
-6.273444478847909345e-01
-7.563867541242240700e-01
-8.803635546809529533e-01
-9.991590817493293253e-01
-1.112674692952670075e+00
-1.220827681109883489e+00
-1.323551894160761799e+00
-1.420797494156257779e+00
-1.512530315449104101e+00
-1.598731486105643196e+00
-1.679396847922498548e+00
-1.754536525664534441e+00
-1.824174598230642097e+00
-1.888348639385912797e+00
-1.947109436881714783e+00
-2.000520738823464040e+00
-2.048658928457419481e+00
-2.091612639815958463e+00
-2.129481136161753163e+00
-2.162373006507755324e+00
-2.190406165404675587e+00
-2.213706632344182967e+00
-2.232407541208695001e+00
-2.246649409089066296e+00
-2.256579700485861650e+00
-2.262352098267316425e+00
-2.264126143002277214e+00
-2.262066218533493434e+00
-2.256340605109592001e+00
-2.247121280220021333e+00
-2.234583117776307137e+00
-2.218903166625505907e+00
-2.200260588909626058e+00
-2.178836074415087420e+00
-2.154811275221235167e+00
-2.128368757033454628e+00
-2.099691605650461312e+00
-2.068963345665591813e+00
-2.036368385182925955e+00
-2.002092164067664104e+00
-1.966320782224023400e+00
-1.929240853428868530e+00
-1.891040017176068178e+00
-1.851906850986138942e+00
-1.812030670046736791e+00
-1.771601886505996371e+00
-1.730812076390942256e+00
-1.689854158865130129e+00
-1.648923076916350983e+00
-1.608216623126969447e+00
-1.567936062825362908e+00
-1.528287118803292710e+00
-1.489481664118916582e+00
-1.451739260166178269e+00
-1.415288932396518984e+00
-1.380371706258116671e+00
-1.347243681092567424e+00
-1.316179441347760548e+00
-1.287476261224397289e+00
-1.261459500746910267e+00
-1.238488895378746513e+00
-1.218965661639816789e+00
-1.203340913664677325e+00
-1.192125305777810507e+00
-1.185898298838893750e+00
-1.185314358876595087e+00
-1.191100030164481627e+00
-1.204027479396972078e+00
-1.224831116879117276e+00
-1.253989291581539822e+00
-1.291179928148458389e+00
-1.333919206089912324e+00
-1.374042505945311854e+00
-1.388059033925154839e+00
-1.308294644465299417e+00
-9.240593746103481498e-01
5.172051408851767729e-01
3.068781255770924865e+00
1.196212544885805640e+00
1.000004495517561987e+00
1.000000000000000000e+00
1.000000000000000000e+00
