1.000000000000000000e+00
1.000000151980406926e+00
1.000000719757617729e+00
1.000004139996291563e+00
1.000017773590597292e+00
1.000057770888433506e+00
1.000155683795851624e+00
1.000369915625926254e+00
1.000805221859325966e+00
1.001644535251125401e+00
1.003198295410285601e+00
1.005976738013987681e+00
1.010789396673765106e+00
1.018872047392727076e+00
1.032032715082726426e+00
1.052793411651282263e+00
1.084482919804257151e+00
1.131211845846135544e+00
1.197644791168384293e+00
1.288497328820324750e+00
1.407742082915037107e+00
1.557639010123607060e+00
1.737852353591617272e+00
1.945051875406997643e+00
2.173404605650855803e+00
2.416065688468330031e+00
2.667476453762773758e+00
2.925441184652401994e+00
3.191957215628730804e+00
3.471828975621968016e+00
3.769010621644041326e+00
4.082911521005261335e+00
4.406141488406396967e+00
4.725350094259523459e+00
5.023789411167344454e+00
5.283839862293508105e+00
5.489275522176770394e+00
5.625459988484782237e+00
5.679988275040243728e+00
5.642587200256488522e+00
5.505722592722481323e+00
5.265953963317094200e+00
4.924313345096868133e+00
4.487707624719377009e+00
3.968740509203987799e+00
3.385665081399794829e+00
2.761083312482002672e+00
2.119860021174664322e+00
1.487139739647441727e+00
8.855753758193248837e-01
3.338816530390158466e-01
-1.542852003641714820e-01
-5.703980510164466944e-01
-9.105108771886019081e-01
-1.174577895640816383e+00
-1.365278920180913458e+00
-1.487202419189914249e+00
-1.545933101523437214e+00
-1.547454301512913410e+00
-1.497824059467473878e+00
-1.402910441664242169e+00
-1.268351675174765436e+00
-1.099435565090147060e+00
-9.010939440819173418e-01
-6.778806426143720865e-01
-4.339440451420895628e-01
-1.730851389591452627e-01
1.012676072491235507e-01
3.860363117835927671e-01
6.784953701411853277e-01
9.762509395835001769e-01
1.277160129049912385e+00
1.579290588715397181e+00
1.880861230744101942e+00
2.180197813789915173e+00
2.475681094842491436e+00
2.765689177370066698e+00
3.048561023752045518e+00
3.322548629451479663e+00
3.585808629989140073e+00
3.836405065184811392e+00
4.072308727078090662e+00
4.291420240421402355e+00
4.491596021814167727e+00
4.670693725194811741e+00
4.826628793381352089e+00
4.957450473383480549e+00
5.061423618310637806e+00
5.137088357599305155e+00
5.183324671923859484e+00
5.199408723546897981e+00
5.185054769022139354e+00
5.140441785391573148e+00
5.066207695751047346e+00
4.963436399390067422e+00
4.833623114018595679e+00
4.678607550102383605e+00
4.500504583509617795e+00
4.301629046902638365e+00
4.084418039076737728e+00
3.851359080900035980e+00
3.604925837458388127e+00
3.347528205298427206e+00
3.081469736513614777e+00
2.808911169774101602e+00
2.531847748629074246e+00
2.252095871208076083e+00
1.971287767015522663e+00
1.690874012040862517e+00
1.412133843028786861e+00
1.136184172447348928e+00
8.639858119784148416e-01
5.963611541091567991e-01
3.340137345852196571e-01
7.754092870968501416e-02
-1.725513156178709595e-01
-4.158350269365478913e-01
-6.519500049894683125e-01
-8.805922931902095963e-01
-1.101505052295982834e+00
-1.314470999908017967e+00
-1.519306448602864013e+00
-1.715858562605779181e+00
-1.904000289016795744e+00
-2.083627230978070344e+00
-2.254658938359306308e+00
-2.417038277362184573e+00
-2.570729981570488043e+00
-2.715719932608983367e+00
-2.852014063129746813e+00
-2.979637696735444319e+00
-3.098635196268232583e+00
-3.209069366635247000e+00
-3.311021326996818726e+00
-3.404590485790539134e+00
-3.489894381640023191e+00
-3.567068412929808030e+00
-3.636262704197099627e+00
-3.697639752062964469e+00
-3.751375118895211802e+00
-3.797655275917897644e+00
-3.836675989963892253e+00
-3.868643630717818915e+00
-3.893774814973840037e+00
-3.912295354401539527e+00
-3.924440042672291629e+00
-3.930450900652903368e+00
-3.930575561647491334e+00
-3.925067369070643686e+00
-3.914184045908864373e+00
-3.898186522336685389e+00
-3.877339263819627568e+00
-3.851909347283985596e+00
-3.822165552167613889e+00
-3.788378614530262034e+00
-3.750820641821669188e+00
-3.709765213732749700e+00
-3.665488660109679220e+00
-3.618270605458242528e+00
-3.568393261326857413e+00
-3.516141194401943171e+00
-3.461802566705999507e+00
-3.405668926252489292e+00
-3.348034674390074628e+00
-3.289197760281158622e+00
-3.229459618379058927e+00
-3.169125278269618651e+00
-3.108504535698156879e+00
-3.047913343740374259e+00
-2.987674601179759470e+00
-2.928119625189868458e+00
-2.869591084441738271e+00
-2.812445362512265401e+00
-2.757055225497673234e+00
-2.703813961472578242e+00
-2.653140428274551432e+00
-2.605484493284994318e+00
-2.561333873138770034e+00
-2.521223260896196194e+00
-2.485745059393666967e+00
-2.455561648991094081e+00
-2.431420656516120271e+00
-2.414173791142565584e+00
-2.404797215684065570e+00
-2.404410811143737003e+00
-2.414289948718750356e+00
-2.435852874317346206e+00
-2.470582701054872210e+00
-2.519786516023461154e+00
-2.583948781876318712e+00
-2.661053975409137795e+00
-2.742197314957631082e+00
-2.799691198878195841e+00
-2.752666843345371817e+00
-2.351253841800918565e+00
-6.671095048788869830e-01
3.330190831849274335e+00
1.685248844243248056e+00
1.000072596814155279e+00
1.000000000000000000e+00
1.000000000000000000e+00
