1.000000000000000000e+00
1.000000123834338339e+00
1.000000588066260576e+00
1.000003386653770976e+00
1.000014542676486817e+00
1.000047275964580873e+00
1.000127427472565556e+00
1.000302866070040819e+00
1.000659542125950097e+00
1.001347764445790656e+00
1.002623106179156398e+00
1.004906727276048795e+00
1.008869175752143077e+00
1.015538815906309678e+00
1.026429439607818184e+00
1.043669714365097034e+00
1.070099375435865197e+00
1.109275662715703215e+00
1.165316090949331196e+00
1.242507787995607460e+00
1.344653586797269540e+00
1.474231750436305610e+00
1.631579257176567266e+00
1.814445884263900632e+00
2.018301504406626368e+00
2.237536437361331565e+00
2.467412631606757500e+00
2.705860753651455841e+00
2.954186048432751566e+00
3.215815620919000306e+00
3.493058789655844265e+00
3.783873968333359539e+00
4.079976643033966788e+00
4.367748962871976559e+00
4.630745599615853081e+00
4.852217380734960450e+00
5.017374203135431365e+00
5.113754907277717088e+00
5.131840734507160384e+00
5.064906360750010883e+00
4.909367105295591394e+00
4.665639676479359288e+00
4.338100387748911047e+00
3.935793607346696366e+00
3.471826408368274386e+00
2.962940616852052234e+00
2.428268823103625351e+00
1.887713549171969873e+00
1.360615202881361396e+00
8.639113132500798597e-01
4.113216717079839491e-01
1.271206497720580968e-02
-3.258273414685728397e-01
-6.015182000581738020e-01
-8.144062145221825366e-01
-9.665370495684416641e-01
-1.061418830785441303e+00
-1.103384787700019798e+00
-1.097161971181604301e+00
-1.047619226132648240e+00
-9.595388061391186829e-01
-8.375580587243920405e-01
-6.860488448702802833e-01
-5.090971794895238212e-01
-3.104790979079637414e-01
-9.364023307348098846e-02
1.382502674831180001e-01
3.823112249623403791e-01
6.359231588289634418e-01
8.967235026970069578e-01
1.162586312405034406e+00
1.431555002960929635e+00
1.701810463502922977e+00
1.971625439632097354e+00
2.239332696238368836e+00
2.503288183244059883e+00
2.761830438254507580e+00
3.013258533678252249e+00
3.255801577586034945e+00
3.487621928804966576e+00
3.706828301071791287e+00
3.911486268722650816e+00
4.099648142434726417e+00
4.269384150880190631e+00
4.418827909340610205e+00
4.546228359883897063e+00
4.650014359478809034e+00
4.728860044080903435e+00
4.781727882452949885e+00
4.807912112300862795e+00
4.807072417570010359e+00
4.779253887168509962e+00
4.724893874290375884e+00
4.644803120494121806e+00
4.540142961074823624e+00
4.412387589171988367e+00
4.263263322625308049e+00
4.094689112131569608e+00
3.908715166588373258e+00
3.707461857370956793e+00
3.493064949930905883e+00
3.267627831294713570e+00
3.033185629043513298e+00
2.791675048940295500e+00
2.544908605979158800e+00
2.294559302798339750e+00
2.042152089606469989e+00
1.789061082427004123e+00
1.536512489323994313e+00
1.285593348207441755e+00
1.037258844814724190e+00
7.923371035259156869e-01
5.515431250763043192e-01
3.154942185294317136e-01
8.471987228303208550e-02
-1.403266827609059852e-01
-3.592578824444551122e-01
-5.717438087376951472e-01
-7.775030276599507184e-01
-9.762953119583909212e-01
-1.167915584245135641e+00
-1.352189113972767753e+00
-1.528969300971298129e+00
-1.698133542088771097e+00
-1.859580650684014236e+00
-2.013231861546432189e+00
-2.159030265438573348e+00
-2.296939565305744058e+00
-2.426943417113574863e+00
-2.549044454222440415e+00
-2.663263659820387375e+00
-2.769639984964721524e+00
-2.868229761057980109e+00
-2.959106490717400284e+00
-3.042360719636418409e+00
-3.118099796300648929e+00
-3.186447538674680668e+00
-3.247541559840142256e+00
-3.301531224384723018e+00
-3.348578094619067524e+00
-3.388854050131370421e+00
-3.422539850535095241e+00
-3.449826088125581780e+00
-3.470912786163030894e+00
-3.486008430429540450e+00
-3.495329690109203469e+00
-3.499099881724590855e+00
-3.497547550057273913e+00
-3.490906453529169617e+00
-3.479414386671026538e+00
-3.463312135910332934e+00
-3.442843667757571779e+00
-3.418255298761487815e+00
-3.389794882630906336e+00
-3.357711954564886359e+00
-3.322257195311298705e+00
-3.283682462634778254e+00
-3.242241792937801126e+00
-3.198191810493032250e+00
-3.151791119876086622e+00
-3.103300095456545282e+00
-3.052981884560165060e+00
-3.001102234866932505e+00
-2.947929067978617645e+00
-2.893733069498506616e+00
-2.838787673797367628e+00
-2.783369205618374309e+00
-2.727757908426078792e+00
-2.672239174202273304e+00
-2.617104304537143378e+00
-2.562651860247877611e+00
-2.509190240000807481e+00
-2.457039832598729046e+00
-2.406535465156990572e+00
-2.358030111632785086e+00
-2.311899410807768618e+00
-2.268546582660714073e+00
-2.228408580238338654e+00
-2.191964214998265881e+00
-2.159743704872185255e+00
-2.132339580511722676e+00
-2.110420115309884270e+00
-2.094745643934214918e+00
-2.086185872702909450e+00
-2.085735497349412881e+00
-2.094521761059889187e+00
-2.113787625216450916e+00
-2.144811408416117615e+00
-2.188670208137459827e+00
-2.245617167982288720e+00
-2.313480479390017663e+00
-2.383481619526825135e+00
-2.428838098389917377e+00
-2.371334584198221851e+00
-1.967725626752530044e+00
-3.239857817607434409e-01
3.357214740293895439e+00
1.530032405081638736e+00
1.000036724173434921e+00
1.000000000000000000e+00
1.000000000000000000e+00
