1.000000000000000000e+00
1.000000003711074337e+00
1.000000018144485692e+00
1.000000105830385344e+00
1.000000455502457974e+00
1.000001482924632423e+00
1.000004005322063350e+00
1.000009548117906766e+00
1.000020878359527909e+00
1.000042901599489165e+00
1.000084112377159773e+00
1.000158851458320397e+00
1.000290689688067447e+00
1.000517313506196881e+00
1.000897300811375068e+00
1.001519095268141424e+00
1.002512239884662870e+00
1.004060429311247837e+00
1.006415126812190364e+00
1.009907494145816376e+00
1.014955406262304294e+00
1.022062479876437280e+00
1.031807527990424411e+00
1.044826632406924416e+00
1.061793969627628398e+00
1.083403989855574290e+00
1.110348914242950347e+00
1.143256111668564889e+00
1.182547596367033105e+00
1.228204979279084563e+00
1.279488260816630252e+00
1.334770112493752325e+00
1.391606211697955731e+00
1.447105292318634273e+00
1.498457130774481172e+00
1.543413128667411094e+00
1.580592528954307685e+00
1.609504947866549962e+00
1.630421771085086791e+00
1.644133794612813837e+00
1.651720383008264070e+00
1.654371010492582839e+00
1.653236402785738246e+00
1.649361666763728085e+00
1.643635369131573043e+00
1.636786436126798749e+00
1.629390665853832632e+00
1.621886413151545359e+00
1.614601846458345591e+00
1.607766701486673444e+00
1.601535011335453840e+00
1.595997896527397097e+00
1.591198107635530379e+00
1.587142121992063837e+00
1.583805918351590680e+00
1.581144076066093751e+00
1.579092361356029484e+00
1.577573449464964250e+00
1.576500407050677177e+00
1.575778537270474455e+00
1.575308443220819754e+00
1.574986751000586827e+00
1.574708970371375472e+00
1.574370677570535060e+00
1.573869067125345467e+00
1.573104572748648788e+00
1.571980965461942770e+00
1.570406986898198021e+00
1.568297207880169353e+00
1.565573414856868961e+00
1.562165632083532207e+00
1.558012041960656013e+00
1.553059607919162310e+00
1.547264248595608738e+00
1.540591146458848870e+00
1.533014728354038958e+00
1.524518328647967325e+00
1.515094005891102436e+00
1.504741897303371490e+00
1.493470024886526692e+00
1.481294004905921557e+00
1.468236397041271957e+00
1.454326185062335908e+00
1.439598028893466219e+00
1.424091611062666241e+00
1.407850970003616808e+00
1.390924019424751412e+00
1.373362091558815168e+00
1.355219127227189846e+00
1.336551069527347479e+00
1.317415329420412951e+00
1.297870299787868609e+00
1.277974966660075928e+00
1.257788372370104657e+00
1.237369340007852925e+00
1.216776199025453309e+00
1.196066286242067678e+00
1.175295623294704495e+00
1.154518633857693821e+00
1.133787871379769552e+00
1.113153818029319009e+00
1.092664724572467660e+00
1.072366560382830736e+00
1.052302942187036905e+00
1.032515011499978597e+00
1.013041387483268441e+00
9.939181396395883050e-01
9.751787784566118278e-01
9.568542838667536410e-01
9.389731940900495344e-01
9.215616307003557939e-01
9.046432483329504004e-01
8.882393546960936082e-01
8.723690640661480034e-01
8.570493477243139591e-01
8.422951296322610526e-01
8.281193785624421100e-01
8.145331645645671470e-01
8.015457554861271650e-01
7.891646928525483107e-01
7.773958588411472581e-01
7.662435328676013846e-01
7.557104083837244968e-01
7.457976608352775427e-01
7.365049957285795257e-01
7.278306321054237582e-01
7.197713262920159005e-01
7.123224177845693950e-01
7.054778703091588721e-01
6.992303258998668891e-01
6.935711574807088553e-01
6.884905211196813424e-01
6.839774166628245222e-01
6.800197438492295854e-01
6.766043593329450490e-01
6.737171380813005150e-01
6.713430381737287567e-01
6.694662158880407832e-01
6.680701284799001050e-01
6.671375842651307009e-01
6.666508408922274809e-01
6.665916934154335616e-01
6.669415101973489302e-01
6.676812953157772457e-01
6.687917608560226546e-01
6.702533822219165494e-01
6.720464774487869830e-01
6.741512813648358193e-01
6.765479869584600792e-01
6.792168082207393764e-01
6.821380369640888119e-01
6.852920700734722592e-01
6.886594548877401634e-01
6.922209307328581751e-01
6.959574465029637613e-01
6.998501890198453035e-01
7.038805956128154628e-01
7.080303422233775734e-01
7.122813401928873578e-01
7.166157506933327204e-01
7.210159865853555949e-01
7.254646840896710192e-01
7.299446948833925308e-01
7.344390787333020532e-01
7.389310692278230341e-01
7.434040466700624350e-01
7.478415013607078166e-01
7.522269710508250329e-01
7.565439663565906026e-01
7.607758974686038567e-01
7.649059785637771780e-01
7.689170950537327354e-01
7.727916675885559972e-01
7.765114961225614287e-01
7.800575623963099670e-01
7.834097999347594543e-01
7.865468411772292834e-01
7.894457275893368431e-01
7.920815761484868434e-01
7.944272333112933904e-01
7.964529566697071683e-01
7.981261752856643188e-01
7.994114675227693700e-01
8.002710811103861399e-01
8.006666116794407539e-01
8.005630974282892387e-01
7.999381929548315950e-01
7.988022045664341375e-01
7.972420065757124252e-01
7.955197223480585667e-01
7.943039616431450956e-01
7.952445358671417219e-01
8.025170072407582511e-01
8.274173953778335422e-01
9.038799495126805805e-01
1.141476759926749684e+00
1.182389115346445863e+00
1.000404922096893356e+00
1.000000002084437289e+00
1.000000000000000000e+00
1.000000000000000000e+00
