1.000000000000000000e+00
1.000000114768183401e+00
1.000000545540028263e+00
1.000003143102537351e+00
1.000013497917495497e+00
1.000043881831051751e+00
1.000118287406204676e+00
1.000281171428872184e+00
1.000612387045894502e+00
1.001251650183094810e+00
1.002436683854944111e+00
1.004559590007162662e+00
1.008245410928702013e+00
1.014454264907518777e+00
1.024602481170665769e+00
1.040687243744842672e+00
1.065382738058657575e+00
1.102055436135565891e+00
1.154628735420631269e+00
1.227228889486090546e+00
1.323578886598083759e+00
1.446205270586973235e+00
1.595649802345963986e+00
1.770013912900642028e+00
1.965206718768018446e+00
2.176044358642681420e+00
2.398076083024034855e+00
2.629278491189254385e+00
2.870716341476071243e+00
3.125339910703542667e+00
3.394898177611925583e+00
3.676874880933325151e+00
3.962729967594716740e+00
4.238838012013251166e+00
4.488972921693790141e+00
4.696821391132850465e+00
4.848227833401833387e+00
4.931603012162272925e+00
4.938505072162868714e+00
4.863452309924048755e+00
4.704162867652502911e+00
4.462236616510202758e+00
4.142972300673991803e+00
3.755865364030400055e+00
3.313902941405136637e+00
2.833066226304405966e+00
2.331154428043077598e+00
1.826341391392231506e+00
1.336053238236066587e+00
8.754052697427907592e-01
4.565630390794474525e-01
8.823601747602582979e-02
-2.242147810427639054e-01
-4.783505278459198595e-01
-6.742302635422169343e-01
-8.136918614421262408e-01
-8.998940830234568589e-01
-9.367587908422320142e-01
-9.285893979169876911e-01
-8.798430440123797824e-01
-7.949177700368367239e-01
-6.780931755126641258e-01
-5.334139558839913198e-01
-3.646674899461558872e-01
-1.753600981174379403e-01
3.130142743071191724e-02
2.523583843580610719e-01
4.851088307117221166e-01
7.270814974400785502e-01
9.760302717783501114e-01
1.229915022650666767e+00
1.486839475849214054e+00
1.745022619820851162e+00
2.002757895266210841e+00
2.258385720290994936e+00
2.510261769746369609e+00
2.756722130934796677e+00
2.996066102175720669e+00
3.226531417997264395e+00
3.446301171858780599e+00
3.653520027790658098e+00
3.846307880243168498e+00
4.022791203928931303e+00
4.181134962354176920e+00
4.319586908043111961e+00
4.436526733911868803e+00
4.530525653431696220e+00
4.600405273897748337e+00
4.645274391018796578e+00
4.664565074850907322e+00
4.658058955600385964e+00
4.625900470681846954e+00
4.568598113960296025e+00
4.487002393223847641e+00
4.382281071274276130e+00
4.255881656241394140e+00
4.109473740859329816e+00
3.944893581730059662e+00
3.764087834303720292e+00
3.569058203202845725e+00
3.361812351732998305e+00
3.144321450391115214e+00
2.918488701808518826e+00
2.686122992949035115e+00
2.448916358734837928e+00
2.208430818665384265e+00
1.966091194222633565e+00
1.723182985244842369e+00
1.480855302659310979e+00
1.240129004819005232e+00
1.001903399305123177e+00
7.669605214421801875e-01
5.359778306413807147e-01
3.095422824713409127e-01
8.815926172889272661e-02
-1.277369013469558667e-01
-3.377732877835936676e-01
-5.416310991536210651e-01
-7.390372827611110251e-01
-9.297578748107512281e-01
-1.113592451362463320e+00
-1.290369720430528444e+00
-1.459945494917343600e+00
-1.622198877559761332e+00
-1.777029871659306259e+00
-1.924360306860478653e+00
-2.064133304988637008e+00
-2.196312111035229719e+00
-2.320879460650443704e+00
-2.437836649725608762e+00
-2.547202922480429343e+00
-2.649015084116381757e+00
-2.743326920146746506e+00
-2.830208964294048002e+00
-2.909748339900458003e+00
-2.982048495975091473e+00
-3.047228855898319377e+00
-3.105422293569761738e+00
-3.156773192508144366e+00
-3.201437814516356895e+00
-3.239582510698866269e+00
-3.271382343331933562e+00
-3.297021926105590861e+00
-3.316695009492363955e+00
-3.330603541303607695e+00
-3.338957368063638853e+00
-3.341972771504204243e+00
-3.339871114662470664e+00
-3.332878792875218377e+00
-3.321226107546299655e+00
-3.305146265225934243e+00
-3.284875522372443957e+00
-3.260652387353368820e+00
-3.232716840331223640e+00
-3.201310443732908517e+00
-3.166675823776786469e+00
-3.129056680957014169e+00
-3.088698703628797393e+00
-3.045849934628583000e+00
-3.000760197018753850e+00
-2.953680891283557042e+00
-2.904865922369645137e+00
-2.854571539177166439e+00
-2.803055942359446995e+00
-2.750579840096105677e+00
-2.697406447090516579e+00
-2.643801634787628085e+00
-2.590034911184865507e+00
-2.536380595154589468e+00
-2.483118564374361625e+00
-2.430535559553942182e+00
-2.378927641274940719e+00
-2.328602264996519455e+00
-2.279880647003771799e+00
-2.233101319520723660e+00
-2.188624459860463389e+00
-2.146836615785510993e+00
-2.108156607911357838e+00
-2.073043297444796540e+00
-2.042004709133047324e+00
-2.015608445324090781e+00
-1.994494457129915688e+00
-1.979390470228924004e+00
-1.971128210870475739e+00
-1.970657735245905151e+00
-1.979053509748171402e+00
-1.997496125074412543e+00
-2.027191174003911467e+00
-2.069134349888385405e+00
-2.123497486763048947e+00
-2.188055451396025752e+00
-2.254081050848011802e+00
-2.295139415559480867e+00
-2.234088919956455310e+00
-1.830689900575130480e+00
-2.053676867988141475e-01
3.351061027413384075e+00
1.478559469389866265e+00
1.000028517025214780e+00
1.000000000000000000e+00
1.000000000000000000e+00
