1.000000000000000000e+00
1.000000139293184764e+00
1.000000660455457879e+00
1.000003800912586449e+00
1.000016319462126546e+00
1.000053047723428845e+00
1.000142968224743578e+00
1.000339746205720859e+00
1.000739682681720755e+00
1.001511051668849905e+00
1.002939659554415330e+00
1.005495793583304875e+00
1.009926747962114568e+00
1.017375603964491448e+00
1.029519248916179297e+00
1.048705038135704148e+00
1.078045734765532782e+00
1.121409376463781804e+00
1.183223695187804125e+00
1.268023435978276492e+00
1.379717972445419605e+00
1.520676911111355833e+00
1.690873152699005511e+00
1.887460035737837716e+00
2.105180182471414696e+00
2.337729756521735425e+00
2.579907599630455906e+00
2.829572896112526159e+00
3.088421998934602009e+00
3.360658720655921528e+00
3.649515511737732254e+00
3.953755903987005382e+00
4.265574202610747712e+00
4.571462751962237725e+00
4.854749855444258522e+00
5.098128740541634230e+00
5.285929962515520053e+00
5.404403977756766508e+00
5.442361992069108645e+00
5.391065848344013034e+00
5.244731385028840620e+00
5.001672921713757880e+00
4.664498471843475436e+00
4.241196022152613487e+00
3.744744943300609474e+00
3.192868742685702976e+00
2.606730945012871281e+00
2.009040591248050678e+00
1.422360015568536973e+00
8.667634961770470658e-01
3.586898172484869751e-01
-8.994581134462890926e-02
-4.717444374439168087e-01
-7.833065397719911616e-01
-1.024636462904051415e+00
-1.198129656063492199e+00
-1.307887606665295133e+00
-1.358934789810823940e+00
-1.356698469649534333e+00
-1.306716732594563224e+00
-1.214387981697408359e+00
-1.084919887509041780e+00
-9.232063389382519913e-01
-7.338135394810506584e-01
-5.209563112973730759e-01
-2.884739219506908814e-01
-3.988688890976977569e-02
2.216211021580941631e-01
4.931784067493986679e-01
7.722234164966503833e-01
1.056483547216779284e+00
1.343900100388200736e+00
1.632591392373202721e+00
1.920799410473635893e+00
2.206850896135965634e+00
2.489112108030873571e+00
2.765938703598798565e+00
3.035645623845013130e+00
3.296466962994432759e+00
3.546552773676041159e+00
3.783976550501046088e+00
4.006739777033257788e+00
4.212798387459609550e+00
4.400091536914420232e+00
4.566587651082635091e+00
4.710339587369967163e+00
4.829556231360264462e+00
4.922677582997039281e+00
4.988427503294015075e+00
5.025869149223402665e+00
5.034451247241564786e+00
5.014040011995628987e+00
4.964936531284524612e+00
4.887864568225865902e+00
4.783952535339677681e+00
4.654696783386214065e+00
4.501896890964035336e+00
4.327590236114105871e+00
4.133982617690683092e+00
3.923377777634658781e+00
3.698113113767745208e+00
3.460502804471474292e+00
3.212794256847294694e+00
2.957131209315880138e+00
2.695522193060982286e+00
2.429821280804016936e+00
2.161717011231565344e+00
1.892728303974118731e+00
1.624207235558312146e+00
1.357348701609561337e+00
1.093198712362307479e+00
8.326600052763883930e-01
5.765080645093677569e-01
3.254088429015527528e-01
7.993020476428804033e-02
-1.594447517840331674e-01
-3.923055154882095774e-01
-6.183049243395530858e-01
-8.371486883034620075e-01
-1.048587081158231848e+00
-1.252408043701488394e+00
-1.448431731436133463e+00
-1.636507997365676648e+00
-1.816511735353782742e+00
-1.988339991169287391e+00
-2.151913117311841983e+00
-2.307174166437776286e+00
-2.454087530497203407e+00
-2.592638244958664462e+00
-2.722830943651500579e+00
-2.844689211003589069e+00
-2.958255214813054756e+00
-3.063589111883402882e+00
-3.160768882279825220e+00
-3.249890256799916610e+00
-3.331066520378793250e+00
-3.404428212507939477e+00
-3.470120199727037225e+00
-3.528299460466388204e+00
-3.579135666323019827e+00
-3.622809148854580830e+00
-3.659509364687163480e+00
-3.689436042178973807e+00
-3.712798804189061386e+00
-3.729816152785940808e+00
-3.740715225736488403e+00
-3.745730139408695702e+00
-3.745100461277492521e+00
-3.739071256170006130e+00
-3.727891823789211134e+00
-3.711814583182299732e+00
-3.691095336989536957e+00
-3.665992389025454656e+00
-3.636765677768747818e+00
-3.603676980248151640e+00
-3.566989348255241499e+00
-3.526967177238762297e+00
-3.483877359169898380e+00
-3.437989765579279045e+00
-3.389576584509419011e+00
-3.338912097850569083e+00
-3.286273814553120953e+00
-3.231942277729018098e+00
-3.176200579895902543e+00
-3.119335010749760606e+00
-3.061635016504130835e+00
-3.003393324920895502e+00
-2.944907053380915407e+00
-2.886479029156741039e+00
-2.828418567827315933e+00
-2.771042893551874720e+00
-2.714679916412191307e+00
-2.659670505609952773e+00
-2.606371064346927557e+00
-2.555157482845882733e+00
-2.506429957053005086e+00
-2.460618204530285791e+00
-2.418188009129662586e+00
-2.379649915377636038e+00
-2.345569450945914181e+00
-2.316578809771860037e+00
-2.293391328294232867e+00
-2.276819231395413645e+00
-2.267792678280787122e+00
-2.267377446928917184e+00
-2.276784876103471689e+00
-2.297357412859603709e+00
-2.330489563436196399e+00
-2.377388826492198515e+00
-2.438439345724598528e+00
-2.511557376764553595e+00
-2.587890712423453810e+00
-2.640132995609066224e+00
-2.588503092999931976e+00
-2.185675658269718991e+00
-5.170195480175775460e-01
3.349557228474665749e+00
1.616245470835273368e+00
1.000054336402404820e+00
1.000000000000000000e+00
1.000000000000000000e+00
