1.000000000000000000e+00
1.000000084243962473e+00
1.000000401922320981e+00
1.000002319448985544e+00
1.000009963785746026e+00
1.000032398528768018e+00
1.000087356783845749e+00
1.000207730242605564e+00
1.000452680353731916e+00
1.000925913600994255e+00
1.001804331311117124e+00
1.003380708677025890e+00
1.006123866877544071e+00
1.010758268726781983e+00
1.018361049008017938e+00
1.030466885903493335e+00
1.049158968008974124e+00
1.077108168490106932e+00
1.117506412126460624e+00
1.173835511834749212e+00
1.249430922911447528e+00
1.346868416088652820e+00
1.467302048343218868e+00
1.610004740335242435e+00
1.772425314203714741e+00
1.950924093584502916e+00
2.142125605046160786e+00
2.344213112490769912e+00
2.557416148113679455e+00
2.783008725036749897e+00
3.020819138724734731e+00
3.266825638802094645e+00
3.511914920313615962e+00
3.742930414713775189e+00
3.945050114658851026e+00
4.104194728131222547e+00
4.209106934928283472e+00
4.251790668100972503e+00
4.227869879105863760e+00
4.136180742120263432e+00
3.978576709173289760e+00
3.759982786157872958e+00
3.487792206064506129e+00
3.171790379977033947e+00
2.823318448413289605e+00
2.454754608304576813e+00
2.078718627686413356e+00
1.707269781547507970e+00
1.351434527476276459e+00
1.020453526516294174e+00
7.216083358133390524e-01
4.600463269270717026e-01
2.389244496660357930e-01
5.968924809055212860e-02
-7.769852804014201753e-02
-1.743591048316207870e-01
-2.322641826206119087e-01
-2.539169211766126866e-01
-2.421267283817531701e-01
-1.998678565672561414e-01
-1.301321831398819795e-01
-3.588233838959799249e-02
8.003836117737987699e-02
2.149275222304634358e-01
3.662437702880030899e-01
5.316206139317661838e-01
7.088278632111150168e-01
8.957765359328624388e-01
1.090499015754096801e+00
1.291145873229987417e+00
1.495974262015471012e+00
1.703306099873464818e+00
1.911512713565510335e+00
2.118991877787011813e+00
2.324156219352202069e+00
2.525419624418015818e+00
2.721182364739786586e+00
2.909830260946189462e+00
3.089728646251739264e+00
3.259240158967967815e+00
3.416748777517499835e+00
3.560680484264300283e+00
3.689534909978770649e+00
3.801914343207728919e+00
3.896558347663718891e+00
3.972377929829383980e+00
4.028493330149418128e+00
4.064267410543703107e+00
4.079319564286495670e+00
4.073537119822212560e+00
4.047078720652406147e+00
4.000368607327253301e+00
3.934083782044059507e+00
3.849126723792248850e+00
3.746599375821167310e+00
3.627771226251380821e+00
3.494035918426718901e+00
3.346872319034347232e+00
3.187807103337543690e+00
3.018379395281768574e+00
2.840110648696985596e+00
2.654479428945379471e+00
2.462903787711901327e+00
2.266726665733518331e+00
2.067203184793777293e+00
1.865493827432821661e+00
1.662661081661388929e+00
1.459668982425758932e+00
1.257385691710433351e+00
1.056589379299345710e+00
8.579727216904811105e-01
6.621453999611738306e-01
4.696426031225896525e-01
2.809345165175486936e-01
9.643208842843122020e-02
-8.350599612649929615e-02
-2.585668947482879787e-01
-4.284788192021515840e-01
-5.930053672048561930e-01
-7.519410196644578104e-01
-9.051073705057083307e-01
-1.052350120096298136e+00
-1.193537753739383422e+00
-1.328558864055413791e+00
-1.457320468339707853e+00
-1.579748721812864964e+00
-1.695788537405741980e+00
-1.805402713463519326e+00
-1.908571431398836005e+00
-2.005291514728568814e+00
-2.095575903769435921e+00
-2.179453280826408434e+00
-2.256967541114918152e+00
-2.328177509204886864e+00
-2.393156701637830786e+00
-2.451993005546332149e+00
-2.504788287850647333e+00
-2.551656402325805484e+00
-2.592721618053402732e+00
-2.628118745132772993e+00
-2.657991674663120474e+00
-2.682492219752936613e+00
-2.701780591758190297e+00
-2.716024957856717936e+00
-2.725400615457351794e+00
-2.730089642184638343e+00
-2.730279692853602835e+00
-2.726162880835581337e+00
-2.717935625725937054e+00
-2.705797714005504506e+00
-2.689951457497846921e+00
-2.670601702415751788e+00
-2.647955151228228665e+00
-2.622219704405079455e+00
-2.593604465808463377e+00
-2.562319292728510778e+00
-2.528574743601236907e+00
-2.492582700115323568e+00
-2.454556595625010385e+00
-2.414710959620213870e+00
-2.373261245648368600e+00
-2.330424502934280273e+00
-2.286419258543236133e+00
-2.241465241417321508e+00
-2.195783819455361829e+00
-2.149598042288580313e+00
-2.103132813394564149e+00
-2.056615694233679292e+00
-2.010277875300880535e+00
-1.964354859825140354e+00
-1.919087588647937048e+00
-1.874724451304702555e+00
-1.831523058292632511e+00
-1.789752277623249954e+00
-1.749695206552490889e+00
-1.711652782203619605e+00
-1.675947762863457813e+00
-1.642929665396722694e+00
-1.612981173059505835e+00
-1.586525635592301420e+00
-1.564035592156985732e+00
-1.546043037713661361e+00
-1.533151497039836331e+00
-1.526048197689902519e+00
-1.525513624034563698e+00
-1.532422216777993285e+00
-1.547718993519026975e+00
-1.572336352941805071e+00
-1.606967136289608522e+00
-1.651487295494595831e+00
-1.703496575295674553e+00
-1.754528396119408917e+00
-1.779666888808850267e+00
-1.706627754203806635e+00
-1.309940281162191411e+00
2.241008179716227067e-01
3.243019874396708691e+00
1.303273989922104636e+00
1.000010311974178112e+00
1.000000000000000000e+00
1.000000000000000000e+00
