1.000000000000000000e+00
1.000000022024879698e+00
1.000000106396097488e+00
1.000000617364232181e+00
1.000002654700089755e+00
1.000008637534206546e+00
1.000023310351816574e+00
1.000055502538941266e+00
1.000121166563645581e+00
1.000248435495472155e+00
1.000485689020075286e+00
1.000913866020504139e+00
1.001664437812761932e+00
1.002944413500801879e+00
1.005069238563194300e+00
1.008503086577731578e+00
1.013903391827657652e+00
1.022162154235422893e+00
1.034430703862001533e+00
1.052109096564461499e+00
1.076778758507190625e+00
1.110066291872861433e+00
1.153448397845806550e+00
1.208047470949484392e+00
1.274506084864778233e+00
1.353013797199356327e+00
1.443507394983123859e+00
1.545871120568999446e+00
1.659908337740457318e+00
1.784877555026389562e+00
1.918632420721323673e+00
2.056950021493169523e+00
2.193470703340345995e+00
2.320605628172088597e+00
2.430968401149274261e+00
2.518701620501113236e+00
2.580389011128346954e+00
2.615084664385561197e+00
2.624017105592254318e+00
2.609918012817225907e+00
2.576414163173256000e+00
2.527575656052099440e+00
2.467440221484980434e+00
2.399828525360462983e+00
2.328117490407628498e+00
2.255206914414616737e+00
2.183498609309878269e+00
2.114912301755723867e+00
2.050974403366680132e+00
1.992817994054702613e+00
1.941264395407422683e+00
1.896854572752321610e+00
1.859903863923110912e+00
1.830551605873770527e+00
1.808776672414639020e+00
1.794441517270839892e+00
1.787296564056546355e+00
1.787008994331410028e+00
1.793178496345514406e+00
1.805342867521084971e+00
1.822992979606905317e+00
1.845571732545085775e+00
1.872488614013650077e+00
1.903122801582589174e+00
1.936829419519879192e+00
1.972947021501619380e+00
2.010794726880393402e+00
2.049681586917985854e+00
2.088911489346465089e+00
2.127793364594932068e+00
2.165650146268529141e+00
2.201820829332824303e+00
2.235669105722096539e+00
2.266589807502092047e+00
2.294017385729548941e+00
2.317432633728414793e+00
2.336367425637767337e+00
2.350410776709281002e+00
2.359211167345440785e+00
2.362481940932840807e+00
2.360005268162795211e+00
2.351632413841910463e+00
2.337283987101283600e+00
2.316947283358363308e+00
2.290673244484378479e+00
2.258572237123336102e+00
2.220810326393315659e+00
2.177604879442185393e+00
2.129216692584062987e+00
2.075943219446906962e+00
2.018112020016411989e+00
1.956074414139308271e+00
1.890199854722826478e+00
1.820869208890800950e+00
1.748470282889796001e+00
1.673393579549571353e+00
1.596026576066899239e+00
1.516749716208542376e+00
1.435933032491760297e+00
1.353933161307141697e+00
1.271091203077625353e+00
1.187731156712889202e+00
1.104159431812840708e+00
1.020664364358264242e+00
9.375154741790989732e-01
8.549634227028106714e-01
7.732401996037436831e-01
6.925594960870798955e-01
6.131173933402074283e-01
5.350935190257438689e-01
4.586516867160144728e-01
3.839399267287603168e-01
3.110918049402465746e-01
2.402279474370847268e-01
1.714567139877428981e-01
1.048751717900077152e-01
4.056998813810313437e-02
-2.138200236660700582e-02
-8.091296935166397697e-02
-1.379634644641208885e-01
-1.924819098880916901e-01
-2.444242059926159949e-01
-2.937536794253737815e-01
-3.404406685144175104e-01
-3.844622915099234484e-01
-4.258027351873164279e-01
-4.644532549159010038e-01
-5.004120248831798179e-01
-5.336840428628268906e-01
-5.642809500721022165e-01
-5.922208749645245796e-01
-6.175282892322927486e-01
-6.402338069724224923e-01
-6.603740234390221842e-01
-6.779913494756966141e-01
-6.931338130651634177e-01
-7.058548335227649018e-01
-7.162126083355081496e-01
-7.242695896604091077e-01
-7.300923565432480000e-01
-7.337511105094894903e-01
-7.353192396189812685e-01
-7.348732698745760183e-01
-7.324926022673062809e-01
-7.282591618462082028e-01
-7.222571632046845824e-01
-7.145726790413436946e-01
-7.052932338694879455e-01
-6.945076333786612821e-01
-6.823056151376462042e-01
-6.687775303297979201e-01
-6.540142360912626351e-01
-6.381068346062085395e-01
-6.211464266624177055e-01
-6.032240331556337765e-01
-5.844304197236854792e-01
-5.648560271796770893e-01
-5.445910742672289695e-01
-5.237255798666943241e-01
-5.023492362063175509e-01
-4.805513633637820137e-01
-4.584210792954692693e-01
-4.360472989113333697e-01
-4.135187132297555301e-01
-3.909239573072137430e-01
-3.683517061126168057e-01
-3.458908250790964645e-01
-3.236306977854157552e-01
-3.016616239420015777e-01
-2.800751840647290325e-01
-2.589647489355800247e-01
-2.384262456899752802e-01
-2.185589203634629718e-01
-1.994662242621933756e-01
-1.812569921265856643e-01
-1.640468502198798306e-01
-1.479597974389787740e-01
-1.331301003234323932e-01
-1.197046146563563590e-01
-1.078454107130227824e-01
-9.773260491736666944e-02
-8.956739379244786636e-02
-8.357494334659910928e-02
-8.000599321868133440e-02
-7.913503809090642604e-02
-8.125053882974853092e-02
-8.662710430233921954e-02
-9.545719054437462603e-02
-1.076908674154840734e-01
-1.226597618320508232e-01
-1.381698828083272046e-01
-1.482031318969120881e-01
-1.366658251790638379e-01
-5.866784366686140367e-02
2.232518841417097943e-01
1.183375160319303676e+00
2.080806331393652453e+00
1.018869421950240328e+00
1.000000159660280552e+00
1.000000000000000000e+00
1.000000000000000000e+00
