1.000000000000000000e+00
1.000000003041101149e+00
1.000000014884299349e+00
1.000000086853402914e+00
1.000000373853848323e+00
1.000001217171687218e+00
1.000003287764933857e+00
1.000007838354463940e+00
1.000017142077428423e+00
1.000035230624222837e+00
1.000069089339494122e+00
1.000130519904667947e+00
1.000238938543039913e+00
1.000425427492095398e+00
1.000738376191821821e+00
1.001250994415388895e+00
1.002070794189804603e+00
1.003350749372332373e+00
1.005301200960700969e+00
1.008200777220002342e+00
1.012403793787081341e+00
1.018341660836600493e+00
1.026516889171558367e+00
1.037491102286763223e+00
1.051871292993372897e+00
1.070295260403529181e+00
1.093409683350188732e+00
1.121810364667648052e+00
1.155912992080974089e+00
1.195742284506044140e+00
1.240683856872544899e+00
1.289338158137709689e+00
1.339581724721754075e+00
1.388888904179473194e+00
1.434792200927595296e+00
1.475303242845231733e+00
1.509181868731123810e+00
1.535960959856443209e+00
1.555837210535032877e+00
1.569463201125860463e+00
1.577747454961640816e+00
1.581698642339691041e+00
1.582296807285393347e+00
1.580434032414067769e+00
1.576870491646095385e+00
1.572230888106826985e+00
1.567009713491491096e+00
1.561584493925280981e+00
1.556238584270613678e+00
1.551171560251867865e+00
1.546518378219061240e+00
1.542360451388416376e+00
1.538738009735862944e+00
1.535660373242243359e+00
1.533111060295488270e+00
1.531055457505998918e+00
1.529443208693305412e+00
1.528213040186185090e+00
1.527295742086449470e+00
1.526615800174366377e+00
1.526093959810948641e+00
1.525647896491056477e+00
1.525194558732229533e+00
1.524651153914797552e+00
1.523936407558728723e+00
1.522971860471151517e+00
1.521681944776723139e+00
1.519995266047567517e+00
1.517845261988458150e+00
1.515171271913297479e+00
1.511919312875520616e+00
1.508041981568761125e+00
1.503498911907054314e+00
1.498256878819992810e+00
1.492290010781578635e+00
1.485579746650878663e+00
1.478114546074811297e+00
1.469889726074864233e+00
1.460906937540647821e+00
1.451174003134798829e+00
1.440704683405804598e+00
1.429518162379944890e+00
1.417638640440370468e+00
1.405094749482014738e+00
1.391919044529563720e+00
1.378147486273016531e+00
1.363819071011582507e+00
1.348975479562923407e+00
1.333660446973791824e+00
1.317919291935059523e+00
1.301798501722819523e+00
1.285345353914392197e+00
1.268607613258560862e+00
1.251633110077569278e+00
1.234469523261354063e+00
1.217164162774368119e+00
1.199763573487524271e+00
1.182313276995986762e+00
1.164857543796851358e+00
1.147439172916317363e+00
1.130099327117659813e+00
1.112877400003844830e+00
1.095810969864722484e+00
1.078935736730320505e+00
1.062285419005406961e+00
1.045891709889662735e+00
1.029784249823897158e+00
1.013990613560142862e+00
9.985363276270214916e-01
9.834449360799319972e-01
9.687380165023113943e-01
9.544351370691499525e-01
9.405539487622948114e-01
9.271103047014204179e-01
9.141182986622874429e-01
9.015903399041839128e-01
8.895372257416485073e-01
8.779681864278766623e-01
8.668909621446315716e-01
8.563118640983889973e-01
8.462358289440400361e-01
8.366664653237325666e-01
8.276060692340068137e-01
8.190556800685745431e-01
8.110151211490510548e-01
8.034829893618680163e-01
7.964566767606252595e-01
7.899324097761876162e-01
7.839052846925891327e-01
7.783693134681219927e-01
7.733174684023125245e-01
7.687417265477102246e-01
7.646331207293421972e-01
7.609817869538005874e-01
7.577770124791993744e-01
7.550072872733645246e-01
7.526603580746167310e-01
7.507233221155112934e-01
7.491827110077414753e-01
7.480245328401308180e-01
7.472343522523102743e-01
7.467973623112671433e-01
7.466984149996330755e-01
7.469220725225322877e-01
7.474526662928387966e-01
7.482743423520870074e-01
7.493711256354542716e-01
7.507269800312843522e-01
7.523258423822873908e-01
7.541516733461167687e-01
7.561885033769878417e-01
7.584204552197362226e-01
7.608317806404278905e-01
7.634068940229009614e-01
7.661303869445491577e-01
7.689870512041444561e-01
7.719618893121229508e-01
7.750401055803670669e-01
7.782071040431727260e-01
7.814485003070539282e-01
7.847501234508184043e-01
7.880979940653819460e-01
7.914783184703454433e-01
7.948774834000654765e-01
7.982820294869666933e-01
8.016786305015941583e-01
8.050540651184239227e-01
8.083951684196536425e-01
8.116887740867537726e-01
8.149216578751616868e-01
8.180804637840916049e-01
8.211516012510863272e-01
8.241211402942789643e-01
8.269746915350524308e-01
8.296972541572436022e-01
8.322730392184745085e-01
8.346852762032042072e-01
8.369159920074089598e-01
8.389457576314457432e-01
8.407534278433477226e-01
8.423159064922789430e-01
8.436079789813447638e-01
8.446023232504371592e-01
8.452699581116692729e-01
8.455816188211763285e-01
8.455110573564215137e-01
8.450423757674351277e-01
8.441859645047458116e-01
8.430133294982518066e-01
8.417351836554163302e-01
8.408841668390013568e-01
8.417685113318672530e-01
8.476904484065593826e-01
8.675692434509859607e-01
9.281683094227192177e-01
1.115309049892925231e+00
1.140287586386466545e+00
1.000278319533466576e+00
1.000000001406697425e+00
1.000000000000000000e+00
1.000000000000000000e+00
