1.000000000000000000e+00
1.000000108200286286e+00
1.000000514696894216e+00
1.000002966369293755e+00
1.000012739713262988e+00
1.000041418483107236e+00
1.000111653271337664e+00
1.000265422789401670e+00
1.000578149932125571e+00
1.001181848873941016e+00
1.002301252874374438e+00
1.004307292493377801e+00
1.007791800739811450e+00
1.013664981210754767e+00
1.023271667109124206e+00
1.038512198723005930e+00
1.061938142329500234e+00
1.096773532664216511e+00
1.146795001555131810e+00
1.216004257118628695e+00
1.308057374545047002e+00
1.425507485956234666e+00
1.569039420942922147e+00
1.737009294992952535e+00
1.925649988761620746e+00
2.130095129544907095e+00
2.346110209161232696e+00
2.571707994467287595e+00
2.807774979975723451e+00
3.056907558820931570e+00
3.320442368219990392e+00
3.595522070763190303e+00
3.873439094586650366e+00
4.140596538540511240e+00
4.380975630123611353e+00
4.578637266786556914e+00
4.719946613687113768e+00
4.794002624047235095e+00
4.793186774127013550e+00
4.712940300611135669e+00
4.551918810034282892e+00
4.312540240722233520e+00
4.000701487248715438e+00
3.626132103565003817e+00
3.201632588218747522e+00
2.742544249705483939e+00
2.265636724071437680e+00
1.787799026546943226e+00
1.325066311063798130e+00
8.912488322642204697e-01
4.974105140492867116e-01
1.514479640810110772e-01
-1.417863413960303298e-01
-3.800873005661095649e-01
-5.635182264633900040e-01
-6.937648858107744454e-01
-7.737318881112994484e-01
-8.070399307707405434e-01
-7.976792875663172300e-01
-7.497999492391884679e-01
-6.675112605037376579e-01
-5.548232750760880849e-01
-4.155344291559933123e-01
-2.532083630659316964e-01
-7.115069970164158986e-02
1.276081644322203112e-01
3.402638005674389898e-01
5.642448757357131361e-01
7.971876857018294071e-01
1.036930523134591331e+00
1.281495637545133404e+00
1.529031082486374649e+00
1.777784683679230593e+00
2.026066847841700991e+00
2.272226350336136402e+00
2.514622404758606766e+00
2.751594056334788707e+00
2.981446531048496329e+00
3.202430609094707670e+00
3.412752158948476389e+00
3.610590448574559019e+00
3.794113859420841894e+00
3.961511981789918480e+00
4.111027658333414436e+00
4.240999993361543652e+00
4.349911026931793323e+00
4.436441257974416352e+00
4.499523467340275751e+00
4.538374759454595342e+00
4.552527248861410136e+00
4.541849073785799717e+00
4.506553008442132580e+00
4.447193988509281048e+00
4.364645186007904520e+00
4.260072255619189896e+00
4.134896392306061763e+00
3.990739239445815656e+00
3.829370674999395874e+00
3.652656415488845454e+00
3.462506912683641414e+00
3.260832391452551438e+00
3.049504218667443922e+00
2.830326555228540375e+00
2.605012692494348858e+00
2.375164776624861140e+00
2.142262134585625866e+00
1.907655012725228971e+00
1.672562881521877820e+00
1.438077338000053107e+00
1.205169782710780568e+00
9.746976597132261944e-01
7.474083545050349553e-01
5.239509857024499118e-01
3.048894877472467790e-01
9.071086029127786721e-02
-1.181650784410895605e-01
-3.213767399181020057e-01
-5.186140091275621700e-01
-7.096104462889373243e-01
-8.941370861049912078e-01
-1.071997263176874604e+00
-1.243022496786851505e+00
-1.407070607033882093e+00
-1.564022135885740683e+00
-1.713778101574793267e+00
-1.856260871425236880e+00
-1.991413654131390709e+00
-2.119199388267781536e+00
-2.239600132027705914e+00
-2.352616168172517952e+00
-2.458265405783048418e+00
-2.556582991060071031e+00
-2.647620733477320520e+00
-2.731446858693742374e+00
-2.808145829393235982e+00
-2.877818065560553418e+00
-2.940579581443488966e+00
-2.996559572203915334e+00
-3.045898548879648615e+00
-3.088748651995427252e+00
-3.125271930133079579e+00
-3.155639005883947412e+00
-3.180029835558970230e+00
-3.198633286174734192e+00
-3.211646218030986599e+00
-3.219273172853622800e+00
-3.221724963877262038e+00
-3.219217370175314841e+00
-3.211971063552753858e+00
-3.200210520398395708e+00
-3.184163053022228684e+00
-3.164058923661319689e+00
-3.140130570494272799e+00
-3.112611852039351312e+00
-3.081738133706847016e+00
-3.047745782642487189e+00
-3.010872163557801073e+00
-2.971356488894510317e+00
-2.929440154946097330e+00
-2.885366192183726142e+00
-2.839379068362911429e+00
-2.791725560486388424e+00
-2.742654603176779116e+00
-2.692416921317231981e+00
-2.641265560723903061e+00
-2.589455897115641392e+00
-2.537245792009578782e+00
-2.484896536434379133e+00
-2.432673983805495155e+00
-2.380849286777611873e+00
-2.329700166544462103e+00
-2.279513278724262459e+00
-2.230586229095440576e+00
-2.183229875907340301e+00
-2.137771768688207175e+00
-2.094560334191387430e+00
-2.053969455527859367e+00
-2.016404184098878449e+00
-1.982308236102514831e+00
-1.952172792496253528e+00
-1.926546538044626722e+00
-1.906047932451559124e+00
-1.891379961742735372e+00
-1.883345546021310213e+00
-1.882860898875493127e+00
-1.890960500819296897e+00
-1.908777734478477095e+00
-1.937463231457706270e+00
-1.977951330141597852e+00
-2.030352946010173909e+00
-2.092404039314327058e+00
-2.155420050124037701e+00
-2.193241733558652484e+00
-2.129593205308822679e+00
-1.726749861707017608e+00
-1.168782085075726201e-01
3.340461511184080745e+00
1.440958162390590491e+00
1.000023451632185534e+00
1.000000000000000000e+00
1.000000000000000000e+00
