1.000000000000000000e+00
1.000000032186060261e+00
1.000000154998561097e+00
1.000000898162840324e+00
1.000003861198220934e+00
1.000012561145421364e+00
1.000033891669330322e+00
1.000080671316809111e+00
1.000176034675364978e+00
1.000360721109252449e+00
1.000704651850377269e+00
1.001324500944032136e+00
1.002409137966030483e+00
1.004254619606955723e+00
1.007309451724176075e+00
1.012228570138434813e+00
1.019930299699597365e+00
1.031644045025272405e+00
1.048928144881503099e+00
1.073630392684339130e+00
1.107762437282939105e+00
1.153276731505282759e+00
1.211770652928370051e+00
1.284201494891132000e+00
1.370748260548040776e+00
1.470925481403166257e+00
1.583971018121955954e+00
1.709247051626316960e+00
1.846320254867992450e+00
1.994413400154316562e+00
2.151257691489672830e+00
2.312127957249306309e+00
2.469619604756186693e+00
2.614673281734102517e+00
2.738289623844323728e+00
2.833149703503251793e+00
2.894786870064914641e+00
2.921670722903955575e+00
2.914945957742931082e+00
2.877685418832512720e+00
2.814215645966935853e+00
2.729615613010339725e+00
2.629115038845028618e+00
2.517856641794547823e+00
2.400553094185449599e+00
2.281400544861804214e+00
2.163999110913220392e+00
2.051326310874967973e+00
1.945825258198213614e+00
1.849368837414152589e+00
1.763356207063965675e+00
1.688743664910582032e+00
1.626118904133785792e+00
1.575774147167172456e+00
1.537732232354164230e+00
1.511818647023378981e+00
1.497674942458077085e+00
1.494809367311819015e+00
1.502627291348862082e+00
1.520445207442538305e+00
1.547517599802587629e+00
1.583038077145035638e+00
1.626162646859654615e+00
1.676014221606914489e+00
1.731690582099735698e+00
1.792273083360449881e+00
1.856818718267877477e+00
1.924369988012045951e+00
1.993957536709295875e+00
2.064610614329776439e+00
2.135365739124380102e+00
2.205265190797159658e+00
2.273366091223505414e+00
2.338746998015641232e+00
2.400518655208159657e+00
2.457833283726769569e+00
2.509892124598859908e+00
2.555956294008240537e+00
2.595353130892811500e+00
2.627488311394873044e+00
2.651856613589504974e+00
2.668047561622585828e+00
2.675751285112416333e+00
2.674759835626209892e+00
2.664967559825496490e+00
2.646369056896821448e+00
2.619057132498327611e+00
2.583218832797721021e+00
2.539125174028057597e+00
2.487121664871045468e+00
2.427618337653632441e+00
2.361079383530395148e+00
2.288013325798548436e+00
2.208961077927950267e+00
2.124487207009981393e+00
2.035171412875401042e+00
1.941597696535791062e+00
1.844346266672345358e+00
1.743986571077869252e+00
1.641071135949941695e+00
1.536130938856323347e+00
1.429671904060054066e+00
1.322173292781079201e+00
1.214086305710764924e+00
1.105832476401307218e+00
9.978033147923822677e-01
8.903604423967808046e-01
7.838361282083889936e-01
6.785343984172492737e-01
5.747329327835368762e-01
4.726842042989227721e-01
3.726157114776643686e-01
2.747322181371328331e-01
1.792183105888532080e-01
8.623963606543706695e-02
-4.055403957251913979e-03
-9.153410037615576644e-02
-1.760784005881436132e-01
-2.575834874216424430e-01
-3.359566952172114429e-01
-4.111166145915328696e-01
-4.829923987364375115e-01
-5.515236100923699425e-01
-6.166595241725829624e-01
-6.783587309204154314e-01
-7.365895497495491551e-01
-7.913300126538037604e-01
-8.425676293575555809e-01
-8.902992479569642459e-01
-9.345307957798695275e-01
-9.752770669456252151e-01
-1.012561537437533188e+00
-1.046416100722732612e+00
-1.076880871093111924e+00
-1.104003986223613731e+00
-1.127841364254082546e+00
-1.148456423027999218e+00
-1.165919208287432118e+00
-1.180305662659848709e+00
-1.191697503450930506e+00
-1.200181523096282010e+00
-1.205848995032789528e+00
-1.208795673006279436e+00
-1.209121459980847080e+00
-1.206929940357075681e+00
-1.202328088470202339e+00
-1.195425672305646669e+00
-1.186334692762027965e+00
-1.175169180699343841e+00
-1.162044716031695346e+00
-1.147077990232930889e+00
-1.130386687201102802e+00
-1.112089124323015543e+00
-1.092303910722980387e+00
-1.071149857733789235e+00
-1.048745735341324092e+00
-1.025210185124279860e+00
-1.000661891382758961e+00
-9.752196225332222523e-01
-9.490020375687144849e-01
-9.221276102519155859e-01
-8.947148763458259157e-01
-8.668824108744234147e-01
-8.387487663192979559e-01
-8.104326908757160108e-01
-7.820532259726442614e-01
-7.537298761939398295e-01
-7.255830379393217733e-01
-6.977345214274189855e-01
-6.703080052425525182e-01
-6.434296941406655312e-01
-6.172293489024692770e-01
-5.918412863765519782e-01
-5.674055416830552367e-01
-5.440694468097240222e-01
-5.219895280116149117e-01
-5.013336336032278018e-01
-4.822835105949384027e-01
-4.650380130027255143e-01
-4.498167783251471596e-01
-4.368642771051324258e-01
-4.264543395648113799e-01
-4.188948472967085612e-01
-4.145312765200368510e-01
-4.137466849367781307e-01
-4.169529348469984131e-01
-4.245614047249519629e-01
-4.369066733204622910e-01
-4.540620440406138991e-01
-4.753988924376968961e-01
-4.985118832849655401e-01
-5.164774893287462643e-01
-5.103714247860577924e-01
-4.268312758129137463e-01
-1.014466272323318458e-01
1.039741739468446724e+00
2.425040776238937656e+00
1.046444832652781098e+00
1.000000505596764455e+00
1.000000000000000000e+00
1.000000000000000000e+00
