1.000000000000000000e+00
1.000000062703683579e+00
1.000000300103097484e+00
1.000001734287152111e+00
1.000007451994814556e+00
1.000024235058692090e+00
1.000065360517532032e+00
1.000155476015848643e+00
1.000338966249827655e+00
1.000693757530619843e+00
1.001353058033154220e+00
1.002537956486781567e+00
1.004603817968125368e+00
1.008102516297500806e+00
1.013859951306253393e+00
1.023062980364918273e+00
1.037340990494217463e+00
1.058814815409026000e+00
1.090071866913279619e+00
1.134019108802150955e+00
1.193573718182052712e+00
1.271198008922715506e+00
1.368361438184269252e+00
1.485116194117581445e+00
1.620040379810160802e+00
1.770704039222565473e+00
1.934640053089708989e+00
2.110301959451303500e+00
2.297405261856949821e+00
2.496101494215246408e+00
2.704997692480354932e+00
2.919309617689271441e+00
3.130042686396344642e+00
3.325100463701916809e+00
3.491505631960480915e+00
3.617611096166449158e+00
3.694912802146876007e+00
3.718387467682238601e+00
3.686586543898326962e+00
3.601018368317766338e+00
3.465643542025126145e+00
3.286556093995057548e+00
3.071232483237538169e+00
2.828256431244625446e+00
2.566606954226561932e+00
2.295297597439181381e+00
2.022923922400599483e+00
1.757278064319518052e+00
1.505221250703665969e+00
1.272343992017916481e+00
1.062985721375835801e+00
8.801944301196781284e-01
7.258524243201254222e-01
6.008546622535061443e-01
5.052218014682516856e-01
4.383297484614854245e-01
3.990177468400886718e-01
3.857700094178919126e-01
3.968428034475555699e-01
4.303435135492409414e-01
4.843234203570527252e-01
5.568048534549722151e-01
6.458440007694193907e-01
7.495465050471639135e-01
8.660833613280237708e-01
9.937030137333431323e-01
1.130705315551509216e+00
1.275448155341764034e+00
1.426336489259348417e+00
1.581824678521298599e+00
1.740413427399524648e+00
1.900625015798751649e+00
2.060999172945507496e+00
2.220084069249011360e+00
2.376436565492830333e+00
2.528621454190063123e+00
2.675210000762505480e+00
2.814788922974884144e+00
2.945964904640307580e+00
3.067385961440472375e+00
3.177765798221086957e+00
3.275903442920514941e+00
3.360708507644854404e+00
3.431221608181329152e+00
3.486636090550403022e+00
3.526316713973340455e+00
3.549818760776361604e+00
3.556902210597769010e+00
3.547530608689902110e+00
3.521868153414744906e+00
3.480271704088695017e+00
3.423277608427920171e+00
3.351585320917557453e+00
3.266032668221014568e+00
3.167574404333359350e+00
3.057258569705028073e+00
2.936196216086325972e+00
2.805535790366327387e+00
2.666439523587723848e+00
2.520061757493139876e+00
2.367531157278032872e+00
2.209936249599332658e+00
2.048316053021876915e+00
1.883652330917306994e+00
1.716862576353874514e+00
1.548796679348992678e+00
1.380235557167704519e+00
1.211891411651074613e+00
1.044409815182499424e+00
8.783739159185620649e-01
7.143074135386833223e-01
5.526759102946608992e-01
3.938925903337253120e-01
2.383246045687306414e-01
8.629672568937568622e-02
-6.190408050712685462e-02
-2.060244409595088644e-01
-3.458415094653966571e-01
-4.811591940406033108e-01
-6.118051814842553338e-01
-7.376284462543301057e-01
-8.584972693888404116e-01
-9.742984556591445244e-01
-1.084935509709768375e+00
-1.190327506223302967e+00
-1.290409699713753522e+00
-1.385133301840558939e+00
-1.474464869305003756e+00
-1.558385942271171887e+00
-1.636892486089033927e+00
-1.709994474325805314e+00
-1.777715567915912009e+00
-1.840092666826118606e+00
-1.897175631991214750e+00
-1.949027032194694087e+00
-1.995721820861769524e+00
-2.037346954933687559e+00
-2.073999820856704979e+00
-2.105786966138822880e+00
-2.132824086240857397e+00
-2.155234835387542791e+00
-2.173149858767657427e+00
-2.186707038315278684e+00
-2.196051059771649605e+00
-2.201332697357184731e+00
-2.202708453700590763e+00
-2.200339570149048463e+00
-2.194391102529263282e+00
-2.185031717939213802e+00
-2.172432912333065236e+00
-2.156768305118947016e+00
-2.138213570309233980e+00
-2.116945863412955209e+00
-2.093143268598933737e+00
-2.066984744573140631e+00
-2.038649738936453293e+00
-2.008318104290580663e+00
-1.976170522200642043e+00
-1.942388642413820365e+00
-1.907154721953754350e+00
-1.870651482622235795e+00
-1.833062603792486422e+00
-1.794572638643262552e+00
-1.755366823118388542e+00
-1.715631425711483748e+00
-1.675553817098620613e+00
-1.635322649840096121e+00
-1.595128523383475105e+00
-1.555164791219727949e+00
-1.515628175420483448e+00
-1.476719732689207198e+00
-1.438646506386267010e+00
-1.401623033543496044e+00
-1.365873085686408084e+00
-1.331632147852983783e+00
-1.299150422413245298e+00
-1.268696165101994788e+00
-1.240559793439455216e+00
-1.215059151146607341e+00
-1.192545640215870950e+00
-1.173411141936715030e+00
-1.158096194352509656e+00
-1.147099323529083836e+00
-1.140985940858992187e+00
-1.140394121996363808e+00
-1.146031240306443433e+00
-1.158647172297149863e+00
-1.178951014261725216e+00
-1.207394141635226514e+00
-1.243630649355301765e+00
-1.285169971903201924e+00
-1.323896234756106738e+00
-1.336528677240378382e+00
-1.256069165381266339e+00
-8.740167444431442556e-01
5.533816577796982772e-01
3.040051673269569044e+00
1.183908062531596084e+00
1.000004010561227341e+00
1.000000000000000000e+00
1.000000000000000000e+00
