1.000000000000000000e+00
1.000000087043666053e+00
1.000000415125658737e+00
1.000002395250189080e+00
1.000010289097018834e+00
1.000033455679563588e+00
1.000090204752664969e+00
1.000214494147676492e+00
1.000467394553040901e+00
1.000955939278879825e+00
1.001862658565386699e+00
1.003489541741033664e+00
1.006319948059870795e+00
1.011100364342702784e+00
1.018939807934750252e+00
1.031416767330251449e+00
1.050671007709153226e+00
1.079440994477978810e+00
1.120991352307925792e+00
1.178870531503687369e+00
1.256458446966135956e+00
1.356335221013143189e+00
1.479605352501073945e+00
1.625436410323691350e+00
1.791132596747745831e+00
1.972904964651169601e+00
2.167270947131458847e+00
2.372389226082637581e+00
2.588564683428510982e+00
2.817225891098622537e+00
3.058374319646568917e+00
3.308113218507656494e+00
3.557354290658692353e+00
3.792855907630977796e+00
3.999614606046909326e+00
4.163289484799537199e+00
4.272305477200914581e+00
4.318297734860100157e+00
4.296498746016361281e+00
4.205356198156816383e+00
4.046380778335491257e+00
3.824256492798701057e+00
3.546268586169814441e+00
3.222267871201252909e+00
2.863831408886308161e+00
2.483732351779007530e+00
2.095101950848853978e+00
1.710568673291659403e+00
1.341732290887562185e+00
9.983463972634524231e-01
6.881114045832957826e-01
4.164760657100962105e-01
1.867814361533451928e-01
5.547935692253500549e-04
-1.422490004474186720e-01
-2.428167770445381901e-01
-3.032292110435362842e-01
-3.261209091483375233e-01
-3.144415640138720214e-01
-2.713063650681514227e-01
-1.998420274385581397e-01
-1.031378795722786013e-01
1.584731696978865581e-02
1.543074709341337447e-01
3.096097047577920924e-01
4.793085108290533469e-01
6.611057129908086694e-01
8.528553735671543512e-01
1.052543035434056140e+00
1.258282033928648458e+00
1.468300959250157245e+00
1.680899777347606427e+00
1.894433118256718007e+00
2.107285568632546013e+00
2.317858549078673835e+00
2.524555016991924195e+00
2.725762754097575069e+00
2.919852077664675694e+00
3.105168187645906297e+00
3.280048152525399718e+00
3.442844493470811784e+00
3.591945536433030828e+00
3.725807421168953137e+00
3.842983792616097460e+00
3.942161721004224795e+00
4.022197613481727885e+00
4.082157293575638057e+00
4.121351897212627513e+00
4.139353906424489082e+00
4.136010705796451248e+00
4.111449826227206117e+00
4.066074633006106609e+00
4.000552393489132719e+00
3.915787069982634261e+00
3.812893050807471873e+00
3.693162405699870199e+00
3.558019951664681990e+00
3.408982659976860230e+00
3.247620442968200294e+00
3.075518956463052511e+00
2.894247784537419488e+00
2.705333713473939916e+00
2.510241922464798492e+00
2.310360395116956234e+00
2.106986387823265972e+00
1.901319091901147118e+00
1.694455975762943156e+00
1.487392206790964844e+00
1.281023283687992897e+00
1.076151133773550539e+00
8.734888163915809356e-01
6.736631816103700876e-01
4.772237535717488988e-01
2.846526347186162931e-01
9.637055877074399146e-02
-8.725581334874321637e-02
-2.659071784596205856e-01
-4.393065730261471180e-01
-6.072134551512535783e-01
-7.694190016263743326e-01
-9.257421712551012760e-01
-1.076026565891828213e+00
-1.220139040321458701e+00
-1.357966916138845015e+00
-1.489416230123489893e+00
-1.614412463380981988e+00
-1.732900143519227276e+00
-1.844841941722775269e+00
-1.950218155288431232e+00
-2.049025946228876904e+00
-2.141278805159493537e+00
-2.227006172669622419e+00
-2.306252902961186013e+00
-2.379078982650332907e+00
-2.445559298402137927e+00
-2.505783318709819962e+00
-2.559854704698806049e+00
-2.607889266159178376e+00
-2.650013353873855948e+00
-2.686364005889037010e+00
-2.717087455303810906e+00
-2.742337949270172714e+00
-2.762278257243945490e+00
-2.777079229606632005e+00
-2.786918960087611641e+00
-2.791982439110955116e+00
-2.792460325353201878e+00
-2.788547804057263768e+00
-2.780444443032754620e+00
-2.768353234871798296e+00
-2.752479739549548388e+00
-2.733032104981172772e+00
-2.710220376820248411e+00
-2.684255827999958210e+00
-2.655350972985210944e+00
-2.623719110675279520e+00
-2.589574277200664909e+00
-2.553131894358227516e+00
-2.514609010254969412e+00
-2.474223832313049432e+00
-2.432195551956131574e+00
-2.388745039588429542e+00
-2.344094722651829610e+00
-2.298468298875988580e+00
-2.252091184475923935e+00
-2.205190553190405467e+00
-2.157995506892930848e+00
-2.110737896764222743e+00
-2.063653314230482039e+00
-2.016981782023214098e+00
-1.970968897480802839e+00
-1.925867887207949103e+00
-1.881941410269398540e+00
-1.839463628839747456e+00
-1.798723238402215596e+00
-1.760027150397202700e+00
-1.723704549182120127e+00
-1.690111927116152435e+00
-1.659639628503299491e+00
-1.632719512441395571e+00
-1.609833666047259637e+00
-1.591524920993747649e+00
-1.578409259286112754e+00
-1.571188385506188556e+00
-1.570659747326423217e+00
-1.577717751571429794e+00
-1.593330853083445353e+00
-1.618458488123144079e+00
-1.653823184156957726e+00
-1.699329237660436975e+00
-1.752591246616245879e+00
-1.805110306806204656e+00
-1.831800892679563697e+00
-1.759829640669988926e+00
-1.361996286874523898e+00
1.828056281434861097e-01
3.260200664050428632e+00
1.319275874602196863e+00
1.000011468567693740e+00
1.000000000000000000e+00
1.000000000000000000e+00
