1.000000000000000000e+00
9.999705058757745180e-01
9.998654047977795223e-01
9.996718719068167225e-01
9.993990606487033190e-01
9.990924814570546486e-01
9.988557311578849518e-01
9.988810007819164394e-01
9.994881970748056288e-01
1.001172165586935003e+00
1.004637774622320290e+00
1.010836178578302880e+00
1.021020756321769252e+00
1.036685572131084809e+00
1.059556449176003001e+00
1.091642207428544564e+00
1.134086238765064314e+00
1.185746000858898030e+00
1.242705566537165573e+00
1.297855507706388911e+00
1.344525781980573820e+00
1.401769334162301650e+00
1.612615665134494058e+00
1.669157687223720599e+00
1.641602797695117077e+00
1.576569145531997895e+00
1.487860609417814173e+00
1.395507588211867267e+00
1.317657127289470154e+00
1.251615096562651797e+00
1.195063809427876489e+00
1.147866277500033005e+00
1.106176057409985702e+00
1.068570366516722325e+00
1.035950067685023068e+00
1.006545794364184454e+00
9.795567466721636363e-01
9.556320055698670490e-01
9.337578991597258460e-01
9.135749105970918382e-01
8.953893412403408636e-01
8.785826793952494773e-01
8.631895705564602839e-01
8.492068849405006725e-01
8.362013585678909067e-01
8.244803726913845221e-01
8.137064047885725904e-01
8.034250702167108349e-01
7.939099234466391319e-01
7.850025996456395649e-01
7.767529036281605181e-01
7.690984422719789881e-01
7.618488427415642805e-01
7.552537354169478467e-01
7.494123886877748220e-01
7.446660112426329858e-01
7.413258514307868863e-01
7.397818596136107594e-01
7.406998373752187170e-01
7.447277426782674681e-01
7.527179028081063539e-01
7.654288847268142515e-01
7.835125827673764531e-01
8.070144221469967016e-01
8.345953937727024208e-01
8.625290361422409680e-01
8.863320418630290520e-01
9.048772067534979202e-01
9.194861210816858144e-01
9.314731241745758394e-01
9.415064320969068756e-01
9.500069051737400905e-01
9.571960492473723381e-01
9.632986690448561706e-01
9.684464388540300339e-01
9.727841046072633890e-01
9.764244366006357145e-01
9.794412269268626403e-01
9.819615433582972175e-01
9.840427200574500821e-01
9.857688354503409967e-01
9.871955923334189142e-01
9.883602028495881431e-01
9.893318389677108193e-01
9.901370298326943598e-01
9.907987391305322911e-01
9.913624580095268257e-01
9.918454502772612313e-01
9.922602384957871502e-01
9.926307696259660807e-01
9.929723742703735478e-01
9.932906208545271287e-01
9.935930480255126263e-01
9.938900565993760150e-01
9.941883016099071213e-01
9.944880685487338390e-01
9.947893779800640601e-01
9.950953897846775975e-01
9.954076742381057219e-01
9.957266294730109379e-01
9.960518376983620303e-01
9.963818383138717261e-01
9.967147323704620421e-01
9.970492339762182521e-01
9.973842892215784017e-01
9.977186395382325879e-01
9.980509370133699987e-01
9.983798725839049260e-01
9.987042464336287617e-01
9.990229702131245837e-01
9.993350655821214845e-01
9.996396775282218039e-01
9.999360749728577469e-01
1.000223558081816844e+00
1.000501296824585440e+00
1.000768663209609555e+00
1.001025388041300035e+00
1.001271318458151427e+00
1.001506388039363094e+00
1.001730428988771848e+00
1.001943263058129974e+00
1.002144997530645565e+00
1.002335898161392347e+00
1.002515976168759426e+00
1.002685367775244751e+00
1.002844519059663320e+00
1.002993738914945920e+00
1.003133450768369572e+00
1.003264067172514595e+00
1.003385995470376768e+00
1.003499651695096029e+00
1.003605442806945858e+00
1.003703750782626525e+00
1.003794920942377322e+00
1.003879361120642466e+00
1.003957390496135416e+00
1.004029341519719232e+00
1.004095568707119357e+00
1.004156363417483488e+00
1.004212010256055887e+00
1.004262815343537341e+00
1.004309042694933263e+00
1.004350911929649204e+00
1.004388624966278121e+00
1.004422375520065414e+00
1.004452342107467810e+00
1.004478688784336216e+00
1.004501542564055550e+00
1.004520991230542393e+00
1.004537108235033172e+00
1.004549950408252901e+00
1.004559556994176539e+00
1.004565977824662060e+00
1.004569244317793153e+00
1.004569335039161349e+00
1.004566202467917391e+00
1.004559778849608564e+00
1.004550003636626609e+00
1.004536814027048974e+00
1.004520118067631751e+00
1.004499823989427165e+00
1.004475841640031453e+00
1.004448074969940263e+00
1.004416426993600675e+00
1.004380803412160184e+00
1.004341116640853571e+00
1.004297283986884448e+00
1.004249240842078228e+00
1.004196948351176788e+00
1.004140393840788237e+00
1.004079592025780565e+00
1.004014562979599567e+00
1.003945336919587872e+00
1.003871981346821540e+00
1.003794611960843186e+00
1.003713393022674483e+00
1.003628524222657692e+00
1.003540225181417389e+00
1.003448742246369818e+00
1.003354367731454033e+00
1.003257457093395200e+00
1.003158438845033196e+00
1.003057832695396723e+00
1.002956249096546903e+00
1.002854387187259722e+00
1.002753072943272317e+00
1.002653273598796302e+00
1.002556139895904863e+00
1.002463063895084661e+00
1.002375779497039820e+00
1.002296587103855163e+00
1.002228729527658402e+00
1.002177197400468067e+00
1.002150568076579651e+00
1.002165662592777062e+00
1.002261955953371642e+00
1.002561400515307177e+00
1.003666506227170574e+00
1.011323724115776423e+00
1.001448971197382853e+00
1.000124036730662080e+00
