1.000000000000000000e+00
9.999723644124312028e-01
9.998740039719530293e-01
9.996934642148330719e-01
9.994403845426519384e-01
9.991588768877472937e-01
9.989477242347893915e-01
9.989889311022371876e-01
9.995848830027297405e-01
1.001204110948293868e+00
1.004517269231075316e+00
1.010434601050890002e+00
1.020160199944192270e+00
1.035137237259125875e+00
1.057044122585922619e+00
1.087863112421006306e+00
1.128910833693322013e+00
1.179666469784026894e+00
1.237168782025558800e+00
1.294688376487299175e+00
1.345741256853867807e+00
1.400555155850886857e+00
1.559744424199166035e+00
1.640176602848466336e+00
1.633550029106405121e+00
1.581745931220328139e+00
1.502681373805772047e+00
1.414042199638495534e+00
1.332734414248583077e+00
1.260708285318028699e+00
1.199058871011272398e+00
1.148825369863180956e+00
1.105614917979302225e+00
1.067474751009788836e+00
1.034836561984830761e+00
1.005638139746562132e+00
9.789217900773816705e-01
9.552287651415807268e-01
9.335359437966785912e-01
9.134847908537636618e-01
8.953799393797740036e-01
8.786273970815686729e-01
8.632698316289755258e-01
8.493102425892513629e-01
8.363272387714285605e-01
8.246192969071729495e-01
8.138507592726107465e-01
8.035680237005660143e-01
7.940263552648622047e-01
7.850571899775656837e-01
7.766964083331585611e-01
7.688737318005254284e-01
7.614014445021439759e-01
7.545379310207386281e-01
7.484124333840482812e-01
7.434134610519307351e-01
7.399190199632664777e-01
7.383987409333746532e-01
7.395951979825746703e-01
7.442286075191471006e-01
7.532006815521016252e-01
7.672828675293963396e-01
7.870275083167475039e-01
8.120954326192230122e-01
8.401989776443441471e-01
8.667304140283352831e-01
8.883859794971902257e-01
9.054807741061041693e-01
9.193661546453668620e-01
9.309974012637158847e-01
9.408419707902390128e-01
9.492377206631753550e-01
9.563764181464478042e-01
9.624638725186602795e-01
9.676244802817082213e-01
9.719953610531086863e-01
9.756846079766583468e-01
9.787646994129236555e-01
9.813557114984400309e-01
9.835141901022080857e-01
9.853203181640440844e-01
9.868281640801210841e-01
9.880746603158823138e-01
9.891251181860112318e-01
9.900060355059593364e-01
9.907403800068746991e-01
9.913711029987537504e-01
9.919154859368675137e-01
9.923863328284002749e-01
9.928065318442226284e-01
9.931910538501104169e-01
9.935459544745013361e-01
9.938789403965345715e-01
9.942001838725014196e-01
9.945163994528004592e-01
9.948285001379294501e-01
9.951370916067274752e-01
9.954455383332545537e-01
9.957557221744927078e-01
9.960684236879556730e-01
9.963836471307423448e-01
9.967004205028606734e-01
9.970173421622394727e-01
9.973335294383406380e-01
9.976482794638882323e-01
9.979606793526142328e-01
9.982697122985223492e-01
9.985743751289729575e-01
9.988737437600302416e-01
9.991669771510719444e-01
9.994533177771548482e-01
9.997321052558588717e-01
1.000002778388613178e+00
1.000264792958425186e+00
1.000517477284012413e+00
1.000760332748051429e+00
1.000993176337683144e+00
1.001215923025942311e+00
1.001428559623082970e+00
1.001630975944287405e+00
1.001823047386357857e+00
1.002004902741499670e+00
1.002176810132681117e+00
1.002338804422728602e+00
1.002491030317756993e+00
1.002633909839815374e+00
1.002767738772351480e+00
1.002892914360420829e+00
1.003009822223326575e+00
1.003118841664942362e+00
1.003220358414953273e+00
1.003314748725399497e+00
1.003402365116075279e+00
1.003483525931525122e+00
1.003558605157017114e+00
1.003627895780326407e+00
1.003691702077209813e+00
1.003750347659734699e+00
1.003804098441638981e+00
1.003853213733467253e+00
1.003897971891029028e+00
1.003938612796106522e+00
1.003975335825733728e+00
1.004008324054456613e+00
1.004037752892613433e+00
1.004063783792150888e+00
1.004086564948033944e+00
1.004106210883869421e+00
1.004122800495263590e+00
1.004136399612143959e+00
1.004147058949479865e+00
1.004154813251674438e+00
1.004159706819821141e+00
1.004161767268445526e+00
1.004160974354155300e+00
1.004157284220753565e+00
1.004150634709001011e+00
1.004140970213099893e+00
1.004128233122349112e+00
1.004112339473020921e+00
1.004093205517765375e+00
1.004070749027992759e+00
1.004044882494991908e+00
1.004015517626147602e+00
1.003982568628681626e+00
1.003945955859035566e+00
1.003905604175172606e+00
1.003861454882914117e+00
1.003813472678397600e+00
1.003761646034371458e+00
1.003705988289269824e+00
1.003646517700461871e+00
1.003583261775812030e+00
1.003516281839946567e+00
1.003445682907959435e+00
1.003371614005290846e+00
1.003294256273171481e+00
1.003213808936223250e+00
1.003130495452778215e+00
1.003044580925475548e+00
1.002956387641352531e+00
1.002866304038278589e+00
1.002774801116125047e+00
1.002682432028846549e+00
1.002589830239335456e+00
1.002497744064752894e+00
1.002407049778895276e+00
1.002318789932685084e+00
1.002234225826160285e+00
1.002154928750846663e+00
1.002082983765220758e+00
1.002021330783144926e+00
1.001974495258933562e+00
1.001950256405545581e+00
1.001963872256059096e+00
1.002051154857796611e+00
1.002322761402860030e+00
1.003325649480623305e+00
1.010293463025682348e+00
1.001325845902174105e+00
1.000094401870253558e+00
