1.000000000000000000e+00
9.999928305220815439e-01
9.999676426271210117e-01
9.999229794783742742e-01
9.998641591404754392e-01
9.998063651825345177e-01
9.997790020454623283e-01
9.998318409636535176e-01
1.000043585237931021e+00
1.000533817893898281e+00
1.001476650708574612e+00
1.003117963356770614e+00
1.005797147430380845e+00
1.009951234736865988e+00
1.016123526067040928e+00
1.024984309214246103e+00
1.037225423011536307e+00
1.053495616362120524e+00
1.074417843615420365e+00
1.100154097604328474e+00
1.130193697420790899e+00
1.163733716562205700e+00
1.199446880146985528e+00
1.235810810981542218e+00
1.272578348250840596e+00
1.308516159440956450e+00
1.336807292586257301e+00
1.350865628856482870e+00
1.348957083328703010e+00
1.332192785455867501e+00
1.303870051549162135e+00
1.267911299794675539e+00
1.226790611440706558e+00
1.182689209159947241e+00
1.138023323894847616e+00
1.093784292788165802e+00
1.050805232254832022e+00
1.010312667396310315e+00
9.723759418149316991e-01
9.371841636901717676e-01
9.051524507409516307e-01
8.759589927198370152e-01
8.496543051467350116e-01
8.261811777694734182e-01
8.052304027319089341e-01
7.869910407892285464e-01
7.713204033098141066e-01
7.581617242108228405e-01
7.479042816292096330e-01
7.407860546270125246e-01
7.371736608056365103e-01
7.373906631917013232e-01
7.416701714869685658e-01
7.502668609483115203e-01
7.631353594346724778e-01
7.798429468359772132e-01
7.992715713017378709e-01
8.196753173635471512e-01
8.394179341462165711e-01
8.575145269082882216e-01
8.737574046133094186e-01
8.882185026068148970e-01
9.010859129077046781e-01
9.125198583045112111e-01
9.226756456971002551e-01
9.316876928789648016e-01
9.396750763824034403e-01
9.467503571453570466e-01
9.530079692580074591e-01
9.585414771032519932e-01
9.634267817199032580e-01
9.677405217201296983e-01
9.715437741757256829e-01
9.748984443696596669e-01
9.778534929903172079e-01
9.804566316406121418e-01
9.827489177164271394e-01
9.847640852236111408e-01
9.865393116955227804e-01
9.881013380494260145e-01
9.894777989262403262e-01
9.906910721922504992e-01
9.917596123295435717e-01
9.927039659552004958e-01
9.935383403740206676e-01
9.942752736674318470e-01
9.949287866509837208e-01
9.955086564681512318e-01
9.960232448558277163e-01
9.964814614096677570e-01
9.968905429087385750e-01
9.972560024719482330e-01
9.975830506436870193e-01
9.978767589844287356e-01
9.981413529514633343e-01
9.983799560268475926e-01
9.985953338781536903e-01
9.987903237606231555e-01
9.989673209945686416e-01
9.991283551546918940e-01
9.992751557072447888e-01
9.994091471384063396e-01
9.995315379409265288e-01
9.996434599612775695e-01
9.997459398247466877e-01
9.998398618545286665e-01
9.999259936019232464e-01
1.000005011669771404e+00
1.000077519727840203e+00
1.000144057564154698e+00
1.000205108791256681e+00
1.000261109477183163e+00
1.000312454562516162e+00
1.000359492596700095e+00
1.000402511655111626e+00
1.000441783118646066e+00
1.000477584490477856e+00
1.000510174474670277e+00
1.000539792747916490e+00
1.000566640543906205e+00
1.000590894039945056e+00
1.000612742058077931e+00
1.000632373171115530e+00
1.000649928253657617e+00
1.000665547506003783e+00
1.000679394232317332e+00
1.000691602728726703e+00
1.000702309687309111e+00
1.000711640293349358e+00
1.000719709909714705e+00
1.000726626660336516e+00
1.000732490120732177e+00
1.000737390146834604e+00
1.000741406140086998e+00
1.000744619622276677e+00
1.000747096570969052e+00
1.000748900218352277e+00
1.000750092587832096e+00
1.000750724626871202e+00
1.000750843403023227e+00
1.000750495879483726e+00
1.000749721546912996e+00
1.000748552434727934e+00
1.000747016606029938e+00
1.000745139551681095e+00
1.000742943565686716e+00
1.000740448035161156e+00
1.000737666885180621e+00
1.000734608474607379e+00
1.000731278758676623e+00
1.000727681143699144e+00
1.000723816487382178e+00
1.000719686619222282e+00
1.000715290916889266e+00
1.000710622209989520e+00
1.000705670095642263e+00
1.000700421710523091e+00
1.000694865113402887e+00
1.000688988184909034e+00
1.000682775405655978e+00
1.000676211449013087e+00
1.000669281384604981e+00
1.000661969792479677e+00
1.000654261386628274e+00
1.000646141473033657e+00
1.000637596454125644e+00
1.000628613621948215e+00
1.000619182769707294e+00
1.000609297131293207e+00
1.000598953441813821e+00
1.000588152091586247e+00
1.000576894466355116e+00
1.000565183538406178e+00
1.000553027164133191e+00
1.000540439415213978e+00
1.000527440633403042e+00
1.000514055856720486e+00
1.000500312967706362e+00
1.000486243547026977e+00
1.000471885238937597e+00
1.000457283876872605e+00
1.000442494747884048e+00
1.000427584876085962e+00
1.000412633102556459e+00
1.000397730039428446e+00
1.000382982974986179e+00
1.000368518078714741e+00
1.000354486232472029e+00
1.000341071201661380e+00
1.000328503785903544e+00
1.000317092488210102e+00
1.000307275559701115e+00
1.000299731676103976e+00
1.000295631898979964e+00
1.000297278452254135e+00
1.000310082228719422e+00
1.000350778899250725e+00
1.000502267177362459e+00
1.001584794091574526e+00
1.000236746836641322e+00
9.999599579897268109e-01
