1.000000000000000000e+00
9.999747462403990594e-01
9.998849789395581888e-01
9.997208014587374292e-01
9.994920867764861550e-01
9.992405588363865165e-01
9.990580010034498804e-01
9.991121848804704886e-01
9.996811873466117104e-01
1.001196629708772212e+00
1.004279793914071961e+00
1.009779713224664643e+00
1.018824915841831880e+00
1.032776317648399944e+00
1.053225730602322718e+00
1.082071059767085286e+00
1.120726838606076914e+00
1.169228842940535529e+00
1.225691236267415052e+00
1.284385402262450127e+00
1.338915843839454167e+00
1.393094013113069796e+00
1.502832810601201441e+00
1.601259173172546735e+00
1.616571108636622567e+00
1.581529931501429953e+00
1.515041055233623091e+00
1.433500772886878938e+00
1.352339769258715130e+00
1.276010122008058412e+00
1.208371720129982618e+00
1.153128534608945266e+00
1.106622165503677202e+00
1.066745449336825358e+00
1.033441110279228914e+00
1.004175194143323235e+00
9.776942605530796193e-01
9.543119043678301994e-01
9.329287210649276352e-01
9.131467273441501442e-01
8.952415741614495603e-01
8.786426518695966692e-01
8.633975085803897720e-01
8.495154437053508145e-01
8.365911031441948253e-01
8.249079066412534633e-01
8.141307991599269211e-01
8.038043012654919606e-01
7.941557235793959002e-01
7.850021858069948788e-01
7.763652056748582275e-01
7.681747254318632701e-01
7.602659941614186012e-01
7.529371678066791862e-01
7.463905170556132118e-01
7.411085463662360207e-01
7.375793507587818931e-01
7.363833247255643366e-01
7.383498301900153216e-01
7.442644365223282099e-01
7.550440869293876256e-01
7.713868776243300029e-01
7.935223316066538635e-01
8.202258007857922140e-01
8.477646275143458920e-01
8.717662169686758444e-01
8.910750851781238380e-01
9.067831371826629017e-01
9.199114104758756572e-01
9.310883918745656018e-01
9.406385306841119620e-01
9.488358483848096103e-01
9.558465996702918410e-01
9.618559322788799992e-01
9.669796508659518341e-01
9.713450745652607576e-01
9.750538836114019947e-01
9.781761946099967187e-01
9.808229006745036171e-01
9.830489465907376045e-01
9.849292371038697036e-01
9.865153711576600815e-01
9.878435124556601554e-01
9.889739875067712349e-01
9.899329588482498332e-01
9.907431461267336426e-01
9.914442685382369724e-01
9.920534620215728516e-01
9.925837241878714412e-01
9.930565708142784498e-01
9.934864514875466623e-01
9.938799178444037707e-01
9.942448055396216899e-01
9.945909566610877661e-01
9.949251037552881982e-01
9.952488541976022285e-01
9.955634623076282663e-01
9.958724957810592970e-01
9.961781695354037236e-01
9.964816838199205273e-01
9.967835121582860891e-01
9.970832332530218389e-01
9.973800093081535145e-01
9.976734129157686093e-01
9.979631372054159621e-01
9.982486613099702533e-01
9.985293454547398140e-01
9.988045357603353436e-01
9.990736236562183237e-01
9.993360517004978849e-01
9.995913161516173373e-01
9.998389807670248208e-01
1.000078680361304651e+00
1.000310050942544660e+00
1.000532605451175616e+00
1.000745996301787288e+00
1.000950140698430690e+00
1.001145032527362977e+00
1.001330720565852150e+00
1.001507162324593470e+00
1.001674296579714518e+00
1.001832277278949856e+00
1.001981374941794067e+00
1.002121652601621449e+00
1.002253265096619383e+00
1.002376605532024234e+00
1.002491954013352338e+00
1.002599676407990525e+00
1.002700126073912346e+00
1.002793648733382170e+00
1.002880593807114362e+00
1.002961300746712192e+00
1.003036086776453173e+00
1.003105237936279259e+00
1.003169087588828390e+00
1.003227897340616126e+00
1.003281937673992985e+00
1.003331495088696235e+00
1.003376804970732117e+00
1.003418096268365423e+00
1.003455613965197557e+00
1.003489568947302901e+00
1.003520136290179554e+00
1.003547476444158315e+00
1.003571742831713909e+00
1.003593076402794937e+00
1.003611606292095226e+00
1.003627432032973221e+00
1.003640621882172734e+00
1.003651232553096184e+00
1.003659307455955663e+00
1.003664875976685300e+00
1.003667975793646194e+00
1.003668629979886040e+00
1.003666819796183329e+00
1.003662505879513001e+00
1.003655632894249861e+00
1.003646151253844598e+00
1.003634009657405457e+00
1.003619133833786536e+00
1.003601449754982777e+00
1.003580884780757021e+00
1.003557361726731045e+00
1.003530802796544164e+00
1.003501132454233336e+00
1.003468280615112729e+00
1.003432181209789498e+00
1.003392782619291212e+00
1.003350053738401471e+00
1.003303984312069019e+00
1.003254585884589822e+00
1.003201874380381886e+00
1.003145873886809314e+00
1.003086638103317441e+00
1.003024258957811776e+00
1.002958866879789079e+00
1.002890620410710198e+00
1.002819693952365920e+00
1.002746283137877947e+00
1.002670620031698379e+00
1.002592986695187260e+00
1.002513723014979208e+00
1.002433241031570166e+00
1.002352024596812941e+00
1.002270627793867996e+00
1.002189705133063935e+00
1.002110023070656775e+00
1.002032493590817586e+00
1.001958220236342401e+00
1.001888578148011355e+00
1.001825392617605726e+00
1.001771238123650543e+00
1.001730078760369791e+00
1.001708730269303294e+00
1.001720563242181949e+00
1.001796964507942533e+00
1.002034936282300004e+00
1.002914165020372339e+00
1.009041363848538264e+00
1.001175166976109532e+00
1.000062132982732832e+00
