1.000000000000000000e+00
9.999752825796456301e-01
9.998874446455087162e-01
9.997269148615344214e-01
9.995035690947250417e-01
9.992585188804230523e-01
9.990818697409602489e-01
9.991380465768844310e-01
9.996994288234984927e-01
1.001188933995585728e+00
1.004216030945883853e+00
1.009614849194041986e+00
1.018495319920581066e+00
1.032197750473801356e+00
1.052291547257765414e+00
1.080650397907526150e+00
1.118697776458016824e+00
1.166565945841668617e+00
1.222579962686517030e+00
1.281269165352515893e+00
1.336280052805229435e+00
1.390494347460978553e+00
1.492295808673198776e+00
1.592084620830515274e+00
1.611679640780846023e+00
1.580430137533010981e+00
1.516902843512047738e+00
1.437247495291132493e+00
1.356627101538455671e+00
1.279836025884925510e+00
1.211096904006547570e+00
1.154649826972569571e+00
1.107206003763488100e+00
1.066750262804047944e+00
1.033164459677173408e+00
1.003804542566388847e+00
9.773401345782758431e-01
9.540206444112550033e-01
9.327173292636476987e-01
9.130146952193197718e-01
8.951754555039475036e-01
8.786310642484733702e-01
8.634278872061597054e-01
8.495754291740802433e-01
8.366715259706133390e-01
8.249953529625770887e-01
8.142116977652500420e-01
8.038643967404662805e-01
7.941743327096719707e-01
7.849561134158272724e-01
7.762298117951302867e-01
7.679285241188612554e-01
7.598973244506070923e-01
7.524490764680968891e-01
7.458083631267768965e-01
7.404831796459133697e-01
7.369881999446102894e-01
7.359274918951832500e-01
7.381458844136551400e-01
7.444377966429073235e-01
7.557142502190906663e-01
7.726380517913621349e-01
7.953245922922907996e-01
8.222773387287529712e-01
8.494869489178201727e-01
8.728793500045803899e-01
8.917286731501175012e-01
9.071691067824254606e-01
9.201374595014366609e-01
9.312081714008900724e-01
9.406838051203155748e-01
9.488274593149867986e-01
9.558007043533925939e-01
9.617843838279653834e-01
9.668924398473796034e-01
9.712499820817278584e-01
9.749571982534883663e-01
9.780835917181326389e-01
9.807379603583794569e-01
9.829748147350125809e-01
9.848678334901873610e-01
9.864680106328236331e-01
9.878112834951900956e-01
9.889568471218999068e-01
9.899307489765871715e-01
9.907556185429429174e-01
9.914704456028902158e-01
9.920923095199049024e-01
9.926342282009829043e-01
9.931174031022269588e-01
9.935561561973983435e-01
9.939571329807568301e-01
9.943281855085341903e-01
9.946790748461076248e-01
9.950165287279657544e-01
9.953422962944752372e-01
9.956577645462947324e-01
9.959665386410085919e-01
9.962708995208865437e-01
9.965721326364671562e-01
9.968708078678822915e-01
9.971666182777888521e-01
9.974588437150908593e-01
9.977471514382522111e-01
9.980313168515684286e-01
9.983109008644838189e-01
9.985853425857370569e-01
9.988540613513908761e-01
9.991165148064869994e-01
9.993722050989396477e-01
9.996206818768822444e-01
9.998615560972230476e-01
1.000094503885396335e+00
1.000319199319147812e+00
1.000535194523132665e+00
1.000742173966030713e+00
1.000940076013850044e+00
1.001128911194210547e+00
1.001308741333543084e+00
1.001479538309108408e+00
1.001641254394673330e+00
1.001794048790219493e+00
1.001938192363941438e+00
1.002073754135399453e+00
1.002200891041436170e+00
1.002319989817227031e+00
1.002431327094296831e+00
1.002535261864143656e+00
1.002632140426797713e+00
1.002722301167701113e+00
1.002806085583692441e+00
1.002883825100833182e+00
1.002955829250168795e+00
1.003022377034038737e+00
1.003083792967396359e+00
1.003140331825416398e+00
1.003192256735087495e+00
1.003239846117941259e+00
1.003283328718231449e+00
1.003322926878990273e+00
1.003358878321835679e+00
1.003391387625170106e+00
1.003420624580648735e+00
1.003446744720329464e+00
1.003469896686617568e+00
1.003490216972812821e+00
1.003507830570649295e+00
1.003522833757934052e+00
1.003535292484813102e+00
1.003545261489437346e+00
1.003552782601225823e+00
1.003557884049103288e+00
1.003560602077101960e+00
1.003560958777080181e+00
1.003558935747564718e+00
1.003554494614801174e+00
1.003547581540120470e+00
1.003538148256948315e+00
1.003526144846436763e+00
1.003511499156839015e+00
1.003494139283929831e+00
1.003473994681139292e+00
1.003450990416943078e+00
1.003425050983800748e+00
1.003396103080681279e+00
1.003364078703792073e+00
1.003328913756845742e+00
1.003290558156223033e+00
1.003248981702474563e+00
1.003204174406039373e+00
1.003156147406143672e+00
1.003104916103624955e+00
1.003050503824106210e+00
1.002992962586942705e+00
1.002932381447639631e+00
1.002868886761399514e+00
1.002802632122538506e+00
1.002733786501911695e+00
1.002662539448213819e+00
1.002589115806134856e+00
1.002513788851874921e+00
1.002436887874124771e+00
1.002358812049461978e+00
1.002280030115219489e+00
1.002201078848204308e+00
1.002122592313171134e+00
1.002045313037308150e+00
1.001970124560046749e+00
1.001898096060226839e+00
1.001830559953627020e+00
1.001769284948306193e+00
1.001716765913443608e+00
1.001676844633153651e+00
1.001656126888575971e+00
1.001667571878824825e+00
1.001741601674098536e+00
1.001972240450378138e+00
1.002824490438174454e+00
1.008767503080348016e+00
1.001142044158781497e+00
1.000055577699631382e+00
