1.000000000000000000e+00
9.999922721937049008e-01
9.999651040049960526e-01
9.999168478822797468e-01
9.998530874912734401e-01
9.997899717332853209e-01
9.997589348374721352e-01
9.998133792942474063e-01
1.000038005946446651e+00
1.000561828332939829e+00
1.001572938724788697e+00
1.003337047270504989e+00
1.006220742095720988e+00
1.010694911189723877e+00
1.017343109287125902e+00
1.026883578954922438e+00
1.040051402085992782e+00
1.057525691930565115e+00
1.079947116235205229e+00
1.107431212141358978e+00
1.139335875646042329e+00
1.174714419730888526e+00
1.212120513036534231e+00
1.250030290479209549e+00
1.288411990240711624e+00
1.325613532241033399e+00
1.353455102420454415e+00
1.365260566623662575e+00
1.360127146034333157e+00
1.339859795376558749e+00
1.308171718254595106e+00
1.269248271338254686e+00
1.225631311970633242e+00
1.179538275230517019e+00
1.133477962106590020e+00
1.088397620739154359e+00
1.045096755821107726e+00
1.004820156736061287e+00
9.675283814119099990e-01
9.333198394660868757e-01
9.025197319564901566e-01
8.746585251780294445e-01
8.496606455051918250e-01
8.273460243213003329e-01
8.072890176414942998e-01
7.896069892856142358e-01
7.740958481248665368e-01
7.606580949230424826e-01
7.497009808016190657e-01
7.414913180637277001e-01
7.364581452322043198e-01
7.350016934693376358e-01
7.374499162519421169e-01
7.441971966331034638e-01
7.553859331224407336e-01
7.708514843720837284e-01
7.897720679414286238e-01
8.105087826452025412e-01
8.311489381038582591e-01
8.502864607753939374e-01
8.674835707433788956e-01
8.827649312984677810e-01
8.963369049694769330e-01
9.083809513190205243e-01
9.190687242933889278e-01
9.285459762651701032e-01
9.369401495262809076e-01
9.443712593611175432e-01
9.509392374089365996e-01
9.567434717986061932e-01
9.618640129284646845e-01
9.663822192997783000e-01
9.703624531248138396e-01
9.738704256238424062e-01
9.769577233804038752e-01
9.796748801139363305e-01
9.820652877494246979e-01
9.841644167334288040e-01
9.860118420911222481e-01
9.876356765391998138e-01
9.890652302647271465e-01
9.903241065278938215e-01
9.914316761447885540e-01
9.924097883855385049e-01
9.932733252846495109e-01
9.940354121099170825e-01
9.947109288570519237e-01
9.953100967655702513e-01
9.958416314088844867e-01
9.963149286517595238e-01
9.967375746376615497e-01
9.971152825573049716e-01
9.974534751414613210e-01
9.977574621349962758e-01
9.980316453760076367e-01
9.982792288544313219e-01
9.985030467175709523e-01
9.987060398189162580e-01
9.988906790144677084e-01
9.990590477698841898e-01
9.992129132533591473e-01
9.993537188978586228e-01
9.994826820452265004e-01
9.996009480326758512e-01
9.997095568425286016e-01
9.998094004118981415e-01
9.999012500279333970e-01
9.999857841692252336e-01
1.000063607730337090e+00
1.000135261327623537e+00
1.000201229187405172e+00
1.000261948142512347e+00
1.000317814223053547e+00
1.000369176260801574e+00
1.000416319698183232e+00
1.000459515072050110e+00
1.000499043123222798e+00
1.000535166626547179e+00
1.000568129835925690e+00
1.000598136531501980e+00
1.000625364729366806e+00
1.000650008568563898e+00
1.000672263714008414e+00
1.000692274190549957e+00
1.000710184740343456e+00
1.000726167233237707e+00
1.000740362341235423e+00
1.000752914492521572e+00
1.000763956240363184e+00
1.000773610048985240e+00
1.000781991092338119e+00
1.000789205713558561e+00
1.000795350046106869e+00
1.000800509128578097e+00
1.000804770887978368e+00
1.000808206360405572e+00
1.000810883934437179e+00
1.000812871022296546e+00
1.000814223000798808e+00
1.000814991209752591e+00
1.000815227133945440e+00
1.000814974144404124e+00
1.000814267482764253e+00
1.000813138138125780e+00
1.000811614380264780e+00
1.000809721040839761e+00
1.000807479817853674e+00
1.000804906405010630e+00
1.000802010359654881e+00
1.000798798620075702e+00
1.000795275330583545e+00
1.000791441830545470e+00
1.000787300575329164e+00
1.000782851304492294e+00
1.000778086459970906e+00
1.000772994881516720e+00
1.000767562662806753e+00
1.000761776923317692e+00
1.000755624575295100e+00
1.000749088722254099e+00
1.000742152667506879e+00
1.000734800138589176e+00
1.000727014295716311e+00
1.000718778425978117e+00
1.000710076453053210e+00
1.000700893498976951e+00
1.000691215651822175e+00
1.000681031764001361e+00
1.000670334500253444e+00
1.000659120404140845e+00
1.000647390068911236e+00
1.000635145166261175e+00
1.000622389105102927e+00
1.000609130712397210e+00
1.000595385718020314e+00
1.000581176814065110e+00
1.000566531895123124e+00
1.000551481987634883e+00
1.000536062199524068e+00
1.000520314357157714e+00
1.000504289373148836e+00
1.000488048650623352e+00
1.000471666622639866e+00
1.000455230826726938e+00
1.000438841832514525e+00
1.000422618688276533e+00
1.000406701336318260e+00
1.000391257051297167e+00
1.000376489446326289e+00
1.000362654075310553e+00
1.000350092328857299e+00
1.000339288892559075e+00
1.000330994007554875e+00
1.000326501869680751e+00
1.000328356390863815e+00
1.000342536091849865e+00
1.000387532011525193e+00
1.000554936509494341e+00
1.001749708551378459e+00
1.000259213831128591e+00
9.999592264010530585e-01
