1.000000000000000000e+00
9.999860711536232571e-01
9.999368439471969516e-01
9.998482356592613973e-01
9.997282164516955172e-01
9.996030071692899588e-01
9.995261825512430365e-01
9.995918024693114523e-01
9.999527175992888317e-01
1.000845581561782938e+00
1.002616742871214273e+00
1.005752510365048424e+00
1.010915835749576663e+00
1.018935156525988983e+00
1.030807427423066303e+00
1.047738828951406020e+00
1.070861114098758948e+00
1.101023927336723496e+00
1.138759869815768599e+00
1.183077917796400591e+00
1.231190339727123995e+00
1.280714260534982607e+00
1.331007077854735821e+00
1.384954441258588798e+00
1.439747770792278114e+00
1.473516193488918713e+00
1.475871299664514025e+00
1.451244309146758171e+00
1.408176777449187567e+00
1.352992152020572547e+00
1.291474539041001401e+00
1.229456171283251020e+00
1.169244574255213553e+00
1.112933995637838791e+00
1.063670913439040300e+00
1.021070193073117194e+00
9.847857540486458783e-01
9.550007567084468629e-01
9.300069933040480130e-01
9.086872874979051717e-01
8.904762510119759167e-01
8.742748963977244880e-01
8.596011756215581334e-01
8.460652211835595349e-01
8.330759162699981069e-01
8.206507050700798667e-01
8.084323669609723151e-01
7.960592348427545373e-01
7.838148629067754891e-01
7.717886900387357363e-01
7.603723242969556706e-01
7.500023852371928701e-01
7.411429207840208866e-01
7.346273424934113283e-01
7.311721952789350665e-01
7.315840216029296794e-01
7.365530127581088049e-01
7.466414580731367545e-01
7.622201378540756078e-01
7.828683131481072310e-01
8.068091125280941744e-01
8.308111815326325589e-01
8.523891963506825542e-01
8.710016409209137001e-01
8.870815301768947281e-01
9.010938562520287576e-01
9.133592147054129251e-01
9.241216576105160119e-01
9.335554561612061653e-01
9.418299124117567311e-01
9.490694524818018563e-01
9.554070459792918246e-01
9.609395067184567374e-01
9.657729953162662584e-01
9.699843660494941178e-01
9.736531390695358779e-01
9.768460085643547730e-01
9.796144751705593290e-01
9.820240683209229271e-01
9.841155611143501680e-01
9.859357694990245058e-01
9.875202612124377444e-01
9.888967036958700163e-01
9.901010103798137951e-01
9.911539841930242511e-01
9.920738619251068258e-01
9.928846838598416324e-01
9.936004647306759807e-01
9.942327441278276945e-01
9.947957770484470164e-01
9.953003430073730229e-01
9.957534904438083423e-01
9.961622983702360656e-01
9.965342239066088403e-01
9.968750945072843983e-01
9.971883403614988373e-01
9.974769525360156486e-01
9.977445903949230255e-01
9.979941349842652576e-01
9.982278508287654173e-01
9.984475241363520714e-01
9.986544142284841108e-01
9.988494634572214759e-01
9.990336466996420084e-01
9.992078685627812096e-01
9.993728405355865041e-01
9.995291302909156128e-01
9.996772138653711171e-01
9.998175085468113954e-01
9.999503831695636391e-01
1.000076166271392397e+00
1.000195158083319713e+00
1.000307637716696174e+00
1.000413839855018194e+00
1.000513908616816439e+00
1.000608008549076056e+00
1.000696379629693933e+00
1.000779264048893502e+00
1.000856900321883458e+00
1.000929466191748718e+00
1.000997110548055069e+00
1.001060051297188558e+00
1.001118537105585515e+00
1.001172716387590533e+00
1.001222761349424006e+00
1.001268929544109731e+00
1.001311421143969982e+00
1.001350461553043747e+00
1.001386262103600933e+00
1.001419022941120396e+00
1.001448938484407858e+00
1.001476192538576671e+00
1.001500953908519786e+00
1.001523373301484776e+00
1.001543616164296990e+00
1.001561814190762734e+00
1.001578098935893779e+00
1.001592605175246176e+00
1.001605443637805237e+00
1.001616719733309679e+00
1.001626543123663504e+00
1.001635007354306994e+00
1.001642189396838134e+00
1.001648158608794636e+00
1.001652980078350685e+00
1.001656712573964825e+00
1.001659408989945765e+00
1.001661109169125652e+00
1.001661839350670880e+00
1.001661620434312727e+00
1.001660467369585250e+00
1.001658388960652069e+00
1.001655397163306871e+00
1.001651497720115414e+00
1.001646679005056217e+00
1.001640920825091374e+00
1.001634196393452081e+00
1.001626481339580321e+00
1.001617750671425666e+00
1.001607970040832019e+00
1.001597105351896611e+00
1.001585123259582044e+00
1.001571988744784036e+00
1.001557666756055287e+00
1.001542123411233165e+00
1.001525327328007364e+00
1.001507249043839032e+00
1.001487865330840776e+00
1.001467161704568065e+00
1.001445132568727026e+00
1.001421781611498307e+00
1.001397114628703733e+00
1.001371141092479267e+00
1.001343883001791113e+00
1.001315378439089576e+00
1.001285681687646978e+00
1.001254858958433358e+00
1.001222983358361684e+00
1.001190137127782709e+00
1.001156417932290932e+00
1.001121944487454618e+00
1.001086859833360654e+00
1.001051337305789657e+00
1.001015580502594426e+00
1.000979822800064811e+00
1.000944340031191482e+00
1.000909455617670085e+00
1.000875555011982110e+00
1.000843105660008892e+00
1.000812691668384158e+00
1.000785090326964832e+00
1.000761400892670405e+00
1.000743319692344979e+00
1.000733767542950181e+00
1.000738479642152567e+00
1.000770927530836296e+00
1.000872769422678665e+00
1.001250282913149992e+00
1.003916422966433464e+00
1.000542058207186003e+00
9.999699580133577514e-01
