1.000000000000000000e+00
9.999962149376686593e-01
9.999830031818944809e-01
9.999599369983938058e-01
9.999304967258666466e-01
9.999037419655564252e-01
9.998965897606071351e-01
9.999369328775772336e-01
1.000067882128524044e+00
1.000353603560102833e+00
1.000886111801590594e+00
1.001794077809535555e+00
1.003254369571569216e+00
1.005496556911097850e+00
1.008810254170372955e+00
1.013558372047056899e+00
1.020133006977453238e+00
1.028930455175943282e+00
1.040365211788383926e+00
1.054681961715785432e+00
1.071862355070418049e+00
1.091748523440186025e+00
1.113800249222432814e+00
1.137061567356570047e+00
1.160764847405649780e+00
1.184058773118018548e+00
1.204953071064851500e+00
1.220856613103610488e+00
1.229246372455350844e+00
1.228142161226183138e+00
1.217746413531718863e+00
1.199689102313648892e+00
1.175369799714276242e+00
1.146382442330431850e+00
1.114528997232546281e+00
1.080863015364267099e+00
1.046328110993715255e+00
1.012027600550559514e+00
9.784963666923756076e-01
9.463093633630094148e-01
9.161647520203153316e-01
8.884181977734756375e-01
8.635874463267825263e-01
8.421099785952722572e-01
8.242243981195230829e-01
8.102955894705987649e-01
8.004017342099258858e-01
7.945093588238911764e-01
7.926579445489273512e-01
7.946755685501936117e-01
8.003021483755233811e-01
8.090942728203586176e-01
8.203767376711252890e-01
8.333907649824279229e-01
8.472614268458193987e-01
8.612391479753999102e-01
8.747495662743058897e-01
8.874298965639804138e-01
8.991486794905377833e-01
9.098420713605774868e-01
9.195502898385051749e-01
9.283114985297444832e-01
9.361970539396285984e-01
9.432709136422812168e-01
9.496039088677338258e-01
9.552627311888634010e-01
9.603103220525907036e-01
9.648078345765559449e-01
9.688089369154483377e-01
9.723665227120714682e-01
9.755253660595248899e-01
9.783297365119509870e-01
9.808164383586602808e-01
9.830217526509904546e-01
9.849755924716150357e-01
9.867065253806751590e-01
9.882395092161332384e-01
9.895956522715705361e-01
9.907968957754166306e-01
9.918601011686178914e-01
9.928019787903001880e-01
9.936364840309780400e-01
9.943754341845620903e-01
9.950311587058009444e-01
9.956128846410291500e-01
9.961287940278023001e-01
9.965874282228447401e-01
9.969952288567015541e-01
9.973577923160035219e-01
9.976807492052478521e-01
9.979688193082011383e-01
9.982258078133927626e-01
9.984552418858616551e-01
9.986604578776924201e-01
9.988443066509892221e-01
9.990090538364125861e-01
9.991567155556771995e-01
9.992892559411901132e-01
9.994083716084712909e-01
9.995155326861507872e-01
9.996120184212472504e-01
9.996989212192324281e-01
9.997771910754987834e-01
9.998477014899816995e-01
9.999112414130427728e-01
9.999685029756526511e-01
1.000020096190994412e+00
1.000066563417597587e+00
1.000108390076943854e+00
1.000146011151876291e+00
1.000179816831697988e+00
1.000210158326526821e+00
1.000237352501649912e+00
1.000261681205970810e+00
1.000283386565315125e+00
1.000302691478086370e+00
1.000319810798520503e+00
1.000334941479968487e+00
1.000348263427832007e+00
1.000359931844828854e+00
1.000370083866042314e+00
1.000378855778309983e+00
1.000386377993871756e+00
1.000392754809401596e+00
1.000398085525940228e+00
1.000402475332338836e+00
1.000406012869211825e+00
1.000408784369918980e+00
1.000410867901030842e+00
1.000412334405123005e+00
1.000413249109517899e+00
1.000413671202370791e+00
1.000413653546387893e+00
1.000413242563243710e+00
1.000412483936904628e+00
1.000411415038091612e+00
1.000410070694053299e+00
1.000408484005569365e+00
1.000406682149728388e+00
1.000404689655253865e+00
1.000402530167442183e+00
1.000400223315775161e+00
1.000397784809473833e+00
1.000395228053075902e+00
1.000392564833133324e+00
1.000389805112585462e+00
1.000386957219882023e+00
1.000384026784207903e+00
1.000381016740260476e+00
1.000377928760878499e+00
1.000374763233960573e+00
1.000371519298867140e+00
1.000368196422817046e+00
1.000364792927604940e+00
1.000361304217892933e+00
1.000357724257502134e+00
1.000354045927211333e+00
1.000350262525044220e+00
1.000346367297960892e+00
1.000342352040923144e+00
1.000338208683318353e+00
1.000333929387183796e+00
1.000329506166295124e+00
1.000324931166206799e+00
1.000320196870778000e+00
1.000315296328326387e+00
1.000310223065243198e+00
1.000304971796764475e+00
1.000299538842696956e+00
1.000293922157517779e+00
1.000288121401496699e+00
1.000282136777975506e+00
1.000275969296837486e+00
1.000269622225411270e+00
1.000263101677579591e+00
1.000256416644026425e+00
1.000249578309539755e+00
1.000242599250220188e+00
1.000235493819390253e+00
1.000228279199558257e+00
1.000220976353438873e+00
1.000213610603479131e+00
1.000206212667197114e+00
1.000198818739725937e+00
1.000191470541774263e+00
1.000184217570444956e+00
1.000177118217481675e+00
1.000170242562395950e+00
1.000163676337324503e+00
1.000157527774635291e+00
1.000151942189262178e+00
1.000147126924297858e+00
1.000143404169027139e+00
1.000141330989980260e+00
1.000142003766731236e+00
1.000148000591603914e+00
1.000167296119805149e+00
1.000239393820633094e+00
1.000757961725220468e+00
1.000117883973567157e+00
9.999734929230814640e-01
