1.000000000000000000e+00
9.999888165961050568e-01
9.999493701105032217e-01
9.998787265587945061e-01
9.997839260205875211e-01
9.996868796889999409e-01
9.996314667240909779e-01
9.996937215699982504e-01
9.999960965552131542e-01
1.000727196035107847e+00
1.002163091042056031e+00
1.004693036564650699e+00
1.008850930286310010e+00
1.015311693506767199e+00
1.024896783700952385e+00
1.038605664505947601e+00
1.057411289820866074e+00
1.082123689582514148e+00
1.113394460716693679e+00
1.150856033546878709e+00
1.192798065941172991e+00
1.237352647736854383e+00
1.282863925780452385e+00
1.329035434418854411e+00
1.376867992727718093e+00
1.416390157775664349e+00
1.433248432547841844e+00
1.425715836036550055e+00
1.398704635044180300e+00
1.357269488311109829e+00
1.306715439768054710e+00
1.252339908875267360e+00
1.196740588304955555e+00
1.142182750654201273e+00
1.091684813774015161e+00
1.045700499853631671e+00
1.004641936932082258e+00
9.694919816131682966e-01
9.392771473062475618e-01
9.133082294231799070e-01
8.911791675746401076e-01
8.717597905901947053e-01
8.544689670815318605e-01
8.387825120419664104e-01
8.240156509763492121e-01
8.101156201054825479e-01
7.967300564984132194e-01
7.835826770704530375e-01
7.710461117412236165e-01
7.593572586187921081e-01
7.490412410366449336e-01
7.406554644993197378e-01
7.347524584042619544e-01
7.321340237851177157e-01
7.334537500559199508e-01
7.393656894482446562e-01
7.503101603502163597e-01
7.663358576352395923e-01
7.867808180580572186e-01
8.096373012056652385e-01
8.321845447175809651e-01
8.525546858287302854e-01
8.704077209868122944e-01
8.860231803912990145e-01
8.997469323873540370e-01
9.118397869329953886e-01
9.224990456246520143e-01
9.318975206040559511e-01
9.401701466313709954e-01
9.474523858678290944e-01
9.538482700013277693e-01
9.594674846960775660e-01
9.643928757490064507e-01
9.687128398000367513e-01
9.724936588732183695e-01
9.758024059261802829e-01
9.786959269409425399e-01
9.812192315639984841e-01
9.834264953806046705e-01
9.853533840295671808e-01
9.870391905732578408e-01
9.885145145873436290e-01
9.898037220842555994e-01
9.909365951559461205e-01
9.919316262111835814e-01
9.928050675111369516e-01
9.935769888768181124e-01
9.942599495618241745e-01
9.948644551476583109e-01
9.954027190450744911e-01
9.958842424413197891e-01
9.963156543271810550e-01
9.967034365063355272e-01
9.970541930110135009e-01
9.973732237246734078e-01
9.976639868448416992e-01
9.979295196795773260e-01
9.981732468616626441e-01
9.983979502555591079e-01
9.986058942643883940e-01
9.987989331378747115e-01
9.989784829804380095e-01
9.991456789792561022e-01
9.993016325192842775e-01
9.994473622088356768e-01
9.995837098530270248e-01
9.997113798497081483e-01
9.998309802512300726e-01
9.999430495746471914e-01
1.000048067013558084e+00
1.000146460813706728e+00
1.000238619147619801e+00
1.000324897296028137e+00
1.000405602638835711e+00
1.000480962987728484e+00
1.000551208021287719e+00
1.000616610249813077e+00
1.000677433402669125e+00
1.000733929222445751e+00
1.000786297212281850e+00
1.000834708477042589e+00
1.000879377071528742e+00
1.000920533096359311e+00
1.000958328785042539e+00
1.000992928529479631e+00
1.001024553798182781e+00
1.001053380597878295e+00
1.001079599481160987e+00
1.001103387544762580e+00
1.001124910834327419e+00
1.001144328578079445e+00
1.001161789925045342e+00
1.001177431018985375e+00
1.001191372980186234e+00
1.001203745810055556e+00
1.001214653565332124e+00
1.001224198789430808e+00
1.001232485089826429e+00
1.001239597588931218e+00
1.001245616570229702e+00
1.001250624504538944e+00
1.001254691447610590e+00
1.001257874804506898e+00
1.001260225885940214e+00
1.001261792402749373e+00
1.001262617057333992e+00
1.001262737930574076e+00
1.001262183357531699e+00
1.001260971581469317e+00
1.001259116769603885e+00
1.001256628614878963e+00
1.001253512233202247e+00
1.001249774911598500e+00
1.001245419375038415e+00
1.001240435756329594e+00
1.001234807975593277e+00
1.001228515185628609e+00
1.001221538296530600e+00
1.001213857797090823e+00
1.001205447459680320e+00
1.001196281290675616e+00
1.001186333900146330e+00
1.001175578758764173e+00
1.001163989390476683e+00
1.001151540246355776e+00
1.001138207670731139e+00
1.001123969486881871e+00
1.001108808117219029e+00
1.001092712398652163e+00
1.001075677690443033e+00
1.001057706163667183e+00
1.001038801622187391e+00
1.001018970639572236e+00
1.000998228954447011e+00
1.000976604043271712e+00
1.000954135210306184e+00
1.000930870508761839e+00
1.000906863116425072e+00
1.000882172962510364e+00
1.000856871284621752e+00
1.000831044707948481e+00
1.000804797633608079e+00
1.000778256582715020e+00
1.000751570219121644e+00
1.000724909068965385e+00
1.000698474774620816e+00
1.000672503954268100e+00
1.000647278870221202e+00
1.000623142233473040e+00
1.000600522893601241e+00
1.000579992250341999e+00
1.000562359416167224e+00
1.000548874239151731e+00
1.000541690096826253e+00
1.000545036792817255e+00
1.000568851657679614e+00
1.000643866849669106e+00
1.000922285470087658e+00
1.002896378214204853e+00
1.000410848498770822e+00
9.999616041329402183e-01
