1.000000000000000000e+00
9.999703074045551698e-01
9.998644846369414418e-01
9.996695523560308327e-01
9.993945962168541142e-01
9.990852518424468975e-01
9.988455967047557005e-01
9.988688620094762216e-01
9.994767487093366709e-01
1.001166776217014887e+00
1.004647223985619009e+00
1.010873224703161766e+00
1.021102863412347794e+00
1.036834839041901768e+00
1.059798711763389800e+00
1.092003331448859083e+00
1.134566664451958085e+00
1.186268212852534587e+00
1.243090088763868062e+00
1.297921839218197260e+00
1.344049703972391985e+00
1.401727931924552584e+00
1.618194047416775749e+00
1.672155416826162089e+00
1.642230914514691831e+00
1.575786116730349296e+00
1.486008224620676277e+00
1.393396373115585174e+00
1.316167070671158790e+00
1.250872657540490263e+00
1.194833743715734364e+00
1.147892372574723874e+00
1.106304882865906114e+00
1.068715633209896154e+00
1.036074479572960616e+00
1.006637682039638548e+00
9.796166819476922472e-01
9.556681062029264151e-01
9.337772154891433862e-01
9.135831559550622316e-01
8.953915203813117563e-01
8.785812379408040051e-01
8.631859917379767211e-01
8.492019850256552482e-01
8.361948954017606184e-01
8.244727821565676074e-01
8.136979340978288677e-01
8.034158836849195628e-01
7.939017451323150398e-01
7.849981271365524815e-01
7.767562143497837024e-01
7.691146042563317131e-01
7.618831637831410264e-01
7.553113294235417330e-01
7.494963656867678070e-01
7.447757607993852336e-01
7.414549492675075459e-01
7.399163012152982777e-01
7.408175409820034751e-01
7.447983285066441805e-01
7.527041778415179962e-01
7.652894373335753508e-01
7.832105807176845680e-01
8.065414346774095744e-01
8.340254058853744379e-01
8.620601479534155676e-01
8.861019917085012354e-01
9.048308093438131028e-01
9.195305995813899402e-01
9.315575386064820496e-01
9.416087853624941495e-01
9.501172686153671609e-01
9.573086201195454281e-01
9.634099241114839618e-01
9.685536764086490891e-01
9.728854312061745446e-01
9.765184310385688349e-01
9.795265685682632562e-01
9.820376439905614818e-01
9.841090429418143382e-01
9.858252442071229193e-01
9.872421051903077505e-01
9.883968462887841033e-01
9.893590508487053459e-01
9.901552363640304666e-01
9.908083533523607267e-01
9.913641667936572421e-01
9.918399305508939223e-01
9.922481290147542321e-01
9.926128225003383321e-01
9.929493777271080068e-01
9.932633048606590576e-01
9.935621206317433174e-01
9.938562489710013326e-01
9.941523359947936900e-01
9.944505946305512989e-01
9.947509778144958403e-01
9.950566207543988240e-01
9.953690571589612901e-01
9.956886407415899143e-01
9.960149049470968796e-01
9.963463330478493640e-01
9.966809691175043673e-01
9.970174809830347762e-01
9.973547744306304752e-01
9.976915513025458315e-01
9.980264258434043967e-01
9.983580540830301331e-01
9.986852047794596565e-01
9.990067614348394631e-01
9.993217206117446239e-01
9.996292052073216805e-01
9.999284648885182758e-01
1.000218782221711677e+00
1.000499309328895414e+00
1.000769403657138401e+00
1.001028786309002161e+00
1.001277296797997041e+00
1.001514862730954469e+00
1.001741309873188213e+00
1.001956453999778729e+00
1.002160400009051155e+00
1.002353413409259097e+00
1.002535502813518553e+00
1.002706803531657087e+00
1.002867764348041257e+00
1.003018695645273350e+00
1.003160023791555666e+00
1.003292164362231231e+00
1.003415527844013777e+00
1.003530533662909230e+00
1.003637592214709384e+00
1.003737088770698671e+00
1.003829371668663484e+00
1.003914852519999901e+00
1.003993853429688388e+00
1.004066709992655904e+00
1.004133780168660284e+00
1.004195358154456486e+00
1.004251731374353085e+00
1.004303209039584255e+00
1.004350057851898237e+00
1.004392499685280216e+00
1.004430738556707503e+00
1.004464970218716946e+00
1.004495375086452258e+00
1.004522118979986223e+00
1.004545330302888839e+00
1.004565097829918763e+00
1.004581495862044926e+00
1.004594581912281459e+00
1.004604395727277000e+00
1.004610987754633200e+00
1.004614389836358423e+00
1.004614580409091795e+00
1.004611511548888725e+00
1.004605114884116857e+00
1.004595329321493535e+00
1.004582091485146211e+00
1.004565308537904933e+00
1.004544887822651056e+00
1.004520738308909866e+00
1.004492763000211175e+00
1.004460863946509575e+00
1.004424945904404121e+00
1.004384920406308890e+00
1.004340703919071709e+00
1.004292231174416683e+00
1.004239462917551506e+00
1.004182386340944255e+00
1.004121016303829217e+00
1.004055373072359370e+00
1.003985487155180989e+00
1.003911426728004264e+00
1.003833308663736545e+00
1.003751298900595446e+00
1.003665599173383605e+00
1.003576431352458664e+00
1.003484044311940382e+00
1.003388733372114316e+00
1.003290857657169077e+00
1.003190850113825139e+00
1.003089235843411586e+00
1.002986631644370075e+00
1.002883743933191019e+00
1.002781407294577765e+00
1.002680599049875276e+00
1.002582481942532411e+00
1.002488462541078817e+00
1.002400292790252001e+00
1.002320296988223669e+00
1.002251751556607173e+00
1.002199698735955158e+00
1.002172804412240215e+00
1.002188062955159609e+00
1.002285355466737249e+00
1.002587885999987494e+00
1.003704313930916747e+00
1.011437519538637586e+00
1.001462537859806101e+00
1.000127487122701275e+00
