1.000000000000000000e+00
9.999744925840928778e-01
9.998838122039824805e-01
9.997179055401372860e-01
9.994866387256557960e-01
9.992320172935299505e-01
9.990466075115443934e-01
9.990997492782778266e-01
9.996721908654969679e-01
1.001199627798321945e+00
1.004308851480285369e+00
1.009855816221629565e+00
1.018977664515521964e+00
1.033044822729016099e+00
1.053659381632917835e+00
1.082730148598312514e+00
1.121666016282748757e+00
1.170453848892859972e+00
1.227103975060793273e+00
1.285768252995150851e+00
1.340035885034368324e+00
1.394210433573631391e+00
1.508086947882343543e+00
1.605531712904417985e+00
1.618745841400099916e+00
1.581914631444245156e+00
1.514043005399174024e+00
1.431645146180476447e+00
1.350285495595104912e+00
1.274235691084126820e+00
1.207156391988934097e+00
1.152479411685906507e+00
1.106392630895409290e+00
1.066763703044344425e+00
1.033572890949262080e+00
1.004338762307769972e+00
9.778433349484625392e-01
9.544290926072220849e-01
9.330088029938027328e-01
9.131915194112271150e-01
8.952580800889057278e-01
8.786362985944213833e-01
8.633738900006691086e-01
8.494798240496115316e-01
8.365470906879348689e-01
8.248610181839408639e-01
8.140865609330012465e-01
8.037685103799794284e-01
7.941372750338634434e-01
7.850112985907837793e-01
7.764131039724635475e-01
7.682716339866848543e-01
7.604181646628166424e-01
7.531447104921602520e-01
7.466437303577748708e-01
7.413861466765285790e-01
7.378475688765868679e-01
7.365968799160403924e-01
7.384555043494074322e-01
7.442039927707854163e-01
7.547607562081370958e-01
7.708377827261043702e-01
7.927124236591566175e-01
8.192790789804451634e-01
8.469490342837472374e-01
8.712378289391418118e-01
8.907728756564317063e-01
9.066122047586763211e-01
9.198170480440711616e-01
9.310437454786986144e-01
9.406281485990604097e-01
9.488497910806152902e-01
9.558772541979345672e-01
9.618977615610698750e-01
9.670280081105210312e-01
9.713963591957497368e-01
9.751051964319692456e-01
9.782249175729307300e-01
9.808674045581152745e-01
9.830877992129715137e-01
9.849615822935114950e-01
9.865406333466166799e-01
9.878612169456955083e-01
9.889841939935061221e-01
9.899357767649101802e-01
9.907387234679815302e-01
9.914330982146253302e-01
9.920360608232475785e-01
9.925605964703722028e-01
9.930283689671485226e-01
9.934538869994214982e-01
9.938436556127756560e-01
9.942055011420152244e-01
9.945493031641091664e-01
9.948817954005485520e-01
9.952045163751476187e-01
9.955186560041007215e-01
9.958277632401071333e-01
9.961340206676253528e-01
9.964385870943169854e-01
9.967418893267109281e-01
9.970434507948686687e-01
9.973423769167952813e-01
9.976381945471562984e-01
9.979305570557139848e-01
9.982189040994584595e-01
9.985025578546372627e-01
9.987808291437975106e-01
9.990530774828200178e-01
9.993187167181986075e-01
9.995772173917019110e-01
9.998281205309422770e-01
1.000071041060062171e+00
1.000305596667848240e+00
1.000531281462965216e+00
1.000747732453754812e+00
1.000954856657656933e+00
1.001152639946565115e+00
1.001341124810071426e+00
1.001520261851339466e+00
1.001689983362626934e+00
1.001850440752819038e+00
1.002001904349575367e+00
1.002144434307251641e+00
1.002278184445622111e+00
1.002403550897867701e+00
1.002520815417169198e+00
1.002630347144547684e+00
1.002732502800040892e+00
1.002827631602388747e+00
1.002916086750039737e+00
1.002998211521727079e+00
1.003074326811014050e+00
1.003144722014920776e+00
1.003209734717400714e+00
1.003269629784558470e+00
1.003324681208729086e+00
1.003375179344751844e+00
1.003421362748573298e+00
1.003463463521131249e+00
1.003501730112096313e+00
1.003536376418377341e+00
1.003567580037922680e+00
1.003595503769135977e+00
1.003620303316623552e+00
1.003642121758136385e+00
1.003661090206471318e+00
1.003677309749716251e+00
1.003690849746629699e+00
1.003701767854492610e+00
1.003710108239145971e+00
1.003715900839906139e+00
1.003719184020656963e+00
1.003719981323700106e+00
1.003718273849863341e+00
1.003714021765296671e+00
1.003707169021273993e+00
1.003697665402403683e+00
1.003685458949191700e+00
1.003670474380053301e+00
1.003652636654282393e+00
1.003631872133128988e+00
1.003608102557596915e+00
1.003581249039367407e+00
1.003551234976034046e+00
1.003517989289740564e+00
1.003481444969144487e+00
1.003441549661920895e+00
1.003398271829613497e+00
1.003351601089163880e+00
1.003301549176567331e+00
1.003248132264358938e+00
1.003191374801523983e+00
1.003131331287111960e+00
1.003068095017345396e+00
1.003001798363398533e+00
1.002932602224874792e+00
1.002860683592632363e+00
1.002786241000779510e+00
1.002709509956589917e+00
1.002630776711326721e+00
1.002550386206729538e+00
1.002468756619931067e+00
1.002386379013739726e+00
1.002303815728657455e+00
1.002221731030869867e+00
1.002140902795365607e+00
1.002062256580504407e+00
1.001986912328462376e+00
1.001916265569703146e+00
1.001852168599191018e+00
1.001797233885988403e+00
1.001755483889873233e+00
1.001733834539605628e+00
1.001745852722595087e+00
1.001823385575684622e+00
1.002064856080670863e+00
1.002956954763328135e+00
1.009171924782566121e+00
1.001190935955036165e+00
1.000065320661004620e+00
