1.000000000000000000e+00
9.999706979696503240e-01
9.998662950659983339e-01
9.996741145214800284e-01
9.994033726175483023e-01
9.990994544283131606e-01
9.988654858142472781e-01
9.988926428081527087e-01
9.994990820163009992e-01
1.001177036367612017e+00
1.004628027924753253e+00
1.010799288110507899e+00
1.020939537052625079e+00
1.036538201503794276e+00
1.059317225616986935e+00
1.091284823536806892e+00
1.133607576729205535e+00
1.185216217401694028e+00
1.242294300573702381e+00
1.297742452946009317e+00
1.344926609086222635e+00
1.401789590805878172e+00
1.607149670247972173e+00
1.666233644649227186e+00
1.640959264341392387e+00
1.577296179302624335e+00
1.489610380129004596e+00
1.397539169179539353e+00
1.319138384975006684e+00
1.252387533543589226e+00
1.195329870973080411e+00
1.147870211184431222e+00
1.106069168996126395e+00
1.068440225972832280e+00
1.035836203101730968e+00
1.006461774174979951e+00
9.795034038315905134e-01
9.556020475209848763e-01
9.337447388355371025e-01
9.135730490905697998e-01
8.953937761522731131e-01
8.785909475575878202e-01
8.632001132014056610e-01
8.492187818819776357e-01
8.362147922290994462e-01
8.244947844237950907e-01
8.137214456044701283e-01
8.034405074334046715e-01
7.939239093712657791e-01
7.850123363115177888e-01
7.767542211453742906e-01
7.690862279857380024e-01
7.618178455408690652e-01
7.551989890104541248e-01
7.493310726254204246e-01
7.445591346920462650e-01
7.412003056155295200e-01
7.396520797915892009e-01
7.405881373907610143e-01
7.446644084914469941e-01
7.527395638025690117e-01
7.655757808836882727e-01
7.838195073539074853e-01
8.074865394964780840e-01
8.351544509185435672e-01
8.629798219228452805e-01
8.865522031601117403e-01
9.049255736502709313e-01
9.194496495735895447e-01
9.313984975323897908e-01
9.414139660119964503e-01
9.499059888164660403e-01
9.570923032318529033e-01
9.631955632932268641e-01
9.683466563360928481e-01
9.726895427408742689e-01
9.763365284998484217e-01
9.793612990699355203e-01
9.818902091391542575e-01
9.839805356898916333e-01
9.857159657520614404e-01
9.871520479576431084e-01
9.883259817457151764e-01
9.893065403723627638e-01
9.901202610469319598e-01
9.907901174846347470e-01
9.913613361726609785e-01
9.918511888497750784e-01
9.922722333378517501e-01
9.926483068958790179e-01
9.929947046825285950e-01
9.933170502446240224e-01
9.936229026313504464e-01
9.939226400185334764e-01
9.942229255503078900e-01
9.945241138292457705e-01
9.948262898344480964e-01
9.951326367529521599e-01
9.954447595837879748e-01
9.957630987251394616e-01
9.960872828337986595e-01
9.964159048327064783e-01
9.967471201353853560e-01
9.970796869912247340e-01
9.974125899292861641e-01
9.977446081576186732e-01
9.980744298883177379e-01
9.984007793918043827e-01
9.987224868692125002e-01
9.990384908659079022e-01
9.993478370285041601e-01
9.996496914642750697e-01
9.999433415087188859e-01
1.000228104166795529e+00
1.000503166496695684e+00
1.000767914453746688e+00
1.001022088135245847e+00
1.001265541985989715e+00
1.001498215310583584e+00
1.001719946489976421e+00
1.001930563013762709e+00
1.002130174458176981e+00
1.002319046820400628e+00
1.002497193826670907e+00
1.002664752583531049e+00
1.002822166579814267e+00
1.002969743286003412e+00
1.003107903312959959e+00
1.003237056317818565e+00
1.003357606631480214e+00
1.003469967035145016e+00
1.003574541195620951e+00
1.003671707931010015e+00
1.003761809668633154e+00
1.003845250619826768e+00
1.003922347157071959e+00
1.003993428715254099e+00
1.004058846505357261e+00
1.004118889164089312e+00
1.004173838591648771e+00
1.004223997942351065e+00
1.004269628652478596e+00
1.004310948177712826e+00
1.004348156422717908e+00
1.004381445147205509e+00
1.004410991045019852e+00
1.004436956478348408e+00
1.004459467126189942e+00
1.004478609821708668e+00
1.004494457200813429e+00
1.004507065439648406e+00
1.004516473300071544e+00
1.004522730022926025e+00
1.004525866619490504e+00
1.004525861779892448e+00
1.004522668371210736e+00
1.004516219232585827e+00
1.004506454341107302e+00
1.004493311446581716e+00
1.004476699445350674e+00
1.004456527421986545e+00
1.004432706067743819e+00
1.004405140242863981e+00
1.004373733888239695e+00
1.004338393612140834e+00
1.004299032677433257e+00
1.004255569197983977e+00
1.004207939198852539e+00
1.004156104207395206e+00
1.004100051677599303e+00
1.004039796183898048e+00
1.003975357612780117e+00
1.003906765899813314e+00
1.003834087895804306e+00
1.003757438170662875e+00
1.003676979371583400e+00
1.003592909222219776e+00
1.003505445179408762e+00
1.003414831160809984e+00
1.003321356589896629e+00
1.003225373397892639e+00
1.003127305836001737e+00
1.003027668431090813e+00
1.002927065536843187e+00
1.002826189299440562e+00
1.002725857423649058e+00
1.002627027453330877e+00
1.002530838601995100e+00
1.002438668994313220e+00
1.002352235199158503e+00
1.002273814665799234e+00
1.002206617923119047e+00
1.002155586029555900e+00
1.002129211295018862e+00
1.002144148242821720e+00
1.002239481732607906e+00
1.002535961479774862e+00
1.003630187590661915e+00
1.011214311486418715e+00
1.001435923534878425e+00
1.000120751203307234e+00
