1.000000000000000000e+00
9.999729790977041066e-01
9.998768408751601555e-01
9.997005530188468603e-01
9.994538546611982932e-01
9.991803016845309804e-01
9.989769543202453583e-01
9.990222621273060488e-01
9.996125222844224334e-01
1.001207057718568327e+00
1.004464330205810718e+00
1.010279658142603898e+00
1.019838860750411635e+00
1.034565524433642913e+00
1.056118079932253817e+00
1.086461414114531676e+00
1.126948300029260164e+00
1.177224309314133244e+00
1.234626491264373405e+00
1.292649428148852531e+00
1.344828567189651825e+00
1.399294690576290190e+00
1.543444070200781448e+00
1.630343522664268852e+00
1.629907862510910910e+00
1.582433775320234659e+00
1.506541585506849135e+00
1.419518552589435600e+00
1.337842314564719137e+00
1.264335614260522433e+00
1.201014004655189371e+00
1.149576054480351939e+00
1.105655840128004552e+00
1.067187159103337946e+00
1.034454051453368217e+00
1.005280020458354961e+00
9.786401386291525561e-01
9.550265614261840286e-01
9.334041229808441864e-01
9.134092572057033177e-01
8.953428650723699311e-01
8.786182455084398102e-01
8.632803683600392963e-01
8.493343275892667465e-01
8.363626975993414536e-01
8.246607431358372597e-01
8.138930559056390956e-01
8.036056439413059582e-01
7.940470805966713952e-01
7.850448311663980050e-01
7.766303587331079283e-01
7.687318319655261911e-01
7.611646969331774537e-01
7.541941088749655187e-01
7.479640828175775358e-01
7.428839943568341653e-01
7.393582136226559687e-01
7.378849221737787678e-01
7.392312598736464624e-01
7.441378714731775590e-01
7.535161899898298321e-01
7.681297646301963322e-01
7.884719822751520280e-01
8.140225553020892235e-01
8.421232286138436995e-01
8.680536290744048644e-01
8.890557405536001490e-01
9.057541463109338720e-01
9.194332306870665050e-01
9.309492237761917144e-01
9.407236340245366257e-01
9.490747400724521832e-01
9.561867958534429057e-01
9.622599910112236143e-01
9.674164472403389281e-01
9.717907597135152509e-01
9.754894061307030073e-01
9.785843187467803128e-01
9.811932268952863190e-01
9.833723195808485862e-01
9.852004467295069068e-01
9.867310764368121268e-01
9.880009827151832180e-01
9.890741970332666000e-01
9.899771599125244403e-01
9.907328002835210645e-01
9.913832358878341688e-01
9.919457278242990173e-01
9.924331469168848896e-01
9.928680304222334829e-01
9.932652217001967099e-01
9.936309172244104371e-01
9.939728659287443424e-01
9.943011593605893816e-01
9.946225229311737026e-01
9.949380594698269409e-01
9.952485518158721289e-01
9.955574228415553506e-01
9.958666468654208126e-01
9.961771195544426583e-01
9.964889731089321412e-01
9.968013847699221941e-01
9.971131053034739677e-01
9.974233753252155221e-01
9.977315992508115627e-01
9.980369701614956179e-01
9.983385729955863708e-01
9.986354987363930125e-01
9.989269082855295467e-01
9.992120369328565399e-01
9.994901954056972793e-01
9.997607835615009986e-01
1.000023292850646506e+00
1.000277227397035062e+00
1.000521964903517080e+00
1.000757047144236855e+00
1.000982317972747060e+00
1.001197713525777466e+00
1.001403237238909893e+00
1.001598797013002251e+00
1.001784285141757991e+00
1.001959837181429558e+00
1.002125721982809248e+00
1.002281981914777464e+00
1.002428764406249062e+00
1.002566483885176218e+00
1.002695432023325006e+00
1.002815997805305948e+00
1.002928558351494637e+00
1.003033484114405294e+00
1.003131151250226560e+00
1.003221926305696732e+00
1.003306152490137437e+00
1.003384139624165616e+00
1.003456250977100117e+00
1.003522771254836021e+00
1.003583995815647167e+00
1.003640238480472568e+00
1.003691757106409232e+00
1.003738802991440027e+00
1.003781645687256363e+00
1.003820517424751424e+00
1.003855611166675654e+00
1.003887104015676934e+00
1.003915165578689095e+00
1.003939951896414273e+00
1.003961606133151996e+00
1.003980238854029983e+00
1.003995926142271733e+00
1.004008731417019629e+00
1.004018703460248352e+00
1.004025875596554540e+00
1.004030290375719003e+00
1.004031974209690370e+00
1.004030907244149562e+00
1.004027046799360834e+00
1.004020332506679658e+00
1.004010710340362822e+00
1.003998124347321941e+00
1.003982493112498542e+00
1.003963735445410732e+00
1.003941771641059244e+00
1.003916516909150403e+00
1.003887885721942652e+00
1.003855794989783501e+00
1.003820167589867696e+00
1.003780930774233360e+00
1.003738027718463544e+00
1.003691424232744600e+00
1.003641109134862930e+00
1.003587095302262533e+00
1.003529400390172688e+00
1.003468051018654661e+00
1.003403106518363064e+00
1.003334668472965596e+00
1.003262881026219411e+00
1.003187919383007332e+00
1.003109976245287083e+00
1.003029267756980980e+00
1.002946050332252037e+00
1.002860635675200340e+00
1.002773399445946678e+00
1.002684797122581850e+00
1.002595363609543710e+00
1.002505711461452620e+00
1.002416564282103906e+00
1.002328769408834974e+00
1.002243334984092016e+00
1.002161480730001220e+00
1.002084726239115042e+00
1.002015088104934115e+00
1.001955409931868379e+00
1.001910069243658885e+00
1.001886591386917713e+00
1.001899737133792767e+00
1.001984152853655496e+00
1.002246899644528400e+00
1.003217229389468113e+00
1.009964342165457163e+00
1.001286357199438370e+00
1.000085539870849249e+00
