1.000000000000000000e+00
9.999774011611253233e-01
9.998971709362994842e-01
9.997509570634325327e-01
9.995485207617509360e-01
9.993283755205725205e-01
9.991737741655221106e-01
9.992356258852447271e-01
9.997633236611636054e-01
1.001144477775555375e+00
1.003940100184217199e+00
1.008922398801914255e+00
1.017123468316349921e+00
1.029796554430754574e+00
1.048415232851251933e+00
1.074745346251855915e+00
1.110213687772389379e+00
1.155255380505507246e+00
1.208918518345133419e+00
1.266780326580210225e+00
1.322811159852518736e+00
1.377292711156720584e+00
1.456592317636917322e+00
1.553916454491704124e+00
1.588722240093839000e+00
1.572511807050854360e+00
1.521197981194962523e+00
1.449903190526072638e+00
1.372861098574755578e+00
1.295864512425862980e+00
1.224028632386517712e+00
1.163065268365807370e+00
1.111434185666827501e+00
1.067970178198751841e+00
1.032654918613073347e+00
1.002482778295264332e+00
9.758206505641693340e-01
9.526316364254926450e-01
9.316252498787167546e-01
9.122792934347175864e-01
8.947728784438341298e-01
8.785249801668336689e-01
8.635608206258845732e-01
8.498799069906816106e-01
8.370873415633917070e-01
8.254397881601187592e-01
8.146003657784472995e-01
8.041110938074154113e-01
7.941700275698149181e-01
7.845894319801394179e-01
7.753962788784992677e-01
7.665539448644284048e-01
7.579690334748042657e-01
7.500353413600959751e-01
7.430842128875764230e-01
7.377317336657878144e-01
7.345936707334813631e-01
7.343537089120043548e-01
7.378968834459266324e-01
7.460263036840216744e-01
7.595840705862811904e-01
7.789944168026183835e-01
8.037113013595136302e-01
8.309606990547793171e-01
8.562830677370966148e-01
8.773381379201961039e-01
8.945857936929034748e-01
9.090609622723216932e-01
9.214057746809398708e-01
9.320345198339391457e-01
9.411854042025566969e-01
9.490856061506549590e-01
9.558805515466686220e-01
9.617349501872979323e-01
9.667555442930541032e-01
9.710587012211803204e-01
9.747385626096082278e-01
9.778619498268893429e-01
9.805293126497577338e-01
9.827932098932747884e-01
9.847223621931765480e-01
9.863652166607969063e-01
9.877566415389033017e-01
9.889513335135786676e-01
9.899747517634031047e-01
9.908490527837978679e-01
9.916103351104977870e-01
9.922753706165219345e-01
9.928571752388587468e-01
9.933756855150007725e-01
9.938446799200330029e-01
9.942711110761437432e-01
9.946628495776664858e-01
9.950293099269728048e-01
9.953771677540493856e-01
9.957086811687378969e-01
9.960257146828125352e-01
9.963319916310476865e-01
9.966300221768704670e-01
9.969213960284326603e-01
9.972070316628894870e-01
9.974870410210254779e-01
9.977611370381126443e-01
9.980293341955166486e-01
9.982917093811288778e-01
9.985481244050560257e-01
9.987983094838448483e-01
9.990419546041334753e-01
9.992787624268417712e-01
9.995084558038447309e-01
9.997307823001282401e-01
9.999455279465365720e-01
1.000152522161015467e+00
1.000351580559083242e+00
1.000542401624964439e+00
1.000724789464790154e+00
1.000898760897741324e+00
1.001064387986765558e+00
1.001221780670375816e+00
1.001370964251432794e+00
1.001511941357221103e+00
1.001644890204981486e+00
1.001770082078957014e+00
1.001887608142337349e+00
1.001997632726960408e+00
1.002100517631829169e+00
1.002196525725896681e+00
1.002285989275061295e+00
1.002369227213124825e+00
1.002446549539876886e+00
1.002518267158303944e+00
1.002584680546734885e+00
1.002646069594065326e+00
1.002702686202871174e+00
1.002754820868220431e+00
1.002802702099755860e+00
1.002846564765886628e+00
1.002886656269340593e+00
1.002923179859214864e+00
1.002956332533528672e+00
1.002986324155472175e+00
1.003013335113781102e+00
1.003037514945845032e+00
1.003059000337070961e+00
1.003077921616633450e+00
1.003094398208082882e+00
1.003108539238655394e+00
1.003120428529583608e+00
1.003130123218553882e+00
1.003137670503124079e+00
1.003143106185783617e+00
1.003146454094373974e+00
1.003147745004276725e+00
1.003146997276447516e+00
1.003144193841920773e+00
1.003139300159200609e+00
1.003132268168855701e+00
1.003123054700150174e+00
1.003111615164641091e+00
1.003097885569402603e+00
1.003081802181566395e+00
1.003063302505735832e+00
1.003042320268376697e+00
1.003018788753266222e+00
1.002992643238705739e+00
1.002963823703505675e+00
1.002932273614854486e+00
1.002897948766136915e+00
1.002860822411897779e+00
1.002820885553051600e+00
1.002778147740135184e+00
1.002732622326920175e+00
1.002684329674448760e+00
1.002633315308576023e+00
1.002579657211711606e+00
1.002523466051169709e+00
1.002464876383600600e+00
1.002404036287275702e+00
1.002341111912754101e+00
1.002276300352529681e+00
1.002209841127479573e+00
1.002142022820511569e+00
1.002073195215227530e+00
1.002003769030447966e+00
1.001934214626466479e+00
1.001865087620257722e+00
1.001797038740507073e+00
1.001730842417711598e+00
1.001667436025305502e+00
1.001607988104927349e+00
1.001554050322777778e+00
1.001507812153664245e+00
1.001472646117590681e+00
1.001454352331796027e+00
1.001464311160486398e+00
1.001529241512506552e+00
1.001731733622594156e+00
1.002480375225052844e+00
1.007713785548775220e+00
1.001014018339372758e+00
1.000031933000149920e+00
