1.000000000000000000e+00
9.999852300480098766e-01
9.999330026213492095e-01
9.998388632443856450e-01
9.997110317779384081e-01
9.995770091636938526e-01
9.994933141435278223e-01
9.995595378742254677e-01
9.999378949617589996e-01
1.000879815724395883e+00
1.002753103193862794e+00
1.006073380178821308e+00
1.011542186422223599e+00
1.020033303114660672e+00
1.032595112582794350e+00
1.050494406163581917e+00
1.074906332080831195e+00
1.106680023829014869e+00
1.146284989493034701e+00
1.192493748192485103e+00
1.242163580232061859e+00
1.292837459057341487e+00
1.344515133919033101e+00
1.401487976103712674e+00
1.457758162485396136e+00
1.488417638570836532e+00
1.485789321305672317e+00
1.455989904384392464e+00
1.408441846409449250e+00
1.349678819941982244e+00
1.285547230382549033e+00
1.222009006224692440e+00
1.161222705382574549e+00
1.105183772475393900e+00
1.056972994004398370e+00
1.015839954931861522e+00
9.811246346342561431e-01
9.527582990688496789e-01
9.289162378053898994e-01
9.084588944767656438e-01
8.908656713380754821e-01
8.751000287307539871e-01
8.607462921333984829e-01
8.474732375278917207e-01
8.347256017559485652e-01
8.225506403510225439e-01
8.105927134255248578e-01
7.984693116511888400e-01
7.864389285252741946e-01
7.745435497552998205e-01
7.631225364318899862e-01
7.525568588097433231e-01
7.432585141183222222e-01
7.360408109413687505e-01
7.316123557478828587e-01
7.307964466019798433e-01
7.343136067031318381e-01
7.427944533461134924e-01
7.567691200336940094e-01
7.761526773364268994e-01
7.997065678324174476e-01
8.244026648478877117e-01
8.471267708883264413e-01
8.667401455027087254e-01
8.835745720457032215e-01
8.981694702861441337e-01
9.109054736395434393e-01
9.220591950289227512e-01
9.318211845678060490e-01
9.403728764839123233e-01
9.478455936926192260e-01
9.543797700474220269e-01
9.600764986709411364e-01
9.650474021567196914e-01
9.693724335747363474e-01
9.731348367687604473e-01
9.764042018978644766e-01
9.792338521986617694e-01
9.816927639041439502e-01
9.838231364090797015e-01
9.856740299462045662e-01
9.872824436776520551e-01
9.886769528695195097e-01
9.898953270246247937e-01
9.909589909047314960e-01
9.918867124715825545e-01
9.927037286526657622e-01
9.934244389482504989e-01
9.940606405031950921e-01
9.946271858925115339e-01
9.951352103987882725e-01
9.955918439350777138e-01
9.960043116904373495e-01
9.963803064848729685e-01
9.967257896394556838e-01
9.970441473510209818e-01
9.973383245278691911e-01
9.976120298483454052e-01
9.978681521908455698e-01
9.981089340581256186e-01
9.983361196246458569e-01
9.985508991804868950e-01
9.987541361028676734e-01
9.989467464182465450e-01
9.991295847422416720e-01
9.993033085584182018e-01
9.994684306292352938e-01
9.996253746942618257e-01
9.997745102362413094e-01
9.999161627033533728e-01
1.000050621504804838e+00
1.000178152284847855e+00
1.000299004039059581e+00
1.000413383027277447e+00
1.000521401849595593e+00
1.000623200054446604e+00
1.000719003679211738e+00
1.000809044923307800e+00
1.000893555346390906e+00
1.000972703234697336e+00
1.001046628131296634e+00
1.001115547342680268e+00
1.001179713946245498e+00
1.001239273641182370e+00
1.001294399884644193e+00
1.001345360858937106e+00
1.001392363606002700e+00
1.001435644006505976e+00
1.001475423774432993e+00
1.001511913488206007e+00
1.001545318441413812e+00
1.001575833216662881e+00
1.001603636814752285e+00
1.001628889198225902e+00
1.001651767036425777e+00
1.001672410748231101e+00
1.001690961106953548e+00
1.001707562849683653e+00
1.001722334888261345e+00
1.001735390690129179e+00
1.001746848676088320e+00
1.001756809967684125e+00
1.001765357854646377e+00
1.001772567535828218e+00
1.001778509738631584e+00
1.001783248457084330e+00
1.001786841414478380e+00
1.001789332214766848e+00
1.001790749721543028e+00
1.001791117053938196e+00
1.001790450905213792e+00
1.001788761316240395e+00
1.001786061802459438e+00
1.001782359130024558e+00
1.001777641140700226e+00
1.001771886342413875e+00
1.001765066054029374e+00
1.001757154224985014e+00
1.001748124117002092e+00
1.001737938773691328e+00
1.001726561495096535e+00
1.001713956378021519e+00
1.001700085668516760e+00
1.001684911549761914e+00
1.001668397450366621e+00
1.001650509493565933e+00
1.001631215862959001e+00
1.001610491506788270e+00
1.001588320872754956e+00
1.001564698064712156e+00
1.001539627273820399e+00
1.001513114950262962e+00
1.001485171512622729e+00
1.001455820998959467e+00
1.001425104944351663e+00
1.001393082507225030e+00
1.001359825806778847e+00
1.001325414432141958e+00
1.001289937878817815e+00
1.001253502406056262e+00
1.001216237165405865e+00
1.001178297763907210e+00
1.001139872765432592e+00
1.001101183637684411e+00
1.001062484200607727e+00
1.001024074419125220e+00
1.000986305946058641e+00
1.000949597788539425e+00
1.000914457942083668e+00
1.000881520967441540e+00
1.000851631040097001e+00
1.000825981638674422e+00
1.000806414033902136e+00
1.000796098127780365e+00
1.000801257642475628e+00
1.000836510889419495e+00
1.000947060866575589e+00
1.001356723201874965e+00
1.004246756995838874e+00
1.000584022734718470e+00
9.999735940235331411e-01
