1.000000000000000000e+00
9.999901552029181184e-01
9.999554697130915715e-01
9.998935304166136628e-01
9.998108536840100147e-01
9.997271668616392049e-01
9.996815631114360778e-01
9.997413000271188066e-01
1.000014121018965252e+00
1.000665379540907285e+00
1.001936904448349708e+00
1.004170121914792713e+00
1.007834573664237787e+00
1.013527446189005810e+00
1.021980322477257008e+00
1.034086704243457389e+00
1.050732741419138971e+00
1.072688353258529625e+00
1.100620685370868657e+00
1.134388009197718317e+00
1.172739275587540098e+00
1.214152042394052167e+00
1.256908637989181843e+00
1.299931290473499645e+00
1.344062657444787590e+00
1.383838643638241050e+00
1.406250793319129055e+00
1.406811666204671685e+00
1.388254737088455926e+00
1.354617221307679698e+00
1.310758263184022221e+00
1.261626345857088216e+00
1.209857644577631453e+00
1.157731225455119750e+00
1.108093511802465070e+00
1.061643341952516417e+00
1.018994467555142114e+00
9.813372800221028536e-01
9.481078767299894183e-01
9.189513214340703229e-01
8.937325571546672620e-01
8.714850868849775001e-01
8.517281988477503063e-01
8.339718841791753379e-01
8.175456591581224952e-01
8.024078043725382248e-01
7.882270057130162932e-01
7.747807756509595967e-01
7.624760059378721255e-01
7.515951234354245614e-01
7.426778938565508081e-01
7.362773217554586802e-01
7.329186213589676813e-01
7.333142873929325845e-01
7.380111567475302614e-01
7.474842612914069928e-01
7.618711039177472610e-01
7.806672125790861116e-01
8.024020919675804997e-01
8.246200764444626685e-01
8.453062884229927132e-01
8.636801689397876070e-01
8.798525143893406453e-01
8.941003260727402591e-01
9.066844712001846940e-01
9.178074188570722880e-01
9.276332696612482609e-01
9.363118620897517008e-01
9.439637124782066513e-01
9.507099543878949621e-01
9.566454177899111899e-01
9.618688641684698393e-01
9.664562356870058935e-01
9.704872681763745401e-01
9.740228087430922166e-01
9.771236882730505169e-01
9.798417225272907372e-01
9.822184456306576328e-01
9.843024373831227303e-01
9.861266133487359697e-01
9.877264835701352608e-01
9.891300533447009435e-01
9.903598825631506619e-01
9.914427173506272783e-01
9.923957589376569688e-01
9.932341444691433763e-01
9.939759655334496902e-01
9.946329532320816735e-01
9.952149943746735339e-01
9.957332502400082497e-01
9.961965276877909892e-01
9.966111600834797191e-01
9.969832661478150726e-01
9.973189828557650349e-01
9.976232982658078674e-01
9.978996160097608481e-01
9.981509343343711871e-01
9.983805193225766539e-01
9.985910607488670543e-01
9.987847803908813660e-01
9.989635249354282820e-01
9.991287467422748092e-01
9.992816370255787062e-01
9.994233411402068112e-01
9.995549044259877114e-01
9.996772052983170509e-01
9.997909899349077811e-01
9.998969081099456924e-01
9.999955370616311345e-01
1.000087391474210996e+00
1.000172931779721885e+00
1.000252574377441750e+00
1.000326698674324888e+00
1.000395635683029694e+00
1.000459642752893785e+00
1.000518971619612341e+00
1.000573902962765382e+00
1.000624704424753375e+00
1.000671628539041569e+00
1.000714879993571449e+00
1.000754635784067093e+00
1.000791104574148438e+00
1.000824504849908703e+00
1.000854987666936591e+00
1.000882711327802932e+00
1.000907878772850701e+00
1.000930653106935075e+00
1.000951207402295928e+00
1.000969701762462361e+00
1.000986285490001348e+00
1.001001100748805328e+00
1.001014280017376024e+00
1.001025943805484708e+00
1.001036199108564118e+00
1.001045159274350116e+00
1.001052915324121662e+00
1.001059556235635695e+00
1.001065171158180167e+00
1.001069833333340986e+00
1.001073611443210831e+00
1.001076575481982589e+00
1.001078784746170180e+00
1.001080287693165261e+00
1.001081127408743665e+00
1.001081343713231764e+00
1.001080972037731831e+00
1.001080043780504081e+00
1.001078582104664383e+00
1.001076601681932798e+00
1.001074113691630796e+00
1.001071125515575311e+00
1.001067640674578652e+00
1.001063664425144273e+00
1.001059198211055490e+00
1.001054233040895136e+00
1.001048754773932403e+00
1.001042745326128358e+00
1.001036188072920163e+00
1.001029066057000261e+00
1.001021356792415773e+00
1.001013038015703183e+00
1.001004087996797631e+00
1.000994484102865290e+00
1.000984203788013005e+00
1.000973225318926074e+00
1.000961528576335358e+00
1.000949094715158028e+00
1.000935908745729463e+00
1.000921961036346897e+00
1.000907247404380307e+00
1.000891769357478811e+00
1.000875529815173026e+00
1.000858534050942161e+00
1.000840794980528914e+00
1.000822335291114307e+00
1.000803187518914728e+00
1.000783391508627718e+00
1.000762991423155057e+00
1.000742037094692227e+00
1.000720587799075245e+00
1.000698715637598379e+00
1.000676507524905556e+00
1.000654068798256136e+00
1.000631523263400213e+00
1.000609013002059511e+00
1.000586706077166266e+00
1.000564799810296224e+00
1.000543529735422821e+00
1.000523182056060056e+00
1.000504115250495207e+00
1.000486807351879337e+00
1.000471935830361314e+00
1.000460547872776385e+00
1.000454448406873809e+00
1.000457183591082266e+00
1.000477085542556877e+00
1.000539923199515124e+00
1.000773328053729871e+00
1.002432016489876565e+00
1.000350117141856954e+00
9.999595193502049950e-01
