1.000000000000000000e+00
1.000000000025101032e+00
1.000000001290664908e+00
1.000000030785452187e+00
1.000000382715359404e+00
1.000002935913092195e+00
1.000015893740829664e+00
1.000066646623176903e+00
1.000230587882421585e+00
1.000687326582508918e+00
1.001818131243429777e+00
1.004351970378277725e+00
1.009527807584853276e+00
1.019120613779219919e+00
1.034975887388223326e+00
1.057697553244403066e+00
1.084955301929585003e+00
1.111178958808177963e+00
1.129813455140347145e+00
1.136455950286402006e+00
1.130268467547525191e+00
1.113266473023786229e+00
1.088783854080033864e+00
1.060210149902745647e+00
1.030313489234259361e+00
1.001043934229042920e+00
9.736172672554967988e-01
9.486924212088622133e-01
9.265469431686955692e-01
9.072171181340420443e-01
8.905979864722988193e-01
8.765092702347330178e-01
8.647351032180106145e-01
8.550490298895160324e-01
8.472305616931160577e-01
8.410735240995617090e-01
8.363896095206906356e-01
8.330092329672706963e-01
8.307809494461594335e-01
8.295699542042012098e-01
8.292562174328694802e-01
8.297329935396904332e-01
8.309055878348132751e-01
8.326900851812034654e-01
8.350121315052452253e-01
8.378058141516032675e-01
8.410126537596420704e-01
8.445806569295482014e-01
8.484634628007445833e-01
8.526196808710552189e-01
8.570132014051081715e-01
8.616160620035933082e-01
8.664023400101983352e-01
8.713452106650277917e-01
8.764205634801341960e-01
8.816067001305541995e-01
8.868840483454680790e-01
8.922349251747891952e-01
8.976433465557077662e-01
9.030948541991137279e-01
9.085763582048785869e-01
9.140759952987479453e-01
9.195830008921839216e-01
9.250875947620554873e-01
9.305808699104349824e-01
9.360546934345023162e-01
9.415016298205757250e-01
9.469148736180011960e-01
9.522881880835583068e-01
9.576158488806353342e-01
9.628925929926808180e-01
9.681135722218692230e-01
9.732743118744091593e-01
9.783706699991990829e-01
9.833988009555367782e-01
9.883551288553660275e-01
9.932363251641821433e-01
9.980392884670499232e-01
1.002761125969339862e+00
1.007399136850328336e+00
1.011950796991548884e+00
1.016413745160429816e+00
1.020785770495078015e+00
1.025064798847215464e+00
1.029248881288731265e+00
1.033336187474193757e+00
1.037324999850573359e+00
1.041213707816031508e+00
1.045000802177480148e+00
1.048684869920810891e+00
1.052264589767748282e+00
1.055738728384094882e+00
1.059106137366118805e+00
1.062365750780077889e+00
1.065516582617529906e+00
1.068557725487786048e+00
1.071488350841686810e+00
1.074307709017565671e+00
1.077015129016478667e+00
1.079610018305790398e+00
1.082091862365399670e+00
1.084460224178541266e+00
1.086714743677667627e+00
1.088855137389191929e+00
1.090881198075162484e+00
1.092792794592027272e+00
1.094589871913684620e+00
1.096272451274812987e+00
1.097840630923065497e+00
1.099294587462443351e+00
1.100634577284519633e+00
1.101860937809236107e+00
1.102974088658633445e+00
1.103974532650762397e+00
1.104862856675214999e+00
1.105639732196035840e+00
1.106305915370912274e+00
1.106862246660019977e+00
1.107309650038013515e+00
1.107649132025096961e+00
1.107881781084425921e+00
1.108008767462344002e+00
1.108031343515337053e+00
1.107950844403028601e+00
1.107768688836754833e+00
1.107486379516743336e+00
1.107105503534665081e+00
1.106627732853551205e+00
1.106054824509325574e+00
1.105388620718481985e+00
1.104631048938848004e+00
1.103784121880121427e+00
1.102849937348423959e+00
1.101830678063890456e+00
1.100728611582694416e+00
1.099546090326571468e+00
1.098285551417698569e+00
1.096949516144922532e+00
1.095540589035603363e+00
1.094061456756332040e+00
1.092514887091528886e+00
1.090903727972287962e+00
1.089230906263787713e+00
1.087499426235764677e+00
1.085712367863341132e+00
1.083872885142330045e+00
1.081984204339353939e+00
1.080049621957726691e+00
1.078072502407132705e+00
1.076056275497298653e+00
1.074004433801936109e+00
1.071920529777227848e+00
1.069808172427527904e+00
1.067671023328657931e+00
1.065512792038747936e+00
1.063337231000131000e+00
1.061148129991434486e+00
1.058949309973418851e+00
1.056744616200229858e+00
1.054537910610091167e+00
1.052333063600676910e+00
1.050133945243441502e+00
1.047944415949706443e+00
1.045768316602283088e+00
1.043609458133573753e+00
1.041471610585458007e+00
1.039358491688318509e+00
1.037273754972591222e+00
1.035220977356553718e+00
1.033203646282724542e+00
1.031225146444693985e+00
1.029288746251966202e+00
1.027397584177221601e+00
1.025554655296353701e+00
1.023762798245823280e+00
1.022024682778504889e+00
1.020342797999832074e+00
1.018719441613067822e+00
1.017156710597090674e+00
1.015656493573470431e+00
1.014220465205401656e+00
1.012850082938754781e+00
1.011546586488148991e+00
1.010311000436030060e+00
1.009144140331151407e+00
1.008046622578037121e+00
1.007018878516036997e+00
1.006061172993651720e+00
1.005173627547261583e+00
1.004356248296944809e+00
1.003608958517049121e+00
1.002931635732190241e+00
1.002324153062720047e+00
1.001786424424890853e+00
1.001318452990894281e+00
1.000920382137619358e+00
1.000592548002513293e+00
1.000335532629564872e+00
1.000150216594698938e+00
1.000056699418709227e+00
1.000000000000000000e+00
