1.000000000000000000e+00
9.999999999871026501e-01
9.999999993368240414e-01
9.999999841816792356e-01
9.999998033515385965e-01
9.999984914787153345e-01
9.999918344364845391e-01
9.999657781324892136e-01
9.998818321502798145e-01
9.996498752987288405e-01
9.990882076036919912e-01
9.978959694256935853e-01
9.957466458751043081e-01
9.927833061842542550e-01
9.908656177966123080e-01
9.951379574822528662e-01
1.013554487834073425e+00
1.052080101120824285e+00
1.108668077785547768e+00
1.172466905306755791e+00
1.228852389868806849e+00
1.265391982615582833e+00
1.275304868644105305e+00
1.258048014589376873e+00
1.217828979149025770e+00
1.161271074928245328e+00
1.095369277880768655e+00
1.026151132104119679e+00
9.580982614784419038e-01
8.941350331090245351e-01
8.359079521094507914e-01
7.841390279898644566e-01
7.389319407420048558e-01
7.000168887518823935e-01
6.669354167143743961e-01
6.391531439592479380e-01
6.161246146256181833e-01
5.973280655826302965e-01
5.822821149546920649e-01
5.705507363847288627e-01
5.617420661298750950e-01
5.555068279226703654e-01
5.515364283766723830e-01
5.495595565746759226e-01
5.493382669108111127e-01
5.506640762284069623e-01
5.533543069850319629e-01
5.572484911107654648e-01
5.622050848942395929e-01
5.680969925647975094e-01
5.748244954756678293e-01
5.823063867030182639e-01
5.904606807330554652e-01
5.992108750174853782e-01
6.084892991159521758e-01
6.182360022828100599e-01
6.283976895522699335e-01
6.389268886629149158e-01
6.497813316858139787e-01
6.609233930534960111e-01
6.723195775222469139e-01
6.839400600142097053e-01
6.957582698752736716e-01
7.077505210764362120e-01
7.198956310284603255e-01
7.321745801790027208e-01
7.445702747781328679e-01
7.570673418209034056e-01
7.696519386993065925e-01
7.823115739302652916e-01
7.950349413925160702e-01
8.078117657804771978e-01
8.206326642786793135e-01
8.334889975405593843e-01
8.463727336617923314e-01
8.592763604236943742e-01
8.721928133187827337e-01
8.851154082866846684e-01
8.980377772857469632e-01
9.109538081314135782e-01
9.238575862190756549e-01
9.367433392307893403e-01
9.496053843596190536e-01
9.624380622441964794e-01
9.752356796290807539e-01
9.879924797007206827e-01
1.000702614709228389e+00
1.013360115190208077e+00
1.025958858297086884e+00
1.038492535592099530e+00
1.050954623937417676e+00
1.063338358965683517e+00
1.075636712534219663e+00
1.087842372976065786e+00
1.099947723855057680e+00
1.111944831386986188e+00
1.123825443514512523e+00
1.135580988456356355e+00
1.147202572205447968e+00
1.158680977372318566e+00
1.170006661355038613e+00
1.181169755542658573e+00
1.192160065817482684e+00
1.202967076570895966e+00
1.213579956833816142e+00
1.223987570634930577e+00
1.234178491383794096e+00
1.244141020247374385e+00
1.253863212951674022e+00
1.263332915369264287e+00
1.272537803830017022e+00
1.281465427845684069e+00
1.290103256248857244e+00
1.298438725698121354e+00
1.306459291934773059e+00
1.314152481258236804e+00
1.321505941756786928e+00
1.328507492672276635e+00
1.335145172485755705e+00
1.341407287306494611e+00
1.347282464522490564e+00
1.352759712260299230e+00
1.357828484968458094e+00
1.362478753665525177e+00
1.366701077457179503e+00
1.370486672041848264e+00
1.373827477400142882e+00
1.376716225164761109e+00
1.379146501505890354e+00
1.381112806736309206e+00
1.382610611582497206e+00
1.383636409527655209e+00
1.384187763534583171e+00
1.384263348134214588e+00
1.383862987943892620e+00
1.382987692371622224e+00
1.381639683047130251e+00
1.379822411861140186e+00
1.377540569174396268e+00
1.374800084581594639e+00
1.371608123089255615e+00
1.367973076650491615e+00
1.363904548145869144e+00
1.359413327309718644e+00
1.354511360668270603e+00
1.349211718077889088e+00
1.343528555585135953e+00
1.337477072787517818e+00
1.331073465221900287e+00
1.324334873838745708e+00
1.317279332828399818e+00
1.309925715235513266e+00
1.302293674740289786e+00
1.294403582153805576e+00
1.286276457656639005e+00
1.277933900633778874e+00
1.269398018426091790e+00
1.260691352800268561e+00
1.251836803189892322e+00
1.242857547321833733e+00
1.233776960815657464e+00
1.224618536674672464e+00
1.215405805010198792e+00
1.206162253244237537e+00
1.196911246537500695e+00
1.187675948692689776e+00
1.178479243673274501e+00
1.169343657462244002e+00
1.160291279025889688e+00
1.151343680483465359e+00
1.142521836065049534e+00
1.133846040501781394e+00
1.125335827286362500e+00
1.117009889006145285e+00
1.108886000792244753e+00
1.100980947260220111e+00
1.093310452000322286e+00
1.085889111422772002e+00
1.078730335772691395e+00
1.071846298093009020e+00
1.065247892877364766e+00
1.058944705773551487e+00
1.052944996848188763e+00
1.047255699631892467e+00
1.041882438575465919e+00
1.036829566686602755e+00
1.032100226742572735e+00
1.027696438808046508e+00
1.023619214945604705e+00
1.019868702628792034e+00
1.016444357149501876e+00
1.013345142714443092e+00
1.010569761119985310e+00
1.008116906190657858e+00
1.005985540457891902e+00
1.004175189080178665e+00
1.002686245260848930e+00
1.001520280274133867e+00
1.000680350451124578e+00
1.000257121046956854e+00
1.000000000000000000e+00
