1.000000000000000000e+00
9.999999999560537089e-01
9.999999977402856954e-01
9.999999461004008827e-01
9.999993299367067046e-01
9.999948597957323271e-01
9.999721745312857291e-01
9.998833477358853861e-01
9.995967458412912121e-01
9.988010982099304602e-01
9.968497995340405149e-01
9.925751170543601898e-01
9.842645427724574514e-01
9.703639206525133121e-01
9.517716336713623049e-01
9.354142575874385690e-01
9.350905553778602330e-01
9.645366737679458291e-01
1.026592173537146380e+00
1.109801841281764068e+00
1.194849594930912362e+00
1.263226275053173975e+00
1.302625194497636807e+00
1.308588569654896672e+00
1.283429300939660900e+00
1.233740559940114778e+00
1.167803632483184861e+00
1.093537793594706820e+00
1.017324076710495628e+00
9.436520441559543837e-01
8.752929333950864033e-01
8.136886284699814675e-01
7.593460669629802373e-01
7.121800135895602901e-01
6.717832698649595091e-01
6.375973671734385118e-01
6.090141664949905165e-01
5.854326930750396452e-01
5.662884082450783119e-01
5.510645012755184258e-01
5.392934345830074916e-01
5.305569929609260660e-01
5.244852192136530977e-01
5.207529170969181775e-01
5.190751927195550453e-01
5.192028395199131952e-01
5.209179337178085900e-01
5.240294358319389501e-01
5.283691502941230134e-01
5.337865848964362669e-01
5.401630677355315768e-01
5.474010977355845409e-01
5.554034708497717077e-01
5.640804990457474188e-01
5.733530993791717822e-01
5.831514362170445720e-01
5.934136202465691845e-01
6.040847006210737780e-01
6.151159290688483772e-01
6.264640910225949266e-01
6.380908960082959380e-01
6.499624303566001737e-01
6.620486630458671806e-01
6.743230070789837383e-01
6.867618625258823384e-01
6.993442090744886874e-01
7.120513291692440738e-01
7.248665701635991221e-01
7.377751231534144249e-01
7.507638140180901143e-01
7.638209100174999655e-01
7.769359391381840396e-01
7.900995288347752998e-01
8.033032292936653773e-01
8.165393520675391370e-01
8.298008700772011581e-01
8.430813369715979277e-01
8.563748115480318557e-01
8.696757848502232324e-01
8.829791118496533864e-01
8.962799446275142579e-01
9.095736685063475768e-01
9.228558405202134107e-01
9.361221094535637777e-01
9.493681462475688226e-01
9.625896097028047160e-01
9.757821142588778418e-01
9.889411923398738757e-01
1.002062254488268245e+00
1.015140547677851446e+00
1.028171116555717246e+00
1.041148766881274890e+00
1.054068032992003801e+00
1.066923147681339001e+00
1.079708008731499191e+00
1.092416155588020077e+00
1.105040760205483252e+00
1.117574615844937780e+00
1.130010123068958316e+00
1.142339276081244304e+00
1.154553646670136935e+00
1.166644368011908961e+00
1.178602118679435984e+00
1.190417109867116796e+00
1.202079073981224822e+00
1.213577257538081211e+00
1.224900418186149587e+00
1.236036825957232521e+00
1.246974274956185624e+00
1.257700106251668171e+00
1.268201236667305887e+00
1.278464190559784663e+00
1.288475136188317327e+00
1.298219925510369244e+00
1.307684138210227109e+00
1.316853126749810698e+00
1.325712062072315067e+00
1.334245977973803621e+00
1.342439815227923550e+00
1.350278467952874983e+00
1.357746839500240554e+00
1.364829909018930199e+00
1.371512809551844514e+00
1.377780915970535425e+00
1.383619938287493412e+00
1.389016014489811157e+00
1.393955806158421629e+00
1.398426597663375626e+00
1.402416393084720436e+00
1.405914012510564914e+00
1.408909187559905352e+00
1.411392655118656636e+00
1.413356246656994220e+00
1.414792974248113122e+00
1.415697114506980769e+00
1.416064289733373061e+00
1.415891540858890796e+00
1.415177388641736700e+00
1.413921881949061099e+00
1.412126636052101425e+00
1.409794864594560826e+00
1.406931404685989540e+00
1.403542730428491314e+00
1.399636953692094288e+00
1.395223814745781166e+00
1.390314666182826953e+00
1.384922449454803806e+00
1.379061661110522197e+00
1.372748309324883564e+00
1.365999863615327437e+00
1.358835199556166495e+00
1.351274537667557674e+00
1.343339374145317011e+00
1.335052401381262133e+00
1.326437419926258521e+00
1.317519244810424928e+00
1.308323608394350579e+00
1.298877058230628823e+00
1.289206848798708949e+00
1.279340828289918131e+00
1.269307323068523230e+00
1.259135021442631119e+00
1.248852857515312831e+00
1.238489895722819423e+00
1.228075215903737583e+00
1.217637799456303682e+00
1.207206416944421212e+00
1.196809516856923938e+00
1.186475113757359923e+00
1.176230675996707831e+00
1.166103012343439049e+00
1.156118158411283181e+00
1.146301263407119464e+00
1.136676480290529589e+00
1.127266860663408643e+00
1.118094254661044396e+00
1.109179214102187006e+00
1.100540901188970633e+00
1.092197006506179013e+00
1.084163676998161741e+00
1.076455456002319844e+00
1.069085236824768081e+00
1.062064233045712625e+00
1.055401968310930139e+00
1.049106289000051762e+00
1.043183401917096020e+00
1.037637941638976269e+00
1.032473071252087315e+00
1.027690617565081288e+00
1.023291242948450419e+00
1.019274654285069026e+00
1.015639848795439226e+00
1.012385395483848871e+00
1.009509750094189640e+00
1.007011599101936827e+00
1.004890226245663376e+00
1.003145894157403850e+00
1.001780232081089350e+00
1.000796619643896213e+00
1.000301182462847382e+00
1.000000000000000000e+00
