1.000000000000000000e+00
9.999999999612846358e-01
9.999999980092555418e-01
9.999999525159645186e-01
9.999994096930324705e-01
9.999954716262977605e-01
9.999754866390735408e-01
9.998972347713325215e-01
9.996447739156651968e-01
9.989440869235659548e-01
9.972268655215349442e-01
9.934712739087901978e-01
9.861976374456675742e-01
9.741353052531447343e-01
9.583379689756337250e-01
9.454204169064918117e-01
9.481914352728737505e-01
9.791038816714412452e-01
1.040235247878873670e+00
1.120281362449718321e+00
1.200705825230648616e+00
1.263959309251984520e+00
1.298593541364917892e+00
1.300766298817967792e+00
1.273103802749778302e+00
1.222223860844768195e+00
1.156217401925736077e+00
1.082706029426330208e+00
1.007763394100924748e+00
9.356215788798467603e-01
8.688651100233371061e-01
8.088159670967222103e-01
7.559141008892152902e-01
7.100439896020672714e-01
6.707904436861638064e-01
6.375994989177702355e-01
6.098738210552844263e-01
5.870258465283932914e-01
5.685049713603494981e-01
5.538078197965605742e-01
5.424793650546303470e-01
5.341127304089815508e-01
5.283480010943227834e-01
5.248687577524276948e-01
5.233977194219573414e-01
5.236922554841525468e-01
5.255401114278441810e-01
5.287551481990286906e-01
5.331734303191923985e-01
5.386481947302322881e-01
5.450638049412126485e-01
5.523253648924412174e-01
5.603380800127066852e-01
5.690143448076956378e-01
5.782768745242403696e-01
5.880573875426782227e-01
5.982953432471926902e-01
6.089369625197218472e-01
6.199345105621015817e-01
6.312456450619348125e-01
6.428328221481701688e-01
6.546627629967565198e-01
6.667059721781929404e-01
6.789363099900881382e-01
6.913305477076272521e-01
7.038679709198956136e-01
7.165301088481954572e-01
7.293005015679262515e-01
7.421644836205425477e-01
7.551089796780530161e-01
7.681223154465894876e-01
7.811940410845924498e-01
7.943147734983693198e-01
8.074760239875951040e-01
8.206700408712697126e-01
8.338897112695352609e-01
8.471284816453600319e-01
8.603802833525324711e-01
8.736394608911240978e-01
8.869007046931368654e-01
9.001589854724383333e-01
9.134094915271008253e-01
9.266475684062053242e-01
9.398686410114813761e-01
9.530681457820302516e-01
9.662414968769353907e-01
9.793840544632456124e-01
9.924910879076737080e-01
1.005557736974363570e+00
1.018578971412939849e+00
1.031549553500090477e+00
1.044464002840060024e+00
1.057316565183454404e+00
1.070101183724729843e+00
1.082811467372631453e+00
1.095440668919162475e+00
1.107981676962755735e+00
1.120427006055963348e+00
1.132768784367175208e+00
1.144998741881029458e+00
1.157108196525306942e+00
1.169088040393060579e+00
1.180928726398466244e+00
1.192620258248357601e+00
1.204152181962426349e+00
1.215513581749858796e+00
1.226693080061956653e+00
1.237678841908692373e+00
1.248458589350776693e+00
1.259019626865069741e+00
1.269348872497801484e+00
1.279432891998282695e+00
1.289257937436554480e+00
1.298809989160427447e+00
1.308074801825766409e+00
1.317037951403362550e+00
1.325684882773361162e+00
1.334000955979767422e+00
1.341971492137652433e+00
1.349581821317165087e+00
1.356817339271747969e+00
1.363663574044047033e+00
1.370106263194925234e+00
1.376131439981893800e+00
1.381725524189376664e+00
1.386875412006828734e+00
1.391568568012785834e+00
1.395793119983686381e+00
1.399537950948104292e+00
1.402792790041765825e+00
1.405548302009836936e+00
1.407796174401888312e+00
1.409529199977658909e+00
1.410741355410380926e+00
1.411427877471558290e+00
1.411585336059750118e+00
1.411211699011712728e+00
1.410306385395846407e+00
1.408870306262719696e+00
1.406905895695419462e+00
1.404417135693591945e+00
1.401409574445310335e+00
1.397890333626329751e+00
1.393868103683546522e+00
1.389353129636793360e+00
1.384357190710119534e+00
1.378893573200184797e+00
1.372977033890171894e+00
1.366623754604529672e+00
1.359851290673000923e+00
1.352678515034572593e+00
1.345125557218078249e+00
1.337213735003486059e+00
1.328965476829078396e+00
1.320404236493706529e+00
1.311554402885122483e+00
1.302441206758477410e+00
1.293090623100622283e+00
1.283529267973901877e+00
1.273784290912115980e+00
1.263883265304225567e+00
1.253854078265213889e+00
1.243724820679976029e+00
1.233523677953979547e+00
1.223278821288220408e+00
1.213018299972182357e+00
1.202769935007520941e+00
1.192561213762516115e+00
1.182419183980973010e+00
1.172370347298953952e+00
1.162440551658890486e+00
1.152654883455256574e+00
1.143037559916166179e+00
1.133611824652535294e+00
1.124399847643776651e+00
1.115422629950708844e+00
1.106699911557733840e+00
1.098250084552330197e+00
1.090090115229738643e+00
1.082235475824829818e+00
1.074700087897044298e+00
1.067496278839663137e+00
1.060634754589070416e+00
1.054124591203879469e+00
1.047973248578545347e+00
1.042186608379085166e+00
1.036769040624295757e+00
1.031723502471750376e+00
1.027051670266991401e+00
1.022754106896419657e+00
1.018830464895447374e+00
1.015279725062160354e+00
1.012100469343842235e+00
1.009291185930116796e+00
1.006850602237206127e+00
1.004778039538841705e+00
1.003073782087664956e+00
1.001739452073626246e+00
1.000778380786749633e+00
1.000294268518716834e+00
1.000000000000000000e+00
