1.000000000000000000e+00
1.000000000027438496e+00
1.000000001410909611e+00
1.000000033653579479e+00
1.000000418371112865e+00
1.000003209445394114e+00
1.000017374807259385e+00
1.000072862840008403e+00
1.000252167866608977e+00
1.000752306155022087e+00
1.001994515717830714e+00
1.004798945601728777e+00
1.010618715442357818e+00
1.021732998260041381e+00
1.041069278840859091e+00
1.071075838570698213e+00
1.111457991861454442e+00
1.157196321328987754e+00
1.199252072829105176e+00
1.228106160906493605e+00
1.237391024091492708e+00
1.225433012729588489e+00
1.194692245042869416e+00
1.150113566491967942e+00
1.097327097345707436e+00
1.041339274087941691e+00
9.859467873792213677e-01
9.336695465737285815e-01
8.859531465976733244e-01
8.434564373375971202e-01
8.063189838495545825e-01
7.743668624262747269e-01
7.472504821004638531e-01
7.245377970324988759e-01
7.057781596820602577e-01
6.905366296094648249e-01
6.784105820299637379e-01
6.690361537128127756e-01
6.620891336853614861e-01
6.572823785593919776e-01
6.543617153411253051e-01
6.531026898952457804e-01
6.533078756178197777e-01
6.548039281965227776e-01
6.574387050099314012e-01
6.610786088139460892e-01
6.656062047462405484e-01
6.709179705283182527e-01
6.769222787779788364e-01
6.835363845585229470e-01
6.906946345590208036e-01
6.983449803659821375e-01
7.064345965633410662e-01
7.149123765731961733e-01
7.237327420056980376e-01
7.328549656285197056e-01
7.422425278239068724e-01
7.518626013746179115e-01
7.616856558467099969e-01
7.716850984992023044e-01
7.818369476797324413e-01
7.921195391191856450e-01
8.025132607068002910e-01
8.130003160458774136e-01
8.235644867316592732e-01
8.341909200746494557e-01
8.448659741222025454e-01
8.555770827091043751e-01
8.663126311943224467e-01
8.770618407766473945e-01
8.878146624433445044e-01
8.985616792044996970e-01
9.092940189965771358e-01
9.200032644855707931e-01
9.306813717351311022e-01
9.413206154180628893e-01
9.519135437754929763e-01
9.624529375927428632e-01
9.729317721745733838e-01
9.833431829802186108e-01
9.936804336809164084e-01
1.003936887146727353e+00
1.014105979100841548e+00
1.024181186698649437e+00
1.034156002864073498e+00
1.044023925506339712e+00
1.053778448998952788e+00
1.063413055127594875e+00
1.072921204738285450e+00
1.082296330240072546e+00
1.091531830670568359e+00
1.100621069011920916e+00
1.109557372336577030e+00
1.118334034139494060e+00
1.126944316765279508e+00
1.135381458581386838e+00
1.143638687096010464e+00
1.151709232200299082e+00
1.159586339207927974e+00
1.167263282715362172e+00
1.174733380256143045e+00
1.181990006426836048e+00
1.189026607486365128e+00
1.195836717280107875e+00
1.202413973716933038e+00
1.208752136568249202e+00
1.214845106338631631e+00
1.220686944004636176e+00
1.226271893373505506e+00
1.231594405979375084e+00
1.236649166566028857e+00
1.241431118005530410e+00
1.245935485972979206e+00
1.250157802817877917e+00
1.254093930716192462e+00
1.257740082977545359e+00
1.261092843296925281e+00
1.264149182290667639e+00
1.266906471596048078e+00
1.269362496234015758e+00
1.271515467286360668e+00
1.273364035124597393e+00
1.274907303327712960e+00
1.276144842760164044e+00
1.277076704531893148e+00
1.277703430298203324e+00
1.278026060953389331e+00
1.278046144121882666e+00
1.277765738999791401e+00
1.277187419267819646e+00
1.276314274278606220e+00
1.275149908525920139e+00
1.273698438967030722e+00
1.271964490815963966e+00
1.269953192423724397e+00
1.267670169347425935e+00
1.265121536465930285e+00
1.262313887521369526e+00
1.259254282087295840e+00
1.255950231006276674e+00
1.252409681468512170e+00
1.248641001766328529e+00
1.244652964663199635e+00
1.240454729209655937e+00
1.236055821769688867e+00
1.231466117180617825e+00
1.226695819869769943e+00
1.221755444162528681e+00
1.216655793875511815e+00
1.211407941838175351e+00
1.206023209673044994e+00
1.200513147478174281e+00
1.194889512661321929e+00
1.189164247238605254e+00
1.183349453822918784e+00
1.177457370828059569e+00
1.171500347217511173e+00
1.165490816208332392e+00
1.159441267443270585e+00
1.153364217728978458e+00
1.147272180806194530e+00
1.141177636386613958e+00
1.135092998497116534e+00
1.129030583156150680e+00
1.123002575246382806e+00
1.117020994654095434e+00
1.111097661729631314e+00
1.105244161996543850e+00
1.099471809714587467e+00
1.093791610416623206e+00
1.088214222379892737e+00
1.082749917408680540e+00
1.077408541261000607e+00
1.072199474724028434e+00
1.067131595951539280e+00
1.062213244464860651e+00
1.057452186771368208e+00
1.052855584579833748e+00
1.048429966979643746e+00
1.044181207233356057e+00
1.040114505195189443e+00
1.036234376237744614e+00
1.032544647982753139e+00
1.029048466013916308e+00
1.025748309873386166e+00
1.022646020296121394e+00
1.019742839168073845e+00
1.017039463385219777e+00
1.014536113048033261e+00
1.012232614552960541e+00
1.010128498597617774e+00
1.008223112784140341e+00
1.006515748091153295e+00
1.005005778103587710e+00
1.003692809152572973e+00
1.002576838871739762e+00
1.001658420301816843e+00
1.000938828175653716e+00
1.000420223675203113e+00
1.000158688361320936e+00
1.000000000000000000e+00
