1.000000000000000000e+00
1.000000000004924505e+00
1.000000000253276955e+00
1.000000006041256828e+00
1.000000075103155028e+00
1.000000576153059040e+00
1.000003119699274023e+00
1.000013095152238352e+00
1.000045478198448023e+00
1.000137091125627764e+00
1.000373101209767635e+00
1.000950326431770732e+00
1.002338461762282806e+00
1.005657921942575195e+00
1.013329709059316963e+00
1.029486188571456795e+00
1.058686523182673422e+00
1.102240480406650791e+00
1.154970030103960710e+00
1.206201784667331189e+00
1.244258027451744741e+00
1.260763594857073677e+00
1.252645367606242122e+00
1.221845044081391940e+00
1.173571367392919784e+00
1.114199533541536447e+00
1.049707290841487728e+00
9.848356345114451793e-01
9.228661225863133977e-01
8.657794936665061947e-01
8.145656943028668495e-01
7.695364580905602603e-01
7.305707130423271245e-01
6.972995397888352986e-01
6.692412528583159270e-01
6.458809532728828628e-01
6.267144943158456938e-01
6.112707093328400010e-01
5.991209124530120222e-01
5.898802292408091841e-01
5.832047994724707252e-01
5.787892378982218977e-01
5.763642196069287404e-01
5.756931162358353005e-01
5.765683819041725888e-01
5.788080613154527043e-01
5.822525718386688531e-01
5.867615842018434336e-01
5.922111910676725044e-01
5.984898691633449008e-01
6.055102789654985829e-01
6.132018703056826281e-01
6.214928925891853861e-01
6.303157446461143953e-01
6.396104887675111428e-01
6.493238941898245020e-01
6.594085237567410829e-01
6.698220137212418379e-01
6.805265333818775186e-01
6.914882940913945619e-01
7.026771020109161547e-01
7.140659559473858664e-01
7.256306839016851695e-01
7.373496193780103569e-01
7.492032701420718865e-01
7.611740222079408369e-01
7.732459301952415709e-01
7.854045354787810851e-01
7.976366976369744233e-01
8.099304361125636564e-01
8.222747840006341402e-01
8.346596520124728302e-01
8.470757066505623101e-01
8.595142405150842935e-01
8.719670541208830450e-01
8.844263780261125696e-01
8.968848085558166483e-01
9.093352480157409490e-01
9.217708478422310669e-01
9.341849558428557687e-01
9.465710655773903470e-01
9.589227687723232973e-01
9.712337103929764570e-01
9.834975335667170970e-01
9.957078322638930334e-01
1.007858127066198373e+00
1.019941843365494982e+00
1.031952287401193047e+00
1.043882622201287580e+00
1.055725843731747604e+00
1.067474760206016837e+00
1.079121974138335105e+00
1.090659868263567089e+00
1.102080594365427935e+00
1.113376061568883690e+00
1.124537932224005443e+00
1.135557627712175499e+00
1.146426334387793622e+00
1.157135009224235844e+00
1.167674387063509123e+00
1.178034987836342529e+00
1.188207125081904181e+00
1.198180915936230218e+00
1.207946294283429589e+00
1.217493025896294823e+00
1.226810727147882973e+00
1.235888887044986006e+00
1.244716892445882017e+00
1.253284059823547736e+00
1.261579673698262738e+00
1.269593028414173208e+00
1.277313471320630667e+00
1.284730448023621907e+00
1.291833548763706263e+00
1.298612556104878912e+00
1.305057491857012586e+00
1.311158662781034767e+00
1.316906703744974649e+00
1.322292618716835344e+00
1.327307820752545942e+00
1.331944174716278351e+00
1.336194043071562865e+00
1.340050334900319662e+00
1.343506556982550837e+00
1.346556864310993751e+00
1.349196106803321582e+00
1.351419873933458859e+00
1.353224537735997490e+00
1.354607291098187227e+00
1.355566182381164220e+00
1.356100146455262223e+00
1.356209031848984115e+00
1.355893622888268757e+00
1.355155657745551911e+00
1.353997843368426102e+00
1.352423867276439040e+00
1.350438403796901277e+00
1.348047113335142821e+00
1.345256634532144835e+00
1.342074571266646199e+00
1.338509476783042551e+00
1.334570835020893131e+00
1.330269037073403604e+00
1.325615352495139065e+00
1.320621897072252526e+00
1.315301599028965818e+00
1.309668163481243264e+00
1.303736033784005599e+00
1.297520350150600743e+00
1.291036907042278026e+00
1.284302110215285175e+00
1.277332932939444721e+00
1.270146870107534465e+00
1.262761889074315302e+00
1.255196377897415339e+00
1.247469092254922085e+00
1.239599101912506995e+00
1.231605735746363672e+00
1.223508524516659701e+00
1.215327141747111206e+00
1.207081343790563199e+00
1.198790909671782146e+00
1.190475580880387518e+00
1.182155001226805169e+00
1.173848656518325484e+00
1.165575814198065663e+00
1.157355463023378439e+00
1.149206252568710562e+00
1.141146431646298698e+00
1.133193785742833359e+00
1.125365573205696190e+00
1.117678460715540334e+00
1.110148458449138342e+00
1.102790856658246499e+00
1.095620164553937403e+00
1.088650051912955385e+00
1.081893292870661050e+00
1.075361713410692976e+00
1.069066144820625341e+00
1.063016383895845296e+00
1.057221161395234699e+00
1.051688119978502645e+00
1.046423803703963262e+00
1.041433660946608164e+00
1.036722062887396101e+00
1.032292339071966270e+00
1.028146832704399660e+00
1.024286977812759014e+00
1.020713399022782797e+00
1.017426035077838575e+00
1.014424286284382859e+00
1.011707185553067934e+00
1.009273592038424816e+00
1.007122405784338648e+00
1.005252800450738393e+00
1.003664470040559253e+00
1.002357884931932341e+00
1.001334551623155100e+00
1.000597269997317573e+00
1.000225659978231096e+00
1.000000000000000000e+00
