1.000000000000000000e+00
1.000000000019069857e+00
1.000000000980556081e+00
1.000000023388607495e+00
1.000000290760029387e+00
1.000002230498255651e+00
1.000012074913911420e+00
1.000050632849987853e+00
1.000175176988824743e+00
1.000522109972964424e+00
1.001380746258614174e+00
1.003303057388620800e+00
1.007222316352258229e+00
1.014458954900833820e+00
1.026338057746318588e+00
1.043164386341263850e+00
1.062972975611780280e+00
1.081451937490045756e+00
1.093821638565064536e+00
1.097185097023217759e+00
1.091364571447385856e+00
1.078140627438777255e+00
1.060034372389607071e+00
1.039432998897259042e+00
1.018194204041763973e+00
9.975804646619826910e-01
9.783560698826628821e-01
9.609229468044760969e-01
9.454412301127987917e-01
9.319204174272320840e-01
9.202824733091107268e-01
9.104027659838950237e-01
9.021345772407524111e-01
8.953245598809934647e-01
8.898230864787766148e-01
8.854895782323700670e-01
8.821948721179452280e-01
8.798218939857845866e-01
8.782654053254803639e-01
8.774311411198838506e-01
8.772346865847803210e-01
8.776005684259415851e-01
8.784614915133195368e-01
8.797575358546686486e-01
8.814353749604186827e-01
8.834475481185587453e-01
8.857517974383755099e-01
8.883104392338267985e-01
8.910897928716600136e-01
8.940597312324243262e-01
8.971936813382246356e-01
9.004712205295866134e-01
9.038736206500541659e-01
9.073812946095132226e-01
9.109766353730130994e-01
9.146438047974303487e-01
9.183685331591801004e-01
9.221379511592971978e-01
9.259404525643952777e-01
9.297655689045698502e-01
9.336038552414820391e-01
9.374467869374502049e-01
9.412866662461506495e-01
9.451165385512527717e-01
9.489301115352676286e-01
9.527216828759755840e-01
9.564860830485852894e-01
9.602186248096498122e-01
9.639150571272586676e-01
9.675715229224313152e-01
9.711845206744029735e-01
9.747508694429725118e-01
9.782676776427768894e-01
9.817323125983454801e-01
9.851423732332013072e-01
9.884956693528710314e-01
9.917902038553435551e-01
9.950241565778408237e-01
9.981958694832114842e-01
1.001303833237726648e+00
1.004346674859290633e+00
1.007323146468055874e+00
1.010232115026270749e+00
1.013072551528487741e+00
1.015843521696070395e+00
1.018544179836022634e+00
1.021173763341792551e+00
1.023731587268165155e+00
1.026217039192796499e+00
1.028629574367092570e+00
1.030968711444232078e+00
1.033234028693993167e+00
1.035425160776298759e+00
1.037541795929306732e+00
1.039583673174907741e+00
1.041550580352175626e+00
1.043442353153258395e+00
1.045258874105722935e+00
1.047000071444108560e+00
1.048665918054836110e+00
1.050256430319071344e+00
1.051771666977584729e+00
1.053211728023905058e+00
1.054576753774038034e+00
1.055866923988900918e+00
1.057082457182690449e+00
1.058223610084395139e+00
1.059290677224329347e+00
1.060283990941657040e+00
1.061203921799640737e+00
1.062050879101940959e+00
1.062825311340765522e+00
1.063527706652067861e+00
1.064158593209310499e+00
1.064718539593028535e+00
1.065208154982410838e+00
1.065628089162360626e+00
1.065979032269675608e+00
1.066261714346574241e+00
1.066476904830909955e+00
1.066625412310710619e+00
1.066708084586497352e+00
1.066725809064737351e+00
1.066679513407384983e+00
1.066570166248511420e+00
1.066398777756196958e+00
1.066166400203978348e+00
1.065874128617245953e+00
1.065523101278975426e+00
1.065114500203617753e+00
1.064649551604851752e+00
1.064129526352926458e+00
1.063555740349749312e+00
1.062929554902488416e+00
1.062252377171469364e+00
1.061525660691388984e+00
1.060750905782448239e+00
1.059929659744863306e+00
1.059063516818816053e+00
1.058154118040451452e+00
1.057203151139645581e+00
1.056212350459946103e+00
1.055183496723640868e+00
1.054118416594062468e+00
1.053018982120142555e+00
1.051887110170158790e+00
1.050724761804227025e+00
1.049533941452137409e+00
1.048316695886739591e+00
1.047075113061919360e+00
1.045811320840207115e+00
1.044527485538612632e+00
1.043225810166852563e+00
1.041908532242896257e+00
1.040577921201774725e+00
1.039236275457579906e+00
1.037885919152364167e+00
1.036529198497457172e+00
1.035168477629814232e+00
1.033806133991150844e+00
1.032444553292325651e+00
1.031086124095516032e+00
1.029733232022479683e+00
1.028388253598322200e+00
1.027053549721191450e+00
1.025731458781314664e+00
1.024424289454651582e+00
1.023134313182842314e+00
1.021863756310381621e+00
1.020614791927290099e+00
1.019389531448106956e+00
1.018190016021768063e+00
1.017018207865741930e+00
1.015875981717259124e+00
1.014765116544018797e+00
1.013687287631480416e+00
1.012644059105241467e+00
1.011636877094281850e+00
1.010667063797204612e+00
1.009735812614462658e+00
1.008844184560345969e+00
1.007993106148760809e+00
1.007183369001170448e+00
1.006415631403219324e+00
1.005690422046154442e+00
1.005008146131213254e+00
1.004369094076773550e+00
1.003773453010702532e+00
1.003221321111265718e+00
1.002712724859565085e+00
1.002247639171884197e+00
1.001826010314198934e+00
1.001447781423414174e+00
1.001112920386925564e+00
1.000821449711186473e+00
1.000573477903352604e+00
1.000369231822854976e+00
1.000209089378074179e+00
1.000093611886693212e+00
1.000035331574154362e+00
1.000000000000000000e+00
