1.000000000000000000e+00
1.000000000031093572e+00
1.000000001598849275e+00
1.000000038136408920e+00
1.000000474100257275e+00
1.000003636955191011e+00
1.000019689016813151e+00
1.000082564080637892e+00
1.000285696585703432e+00
1.000851922256700499e+00
1.002255799586132090e+00
1.005412187004145252e+00
1.011906325232925008e+00
1.024110963683171338e+00
1.044781554227096620e+00
1.075591191213874476e+00
1.114815464703424297e+00
1.156075477776373539e+00
1.190188337487568804e+00
1.209140871627562008e+00
1.209031326016701602e+00
1.190467987942238404e+00
1.157198562911502471e+00
1.114282626605317850e+00
1.066614328043085314e+00
1.018100944937006647e+00
9.714543954879066856e-01
9.283228921318681381e-01
8.895462346732775361e-01
8.554137009239912715e-01
8.258726097819654166e-01
8.006763886972967370e-01
7.794782642203964551e-01
7.618920384345718722e-01
7.475327141205660997e-01
7.360373480305855143e-01
7.270743266485879541e-01
7.203461473238106372e-01
7.155887546423326251e-01
7.125687391289798889e-01
7.110796866076879441e-01
7.109393090160658346e-01
7.119871044592072096e-01
7.140819183234498047e-01
7.170996092695026691e-01
7.209309194888496863e-01
7.254795744135045243e-01
7.306605020638330394e-01
7.363982399843748139e-01
7.426247321066357099e-01
7.492845825041407615e-01
7.563342746464793986e-01
7.637305655901764911e-01
7.714307347604378862e-01
7.793965412424829209e-01
7.875936861522818688e-01
7.959913028550286151e-01
8.045615448625814681e-01
8.132792648355677834e-01
8.221217234013732389e-01
8.310683246225609722e-01
8.401003782177909329e-01
8.492008850956125343e-01
8.583543462211962183e-01
8.675465727043490949e-01
8.767645165023709719e-01
8.859961447812123581e-01
8.952303304608549839e-01
9.044567519826293145e-01
9.136658006501987561e-01
9.228484962081099363e-01
9.319964095841160034e-01
9.411015944218419360e-01
9.501565173962539523e-01
9.591539958852492997e-01
9.680871556217663931e-01
9.769493960545900801e-01
9.857343592094054419e-01
9.944359012593486646e-01
1.003048067223329287e+00
1.011565067855339617e+00
1.019981259036231602e+00
1.028291123434329490e+00
1.036489248917225714e+00
1.044570311361483927e+00
1.052529068224110631e+00
1.060360353846067305e+00
1.068059074476021664e+00
1.075620203855188528e+00
1.083038779436719778e+00
1.090309900395090681e+00
1.097428727159718509e+00
1.104390482825128084e+00
1.111190455943723343e+00
1.117824003209800132e+00
1.124286555212412164e+00
1.130573626019746758e+00
1.136680822525904411e+00
1.142603853314403395e+00
1.148338537728133435e+00
1.153880814425687573e+00
1.159226749878671692e+00
1.164372546801906161e+00
1.169314553085490704e+00
1.174049270698783065e+00
1.178573365081369673e+00
1.182883674853590472e+00
1.186977221709020203e+00
1.190851221674394944e+00
1.194503097678526693e+00
1.197930492134915204e+00
1.201131278793426516e+00
1.204103574114443465e+00
1.206845747831138072e+00
1.209356432802394687e+00
1.211634533458796792e+00
1.213679232759266258e+00
1.215489997282275247e+00
1.217066580696744671e+00
1.218409026131365369e+00
1.219517668837395430e+00
1.220393139339422506e+00
1.221036367195913463e+00
1.221448585059982328e+00
1.221631332239949463e+00
1.221586456798185560e+00
1.221316116913862437e+00
1.220822781808698299e+00
1.220109231321887311e+00
1.219178554631592970e+00
1.218034148272465034e+00
1.216679713468552970e+00
1.215119252511404957e+00
1.213357064586199519e+00
1.211397741437763687e+00
1.209246162931651325e+00
1.206907491759372508e+00
1.204387166872878057e+00
1.201690895628859890e+00
1.198824645287800417e+00
1.195794634587509009e+00
1.192607325377026850e+00
1.189269413592419777e+00
1.185787819429228840e+00
1.182169677160532339e+00
1.178422325148988259e+00
1.174553295896462846e+00
1.170570305599551331e+00
1.166481243229850140e+00
1.162294159509523306e+00
1.158017255953222691e+00
1.153658873710925681e+00
1.149227481697352893e+00
1.144731663536978417e+00
1.140180103438233505e+00
1.135581571304464132e+00
1.130944907266194344e+00
1.126279005236968889e+00
1.121592795164492395e+00
1.116895224025223898e+00
1.112195235848988828e+00
1.107501750917091243e+00
1.102823644158610561e+00
1.098169722764373635e+00
1.093548702941273376e+00
1.088969185866513367e+00
1.084439632897099992e+00
1.079968340015392547e+00
1.075563411293174676e+00
1.071232731491191359e+00
1.066983937816935901e+00
1.062824391135879010e+00
1.058761146910743633e+00
1.054800926578219222e+00
1.050950089830837708e+00
1.047214608144498182e+00
1.043600039614769104e+00
1.040111505822608029e+00
1.036753671700570978e+00
1.033530728918530261e+00
1.030446383539993960e+00
1.027503848617075999e+00
1.024705842651148613e+00
1.022054594765420932e+00
1.019551857504414905e+00
1.017198927942452924e+00
1.014996678103005534e+00
1.012945595474219695e+00
1.011045833912528114e+00
1.009297275279241735e+00
1.007699601780779775e+00
1.006252378741297804e+00
1.004955147241776370e+00
1.003807525785477717e+00
1.002809319652056885e+00
1.001960636165112772e+00
1.001262003834735737e+00
1.000714492998995286e+00
1.000319835356437315e+00
1.000120753320275391e+00
1.000000000000000000e+00
