1.000000000000000000e+00
9.999999999412394480e-01
9.999999969785891007e-01
9.999999279320996859e-01
9.999991040739474313e-01
9.999931271466319105e-01
9.999627949455640596e-01
9.998440210304596620e-01
9.994607364745339284e-01
9.983961852200665676e-01
9.957821222707875508e-01
9.900381443864213482e-01
9.787945871084204885e-01
9.597022766945961791e-01
9.332408626993912160e-01
9.072570251863909530e-01
8.983771294914114636e-01
9.239165201863546173e-01
9.887254416951458680e-01
1.080789540573010354e+00
1.178579432797421722e+00
1.260978343466944818e+00
1.313389966962399846e+00
1.329713896196848433e+00
1.311411677790308428e+00
1.264993234304810255e+00
1.199245546431911169e+00
1.122899392964571197e+00
1.043184348612415047e+00
9.653054047746514321e-01
8.925534889469391997e-01
8.267031701198241933e-01
7.684452735925784150e-01
7.177753955210193215e-01
6.743050765237206257e-01
6.374602574738026384e-01
6.066003046918819752e-01
5.810851270596206763e-01
5.603101606986281569e-01
5.437203865156687854e-01
5.308129363982166948e-01
5.211377528247945756e-01
5.142968141435489970e-01
5.099405040223555785e-01
5.077628309388361183e-01
5.074964300603775902e-01
5.089077742310967878e-01
5.117923743418165694e-01
5.159703682493761434e-01
5.212810710258585223e-01
5.275975029695639806e-01
5.348150442997938736e-01
5.428299391347428671e-01
5.515468475312419461e-01
5.608818158411034149e-01
5.707608068745455565e-01
5.811182902520258819e-01
5.918961560511137865e-01
6.030429280041152973e-01
6.145130481976759373e-01
6.262662249547326088e-01
6.382668475900737937e-01
6.504834580637491870e-01
6.628882824270664331e-01
6.754567401034315965e-01
6.881670066296421417e-01
7.009997201819431201e-01
7.139377301942037013e-01
7.269658633790505586e-01
7.400707023038797239e-01
7.532403803535312470e-01
7.664643900489698236e-01
7.797334121995681544e-01
7.930391271318473212e-01
8.063740423790627387e-01
8.197313881057906038e-01
8.331050335943904761e-01
8.464894089262577914e-01
8.598794292404061679e-01
8.732704237199436781e-01
8.866580658910921953e-01
9.000383068647683782e-01
9.134073108465474711e-01
9.267613697182592869e-01
9.400968288209718970e-01
9.534100518037641470e-01
9.666973874827130553e-01
9.799551303055222817e-01
9.931794779934287609e-01
1.006366486769646906e+00
1.019512029464469949e+00
1.032611755655865826e+00
1.045661055877034062e+00
1.058655028057141179e+00
1.071588439706871565e+00
1.084455700955688773e+00
1.097250852969199997e+00
1.109967553525145645e+00
1.122599058860864973e+00
1.135138205284748958e+00
1.147577387429786322e+00
1.159908535646787087e+00
1.172123092891757201e+00
1.184211994479482222e+00
1.196165648596092312e+00
1.207973920889637398e+00
1.219626122930097534e+00
1.231111004679702248e+00
1.242416758033288993e+00
1.253531032366745235e+00
1.264440956156159812e+00
1.275133161434119922e+00
1.285593812969875627e+00
1.295808640939561496e+00
1.305762978097587679e+00
1.315441797902336285e+00
1.324829753281493661e+00
1.333911213885167424e+00
1.342670303185615310e+00
1.351090938402190300e+00
1.359156881749152612e+00
1.366851804531022507e+00
1.374159365299776558e+00
1.381063300350498402e+00
1.387547521656886662e+00
1.393596215690115603e+00
1.399193947030631602e+00
1.404325767816671400e+00
1.408977326431251953e+00
1.413134977405401616e+00
1.416785892433983784e+00
1.419918171367848370e+00
1.422520950149652297e+00
1.424584506946035223e+00
1.426100367827827675e+00
1.427061411076697039e+00
1.427461963737275852e+00
1.427297886109736957e+00
1.426566642621645231e+00
1.425267362237074620e+00
1.423400892420733754e+00
1.420969845783643271e+00
1.417978633709021441e+00
1.414433485317057482e+00
1.410342454548594970e+00
1.405715419139052402e+00
1.400564070474497935e+00
1.394901890749448814e+00
1.388744117932520616e+00
1.382107701774701214e+00
1.375011252864803746e+00
1.367474983692157142e+00
1.359520638938743087e+00
1.351171412576773534e+00
1.342451853705312503e+00
1.333387764567773415e+00
1.324006093358234271e+00
1.314334820122719405e+00
1.304402834526301014e+00
1.294239806977024010e+00
1.283876056308127067e+00
1.273342416065075700e+00
1.262670100435513865e+00
1.251890570664228042e+00
1.241035401894403867e+00
1.230136151200944772e+00
1.219224227338138622e+00
1.208330761938148479e+00
1.197486480157026190e+00
1.186721571012888221e+00
1.176065556679375179e+00
1.165547161763859307e+00
1.155194183155597853e+00
1.145033364018953614e+00
1.135090273401385685e+00
1.125389191670875144e+00
1.115952999606621088e+00
1.106803073676093208e+00
1.097959191722753358e+00
1.089439449661916637e+00
1.081260191409284532e+00
1.073435953556025613e+00
1.065979428295620091e+00
1.058901447599873036e+00
1.052210992393310285e+00
1.045915229026174398e+00
1.040019578299233194e+00
1.034527821265948777e+00
1.029442242976473576e+00
1.024763816634572722e+00
1.020492428745130020e+00
1.016627145057856341e+00
1.013166515998084716e+00
1.010108919353627233e+00
1.007452935293491114e+00
1.005197746496347300e+00
1.003343555132472087e+00
1.001892006660515033e+00
1.000846609245463537e+00
1.000320135809078970e+00
1.000000000000000000e+00
