1.000000000000000000e+00
9.999999999989547250e-01
9.999999999462921840e-01
9.999999987189517325e-01
9.999999840744868695e-01
9.999998778494973983e-01
9.999993394750911202e-01
9.999972453995933375e-01
9.999906621387669725e-01
9.999738929062659265e-01
9.999427326707031050e-01
9.999273928452203641e-01
1.000131264312476898e+00
1.001348682159656223e+00
1.005815998812084944e+00
1.018011736450460170e+00
1.043645373725998970e+00
1.085605981319107904e+00
1.139782491671676334e+00
1.195435236653767941e+00
1.239854240553766918e+00
1.263239306923636507e+00
1.261224739180321519e+00
1.234907571467427356e+00
1.189183752782983605e+00
1.130549700020272885e+00
1.065359246980325469e+00
9.988083069428986827e-01
9.345929343170321646e-01
8.750146172426969127e-01
8.212837026000043839e-01
7.738480557895248690e-01
7.326600588602546482e-01
6.973821527639558759e-01
6.675387635876547376e-01
6.426069985327913514e-01
6.220675892063577406e-01
6.054312926812481788e-01
5.922507756545526414e-01
5.821231446548081889e-01
5.746876686702516723e-01
5.696235518284362698e-01
5.666476824735514617e-01
5.655112502258482499e-01
5.659960238035456337e-01
5.679107152713693818e-01
5.710876093257183372e-01
5.753792784373079616e-01
5.806555939402301414e-01
5.867995304670433621e-01
5.937194087947016419e-01
6.013409443609673000e-01
6.095887641767729903e-01
6.183921144400917891e-01
6.276883169176818988e-01
6.374217578848415666e-01
6.475429220942687802e-01
6.580076329429848103e-01
6.687764845699635252e-01
6.798143257978347398e-01
6.910897899962765711e-01
7.025748724115870036e-01
7.142445482085993946e-01
7.260764324380203361e-01
7.380504311414091134e-01
7.501484296245964911e-01
7.623540729380587910e-01
7.746525756837929766e-01
7.870305456214519157e-01
7.994758177949472522e-01
8.119773012718659588e-01
8.245248364243480399e-01
8.371090671211047773e-01
8.497213040719264754e-01
8.623534001982544606e-01
8.749976690764590392e-01
8.876468177344383204e-01
9.002938840136980314e-01
9.129321768310795226e-01
9.255552205904191698e-01
9.381567016440015561e-01
9.507304177688241653e-01
9.632702302510798287e-01
9.757700047329870285e-01
9.882235601548770010e-01
1.000624642378344475e+00
1.012966900193641218e+00
1.025243858742223013e+00
1.037448892576450676e+00
1.049575198679006505e+00
1.061615772635705168e+00
1.073563387512423972e+00
1.085410576659612047e+00
1.097149619410729526e+00
1.108772525940749487e+00
1.120271030119792233e+00
1.131636592923118689e+00
1.142860405786893629e+00
1.153933393450322198e+00
1.164846218359733454e+00
1.175589284872474272e+00
1.186152744724402686e+00
1.196526503967043187e+00
1.206700233251123633e+00
1.216663380207979372e+00
1.226405185695165212e+00
1.235914703674103388e+00
1.245180824618310034e+00
1.254192306180228256e+00
1.262937811318422199e+00
1.271405950301952581e+00
1.279585324520442047e+00
1.287464572874353008e+00
1.295032419758620934e+00
1.302277724884621790e+00
1.309189532697613290e+00
1.315757120924555768e+00
1.321970046810795996e+00
1.327818191489061661e+00
1.333291803772020945e+00
1.338381547509108982e+00
1.343078552902989831e+00
1.347374471981055422e+00
1.351261536940861152e+00
1.354732618467782590e+00
1.357781280421262782e+00
1.360401832762483165e+00
1.362589383183944181e+00
1.364339883981772861e+00
1.365650175264082167e+00
1.366518024530943176e+00
1.366942162226348900e+00
1.366922311948448598e+00
1.366459216265112353e+00
1.365554659143082938e+00
1.364211484909195304e+00
1.362433610976589327e+00
1.360226032702874344e+00
1.357594820148955161e+00
1.354547108855091109e+00
1.351091087125054102e+00
1.347235979863841360e+00
1.342992026628096358e+00
1.338370453549520445e+00
1.333383440910693274e+00
1.328044088565965897e+00
1.322366378998808489e+00
1.316365136513996337e+00
1.310055983001116919e+00
1.303455291961802542e+00
1.296580141819825061e+00
1.289448268004488973e+00
1.282078012413567336e+00
1.274488268996864626e+00
1.266698426251254173e+00
1.258728308093552073e+00
1.250598114130373251e+00
1.242328358258091514e+00
1.233939804734739187e+00
1.225453402160569638e+00
1.216890216611378195e+00
1.208271364619307953e+00
1.199617946224361908e+00
1.190950978247839798e+00
1.182291327535679670e+00
1.173659644345185438e+00
1.165076295968322739e+00
1.156561300352247024e+00
1.148134258697117938e+00
1.139814287127656867e+00
1.131619947119553826e+00
1.123569175252470576e+00
1.115679212704757894e+00
1.107966536375875277e+00
1.100446792579010902e+00
1.093134733709177242e+00
1.086044157218602813e+00
1.079187848512588310e+00
1.072577530222634357e+00
1.066223818643472931e+00
1.060136188923825884e+00
1.054322950291428862e+00
1.048791233543026058e+00
1.043546992786978711e+00
1.038595023757413971e+00
1.033939000296123956e+00
1.029581531918544846e+00
1.025524244804279173e+00
1.021767887003438569e+00
1.018312459123865699e+00
1.015157370716759155e+00
1.012301622037383719e+00
1.009744010141560677e+00
1.007483357643932154e+00
1.005518761003459716e+00
1.003849853935971703e+00
1.002477080893178663e+00
1.001401974565166553e+00
1.000627430708020071e+00
1.000237078819179226e+00
1.000000000000000000e+00
