1.000000000000000000e+00
1.000000000028641756e+00
1.000000001472769906e+00
1.000000035129091636e+00
1.000000436714177487e+00
1.000003350153565451e+00
1.000018136289976267e+00
1.000076050892404700e+00
1.000263133900287205e+00
1.000784416100684915e+00
1.002075493489101410e+00
1.004971004274316959e+00
1.010896810199935603e+00
1.021920265129635741e+00
1.040261033013973657e+00
1.066833229022979168e+00
1.099258881133557963e+00
1.131297205090589619e+00
1.155181371826463632e+00
1.165234866758410037e+00
1.159806674806618920e+00
1.140783442702578698e+00
1.111942445713167027e+00
1.077411386598990939e+00
1.040723625923438256e+00
1.004457729138202193e+00
9.702702251204824435e-01
9.390881900881394850e-01
9.113252221664673858e-01
8.870641000623611383e-01
8.661913806733360088e-01
8.484877397710318681e-01
8.336829736427908699e-01
8.214907551130125052e-01
8.116316020674475551e-01
8.038443962293769784e-01
7.978912434445676327e-01
7.935586161491031687e-01
7.906565360317158175e-01
7.890165272272890995e-01
7.884890953972473193e-01
7.889417309108953669e-01
7.902572718615056280e-01
7.923322253259592607e-01
7.950751676624505659e-01
7.984052833080407252e-01
8.022510567592471276e-01
8.065490477040043737e-01
8.112427921906120165e-01
8.162819122432708463e-01
8.216229903112969302e-01
8.272322742855159339e-01
8.330781025219631264e-01
8.391279944730976048e-01
8.453527767986945829e-01
8.517262038394861623e-01
8.582245982325104050e-01
8.648265562081280944e-01
8.715127133906143131e-01
8.782655322022194788e-01
8.850691087647363231e-01
8.919089992208046880e-01
8.987720631423179452e-01
9.056463238571020868e-01
9.125208316875261794e-01
9.193855421163850128e-01
9.262312230876031949e-01
9.330493739754860405e-01
9.398321517123724433e-01
9.465723029188501947e-01
9.532631023313064000e-01
9.598982967476735739e-01
9.664720553836045891e-01
9.729789203853584922e-01
9.794137626998885571e-01
9.857717509415067081e-01
9.920483255493532937e-01
9.982391755655483090e-01
1.004340217484780862e+00
1.010347576371849909e+00
1.016257568622924490e+00
1.022066686509374600e+00
1.027771584317274334e+00
1.033369062731496424e+00
1.038856056037180231e+00
1.044229625889179003e+00
1.049486956152212214e+00
1.054625347581354289e+00
1.059642212831457986e+00
1.064535071821405277e+00
1.069301548118464895e+00
1.073939366163139786e+00
1.078446349519275760e+00
1.082820419841552084e+00
1.087059595674045642e+00
1.091161992928457947e+00
1.095125827462544832e+00
1.098949417371916981e+00
1.102631184860068725e+00
1.106169658099373176e+00
1.109563472676886153e+00
1.112811372902309248e+00
1.115912212987520746e+00
1.118864958436929458e+00
1.121668687359550498e+00
1.124322592010331245e+00
1.126825980481939826e+00
1.129178278482412701e+00
1.131379031887499442e+00
1.133427910043287135e+00
1.135324709103182172e+00
1.137069355000452031e+00
1.138661906225818310e+00
1.140102556245837118e+00
1.141391635645024660e+00
1.142529613625886453e+00
1.143517098846848157e+00
1.144354839413713076e+00
1.145043722183964885e+00
1.145584771691168013e+00
1.145979149473775660e+00
1.146228153921681425e+00
1.146333220708785516e+00
1.146295923643257497e+00
1.146117975495414054e+00
1.145801228279653472e+00
1.145347673391180487e+00
1.144759441762161156e+00
1.144038803531927329e+00
1.143188167500752250e+00
1.142210080440760445e+00
1.141107226265328345e+00
1.139882424897358248e+00
1.138538631043201743e+00
1.137078933069202824e+00
1.135506551993183066e+00
1.133824840163729419e+00
1.132037279383989459e+00
1.130147478450493015e+00
1.128159170436737302e+00
1.126076210089193008e+00
1.123902571304677300e+00
1.121642344276837067e+00
1.119299732210931930e+00
1.116879047827563420e+00
1.114384709929283179e+00
1.111821239923183713e+00
1.109193257990848114e+00
1.106505478895680739e+00
1.103762707608254789e+00
1.100969834823311233e+00
1.098131832207638992e+00
1.095253747085226603e+00
1.092340696291076219e+00
1.089397859241806543e+00
1.086430470377002910e+00
1.083443811060534223e+00
1.080443200718843588e+00
1.077433987032938134e+00
1.074421535205686506e+00
1.071411216456888749e+00
1.068408395823874368e+00
1.065418419284196005e+00
1.062446600217107795e+00
1.059498205171627738e+00
1.056578438986052415e+00
1.053692429305139511e+00
1.050845210504822047e+00
1.048041706931727601e+00
1.045286715548943812e+00
1.042584888033363688e+00
1.039940712520893928e+00
1.037358495189358631e+00
1.034842342107088253e+00
1.032396141649383425e+00
1.030023547720698041e+00
1.027727963875139094e+00
1.025512528784250144e+00
1.023380103637439698e+00
1.021333261818972327e+00
1.019374281330028609e+00
1.017505140378530237e+00
1.015727516695271060e+00
1.014042791086808393e+00
1.012452055765561409e+00
1.010956127864160337e+00
1.009555568701252959e+00
1.008250709236936604e+00
1.007041681877391515e+00
1.005928458800253500e+00
1.004910896754674265e+00
1.003988788142281763e+00
1.003161918008988351e+00
1.002430126412509503e+00
1.001793375346973436e+00
1.001251819156248057e+00
1.000805877212655348e+00
1.000456307445716009e+00
1.000204279172777655e+00
1.000077110977070083e+00
1.000000000000000000e+00
