1.000000000000000000e+00
9.999999999882779322e-01
9.999999993972538137e-01
9.999999856230729067e-01
9.999998212705043521e-01
9.999986289395688122e-01
9.999925785730353622e-01
9.999688981646821517e-01
9.998926228563154162e-01
9.996820025355613870e-01
9.991729377264747525e-01
9.980974023584154864e-01
9.961814492476905869e-01
9.936327988772828412e-01
9.923486543062486342e-01
9.974078343672401203e-01
1.016543254266259799e+00
1.055417915710104904e+00
1.111784457933925552e+00
1.174803383022180236e+00
1.230034809748479230e+00
1.265297454132626953e+00
1.274041619028724925e+00
1.255883948079476342e+00
1.215102721247435680e+00
1.158313835036041572e+00
1.092453750494491338e+00
1.023471062467855353e+00
9.557713588235795532e-01
8.922179534044833993e-01
8.344142050595222404e-01
7.830547937701152206e-01
7.382281838397540819e-01
6.996576452339779983e-01
6.668828384767141459e-01
6.393703587931884869e-01
6.165772031120515528e-01
5.979847043156457653e-01
5.831147405572758569e-01
5.715344652446965323e-01
5.628550052171830131e-01
5.567298201753124731e-01
5.528527633303949029e-01
5.509546822999791260e-01
5.507995208185043623e-01
5.521804418629354672e-01
5.549161986712444206e-01
5.588475688958439713e-01
5.638340982838142557e-01
5.697496508608121957e-01
5.764952785785838474e-01
5.839904380241436321e-01
5.921537726412917646e-01
6.009093262659178647e-01
6.101899025968959833e-01
6.199359625383124017e-01
6.300945697047991567e-01
6.406185643712993816e-01
6.514659499163067968e-01
6.625993352300141304e-01
6.739854266721241327e-01
6.855945714860210982e-01
6.974003452737607134e-01
7.093791850284626443e-01
7.215100110290424418e-01
7.337738891693732501e-01
7.461537953937026346e-01
7.586344120350769771e-01
7.712019387771257284e-01
7.838439146398121782e-01
7.965490533885052349e-01
8.093070900955289249e-01
8.221086437959292947e-01
8.349450696275377837e-01
8.478083238718482351e-01
8.606908767605504496e-01
8.735856409255512434e-01
8.864859045451490838e-01
8.993852673318446511e-01
9.122775807752057098e-01
9.251568902848209541e-01
9.380173803196736326e-01
9.508533220435184674e-01
9.636590078894091693e-01
9.764286947886451351e-01
9.891565747844661693e-01
1.001836747941178052e+00
1.014463191932775343e+00
1.027029730793822981e+00
1.039530003178605666e+00
1.051957433726945279e+00
1.064305207023309885e+00
1.076566245536382915e+00
1.088733190367660475e+00
1.100798380571222257e+00
1.112753841078248485e+00
1.124591282172981543e+00
1.136302098493868096e+00
1.147877367041696850e+00
1.159307846560522659e+00
1.170583976298408491e+00
1.181695875831981990e+00
1.192633346215082213e+00
1.203385874633888797e+00
1.213942641184855953e+00
1.224292529855223410e+00
1.234424143500723936e+00
1.244325822782405444e+00
1.253985673425526359e+00
1.263391602145538251e+00
1.272531357224930604e+00
1.281392571454322837e+00
1.289962808415601403e+00
1.298229611064023903e+00
1.306180552979870679e+00
1.313803289783938233e+00
1.321085610251952591e+00
1.328015485522727968e+00
1.334581116971228054e+00
1.340770984298620183e+00
1.346573898714979567e+00
1.351979061745166133e+00
1.356976129957922383e+00
1.361555284174274849e+00
1.365707299805882791e+00
1.369423614107431186e+00
1.372696392504636265e+00
1.375518594489306023e+00
1.377884034984578676e+00
1.379787442372599982e+00
1.381224513138910925e+00
1.382191962558283027e+00
1.382687569767258262e+00
1.382710218205762898e+00
1.382259932486981757e+00
1.381337911468815571e+00
1.379946554137667869e+00
1.378089476235891508e+00
1.375771517217081019e+00
1.372998739890031406e+00
1.369778425576149594e+00
1.366119064735805244e+00
1.362030340211802582e+00
1.357523102607776533e+00
1.352609339841739589e+00
1.347302143425859633e+00
1.341615671203085780e+00
1.335565104753000387e+00
1.329166601986457641e+00
1.322437246952030687e+00
1.315394998096856671e+00
1.308058634424084099e+00
1.300447697948733605e+00
1.292582431018789890e+00
1.284483709507000526e+00
1.276172973687575762e+00
1.267672158087565171e+00
1.259003619127281093e+00
1.250190059610538418e+00
1.241254450660375541e+00
1.232219952652687578e+00
1.223109836043082321e+00
1.213947402415678223e+00
1.204755905988662112e+00
1.195558475322696879e+00
1.186378035473539594e+00
1.177237230723611860e+00
1.168158347619868254e+00
1.159163237103893573e+00
1.150273235834129659e+00
1.141509086292068931e+00
1.132890856309097138e+00
1.124437858449519823e+00
1.116168571420506517e+00
1.108100564542497057e+00
1.100250425658888531e+00
1.092633691570840337e+00
1.085264782784055360e+00
1.078156945347135798e+00
1.071322200561539484e+00
1.064771304290914378e+00
1.058513717223426687e+00
1.052557588570931069e+00
1.046909755402259501e+00
1.041575760211188806e+00
1.036559888472385227e+00
1.031865229533930561e+00
1.027493763537615790e+00
1.023446475245610721e+00
1.019723496259336226e+00
1.016324275915010622e+00
1.013247780548598431e+00
1.010492720025950364e+00
1.008057799736423066e+00
1.005941994563963382e+00
1.004144839894801411e+00
1.002666733983977654e+00
1.001509244873386439e+00
1.000675414305069566e+00
1.000255251232420095e+00
1.000000000000000000e+00
