1.000000000000000000e+00
1.000000000031088909e+00
1.000000001598596810e+00
1.000000038130386182e+00
1.000000474025372510e+00
1.000003636379815264e+00
1.000019685866869734e+00
1.000082550162985751e+00
1.000285639409486782e+00
1.000851670616216271e+00
1.002254576043259293e+00
1.005406186700963156e+00
1.011879260756810339e+00
1.024004195387361094e+00
1.044423259038648411e+00
1.074587631653035391e+00
1.112493310650847889e+00
1.151627742462769000e+00
1.183039216391708504e+00
1.199300466162794176e+00
1.197193169310939664e+00
1.177814218887125230e+00
1.145060119827870704e+00
1.103831771133030992e+00
1.058692719436419960e+00
1.013187745633345349e+00
9.697200283905391682e-01
9.297145337666556930e-01
8.938706772148833357e-01
8.624025221363926796e-01
8.352272047889872653e-01
8.120962533099511660e-01
7.926775926245707149e-01
7.766082358019386067e-01
7.635293262487146126e-01
7.531039402937693694e-01
7.450248356081496937e-01
7.390165815413347605e-01
7.348347255566963776e-01
7.322631198276365883e-01
7.311105310132851587e-01
7.312079743931849674e-01
7.324065409285088757e-01
7.345751506599393910e-01
7.375984096573625637e-01
7.413746566750248901e-01
7.458142205195260610e-01
7.508377888839561365e-01
7.563749488799798026e-01
7.623622966896499431e-01
7.687476009357609996e-01
7.754899399809409566e-01
7.825491052269273329e-01
7.898850455497609113e-01
7.974618703953286758e-01
8.052473551603490654e-01
8.132124724830979146e-01
8.213310120388199742e-01
8.295792829219910125e-01
8.379358436882322625e-01
8.463812571722169054e-01
8.548978701148348680e-01
8.634696144613487334e-01
8.720818302832916702e-01
8.807210905245750343e-01
8.893750448458703772e-01
8.980323030676333751e-01
9.066823335893954283e-01
9.153153705182762723e-01
9.239223279943602485e-01
9.324947222661044144e-01
9.410246005223421584e-01
9.495044778911194694e-01
9.579272736783099873e-01
9.662862544432690992e-01
9.745749950890463253e-01
9.827873470033386960e-01
9.909174094811528111e-01
9.989595037044312065e-01
1.006908149628835902e+00
1.014758044927862812e+00
1.022504046251705878e+00
1.030141152576979691e+00
1.037664485759733912e+00
1.045069275037788792e+00
1.052350851074492111e+00
1.059504641538239422e+00
1.066526166430651124e+00
1.073411033897803124e+00
1.080154936580181246e+00
1.086753649508216846e+00
1.093203029298234208e+00
1.099499014946546005e+00
1.105637629778130737e+00
1.111614983233631060e+00
1.117427275273993326e+00
1.123070804057937355e+00
1.128541973318392122e+00
1.133837299223149575e+00
1.138953417325704542e+00
1.143887088978682742e+00
1.148635207611066189e+00
1.153194804866147782e+00
1.157563057100170267e+00
1.161737291784489257e+00
1.165714994264537063e+00
1.169493814736290327e+00
1.173071575326058547e+00
1.176446278311212179e+00
1.179616115435124568e+00
1.182579477199205531e+00
1.185334961496127937e+00
1.187881381817303739e+00
1.190217774757005298e+00
1.192343406915409965e+00
1.194257780609953912e+00
1.195960638338072091e+00
1.197451965680456976e+00
1.198731992870292418e+00
1.199801195488731320e+00
1.200660295499686558e+00
1.201310262797898876e+00
1.201752317379254142e+00
1.201987931870999837e+00
1.202018833735720937e+00
1.201847006326489220e+00
1.201474689422274311e+00
1.200904379504405872e+00
1.200138828988466022e+00
1.199181044840967436e+00
1.198034286708050011e+00
1.196702064570873025e+00
1.195188135691851006e+00
1.193496501193706205e+00
1.191631402601825096e+00
1.189597318390348102e+00
1.187398959879645055e+00
1.185041266121605874e+00
1.182529397747958289e+00
1.179868730326007364e+00
1.177064847828936056e+00
1.174123536197763329e+00
1.171050776368059543e+00
1.167852736626461940e+00
1.164535764671238649e+00
1.161106379836036373e+00
1.157571265332004717e+00
1.153937260042324775e+00
1.150211349875498223e+00
1.146400658985300414e+00
1.142512440994763345e+00
1.138554069988208850e+00
1.134533030822868938e+00
1.130456908349553702e+00
1.126333375633115752e+00
1.122170181430158120e+00
1.117975137076823167e+00
1.113756102441715301e+00
1.109520970659528372e+00
1.105277651684176687e+00
1.101034054905402737e+00
1.096798070951409354e+00
1.092577552699644183e+00
1.088380295514691065e+00
1.084214016650806300e+00
1.080086333875303506e+00
1.076004743366935523e+00
1.071976596881327737e+00
1.068009078007570611e+00
1.064109177628205449e+00
1.060283668616236241e+00
1.056539080037892875e+00
1.052881671114319406e+00
1.049317405569313078e+00
1.045851926785398955e+00
1.042490534083491127e+00
1.039238160205947947e+00
1.036099350646719985e+00
1.033078245687498509e+00
1.030178565612854369e+00
1.027403599776002485e+00
1.024756200115454430e+00
1.022238779943072551e+00
1.019853318753015881e+00
1.017601373856975133e+00
1.015484099448328736e+00
1.013502273966285783e+00
1.011656336440277304e+00
1.009946432066751942e+00
1.008372467308467080e+00
1.006934174478715027e+00
1.005631185557891660e+00
1.004463114729468698e+00
1.003429648879630154e+00
1.002530644871667986e+00
1.001766232025036674e+00
1.001136917997429654e+00
1.000643695974372305e+00
1.000288150868599457e+00
1.000108784774862203e+00
1.000000000000000000e+00
