1.000000000000000000e+00
1.000000000029310110e+00
1.000000001507129532e+00
1.000000035948667820e+00
1.000000446902942652e+00
1.000003428319439003e+00
1.000018559641290272e+00
1.000077830068125673e+00
1.000269339893836040e+00
1.000803367370858066e+00
1.002128733784238168e+00
1.005115565347498574e+00
1.011290939036181058e+00
1.023003596822827044e+00
1.043151063669179202e+00
1.073898771712323397e+00
1.114363413327259744e+00
1.158896850575247273e+00
1.198264291005821880e+00
1.223410825320206730e+00
1.228874490707091427e+00
1.213897756620151869e+00
1.181529191380665367e+00
1.136863859564446244e+00
1.085334231785119119e+00
1.031575595439224280e+00
9.789890214176251160e-01
9.297612359375431179e-01
8.850971517891876861e-01
8.455024220195850315e-01
8.110315670775928298e-01
7.814729067575048038e-01
7.564697042600189159e-01
7.356007959108705752e-01
7.184353046996539982e-01
7.045615391737505284e-01
6.936005709497539140e-01
6.852110980723660205e-01
6.790896013288680866e-01
6.749675665499348387e-01
6.726074719841588223e-01
6.717996222716592358e-01
6.723595481564960119e-01
6.741252199617463470e-01
6.769543477760037176e-01
6.807219036217568853e-01
6.853179043774890733e-01
6.906453252194947323e-01
6.966182305921252427e-01
7.031590140581178705e-01
7.102056747684982740e-01
7.177092253111482245e-01
7.256201966391095937e-01
7.338904137498772906e-01
7.424768572385443965e-01
7.513410354916132405e-01
7.604483884377132297e-01
7.697678086734780489e-01
7.792712720035367413e-01
7.889335021641714629e-01
7.987316659948106023e-01
8.086450993504219475e-01
8.186550596831847493e-01
8.287445054880017148e-01
8.388978754167393248e-01
8.491008911405315551e-01
8.593404126331658510e-01
8.696043121342619253e-01
8.798813583065940858e-01
8.901611086455910593e-01
9.004338110544906071e-01
9.106903133371735404e-01
9.209219827190194829e-01
9.311206229888638886e-01
9.412784000022225150e-01
9.513877913943172837e-01
9.614415453411632173e-01
9.714326431889011015e-01
9.813542650168460835e-01
9.911997587076201155e-01
1.000962611396832624e+00
1.010636423738722867e+00
1.020214886736668713e+00
1.029691754207153531e+00
1.039060820550745667e+00
1.048315911945080448e+00
1.057450879644736164e+00
1.066459592878485241e+00
1.075335932431975339e+00
1.084073785038910165e+00
1.092667040084287722e+00
1.101109588320926980e+00
1.109395323091121766e+00
1.117518143460349389e+00
1.125471957387225386e+00
1.133250689033761693e+00
1.140848291246489232e+00
1.148258758025213933e+00
1.155476136676719667e+00
1.162494540548155486e+00
1.169308161420496761e+00
1.175911282151397064e+00
1.182298289559345905e+00
1.188463688289400189e+00
1.194402114972030304e+00
1.200108353343441792e+00
1.205577350101947109e+00
1.210804231315482093e+00
1.215784320915846095e+00
1.220513161200230901e+00
1.224986533629317531e+00
1.229200478920008832e+00
1.233151316727029823e+00
1.236835664437541782e+00
1.240250455170622379e+00
1.243392954018363250e+00
1.246260772369408354e+00
1.248851879765968453e+00
1.251164613566154271e+00
1.253197687049086628e+00
1.254950197772416232e+00
1.256421636408908027e+00
1.257611896198871149e+00
1.258521282579001310e+00
1.259150521896840846e+00
1.259500767896754470e+00
1.259573606915408872e+00
1.259371062159360566e+00
1.258895595827530078e+00
1.258150109723069399e+00
1.257137944544562957e+00
1.255862877875482342e+00
1.254329120509547035e+00
1.252541311653699863e+00
1.250504513543921892e+00
1.248224205561743405e+00
1.245706276861090478e+00
1.242957016965866135e+00
1.239983104333116648e+00
1.236791593773736375e+00
1.233389903729487536e+00
1.229785803421255652e+00
1.225987398936335238e+00
1.222003118093522245e+00
1.217841694726626844e+00
1.213512153162801477e+00
1.209023792722917712e+00
1.204386171563967656e+00
1.199609089924474459e+00
1.194702573307528937e+00
1.189676855866298677e+00
1.184542363666013731e+00
1.179309697158086534e+00
1.173989612257895665e+00
1.168593000204827259e+00
1.163130866643089290e+00
1.157614310193346707e+00
1.152054499995841752e+00
1.146462651795975507e+00
1.140850002648595263e+00
1.135227784635851611e+00
1.129607197796529627e+00
1.123999382299925909e+00
1.118415389886035616e+00
1.112866154458088674e+00
1.107362461893695027e+00
1.101914919129731718e+00
1.096533922470010580e+00
1.091229624790423181e+00
1.086011901762534038e+00
1.080890317082732199e+00
1.075874087055883388e+00
1.070972044847847915e+00
1.066192605302877849e+00
1.061543730888569348e+00
1.057032899152413830e+00
1.052667071692459322e+00
1.048452665529341798e+00
1.044395528102427750e+00
1.040500916497664852e+00
1.036773481827883758e+00
1.033217259574335856e+00
1.029835667052364290e+00
1.026631509060346836e+00
1.023606992872945876e+00
1.020763753435573795e+00
1.018102890066064470e+00
1.015625015694573419e+00
1.013330319024253745e+00
1.011218640091614329e+00
1.009289559223790489e+00
1.007542499089777444e+00
1.005976839171716986e+00
1.004592041639364774e+00
1.003387786963076733e+00
1.002364117032251922e+00
1.001521583212028554e+00
1.000861396331603093e+00
1.000385575297212837e+00
1.000145592749841938e+00
1.000000000000000000e+00
