1.000000000000000000e+00
1.000000000030896841e+00
1.000000001588734255e+00
1.000000037895137917e+00
1.000000471100853883e+00
1.000003613946438996e+00
1.000019564476246403e+00
1.000082042227439239e+00
1.000283895856676208e+00
1.000846597956650763e+00
1.002242012192105847e+00
1.005380814622155006e+00
1.011845017869791086e+00
1.024015660634577385e+00
1.044693245467106513e+00
1.075662946808399800e+00
1.115366130626656904e+00
1.157539731957292872e+00
1.192935293630571270e+00
1.213272007130979935e+00
1.214297359725021508e+00
1.196341130876703795e+00
1.163035200578124595e+00
1.119485026563396879e+00
1.070730980100070617e+00
1.020855476397333206e+00
9.727268790856702374e-01
9.281106928790164856e-01
8.879232076210102909e-01
8.524968367634496724e-01
8.217983405008537634e-01
7.955853280285598572e-01
7.735060065593452050e-01
7.551642345260879408e-01
7.401631371997683395e-01
7.281276289294471571e-01
7.187145522961693178e-01
7.116158526851599220e-01
7.065580458310050105e-01
7.032993838061427638e-01
7.016260955730135862e-01
7.013494315035245785e-01
7.023032509213039676e-01
7.043414947414919913e-01
7.073357614677866501e-01
7.111730932657945869e-01
7.157539998510688006e-01
7.209906053616065291e-01
7.268049902543830543e-01
7.331268463737140584e-01
7.398992360039996496e-01
7.470773726164068318e-01
7.546165456091663559e-01
7.624727462013500823e-01
7.706066023154971578e-01
7.789828198737208664e-01
7.875696528489963821e-01
7.963384755437036278e-01
8.052634501983904070e-01
8.143212254540780348e-01
8.234906623668171166e-01
8.327525881156834231e-01
8.420895738168971967e-01
8.514857365010873869e-01
8.609265419813275644e-01
8.703986290726822839e-01
8.798896794881470029e-01
8.893883045057409120e-01
8.988839410961646514e-01
9.083667557952492810e-01
9.178275570415546092e-01
9.272577148654406187e-01
9.366490896659278587e-01
9.459939595227185860e-01
9.552849551094058089e-01
9.645150155639938827e-01
9.736773523867160440e-01
9.827654169356644376e-01
9.917728706966925101e-01
1.000693558780882064e+00
1.009521485669388152e+00
1.018250793545188992e+00
1.026875742973880845e+00
1.035390690096400057e+00
1.043790068438229746e+00
1.052068382092897325e+00
1.060220200732050033e+00
1.068240154317168900e+00
1.076122928408860036e+00
1.083863260157392983e+00
1.091455936207054389e+00
1.098895792239636737e+00
1.106177714538991719e+00
1.113296643058680369e+00
1.120247574413405056e+00
1.127025568177472792e+00
1.133625757310303905e+00
1.140043358388098893e+00
1.146273681381462461e+00
1.152312139712841077e+00
1.158154259827385069e+00
1.163795690760270451e+00
1.169232213690744260e+00
1.174459752088334197e+00
1.179474381884489054e+00
1.184272342217281615e+00
1.188850046567627494e+00
1.193204094137683136e+00
1.197331282733527180e+00
1.201228623087885916e+00
1.204893353235090947e+00
1.208322952136652528e+00
1.211515152820318297e+00
1.214467954667624250e+00
1.217179634951114364e+00
1.219648758866374028e+00
1.221874187961253577e+00
1.223855086550126536e+00
1.225590926366347810e+00
1.227081489999949815e+00
1.228326874608673069e+00
1.229327496105797168e+00
1.230084093951723911e+00
1.230597736213364435e+00
1.230869824029463544e+00
1.230902094445721850e+00
1.230696622394135353e+00
1.230255822134021848e+00
1.229582447172378190e+00
1.228679589195188493e+00
1.227550676169747002e+00
1.226199469638906470e+00
1.224630060918328711e+00
1.222846866631020601e+00
1.220854624003048006e+00
1.218658385983303338e+00
1.216263515384737870e+00
1.213675677605332348e+00
1.210900831912547382e+00
1.207945221989652262e+00
1.204815366523745546e+00
1.201518049826910017e+00
1.198060311724784555e+00
1.194449436562926126e+00
1.190692941820413520e+00
1.186798566927288023e+00
1.182774262124584919e+00
1.178628176801790994e+00
1.174368647338413396e+00
1.170004184854394724e+00
1.165543463059403928e+00
1.160995305921135978e+00
1.156368674604554503e+00
1.151672653180162209e+00
1.146916433227847643e+00
1.142109297671174861e+00
1.137260604044184831e+00
1.132379766765775786e+00
1.127476238070818759e+00
1.122559487651573429e+00
1.117638981318837876e+00
1.112724158837651078e+00
1.107824410963735406e+00
1.102949055700479297e+00
1.098107313691184528e+00
1.093308282807710752e+00
1.088560911991074631e+00
1.083873974318364519e+00
1.079256039055741079e+00
1.074715442816117195e+00
1.070260259837545469e+00
1.065898271690302046e+00
1.061636936697204270e+00
1.057483359818469415e+00
1.053444263491102095e+00
1.049525959774691763e+00
1.045734323855802117e+00
1.042074769669969259e+00
1.038552228669261224e+00
1.035171132276192507e+00
1.031935398814497029e+00
1.028848425617979734e+00
1.025913087298218285e+00
1.023131741065998579e+00
1.020506240077107440e+00
1.018037955524574878e+00
1.015727808546735389e+00
1.013576312790824163e+00
1.011583627944385944e+00
1.009749624608412111e+00
1.008073960487952281e+00
1.006556167620609399e+00
1.005195750051297576e+00
1.003992291071722942e+00
1.002945568612142457e+00
1.002055676906390413e+00
1.001323152271872408e+00
1.000749100486021392e+00
1.000335322993578524e+00
1.000126604367945093e+00
1.000000000000000000e+00
