1.000000000000000000e+00
9.999999999965709652e-01
9.999999998237111276e-01
9.999999957950999052e-01
9.999999477260507197e-01
9.999995990115893019e-01
9.999978300023927291e-01
9.999909164604413592e-01
9.999687734931019811e-01
9.999087249164416713e-01
9.997708709096392310e-01
9.995188565362493893e-01
9.992495762302497919e-01
9.996266343817596933e-01
1.002811274446300915e+00
1.013417391256603128e+00
1.037609065292167010e+00
1.078899886903980976e+00
1.133600612858174594e+00
1.190949153253083592e+00
1.237838730563112000e+00
1.263920689034175204e+00
1.264328068678968631e+00
1.239823317809183090e+00
1.195169556568509206e+00
1.136899257930049867e+00
1.071505245765354664e+00
1.004357580732058164e+00
9.393139279163051913e-01
8.788024085728245449e-01
8.241212518649119190e-01
7.757731252832267277e-01
7.337403658757790659e-01
6.976985718618767818e-01
6.671751905022645923e-01
6.416446495397499783e-01
6.205820903309636760e-01
6.034914435261932164e-01
5.899182730934752206e-01
5.794527931071991045e-01
5.717278045882017157e-01
5.664165970167712727e-01
5.632307656392359085e-01
5.619168236254588056e-01
5.622524392953650585e-01
5.640427452891739746e-01
5.671169089912040384e-01
5.713247836889827624e-01
5.765338587491449784e-01
5.826250048323107222e-01
5.895048723352912523e-01
5.970977385948678107e-01
6.053268469067147883e-01
6.141202397696523541e-01
6.234141930581427182e-01
6.331521839604209445e-01
6.432839046615932421e-01
6.537644872888829228e-01
6.645539254736086976e-01
6.756165487058392038e-01
6.869205434460058379e-01
6.984375226193147990e-01
7.101421365921697371e-01
7.220117269074469712e-01
7.340259706447002097e-01
7.461665626970168663e-01
7.584169925134445212e-01
7.707623507589275169e-01
7.831891499646391752e-01
7.956851558161409654e-01
8.082392312409988344e-01
8.208411911785244985e-01
8.334816725312272911e-01
8.461519948892296528e-01
8.588440334803758569e-01
8.715501362625637238e-01
8.842630556633327421e-01
8.969758849144128243e-01
9.096819972722168801e-01
9.223749894116209935e-01
9.350486268347870666e-01
9.476967922877134187e-01
9.603134367657736314e-01
9.728925188591495132e-01
9.854279523232682969e-01
9.979135789465268802e-01
1.010343143782576059e+00
1.022710267631190995e+00
1.035008419049743722e+00
1.047230886223837310e+00
1.059370751983691239e+00
1.071420871503189876e+00
1.083373853943157439e+00
1.095222046974774432e+00
1.106957520335634770e+00
1.118572057527171815e+00
1.130057158303232390e+00
1.141404041018192705e+00
1.152603644363067836e+00
1.163646630632359846e+00
1.174523388708241578e+00
1.185224038277084446e+00
1.195738435497800900e+00
1.206056182069077387e+00
1.216166636417120195e+00
1.226058928842002738e+00
1.235721980396943476e+00
1.245144525413553138e+00
1.254315141544831258e+00
1.263222287559421009e+00
1.271854345204922243e+00
1.280199663018930734e+00
1.288246602907007210e+00
1.295983588486266491e+00
1.303399155465956305e+00
1.310482001760425952e+00
1.317221036866938810e+00
1.323605429027143066e+00
1.329624650641593187e+00
1.335268523284297792e+00
1.340527266620198388e+00
1.345391551647526107e+00
1.349852558479867515e+00
1.353902037346174980e+00
1.357532369802346484e+00
1.360736626409735139e+00
1.363508622815456484e+00
1.365842974699512657e+00
1.367735147984002753e+00
1.369181505418690437e+00
1.370179349559257576e+00
1.370726961698938151e+00
1.370823635363536130e+00
1.370469705325877863e+00
1.369666573160782885e+00
1.368416729228530748e+00
1.366723768182850796e+00
1.364592396276063990e+00
1.362028430192443240e+00
1.359038789584939400e+00
1.355631485884748022e+00
1.351815607412916620e+00
1.347601298342784748e+00
1.342999731145664732e+00
1.338023074361204268e+00
1.332684457968569935e+00
1.326997936139246992e+00
1.320978445808642210e+00
1.314641761523868135e+00
1.308004448335770009e+00
1.301083813805549827e+00
1.293897858606589901e+00
1.286465224282644204e+00
1.278805136864828773e+00
1.270937347185950195e+00
1.262882069435506294e+00
1.254659919033950466e+00
1.246291848731684970e+00
1.237799082055255573e+00
1.229203044571405057e+00
1.220525294280185635e+00
1.211787451874891897e+00
1.203011131113842058e+00
1.194217869472226967e+00
1.185429058820037129e+00
1.176665876313218062e+00
1.167949215599210167e+00
1.159299618088968309e+00
1.150737203231352979e+00
1.142281597886368072e+00
1.133951864457936054e+00
1.125766428372086736e+00
1.117743005320120275e+00
1.109898530216228307e+00
1.102249088832675250e+00
1.094809852512528270e+00
1.087595015237840634e+00
1.080617734706176725e+00
1.073890079945389875e+00
1.067422986253276029e+00
1.061226219084306477e+00
1.055308348182017575e+00
1.049676734246021592e+00
1.044337530169881179e+00
1.039295699233397929e+00
1.034555051882369403e+00
1.030118304110027694e+00
1.025987159860101139e+00
1.022162418263351968e+00
1.018644107022454559e+00
1.015431642177821558e+00
1.012524013934199996e+00
1.009919997493224031e+00
1.007618387187700026e+00
1.005618250702402294e+00
1.003919198857758266e+00
1.002521665754722457e+00
1.001427193063457066e+00
1.000638711561852912e+00
1.000241350486557490e+00
1.000000000000000000e+00
