1.000000000000000000e+00
1.000000000002253531e+00
1.000000000115868426e+00
1.000000002763741014e+00
1.000000034357980017e+00
1.000000263569125414e+00
1.000001426838363239e+00
1.000005982927680170e+00
1.000020697741661690e+00
1.000061673144932994e+00
1.000162982699763781e+00
1.000389215539468690e+00
1.000847724083045120e+00
1.001683371354895380e+00
1.003018374522984812e+00
1.004807786748494802e+00
1.006684946170705253e+00
1.008004276574937963e+00
1.008158056592830309e+00
1.006894566518433454e+00
1.004359460119335079e+00
1.000920567712765497e+00
9.969805531886175576e-01
9.928747499880636873e-01
9.888425859904504955e-01
9.850363835082517339e-01
9.815430797334476765e-01
9.784049513632812056e-01
9.756353671499181646e-01
9.732297644151406413e-01
9.711729591397437744e-01
9.694438336717404736e-01
9.680181237524562166e-01
9.668703062079542221e-01
9.659750388176684410e-01
9.653079744898406256e-01
9.648461917747764849e-01
9.645683921740879629e-01
9.644549578657775069e-01
9.644879013409302093e-01
9.646507582804668690e-01
9.649285083299601329e-01
9.653075092203436958e-01
9.657754089017372978e-01
9.663210483565507491e-01
9.669343629949331831e-01
9.676062865651239298e-01
9.683286534322100847e-01
9.690941053079745737e-01
9.698960163087699815e-01
9.707283899369835156e-01
9.715869498125857540e-01
9.724678614474071559e-01
9.733667615268793982e-01
9.742797255862560846e-01
9.752032274762109099e-01
9.761340994926963610e-01
9.770694978701157662e-01
9.780068736043283639e-01
9.789439452304855571e-01
9.798786735396711745e-01
9.808092383476904041e-01
9.817340171779482816e-01
9.826515658871203263e-01
9.835605999857622850e-01
9.844599777610580915e-01
9.853486864775176102e-01
9.862258300347992446e-01
9.870906176551009770e-01
9.879423534775163551e-01
9.887804270653672845e-01
9.896043047347981014e-01
9.904135217595463336e-01
9.912076748808623661e-01
9.919864155594431132e-01
9.927494446108988679e-01
9.934965075159583048e-01
9.942273901517669765e-01
9.949419148800932033e-01
9.956399369943330635e-01
9.963213414577241078e-01
9.969860399317171940e-01
9.976339680668498966e-01
9.982650827648640313e-01
9.988793597884021436e-01
9.994767920184670640e-01
1.000057387884412785e+00
1.000621169857348836e+00
1.001168173043031517e+00
1.001698443871407829e+00
1.002212038932331906e+00
1.002709023937500721e+00
1.003189472818496242e+00
1.003653466931745397e+00
1.004101094295574370e+00
1.004532449004530426e+00
1.004947630849680307e+00
1.005346744950817550e+00
1.005729901389073699e+00
1.006097214872312851e+00
1.006448804400579267e+00
1.006784792953096419e+00
1.007105307197023736e+00
1.007410477243599889e+00
1.007700436428506929e+00
1.007975321139332303e+00
1.008235270683435880e+00
1.008480427190224793e+00
1.008710935599832714e+00
1.008926943734683057e+00
1.009128602398585706e+00
1.009316065472753987e+00
1.009489490021844738e+00
1.009649036397510580e+00
1.009794868345792240e+00
1.009927153090883101e+00
1.010046061393952144e+00
1.010151767573424175e+00
1.010244449498565400e+00
1.010324288578950735e+00
1.010391469806972031e+00
1.010446181860424231e+00
1.010488617268555656e+00
1.010518972627857170e+00
1.010537448833917606e+00
1.010544251290196316e+00
1.010539590122224496e+00
1.010523680408418556e+00
1.010496742389392466e+00
1.010459001674590462e+00
1.010410689450357724e+00
1.010352042688382523e+00
1.010283304341600852e+00
1.010204723541312521e+00
1.010116555808306282e+00
1.010019063277404205e+00
1.009912514903056113e+00
1.009797186627070520e+00
1.009673361505013078e+00
1.009541329813599786e+00
1.009401389163973262e+00
1.009253844616958551e+00
1.009099008769030581e+00
1.008937201800222061e+00
1.008768751498273053e+00
1.008593993277103307e+00
1.008413270180333443e+00
1.008226932846202351e+00
1.008035339431692545e+00
1.007838855507393605e+00
1.007637853926927729e+00
1.007432714658115014e+00
1.007223824553584723e+00
1.007011577040459738e+00
1.006796371731502049e+00
1.006578613967722413e+00
1.006358714297958423e+00
1.006137087878735681e+00
1.005914153780753439e+00
1.005690334203138914e+00
1.005466053606174581e+00
1.005241737768068466e+00
1.005017812767233343e+00
1.004794703891806140e+00
1.004572834474964260e+00
1.004352624660394433e+00
1.004134490102710719e+00
1.003918840605373841e+00
1.003706078691700920e+00
1.003496598118095218e+00
1.003290782335687581e+00
1.003089002917727068e+00
1.002891617969958515e+00
1.002698970558494329e+00
1.002511387181043379e+00
1.002329176303005775e+00
1.002152626969845084e+00
1.001982007532619789e+00
1.001817564533259208e+00
1.001659521778932360e+00
1.001508079643555593e+00
1.001363414630905169e+00
1.001225679243018529e+00
1.001095002193575167e+00
1.000971489007352888e+00
1.000855223036566599e+00
1.000746266935274020e+00
1.000644664622795554e+00
1.000550443746277995e+00
1.000463618652176034e+00
1.000384193859868098e+00
1.000312168019009240e+00
1.000247538318652873e+00
1.000190305303474636e+00
1.000140478031506186e+00
1.000098079489382119e+00
1.000063152169499814e+00
1.000035763699451907e+00
1.000016012404326915e+00
1.000006045884630490e+00
1.000000000000000000e+00
