1.000000000000000000e+00
1.000000000029436897e+00
1.000000001513645653e+00
1.000000036104080392e+00
1.000000448834941214e+00
1.000003443135582648e+00
1.000018639666836018e+00
1.000078161947534960e+00
1.000270441215584061e+00
1.000806227847085950e+00
1.002133400626768145e+00
1.005110779502659479e+00
1.011208146733244106e+00
1.022565257844608499e+00
1.041503986868666187e+00
1.069043919822039834e+00
1.102841446072408083e+00
1.136525858763472563e+00
1.162018098630948515e+00
1.173256990159452506e+00
1.168296490528886178e+00
1.148918075336054168e+00
1.118981119640339639e+00
1.082811578486362336e+00
1.044172221109648024e+00
1.005842115922299218e+00
9.696250877754108988e-01
9.365419412683023692e-01
9.070569395437841909e-01
8.812733445983492730e-01
8.590791499601455605e-01
8.402455515217215343e-01
8.244871532043481777e-01
8.115001051567843904e-01
8.009873180456560382e-01
7.926711175438375667e-01
7.862985972334844975e-01
7.816428988469674710e-01
7.785023490266548274e-01
7.766982560858974871e-01
7.760721919060770135e-01
7.764838436056816784e-01
7.778092558808861190e-01
7.799390281863940455e-01
7.827765979769707450e-01
7.862366742608686287e-01
7.902438370417106395e-01
7.947312264649418756e-01
7.996393678692583773e-01
8.049150508728066811e-01
8.105129380364797242e-01
8.163977200620313734e-01
8.225358682589957171e-01
8.288932417748410275e-01
8.354391877387425946e-01
8.421461374923231435e-01
8.489892242517836918e-01
8.559459703759256799e-01
8.629960396976031900e-01
8.701210127721165088e-01
8.773041827701252293e-01
8.845303719512792595e-01
8.917857662161714494e-01
8.990577675854245498e-01
9.063348494303524738e-01
9.136064275236730481e-01
9.208627623757044134e-01
9.280948739439317530e-01
9.352944638487530327e-01
9.424538438648784044e-01
9.495658710320834528e-01
9.566238885605807818e-01
9.636216735238933850e-01
9.705533845502094525e-01
9.774135151890283035e-01
9.841968612939959726e-01
9.908984940612411974e-01
9.975137358313946878e-01
1.004038138069031305e+00
1.010467461744581241e+00
1.016797659447795876e+00
1.023024859393199870e+00
1.029145351121494301e+00
1.035155569241365425e+00
1.041052080212046649e+00
1.046831576276981535e+00
1.052490870553223434e+00
1.058026891935082592e+00
1.063436680347910723e+00
1.068717382382523118e+00
1.073866248041089877e+00
1.078880628400538111e+00
1.083757974398749546e+00
1.088495836407891382e+00
1.093091863623758764e+00
1.097543805299918684e+00
1.101849514291161736e+00
1.106006950287718116e+00
1.110014182589662335e+00
1.113869392872051112e+00
1.117570877492098269e+00
1.121117049640334651e+00
1.124506441343436025e+00
1.127737705689658920e+00
1.130809618956315266e+00
1.133721082975748917e+00
1.136471127650578783e+00
1.139058913545191620e+00
1.141483735310449221e+00
1.143745025913899038e+00
1.145842360884278266e+00
1.147775462127996526e+00
1.149544201501336183e+00
1.151148603954529337e+00
1.152588850336507598e+00
1.153865279453879955e+00
1.154978389359399227e+00
1.155928837663773967e+00
1.156717441044838646e+00
1.157345174292239376e+00
1.157813169754580374e+00
1.158122717314953309e+00
1.158275264971655449e+00
1.158272419838895839e+00
1.158115949081735208e+00
1.157807780206275172e+00
1.157350001149578755e+00
1.156744860352631354e+00
1.155994766258483963e+00
1.155102286535439893e+00
1.154070147108856137e+00
1.152901231005226235e+00
1.151598576834216070e+00
1.150165377140271117e+00
1.148604976845052583e+00
1.146920871797419306e+00
1.145116706960624953e+00
1.143196273969967258e+00
1.141163508031226792e+00
1.139022484528630752e+00
1.136777415753481568e+00
1.134432647722514620e+00
1.131992656632228478e+00
1.129462044840631840e+00
1.126845536624406563e+00
1.124147974018613105e+00
1.121374312623596659e+00
1.118529617039780266e+00
1.115619055922178804e+00
1.112647896857829277e+00
1.109621501150509060e+00
1.106545318336889627e+00
1.103424880110631889e+00
1.100265793358467414e+00
1.097073732363547549e+00
1.093854430348594420e+00
1.090613670459290807e+00
1.087357275941673196e+00
1.084091099310959594e+00
1.080821010536344495e+00
1.077552884411101752e+00
1.074292587194056292e+00
1.071045962540119634e+00
1.067818816737252874e+00
1.064616903212423304e+00
1.061445906354111957e+00
1.058311424699830194e+00
1.055218953496128487e+00
1.052173866524043877e+00
1.049181397286660822e+00
1.046246619603535599e+00
1.043374427823588579e+00
1.040569516860162302e+00
1.037836362515617505e+00
1.035179202422550571e+00
1.032602017856655952e+00
1.030108516514428363e+00
1.027702116744093397e+00
1.025385933869364052e+00
1.023162768977372572e+00
1.021035100680572016e+00
1.019005080311792932e+00
1.017074531163100648e+00
1.015244952326517458e+00
1.013517527729205892e+00
1.011893140808967306e+00
1.010372395455670702e+00
1.008955643703026261e+00
1.007643020347986695e+00
1.006434484690988951e+00
1.005329869351236249e+00
1.004328935950005830e+00
1.003431437261999237e+00
1.002637185254210195e+00
1.001946124119467818e+00
1.001358407136742290e+00
1.000874476020265469e+00
1.000495141207895067e+00
1.000221661392940664e+00
1.000083674463717598e+00
1.000000000000000000e+00
