1.000000000000000000e+00
1.000000000031155745e+00
1.000000001602050936e+00
1.000000038212781162e+00
1.000000475049689141e+00
1.000003644238076195e+00
1.000019728425197929e+00
1.000082728967623735e+00
1.000286262456520525e+00
1.000853567459671023e+00
1.002259866419962897e+00
1.005420352857342881e+00
1.011917093609857377e+00
1.024105814417352933e+00
1.044689024720270920e+00
1.075228277199902882e+00
1.113850590775489868e+00
1.154094030504435375e+00
1.186875069506128977e+00
1.204465751065594059e+00
1.203309747182236267e+00
1.184271433638525606e+00
1.151186655973694961e+00
1.109046396120228373e+00
1.062585355531613596e+00
1.015531186121070295e+00
9.704404898802571067e-01
9.288478522115705127e-01
8.915207582541390119e-01
8.587090590332643325e-01
8.303435727381238696e-01
8.061757423570720116e-01
7.858654049219890858e-01
7.690374453045147884e-01
7.553195635965679333e-01
7.443615560768492845e-01
7.358437951702647695e-01
7.294796635294586995e-01
7.250147908888499027e-01
7.222243069824165751e-01
7.209093145041511885e-01
7.208941168425641033e-01
7.220239582511092102e-01
7.241626787583247404e-01
7.271904739708384691e-01
7.310018523102472798e-01
7.355038126400630372e-01
7.406141376714627800e-01
7.462598671659047556e-01
7.523752461781246792e-01
7.589064471640309950e-01
7.658112415599586109e-01
7.730478866504757463e-01
7.805749805793403828e-01
7.883554423916124820e-01
7.963559957773085340e-01
8.045466797131953784e-01
8.129004522070962802e-01
8.213928808970990536e-01
8.300018624014815494e-01
8.387073673933038709e-01
8.474912114658219586e-01
8.563368484989065665e-01
8.652291865117854863e-01
8.741544050486449446e-01
8.830997924279331279e-01
8.920536246233486954e-01
9.010050597306796805e-01
9.099440414062033300e-01
9.188612096961930042e-01
9.277478198656531339e-01
9.365956681925570182e-01
9.453970262453696982e-01
9.541445741784413404e-01
9.628313411286889556e-01
9.714506646113082455e-01
9.799961572983831859e-01
9.884616771921725942e-01
9.968413004352290052e-01
1.005129297141196476e+00
1.013320109352938481e+00
1.021408331412045234e+00
1.029388692510709413e+00
1.037256036224994071e+00
1.045005304223054488e+00
1.052631530123320891e+00
1.060129834987220132e+00
1.067495422547286799e+00
1.074723574957616501e+00
1.081809649130777595e+00
1.088749074741318879e+00
1.095537353639966627e+00
1.102170061002735180e+00
1.108642847745852977e+00
1.114951442802888160e+00
1.121091658240285893e+00
1.127059397919028649e+00
1.132850665882525476e+00
1.138461574240281493e+00
1.143888351194457087e+00
1.149127348535617932e+00
1.154175049035050193e+00
1.159028073727847774e+00
1.163683189620640768e+00
1.168137317330644409e+00
1.172387539139710277e+00
1.176431107310119684e+00
1.180265452536324311e+00
1.183888193643321207e+00
1.187297148479129705e+00
1.190490344796427680e+00
1.193466030434053193e+00
1.196222683041884949e+00
1.198759019043942997e+00
1.201074001942632918e+00
1.203166849321359422e+00
1.205037038476667322e+00
1.206684310337624577e+00
1.208108671908298293e+00
1.209310397723106334e+00
1.210290031618335371e+00
1.211048389004449000e+00
1.211586559754974202e+00
1.211905911426882643e+00
1.212008092070607779e+00
1.211895031739339768e+00
1.211568943374688123e+00
1.211032323348823381e+00
1.210287950814837199e+00
1.209338886328517937e+00
1.208188469879984295e+00
1.206840318352406349e+00
1.205298322155239577e+00
1.203566641403965853e+00
1.201649702007012488e+00
1.199552191707464965e+00
1.197279055378747570e+00
1.194835489185383626e+00
1.192226933586525206e+00
1.189459065775803959e+00
1.186537792219645393e+00
1.183469241275125317e+00
1.180259755215183448e+00
1.176915881520845808e+00
1.173444363850997263e+00
1.169852133192252230e+00
1.166146299038015588e+00
1.162334140098133073e+00
1.158423094551229493e+00
1.154420750178011046e+00
1.150334834529044503e+00
1.146173204876236751e+00
1.141943837466915523e+00
1.137654815640008144e+00
1.133314316906007146e+00
1.128930599272485624e+00
1.124511986983328438e+00
1.120066855300627440e+00
1.115603614023144896e+00
1.111130689784575631e+00
1.106656507396376110e+00
1.102189470367886281e+00
1.097737940627100839e+00
1.093310217461301415e+00
1.088914515607845690e+00
1.084558942553057070e+00
1.080251475094073266e+00
1.075999935150378839e+00
1.071811964628931690e+00
1.067694999457724725e+00
1.063656242816427344e+00
1.059702637846219320e+00
1.055840840102955758e+00
1.052077190421649266e+00
1.048417688637415246e+00
1.044867968491148158e+00
1.041433273792256031e+00
1.038118436520635512e+00
1.034927857782585336e+00
1.031865492117041594e+00
1.028934835863595243e+00
1.026138920226636664e+00
1.023480309909227337e+00
1.020961108114415428e+00
1.018582968773875663e+00
1.016347116646118875e+00
1.014254376219978049e+00
1.012305210155513002e+00
1.010499767534162263e+00
1.008837942235087048e+00
1.007319441403917937e+00
1.005943863751665335e+00
1.004710787144099449e+00
1.003619864683468199e+00
1.002670928019395946e+00
1.001864096216785294e+00
1.001199888261232074e+00
1.000679336966991961e+00
1.000304101835624904e+00
1.000114809881945011e+00
1.000000000000000000e+00
