1.000000000000000000e+00
1.000000000000000000e+00
1.000000000000058620e+00
1.000000000051467497e+00
1.000000008536426455e+00
1.000000498230732227e+00
1.000013602528957213e+00
1.000208402542673625e+00
1.001977174756646605e+00
1.011967477155964135e+00
1.045201317705700905e+00
1.101855053040941002e+00
1.130712585767302159e+00
1.081189027495944144e+00
9.743379020361975229e-01
8.657199955766865518e-01
7.938254849877962593e-01
7.703482791411582209e-01
7.888106806658292669e-01
8.351180349026818828e-01
8.952580194446416728e-01
9.588971288874620358e-01
1.019798722335596652e+00
1.074831502921985704e+00
1.122806030376617414e+00
1.163602736088589218e+00
1.197628554595825845e+00
1.225511203166053997e+00
1.247938888805459667e+00
1.265581816963168515e+00
1.279057407333654472e+00
1.288917978537799325e+00
1.295649523527501623e+00
1.299675888372308297e+00
1.301366618806303777e+00
1.301044043847311649e+00
1.298987772916018635e+00
1.295439315847858763e+00
1.292320428547630184e+00
1.290178431148179428e+00
1.287569388308770213e+00
1.284084378709153373e+00
1.279764211910210836e+00
1.274743054242750473e+00
1.269159489618940873e+00
1.263129968587880292e+00
1.256752771927066803e+00
1.250110922861260798e+00
1.243274392643557658e+00
1.236302046888888562e+00
1.229243464164315291e+00
1.222140333201974016e+00
1.215027431265849112e+00
1.207933624943360540e+00
1.200882806271132086e+00
1.193894514223929226e+00
1.186984415487175815e+00
1.180164869277508410e+00
1.173445369269668914e+00
1.166832801689356991e+00
1.160331840865320263e+00
1.153945279000965884e+00
1.147674182335979953e+00
1.141518155342941210e+00
1.135475555250098578e+00
1.129543618095366853e+00
1.123718652091567627e+00
1.117996169168054665e+00
1.112371025436742045e+00
1.106837555211914514e+00
1.101389615169796166e+00
1.096020665213693013e+00
1.090723808009456341e+00
1.085491845032838354e+00
1.080317341478418403e+00
1.075192661311362263e+00
1.070110027766242311e+00
1.065061565147239708e+00
1.060039359462153330e+00
1.055035505969512011e+00
1.050042165339504230e+00
1.045051617204609373e+00
1.040056311101749342e+00
1.035048909801774775e+00
1.030022324507167353e+00
1.024969750511574240e+00
1.019884696178357641e+00
1.014761022264267565e+00
1.009592982382175430e+00
1.004375265997494937e+00
9.991030223962590329e-01
9.937718895750289327e-01
9.883780087887252819e-01
9.829180408433059180e-01
9.773891833741923385e-01
9.717891936662167440e-01
9.661164243332212020e-01
9.603698393613184781e-01
9.545490377224864487e-01
9.486542685544747666e-01
9.426864410388949844e-01
9.366471257299928688e-01
9.305385343640997231e-01
9.243635256047239013e-01
9.181256195074944948e-01
9.118290013675898198e-01
9.054785469418640265e-01
8.990798452513435457e-01
8.926392014957253984e-01
8.861636387697701123e-01
8.796608968535757356e-01
8.731394294774700304e-01
8.666084146733508131e-01
8.600777582353672512e-01
8.535580789477754671e-01
8.470607010458424124e-01
8.405976449621519464e-01
8.341816022160887245e-01
8.278259067880398003e-01
8.215445135944682287e-01
8.153519694527406880e-01
8.092633690498335364e-01
8.032943073970466585e-01
7.974608323229702700e-01
7.917793908771673106e-01
7.862667587613736409e-01
7.809399553102702729e-01
7.758161552214453138e-01
7.709125933668308228e-01
7.662464542468684359e-01
7.618347555489217715e-01
7.576942291967619925e-01
7.538412083407342035e-01
7.502915223270378853e-01
7.470603913014358666e-01
7.441623143765464521e-01
7.416109518225474373e-01
7.394190114780291312e-01
7.375981375488401826e-01
7.361587942872979129e-01
7.351101520729100836e-01
7.344599831275512303e-01
7.342145679144040926e-01
7.343786238952892953e-01
7.349552547788795742e-01
7.359459102112910767e-01
7.373503574776744118e-01
7.391666692413273454e-01
7.413912238866114945e-01
7.440187122780823614e-01
7.470421523653716367e-01
7.504529147972449632e-01
7.542407608758774362e-01
7.583938883738918779e-01
7.628989801255559033e-01
7.677412572303345950e-01
7.729045444149239552e-01
7.783713489801462604e-01
7.841229475249453795e-01
7.901394796248616403e-01
7.964000442458387674e-01
8.028827957531400328e-01
8.095650474190524415e-01
8.164233854955097458e-01
8.234337882896081151e-01
8.305717458182939605e-01
8.378123781304511741e-01
8.451305561013965351e-01
8.525010305075152450e-01
8.598985663617961794e-01
8.672980769971115889e-01
8.746747553325785463e-01
8.820042013955736726e-01
8.892625493520895930e-01
8.964265940632538676e-01
9.034739138523082413e-01
9.103829894281336710e-01
9.171333163487285223e-01
9.237055071925844851e-01
9.300813822985640744e-01
9.362440476068395467e-01
9.421779580845239810e-01
9.478689651852940656e-01
9.533043470631331617e-01
9.584728196210966500e-01
9.633645254231423261e-01
9.679709981994775170e-01
9.722851007889625752e-01
9.763009337189161307e-01
9.800137124222229046e-01
9.834196128185853647e-01
9.865155861416007310e-01
9.892991446524216359e-01
9.917681205078117124e-01
9.939204016404816766e-01
9.957536503132886629e-01
9.972650108831691007e-01
9.984508142677452902e-01
9.993062875360897435e-01
9.997376816153267232e-01
1.000000000000000000e+00
