1.000000000000000000e+00
1.000000000000000000e+00
1.000000000000070832e+00
1.000000000055662364e+00
1.000000009234541132e+00
1.000000539165895264e+00
1.000014727305836626e+00
1.000225788335189492e+00
1.002144150743864204e+00
1.012995649014217570e+00
1.049187230645477475e+00
1.111273732285350757e+00
1.144254431953924511e+00
1.093554814582664569e+00
9.813362212071305990e-01
8.663827414076981093e-01
7.893669690048225052e-01
7.628562833338528026e-01
7.803572369273662490e-01
8.272568779582728515e-01
8.888838010491120212e-01
9.543589486089388840e-01
1.017098054336065482e+00
1.073791010651446776e+00
1.123177976001538125e+00
1.165127602674304041e+00
1.200062562789090181e+00
1.228636992497679215e+00
1.251567931823542645e+00
1.269553145147301665e+00
1.283234924202754312e+00
1.293187425402861024e+00
1.299915562343293196e+00
1.303859496799999240e+00
1.305402947990674578e+00
1.304880638937162329e+00
1.302582964798796983e+00
1.298760789553562667e+00
1.295359757465907036e+00
1.292929414162413027e+00
1.290014913842543631e+00
1.286213646369606778e+00
1.281571829033112397e+00
1.276228239427233957e+00
1.270325374281811026e+00
1.263983002202005324e+00
1.257302225587316080e+00
1.250368455504789367e+00
1.243253659212928852e+00
1.236018351401109605e+00
1.228713465058273169e+00
1.221381785750542015e+00
1.214058949419030808e+00
1.206774472094120920e+00
1.199552717197984730e+00
1.192413532708572754e+00
1.185372742599741569e+00
1.178442731465361604e+00
1.171632901046770758e+00
1.164949933144036276e+00
1.158398201162396557e+00
1.151980113202650369e+00
1.145696271379880837e+00
1.139545747562963118e+00
1.133526307111848652e+00
1.127634539054482854e+00
1.121866058761584739e+00
1.116215645227702558e+00
1.110677388348356942e+00
1.105244829704963516e+00
1.099911007773035188e+00
1.094668542551995749e+00
1.089509676289149631e+00
1.084426331988961767e+00
1.079410181505498612e+00
1.074452681867768433e+00
1.069545138837644682e+00
1.064678750563158971e+00
1.059844671372773162e+00
1.055034061623870478e+00
1.050238146762453528e+00
1.045448273603322153e+00
1.040655963831043307e+00
1.035852959372744797e+00
1.031031259090397389e+00
1.026183155965629812e+00
1.021301267156397685e+00
1.016378575110300497e+00
1.011408469915252573e+00
1.006384794384677983e+00
1.001301868854861832e+00
9.961545212857848552e-01
9.909381020927934269e-01
9.856485009089580585e-01
9.802821644752532926e-01
9.748361205492792614e-01
9.693080156696984861e-01
9.636961320600901937e-01
9.579994127687091465e-01
9.522174779469440020e-01
9.463506356305683154e-01
9.403998835549565172e-01
9.343668881332630738e-01
9.282539913884053639e-01
9.220642274447093945e-01
9.158013279039314281e-01
9.094697503783071291e-01
9.030747047274900741e-01
8.966221582941303891e-01
8.901188401587027954e-01
8.835722425675105463e-01
8.769906210426703375e-01
8.703830088579685986e-01
8.637592244594793911e-01
8.571298596444374418e-01
8.505062758144000812e-01
8.439005986876884080e-01
8.373256962543860205e-01
8.307951531917343591e-01
8.243232531272587371e-01
8.179249530031565962e-01
8.116158414311578362e-01
8.054120933224521162e-01
7.993304245613881420e-01
7.933880400560078261e-01
7.876025633498154876e-01
7.819919504044028358e-01
7.765743995350499196e-01
7.713682534504082700e-01
7.663918841872395804e-01
7.616635710544250593e-01
7.572013751620177979e-01
7.530230196108435026e-01
7.491457775058586455e-01
7.455863587324085273e-01
7.423607888789041098e-01
7.394842807665809037e-01
7.369711096192558264e-01
7.348344899005214703e-01
7.330864456968694265e-01
7.317376828406133571e-01
7.307974706863638037e-01
7.302735347727418169e-01
7.301719731661103774e-01
7.304971945899281227e-01
7.312518675455719208e-01
7.324368822487645758e-01
7.340513298848304613e-01
7.360924955659990943e-01
7.385558583617326533e-01
7.414351000517528378e-01
7.447221261344043608e-01
7.484071006194789044e-01
7.524784897890702817e-01
7.569231094229291745e-01
7.617261775195042217e-01
7.668713807608898980e-01
7.723409562865232170e-01
7.781157824336932816e-01
7.841754775253466647e-01
7.904985020667213425e-01
7.970622608799385889e-01
8.038432137558952917e-01
8.108169979219840284e-01
8.179585562023022893e-01
8.252422659870607413e-01
8.326420668721028484e-01
8.401315910770874584e-01
8.476843029456130330e-01
8.552736441987834892e-01
8.628731788977389572e-01
8.704567353001566588e-01
8.779985435947809114e-01
8.854733730753928667e-01
8.928566687947001590e-01
9.001246841093392126e-01
9.072546091015311065e-01
9.142246920752151729e-01
9.210143500070133715e-01
9.276042667829202948e-01
9.339764777011851926e-01
9.401144386743759407e-01
9.460030785299319289e-01
9.516288331055130501e-01
9.569796591352579540e-01
9.620450247671856747e-01
9.668158743097750030e-01
9.712845649155543715e-01
9.754447721884084155e-01
9.792913625521403320e-01
9.828202320781822543e-01
9.860281127022996195e-01
9.889123475569308042e-01
9.914706377963564687e-01
9.937007649946690835e-01
9.956002951338827067e-01
9.971662711238202803e-01
9.983949018142839194e-01
9.992812564536877051e-01
9.997282088143807366e-01
1.000000000000000000e+00
