1.000000000000000000e+00
1.000000000000000000e+00
1.000000000000025313e+00
1.000000000012161605e+00
1.000000001972937591e+00
1.000000111564980587e+00
1.000002910388545718e+00
1.000041661276970251e+00
1.000354937963886082e+00
1.001781728895924539e+00
1.004535925370637184e+00
1.001504154541142277e+00
9.772816913520304682e-01
9.293064544439463281e-01
8.773423312027029963e-01
8.438153246103039518e-01
8.385316234487040221e-01
8.589462773032502385e-01
8.965799152425814045e-01
9.425769440916523800e-01
9.903300714389482451e-01
1.035833062744425215e+00
1.077067846466990053e+00
1.113269027196536864e+00
1.144368233299091875e+00
1.170644300267748017e+00
1.192523977352281106e+00
1.210475961581861659e+00
1.224958160398821994e+00
1.236393829912318942e+00
1.245162777048723912e+00
1.251600108168912540e+00
1.255998543283025182e+00
1.258612349164369704e+00
1.259662441173868164e+00
1.259340839044020388e+00
1.257813736835776020e+00
1.255224456242258535e+00
1.253379284534252402e+00
1.252470329050714204e+00
1.251072575419508004e+00
1.249004642112148122e+00
1.246247998003217505e+00
1.242886584266441163e+00
1.239016638833448036e+00
1.234718928834428908e+00
1.230061602946207477e+00
1.225102338374653765e+00
1.219889994017505197e+00
1.214466014498858604e+00
1.208865674573877058e+00
1.203119051426830399e+00
1.197251743066042096e+00
1.191285547655707155e+00
1.185239073680680377e+00
1.179128174605355905e+00
1.172966293766236179e+00
1.166764826627312068e+00
1.160533409924743076e+00
1.154280113230909510e+00
1.148011681279595742e+00
1.141733736716781245e+00
1.135450896208964888e+00
1.129166928709759654e+00
1.122884885627025264e+00
1.116607186353767656e+00
1.110335730120718623e+00
1.104071976662307275e+00
1.097817027955977576e+00
1.091571704630087902e+00
1.085336580126737394e+00
1.079112029581791088e+00
1.072898258884576350e+00
1.066695339824685229e+00
1.060503248136817733e+00
1.054321887322265949e+00
1.048151122930165213e+00
1.041990807798821805e+00
1.035840814887755146e+00
1.029701063682974427e+00
1.023571549711493223e+00
1.017452372287625639e+00
1.011343760448128126e+00
1.005246094970030146e+00
9.991599262068272536e-01
9.930859915374965485e-01
9.870252292642539560e-01
9.809787963177363235e-01
9.749480856844672250e-01
9.689347441281755957e-01
9.629406809476068752e-01
9.569680780012455035e-01
9.510193928056148716e-01
9.450973614895856745e-01
9.392050012897399380e-01
9.333456143709563113e-01
9.275227959965863800e-01
9.217404333716208154e-01
9.160027065346376673e-01
9.103140846377406614e-01
9.046793189109164635e-01
8.991034310643593042e-01
8.935916918995739922e-01
8.881496095410795766e-01
8.827829201759226363e-01
8.774975734288116280e-01
8.722997252945299262e-01
8.671957290286972375e-01
8.621921171390306560e-01
8.572955821137782095e-01
8.525129553258856685e-01
8.478511847785210609e-01
8.433173174865833399e-01
8.389184788103988266e-01
8.346618445839321110e-01
8.305546161055948895e-01
8.266039947176453406e-01
8.228171508207147156e-01
8.192011923193048828e-01
8.157631366880536694e-01
8.125098813811580944e-01
8.094481700803495272e-01
8.065845593633582666e-01
8.039253873047416121e-01
8.014767419734427634e-01
7.992444261219336932e-01
7.972339192922055506e-01
7.954503415895661789e-01
7.938984179542611930e-01
7.925824400609873255e-01
7.915062293279890859e-01
7.906731022468022063e-01
7.900858409010385053e-01
7.897466692183235937e-01
7.896572318562946613e-01
7.898185734741737241e-01
7.902311183787238402e-01
7.908946538032616269e-01
7.918083158944208000e-01
7.929705755677933787e-01
7.943792264669061742e-01
7.960313771000979699e-01
7.979234471060441258e-01
8.000511711213572630e-01
8.024096092074596287e-01
8.049931601445844409e-01
8.077955778194382264e-01
8.108099917652520361e-01
8.140289305036759737e-01
8.174443455029635208e-01
8.210476361146193947e-01
8.248296764469195130e-01
8.287808445693818360e-01
8.328910526050820051e-01
8.371497761225241696e-01
8.415460835163357523e-01
8.460686679223186069e-01
8.507058822547541865e-01
8.554457756509444843e-01
8.602761312353592871e-01
8.651845040374992468e-01
8.701582582492277673e-01
8.751846065435858746e-01
8.802506526117602759e-01
8.853434352981803812e-01
8.904499730637687183e-01
8.955573082888370617e-01
9.006525527282769339e-01
9.057229360393446171e-01
9.107558564420928926e-01
9.157389317370963067e-01
9.206600498075945271e-01
9.255074182139626515e-01
9.302696137817015876e-01
9.349356320037838231e-01
9.394949349675572048e-01
9.439374975165853998e-01
9.482538504963895498e-01
9.524351195077171983e-01
9.564730584199854224e-01
9.603600767669168148e-01
9.640892601132123874e-01
9.676543824622245715e-01
9.710499098647202842e-01
9.742709942017062641e-01
9.773134558115450510e-01
9.801737539061431415e-01
9.828489438255401112e-01
9.853366200630628846e-01
9.876348443545983624e-01
9.897420587976442086e-01
9.916569844691273117e-01
9.933785063991408260e-01
9.949055461107224607e-01
9.962369235950674362e-01
9.973712113122419343e-01
9.983065832210147317e-01
9.990406622623947408e-01
9.995703701074479808e-01
9.998376160626294418e-01
1.000000000000000000e+00
