1.000000000000000000e+00
1.000000000000000000e+00
1.000000000000008660e+00
1.000000000005183631e+00
1.000000000806852363e+00
1.000000042807969391e+00
1.000001006832879735e+00
1.000011923589981144e+00
1.000064773278507957e+00
9.999504915801091798e-01
9.971641710573019290e-01
9.831080988162609335e-01
9.488959204945668358e-01
9.016705200597459058e-01
8.618911869540566428e-01
8.450813294738396264e-01
8.542056857431810091e-01
8.834001699170207500e-01
9.240854607425145195e-01
9.689093846718750402e-01
1.013005269799595265e+00
1.053716097286540698e+00
1.089882305916315852e+00
1.121215335336162022e+00
1.147877732131967976e+00
1.170236521014891506e+00
1.188729786729018967e+00
1.203799268129852829e+00
1.215859049994256091e+00
1.225283141695603595e+00
1.232402523580622189e+00
1.237506680645624302e+00
1.240847061632101678e+00
1.242641272555482068e+00
1.243077853568208102e+00
1.242320335562981048e+00
1.240510065583680266e+00
1.237768842013259096e+00
1.235697749821618840e+00
1.234499808634470730e+00
1.232913615433297583e+00
1.230739597243223571e+00
1.227943883520175472e+00
1.224597511724050625e+00
1.220785886876785353e+00
1.216580676071466582e+00
1.212042364554342333e+00
1.207222187202738661e+00
1.202163619147790463e+00
1.196903630854517786e+00
1.191473787232278925e+00
1.185901108928747671e+00
1.180208715395425267e+00
1.174416422818743921e+00
1.168541276114868799e+00
1.162597933695972419e+00
1.156598974349271503e+00
1.150555211758330643e+00
1.144475946713938930e+00
1.138369138783250412e+00
1.132241614436101163e+00
1.126099241357055414e+00
1.119947032621868122e+00
1.113789281896067740e+00
1.107629674996725599e+00
1.101471365179368167e+00
1.095317067740872341e+00
1.089169129252738788e+00
1.083029596676353234e+00
1.076900281519282299e+00
1.070782790465954371e+00
1.064678566846102070e+00
1.058588916228035970e+00
1.052515036240734281e+00
1.046458048220185733e+00
1.040419017440762595e+00
1.034398981060276279e+00
1.028398968724723694e+00
1.022420028667816005e+00
1.016463248525050878e+00
1.010529778189364736e+00
1.004620850982592239e+00
9.987378030944052965e-01
9.928820897160817172e-01
9.870552976602462447e-01
9.812591574020438356e-01
9.754955521140857844e-01
9.697665293162829325e-01
9.640743120059150906e-01
9.584213097130463987e-01
9.528101224794454094e-01
9.472435455309219376e-01
9.417245684805407580e-01
9.362563741916896110e-01
9.308423370944282071e-01
9.254860222789853541e-01
9.201911876522675948e-01
9.149617789137790558e-01
9.098019259092112732e-01
9.047159354164233669e-01
8.997082813658499045e-01
8.947835916306610127e-01
8.899466275617889943e-01
8.852022707042564997e-01
8.805555114248346804e-01
8.760114336504691845e-01
8.715752052869354394e-01
8.672520672613222015e-01
8.630473162049228097e-01
8.589662864575871026e-01
8.550143310298412569e-01
8.511968020497099330e-01
8.475190349480844487e-01
8.439863308103600081e-01
8.406039339244744113e-01
8.373770118834734655e-01
8.343106358883066731e-01
8.314097575531168571e-01
8.286791858600704996e-01
8.261235672862453638e-01
8.237473653033051679e-01
8.215548374607238857e-01
8.195500133498589967e-01
8.177366745107044199e-01
8.161183348024733109e-01
8.146982185755815564e-01
8.134792375062765979e-01
8.124639690859524199e-01
8.116546358868705902e-01
8.110530835203637601e-01
8.106607597079125149e-01
8.104786952594873473e-01
8.105074889109168401e-01
8.107472963243700370e-01
8.111978209892996006e-01
8.118583053794594662e-01
8.127275223033093576e-01
8.138037686835983830e-01
8.150848610599834565e-01
8.165681307766823327e-01
8.182504203832087208e-01
8.201280826644142818e-01
8.221969822309745934e-01
8.244525020716272357e-01
8.268895543167703588e-01
8.295025926255066295e-01
8.322856263595188597e-01
8.352322372943424833e-01
8.383355979444813144e-01
8.415884900047357897e-01
8.449833231930478084e-01
8.485121551987097055e-01
8.521667130487001751e-01
8.559384149277657894e-01
8.598183913889970720e-01
8.637975064785731183e-01
8.678663805899345940e-01
8.720154154981945016e-01
8.762348204207899283e-01
8.805146390815986601e-01
8.848447770015621661e-01
8.892150284797951665e-01
8.936151051870662165e-01
8.980346671988912455e-01
9.024633553563492505e-01
9.068908240799122833e-01
9.113067742986843411e-01
9.157009874049429898e-01
9.200633615598452497e-01
9.243839496754039375e-01
9.286529978066652147e-01
9.328609833071433988e-01
9.369986524261262328e-01
9.410570579182018225e-01
9.450275964728900302e-01
9.489020449887073383e-01
9.526725954038195443e-01
9.563318871863936144e-01
9.598730362839889008e-01
9.632896599029052709e-01
9.665758963929256264e-01
9.697264194875020449e-01
9.727364461365011206e-01
9.756017372345778815e-01
9.783185904245876863e-01
9.808838239553488991e-01
9.832947507792924036e-01
9.855491421678432840e-01
9.876451800649942436e-01
9.895813976797281919e-01
9.913566083179554678e-01
9.929698228401836468e-01
9.944201564389125725e-01
9.957067257143197292e-01
9.968285375241053847e-01
9.977843716214082059e-01
9.985726594160490022e-01
9.991913615158891648e-01
9.996378469958873136e-01
9.998631412686290743e-01
1.000000000000000000e+00
