1.000000000000000000e+00
1.000000000000000000e+00
1.000000000000041078e+00
1.000000000019465318e+00
1.000000003194487119e+00
1.000000183683334321e+00
1.000004910414490578e+00
1.000072978024090453e+00
1.000661454396993610e+00
1.003724159433746710e+00
1.012400300779476181e+00
1.021304709309190928e+00
1.008347439239791754e+00
9.608190470148916251e-01
8.975860386130283253e-01
8.477310952567009839e-01
8.276693231580972698e-01
8.383039628706483448e-01
8.716229025527759688e-01
9.175615687900219308e-01
9.678922771845966944e-01
1.017268727941265327e+00
1.062786506220687155e+00
1.103174210127317867e+00
1.138111232410590201e+00
1.167774117130728762e+00
1.192568897846546072e+00
1.212984591423364789e+00
1.229517837561861837e+00
1.242636960509688304e+00
1.252767010543099913e+00
1.260285575138677894e+00
1.265523873592077742e+00
1.268770388754059342e+00
1.270276264789156784e+00
1.270260137539131362e+00
1.268911427405627901e+00
1.266393589915563833e+00
1.264560186705518285e+00
1.263696982339875374e+00
1.262351058968139927e+00
1.260273486654738706e+00
1.257458933736721018e+00
1.254002472137608182e+00
1.250009699935135332e+00
1.245569255381207663e+00
1.240755920061136885e+00
1.235632945632990642e+00
1.230253841151917715e+00
1.224663902933273985e+00
1.218901585090901296e+00
1.212999567364791531e+00
1.206985536466827380e+00
1.200882936275410984e+00
1.194711647251033071e+00
1.188488463859558530e+00
1.182227471601662305e+00
1.175940451769884820e+00
1.169637203178407914e+00
1.163325750157853999e+00
1.157012615786097598e+00
1.150703050264126670e+00
1.144401156768490413e+00
1.138110070620792280e+00
1.131832106180590936e+00
1.125568851066175213e+00
1.119321293688308572e+00
1.113089913996962999e+00
1.106874776545879735e+00
1.100675617920208849e+00
1.094491883420251499e+00
1.088322782295625624e+00
1.082167319315172627e+00
1.076024334258699033e+00
1.069892545365795034e+00
1.063770575812075236e+00
1.057656993335338802e+00
1.051550339153715319e+00
1.045449166526857487e+00
1.039352071769995334e+00
1.033257729426402483e+00
1.027164925594410638e+00
1.021072589377971518e+00
1.014979819834932240e+00
1.008885908112492569e+00
1.002790359413379129e+00
9.966929109160556077e-01
9.905935547246060846e-01
9.844925608433905406e-01
9.783905008844447915e-01
9.722882610415786164e-01
9.661870569971057199e-01
9.600884405766137997e-01
9.539943065797273913e-01
9.479068993760288997e-01
9.418288215253191042e-01
9.357630481921181964e-01
9.297129302955121632e-01
9.236822005717407746e-01
9.176749741980292363e-01
9.116957455758891715e-01
9.057493796491761229e-01
8.998410911286798264e-01
8.939764359986377418e-01
8.881613063646920381e-01
8.824019187053109281e-01
8.767048118027216397e-01
8.710768422075679807e-01
8.655251684825364666e-01
8.600572338034966346e-01
8.546807461367865733e-01
8.494036567756053646e-01
8.442341445665301203e-01
8.391805959778732005e-01
8.342515756053127118e-01
8.294557998920247810e-01
8.248021098144791008e-01
8.202994358472317504e-01
8.159567615247750316e-01
8.117830909417467211e-01
8.077874133506367516e-01
8.039786615624733290e-01
8.003656699993909607e-01
7.969571343331052216e-01
7.937615700562600241e-01
7.907872651560930999e-01
7.880422284476863437e-01
7.855341390962615744e-01
7.832702958332081744e-01
7.812575621578354834e-01
7.795023121071454897e-01
7.780103782470383367e-01
7.767870057384467231e-01
7.758368133080175699e-01
7.751637571808261962e-01
7.747710951239410448e-01
7.746613506840127616e-01
7.748362820106763360e-01
7.752968541637876854e-01
7.760432112683324224e-01
7.770746515603474958e-01
7.783896081617507345e-01
7.799856356194800888e-01
7.818594068941586706e-01
7.840067195037332404e-01
7.864225059973728449e-01
7.891008490959663391e-01
7.920350029261177260e-01
7.952174185669406148e-01
7.986397710029420338e-01
8.022929879403081221e-01
8.061672817269271984e-01
8.102521848600720000e-01
8.145365871167568050e-01
8.190087721398178200e-01
8.236564543331335031e-01
8.284668193855715401e-01
8.334265691410918109e-01
8.385219684698792530e-01
8.437388939583351233e-01
8.490628828045825305e-01
8.544791807776330739e-01
8.599727928059485160e-01
8.655285376866200808e-01
8.711311047215942738e-01
8.767651105615775764e-01
8.824151555875189290e-01
8.880658815651617521e-01
8.937020331273732854e-01
8.993085218485211696e-01
9.048704905780274865e-01
9.103733769144845001e-01
9.158029753552454633e-01
9.211454993901602162e-01
9.263876433867189730e-01
9.315166426520326004e-01
9.365203314008048174e-01
9.413871972268389454e-01
9.461064301218286010e-01
9.506679651972096412e-01
9.550625180987515339e-01
9.592816120640110800e-01
9.633175955486977804e-01
9.671636494646524973e-01
9.708137828152130222e-01
9.742628150970289447e-01
9.775063441824175525e-01
9.805406985086978500e-01
9.833628722114482468e-01
9.859704422792590073e-01
9.883614676563657886e-01
9.905343708390593749e-01
9.924878029744464980e-01
9.942204938837718720e-01
9.957310892542073910e-01
9.970179781490338122e-01
9.980791144876954846e-01
9.989118366656581927e-01
9.995126899652212460e-01
9.998157917801450134e-01
1.000000000000000000e+00
