1.000000000000000000e+00
1.000000000000000000e+00
1.000000000000048628e+00
1.000000000048169024e+00
1.000000007987173145e+00
1.000000465993891474e+00
1.000012715615433256e+00
1.000194668793411124e+00
1.001844929910723048e+00
1.011149993867443087e+00
1.042013683849174033e+00
1.094257549041416588e+00
1.119651447245811671e+00
1.070905201101904902e+00
9.683209401262378169e-01
8.648851423685576245e-01
7.972719362559870238e-01
7.764091494041871488e-01
7.957924419542088401e-01
8.417293104388858804e-01
9.007383792782307497e-01
9.629327141200729745e-01
1.022364598182515349e+00
1.076054707778937081e+00
1.122876302112583158e+00
1.162723378477879654e+00
1.195992785543706916e+00
1.223292526495408206e+00
1.245288493199658175e+00
1.262629201558569614e+00
1.275912310628553925e+00
1.285672689292060467e+00
1.292381158666734642e+00
1.296448456016931594e+00
1.298232733756171209e+00
1.298046363625481314e+00
1.296160297410415829e+00
1.292808544708886398e+00
1.289905626911751257e+00
1.287982861245465349e+00
1.285595399012982920e+00
1.282341488007898267e+00
1.278257581189003567e+00
1.273474138894603147e+00
1.268126607287730412e+00
1.262328781999224159e+00
1.256176691498148257e+00
1.249751457316400360e+00
1.243121464208072124e+00
1.236344269357464221e+00
1.229468378668068906e+00
1.222534613716569796e+00
1.215577073681454623e+00
1.208624112693228669e+00
1.201699251018070180e+00
1.194821783656768499e+00
1.188007252214263731e+00
1.181267993959462359e+00
1.174613572085377422e+00
1.168051029714018307e+00
1.161585272892519338e+00
1.155219389924734719e+00
1.148954804923460804e+00
1.142791533032220697e+00
1.136728387794891715e+00
1.130763103984620432e+00
1.124892523803937117e+00
1.119112724014117655e+00
1.113419151185607303e+00
1.107806750550122121e+00
1.102270009375976967e+00
1.096803034977507085e+00
1.091399593371424892e+00
1.086053163472274319e+00
1.080756999597609624e+00
1.075504165576454563e+00
1.070287592934542342e+00
1.065100121299857650e+00
1.059934556634374081e+00
1.054783717029840417e+00
1.049640486650982085e+00
1.044497867189188023e+00
1.039349026828520373e+00
1.034187341984778463e+00
1.029006431323443271e+00
1.023800190206173300e+00
1.018562818789274349e+00
1.013288859911026130e+00
1.007973238031935059e+00
1.002611300544065331e+00
9.971988410097980537e-01
9.917321270198549144e-01
9.862079144133618636e-01
9.806234630916721429e-01
9.749765537012921035e-01
9.692655094838409369e-01
9.634892302124475894e-01
9.576472074274833268e-01
9.517395467252007801e-01
9.457669819376847142e-01
9.397308841583928984e-01
9.336332625377719019e-01
9.274767445743103966e-01
9.212645807881009175e-01
9.150006574698119621e-01
9.086894991999441284e-01
9.023362913758367077e-01
8.959469002322631992e-01
8.895278738428346044e-01
8.830864417696342450e-01
8.766305117268198277e-01
8.701686645786999019e-01
8.637101614614812739e-01
8.572649441674289328e-01
8.508436181028333767e-01
8.444574418638919333e-01
8.381183150001010329e-01
8.318387506531496056e-01
8.256318447404825678e-01
8.195112517087081994e-01
8.134911531212820623e-01
8.075862120761544416e-01
8.018115243179134710e-01
7.961825694298997336e-01
7.907151563917036441e-01
7.854253533318633629e-01
7.803294039250160408e-01
7.754436410263125801e-01
7.707843941608562011e-01
7.663678830115954188e-01
7.622101058565131648e-01
7.583267261868144038e-01
7.547329654663511578e-01
7.514435039654856485e-01
7.484723818628470360e-01
7.458328949500960814e-01
7.435374853874474610e-01
7.415976370574813847e-01
7.400237737839464591e-01
7.388251533687009154e-01
7.380097644484993058e-01
7.375842328820764182e-01
7.375537385776931298e-01
7.379219535839905975e-01
7.386909996043806714e-01
7.398614154606886206e-01
7.414321358879071289e-01
7.434004853336666496e-01
7.457621834783206838e-01
7.485113566339333113e-01
7.516405562952424013e-01
7.551407877370568400e-01
7.590015498501645475e-01
7.632108820056833220e-01
7.677554131827113437e-01
7.726204150590305630e-01
7.777898660866079394e-01
7.832465278796912900e-01
7.889720285165610081e-01
7.949469520083729535e-01
8.011509300341322914e-01
8.075627330511937485e-01
8.141603681729638886e-01
8.209211867023689102e-01
8.278219961805384219e-01
8.348391728705212289e-01
8.419487729318797520e-01
8.491266458577104714e-01
8.563485556036417590e-01
8.635903066193292288e-01
8.708278696668876329e-01
8.780375050473516740e-01
8.851958823718799607e-01
8.922801998953249214e-01
8.992683034116067953e-01
9.061388016007562163e-01
9.128711777440016162e-01
9.194458953312215632e-01
9.258444939472018076e-01
9.320496743217900892e-01
9.380453711184733034e-01
9.438168119862967442e-01
9.493505613656367803e-01
9.546345477896125420e-01
9.596580728298655938e-01
9.644117988601983438e-01
9.688877134719732220e-01
9.730790684902985710e-01
9.769802909549940573e-01
9.805868641903358052e-01
9.838951787128434878e-01
9.869023538217795988e-01
9.896060314463702712e-01
9.920041444315395029e-01
9.940946629475959639e-01
9.958753244106062219e-01
9.973433531354742865e-01
9.984951768529224392e-01
9.993261481001033397e-01
9.997451977137615797e-01
1.000000000000000000e+00
