1.000000000000000000e+00
1.000000000000000000e+00
1.000000000000080824e+00
1.000000000059285465e+00
1.000000009837058057e+00
1.000000574461035630e+00
1.000015695821177442e+00
1.000240730953686707e+00
1.002287275133541433e+00
1.013873399496782790e+00
1.052569442913731335e+00
1.119194110466734227e+00
1.155491993694954367e+00
1.103618085408219596e+00
9.868175128283432906e-01
8.666117740366866551e-01
7.854503684360562010e-01
7.565695848108022759e-01
7.734191214829935213e-01
8.209318245856381813e-01
8.838813137345122861e-01
9.509375290148969206e-01
1.015233770714309314e+00
1.073318272096143833e+00
1.123878426852453094e+00
1.166777265240320771e+00
1.202453350271748489e+00
1.231584599806914149e+00
1.254913183962550693e+00
1.273160520656419825e+00
1.286990064774863107e+00
1.296994458518745397e+00
1.303694583882400115e+00
1.307544352002820043e+00
1.308939426182653909e+00
1.308224985118748185e+00
1.305700535125646988e+00
1.301624854261044684e+00
1.297962813903095647e+00
1.295265849541858971e+00
1.292070732163806523e+00
1.287980227577394388e+00
1.283045167407023790e+00
1.277408270867240736e+00
1.271215385171049261e+00
1.264589125582344931e+00
1.257633020590142037e+00
1.250434539032822423e+00
1.243067372014692973e+00
1.235593461585403841e+00
1.228064915955959124e+00
1.220525474950231670e+00
1.213011523600431296e+00
1.205553146307368761e+00
1.198175120789910508e+00
1.190897568308123544e+00
1.183736453860517956e+00
1.176704187802529944e+00
1.169810094857991922e+00
1.163060680920539713e+00
1.156460058497133625e+00
1.150010301389323919e+00
1.143711606635973377e+00
1.137562580375825805e+00
1.131560469682019177e+00
1.125701296348343927e+00
1.119980067809066560e+00
1.114390919516755840e+00
1.108927268285149648e+00
1.103581959111890498e+00
1.098347311357736000e+00
1.093215206765750347e+00
1.088177131292202615e+00
1.083224235854455930e+00
1.078347407302261862e+00
1.073537305924088914e+00
1.068784431766130361e+00
1.064079169970643557e+00
1.059411857406793445e+00
1.054772834585308683e+00
1.050152507303423244e+00
1.045541405349527331e+00
1.040930238265119989e+00
1.036309942510426074e+00
1.031671719451219715e+00
1.027007073853935415e+00
1.022307844844669633e+00
1.017566248542719043e+00
1.012774922005815315e+00
1.007926970075323503e+00
1.003015990808399538e+00
9.980361065400329412e-01
9.929819788467294517e-01
9.878488255953625785e-01
9.826324392365713978e-01
9.773292115287975923e-01
9.719361729888956747e-01
9.664510103936463370e-01
9.608720930977467933e-01
9.551984901075880607e-01
9.494299814809293858e-01
9.435670603901519238e-01
9.376109111852292122e-01
9.315634171897491100e-01
9.254271787978872732e-01
9.192055200192705833e-01
9.129025197563943594e-01
9.065230409017250857e-01
9.000727374620673960e-01
8.935580609065824076e-01
8.869862637913890069e-01
8.803654022680859059e-01
8.737043541084690279e-01
8.670128295556631670e-01
8.603013620748641843e-01
8.535813079542192705e-01
8.468648445566061556e-01
8.401649510619798589e-01
8.334953856938185357e-01
8.268706715005569308e-01
8.203060739469684171e-01
8.138175616549816471e-01
8.074217632872724426e-01
8.011359245338397495e-01
7.949778580575651565e-01
7.889658737567081248e-01
7.831186920261618001e-01
7.774553526853821284e-01
7.719951151798966071e-01
7.667573401568018587e-01
7.617613630951219905e-01
7.570263637227148124e-01
7.525712408386443508e-01
7.484144948036104417e-01
7.445741079909086180e-01
7.410674160837037450e-01
7.379109706659880974e-01
7.351204048699090388e-01
7.327102999711134768e-01
7.306940442543115033e-01
7.290836929324414628e-01
7.278898376334933529e-01
7.271214868470702308e-01
7.267859711291408953e-01
7.268888711479475351e-01
7.274339571185485243e-01
7.284231416857542829e-01
7.298564511944671818e-01
7.317320115787731005e-01
7.340460418583332203e-01
7.367928571009445537e-01
7.399648847274086227e-01
7.435526958787628260e-01
7.475450467387827480e-01
7.519289239478991194e-01
7.566895963226671906e-01
7.618106817677626763e-01
7.672742310779344654e-01
7.730608218151926447e-01
7.791496612588751924e-01
7.855186934158339129e-01
7.921447063232592845e-01
7.990034488292628856e-01
8.060697603568216518e-01
8.133177070205618309e-01
8.207207187960944283e-01
8.282517253937556889e-01
8.358832952132093652e-01
8.435877841229701968e-01
8.513374904537390764e-01
8.591048096789836164e-01
8.668623857386136278e-01
8.745832579068053558e-01
8.822410070404919091e-01
8.898099012675949604e-01
8.972650372796703300e-01
9.045824772499218014e-01
9.117393784082029606e-01
9.187141108962397773e-01
9.254863627095095691e-01
9.320372301623478517e-01
9.383492922672570513e-01
9.444066673867068662e-01
9.501950508366149295e-01
9.557017313657342195e-01
9.609155831865892061e-01
9.658270310409714510e-01
9.704279858893164468e-01
9.747117480213530749e-01
9.786728752813417254e-01
9.823070160804585615e-01
9.856107081688183502e-01
9.885811449687631480e-01
9.912159119411168007e-01
9.935126972584631400e-01
9.954689831155880686e-01
9.970817249748141764e-01
9.983470271171425159e-01
9.992598239212333588e-01
9.997200978907576641e-01
1.000000000000000000e+00
