1.000000000000000000e+00
1.000000000000000000e+00
1.000000000000093037e+00
1.000000000064036110e+00
1.000000010626471036e+00
1.000000620657330197e+00
1.000016961706918561e+00
1.000260223529808812e+00
1.002473452646398311e+00
1.015010354683718807e+00
1.056922595123629183e+00
1.129291451942003865e+00
1.169616743923225233e+00
1.116000156379273189e+00
9.932694156921928474e-01
8.664690368595047154e-01
7.802369729899120143e-01
7.485751949858366894e-01
7.648014992659830646e-01
8.132445044217763153e-01
8.779702471793382479e-01
9.470856216959848695e-01
1.013378199442215077e+00
1.073227677636823696e+00
1.125262724282547921e+00
1.169344643767200376e+00
1.205935474456691914e+00
1.235745240102431586e+00
1.259549080223466344e+00
1.278099014737602790e+00
1.292085665102691294e+00
1.302125296548666933e+00
1.308759147503629539e+00
1.312458639798403937e+00
1.313634656708002391e+00
1.312645721899939000e+00
1.309802991838321606e+00
1.305375384112351655e+00
1.301351307423547876e+00
1.298284614030409401e+00
1.294702277993258432e+00
1.290214012387658205e+00
1.284876624249638333e+00
1.278837947809452258e+00
1.272248187429829258e+00
1.265233668917234766e+00
1.257901091453942133e+00
1.250340620592882868e+00
1.242628212685390032e+00
1.234827690745357032e+00
1.226992716656438720e+00
1.219168296302725718e+00
1.211391812484307939e+00
1.203694110361172243e+00
1.196100525927109359e+00
1.188631552668945268e+00
1.181303352592714573e+00
1.174128379955109880e+00
1.167115866454080608e+00
1.160272092742266503e+00
1.153600832199350057e+00
1.147103720928019488e+00
1.140780422991740206e+00
1.134628929764990302e+00
1.128645802580937607e+00
1.122826311322681958e+00
1.117164656445986726e+00
1.111654118243280642e+00
1.106287218405025641e+00
1.101055875041904608e+00
1.095951450239887270e+00
1.090964842728058271e+00
1.086086531285757717e+00
1.081306638595173286e+00
1.076615006180751788e+00
1.072001233589987557e+00
1.067454748511538654e+00
1.062964854453525732e+00
1.058520801255227184e+00
1.054111839832152508e+00
1.049727287335863846e+00
1.045356589141782866e+00
1.040989377657074666e+00
1.036615521885986491e+00
1.032225167128798748e+00
1.027808775194375190e+00
1.023357156511180088e+00
1.018861514727175344e+00
1.014313492703865505e+00
1.009705221615675441e+00
1.005029347109050564e+00
1.000279061514613543e+00
9.954481188342926279e-01
9.905308520075575274e-01
9.855221915666403376e-01
9.804176912622444284e-01
9.752135695712945695e-01
9.699067277849887647e-01
9.644947776813298512e-01
9.589760594317296993e-01
9.533496535891906598e-01
9.476153832388567455e-01
9.417737905875733784e-01
9.358261456663382605e-01
9.297744663248930230e-01
9.236215260908939850e-01
9.173708888730501831e-01
9.110269416448016910e-01
9.045949038653763319e-01
8.980808364114806208e-01
8.914916479414173311e-01
8.848351004349963578e-01
8.781198318147537263e-01
8.713553712668963280e-01
8.645521333501894334e-01
8.577214220351496721e-01
8.508754336984372113e-01
8.440272416549101653e-01
8.371907772637355860e-01
8.303808205995327762e-01
8.236129826116245223e-01
8.169036693781851488e-01
8.102700423997498680e-01
8.037299791507714897e-01
7.973020261063463732e-01
7.910053304920142692e-01
7.848595535299242032e-01
7.788847787626475005e-01
7.731014105915230417e-01
7.675300521918687613e-01
7.621913742330923558e-01
7.571059783303487611e-01
7.522942655625591835e-01
7.477763124381274773e-01
7.435717437146736053e-01
7.396995942693690429e-01
7.361781604291907088e-01
7.330248534883448963e-01
7.302560531045602099e-01
7.278869511293680761e-01
7.259313954369462918e-01
7.244017430660885104e-01
7.233087242788176496e-01
7.226613326885038546e-01
7.224667395173026696e-01
7.227302196460657635e-01
7.234550918442400613e-01
7.246426787217525867e-01
7.262922824432521685e-01
7.284011686903482108e-01
7.309645610313270092e-01
7.339756500593024313e-01
7.374256192976138546e-01
7.413036823888815574e-01
7.455971252305619856e-01
7.502913555351029551e-01
7.553699695855243812e-01
7.608148380775507924e-01
7.666062035999940960e-01
7.727227886453315042e-01
7.791419086316925258e-01
7.858395857658130312e-01
7.927906737578246377e-01
7.999689971743457750e-01
8.073474981040459353e-01
8.148983842611102757e-01
8.225932758866586481e-01
8.304033561835818533e-01
8.382995326239792711e-01
8.462526051258305593e-01
8.542334339076808059e-01
8.622131036583009500e-01
8.701630828040193277e-01
8.780553820820329314e-01
8.858627125014958414e-01
8.935586385186884417e-01
9.011177264951940602e-01
9.085156852444228326e-01
9.157294939403025635e-01
9.227375161641264700e-01
9.295195984700501679e-01
9.360571518075433417e-01
9.423332141084419522e-01
9.483324927001703930e-01
9.540413843772362901e-01
9.594479695876725334e-01
9.645419780658939235e-01
9.693147233443654143e-01
9.737590026867073423e-01
9.778689599411390931e-01
9.816399109531930289e-01
9.850681325676081679e-01
9.881506171204446076e-01
9.908847950169421548e-01
9.932682299266800685e-01
9.952982933436151924e-01
9.969718262831606115e-01
9.982847970339584487e-01
9.992319650101451067e-01
9.997095550028198829e-01
1.000000000000000000e+00
