1.000000000000000000e+00
1.000000000000000000e+00
1.000000000000041078e+00
1.000000000038229420e+00
1.000000006330039826e+00
1.000000368572469878e+00
1.000010029297609959e+00
1.000152941314206734e+00
1.001441305190169384e+00
1.008638009598107343e+00
1.032118945184676617e+00
1.070319720918927020e+00
1.084045960625367622e+00
1.036803561895677017e+00
9.473335653706638215e-01
8.606561535594055012e-01
8.073884386506346988e-01
7.956905034944178334e-01
8.187679138817663960e-01
8.641229975658053508e-01
9.199485282565249555e-01
9.777970605507951829e-01
1.032673092659616820e+00
1.082115622551515610e+00
1.125227077484462379e+00
1.161967001664038213e+00
1.192715821820576005e+00
1.218029306915002330e+00
1.238509203544335247e+00
1.254739455969688722e+00
1.267257734572471373e+00
1.276545293743453824e+00
1.283025981089297884e+00
1.287069757085628208e+00
1.288999263420385732e+00
1.289095837182799409e+00
1.287603465855506890e+00
1.284732829124470843e+00
1.282378286117625166e+00
1.281010625743453923e+00
1.279180690647525154e+00
1.276518528943543673e+00
1.273047082640357264e+00
1.268885344196033715e+00
1.264159070463377832e+00
1.258973876930334468e+00
1.253418870284936260e+00
1.247569342268949555e+00
1.241488823795680929e+00
1.235230875431492237e+00
1.228840731979488954e+00
1.222356573981608685e+00
1.215810435283930513e+00
1.209229107043557239e+00
1.202634972249668088e+00
1.196046573126028578e+00
1.189479053962021693e+00
1.182944662047074047e+00
1.176453142084254111e+00
1.170011976552034705e+00
1.163626731123630353e+00
1.157301342819317513e+00
1.151038265131340887e+00
1.144838696771782960e+00
1.138702767988187814e+00
1.132629653772821543e+00
1.126617739256251971e+00
1.120664734036502130e+00
1.114767792396998081e+00
1.108923627321064309e+00
1.103128551666268997e+00
1.097378548050242042e+00
1.091669305085902097e+00
1.085996266364992247e+00
1.080354686163720324e+00
1.074739660940115415e+00
1.069146180947586400e+00
1.063569166686866296e+00
1.058003520249139129e+00
1.052444166059675945e+00
1.046886098379570695e+00
1.041324426618781995e+00
1.035754418456868553e+00
1.030171536798484944e+00
1.024571470138800011e+00
1.018950163210033510e+00
1.013303842187692760e+00
1.007629048025743490e+00
1.001922670540312366e+00
9.961819843329101642e-01
9.904046693628740794e-01
9.845888352158862489e-01
9.787330337297651672e-01
9.728362727355407413e-01
9.668980302934062632e-01
9.609182729750488372e-01
9.548974839599025932e-01
9.488366751173473723e-01
9.427374046216718817e-01
9.366017873887245715e-01
9.304325007809393089e-01
9.242327830136282119e-01
9.180064140155692609e-01
9.117577161852273848e-01
9.054915613822520637e-01
8.992133688573239469e-01
8.929291192756754203e-01
8.866453660514543866e-01
8.803692302701229266e-01
8.741083939128733160e-01
8.678710900369472903e-01
8.616660910160204301e-01
8.555027062607523103e-01
8.493907738141991404e-01
8.433406370448816025e-01
8.373631263731505792e-01
8.314695391154790505e-01
8.256716065521496617e-01
8.199814579468298614e-01
8.144115898407613408e-01
8.089748294243178650e-01
8.036842863712625462e-01
7.985533022050040897e-01
7.935954000904643646e-01
7.888242305123144282e-01
7.842535046991622183e-01
7.798969179949517549e-01
7.757680719818675907e-01
7.718803927496320494e-01
7.682470390763807000e-01
7.648808079455075015e-01
7.617940401271666717e-01
7.589985323278959362e-01
7.565054574894902739e-01
7.543252869217965673e-01
7.524677097102089318e-01
7.509415497574970511e-01
7.497546881092592708e-01
7.489139890778842013e-01
7.484252244017443045e-01
7.482930009428394591e-01
7.485206971432152301e-01
7.491104087668708500e-01
7.500629123603840265e-01
7.513776447118852841e-01
7.530526905060356269e-01
7.550847790756055611e-01
7.574692929804599517e-01
7.602002856113303508e-01
7.632705030103906774e-01
7.666714107960579394e-01
7.703932283846463003e-01
7.744249713647501920e-01
7.787544986163571492e-01
7.833685603605666792e-01
7.882528484849918859e-01
7.933920547244386334e-01
7.987699377734358563e-01
8.043693950959153183e-01
8.101725389068125116e-01
8.161607733166852396e-01
8.223148704416693988e-01
8.286150514259011945e-01
8.350410747549066315e-01
8.415723278825218978e-01
8.481879190321834905e-01
8.548667678752587262e-01
8.615876979832924887e-01
8.683295354058168103e-01
8.750712112078785632e-01
8.817918639455211149e-01
8.884709402041013337e-01
8.950882925029780557e-01
9.016242769184779071e-01
9.080598503681602818e-01
9.143766650190668921e-01
9.205571596554833480e-01
9.265846459298591187e-01
9.324433865027708102e-01
9.381186640375880348e-01
9.435968397565557275e-01
9.488654002158856127e-01
9.539129909245600558e-01
9.587294356295119613e-01
9.633057396259737670e-01
9.676340746931103576e-01
9.717077437965723208e-01
9.755211238181130673e-01
9.790695841461605209e-01
9.823493796062235939e-01
9.853575175455981938e-01
9.880915998099065733e-01
9.905496409878753461e-01
9.927298648470325171e-01
9.946304821370988147e-01
9.962494543456614782e-01
9.975842487095744060e-01
9.986315905547132887e-01
9.993872197705016003e-01
9.997683100335034156e-01
1.000000000000000000e+00
