1.000000000000000000e+00
1.000000000000000000e+00
1.000000000000110800e+00
1.000000000071852302e+00
1.000000011923918075e+00
1.000000696473158479e+00
1.000019035104743770e+00
1.000292061481443229e+00
1.002776309361010920e+00
1.016848591156044090e+00
1.063896248437280034e+00
1.145244379492461606e+00
1.191472410609022203e+00
1.134553204940891069e+00
1.002265307560553653e+00
8.652844537749827536e-01
7.715304841041981110e-01
7.360166245624050196e-01
7.517149498134214625e-01
8.019431641778828057e-01
8.696543734087491817e-01
9.420985959097573081e-01
1.011553042687331372e+00
1.074159376420634748e+00
1.128472273254209401e+00
1.174361509568032647e+00
1.212332321187610029e+00
1.243148488771857574e+00
1.267638546735271321e+00
1.286603265533241336e+00
1.300776156843451936e+00
1.310810602748526676e+00
1.317279756986613259e+00
1.320682487990126663e+00
1.321453579087214392e+00
1.319972578414846609e+00
1.316569059099218286e+00
1.311528023284641797e+00
1.306873294265954888e+00
1.303162517159040856e+00
1.298908781372258625e+00
1.293732984614767156e+00
1.287701587028413863e+00
1.280970714858609139e+00
1.273697660929283826e+00
1.266014810863877349e+00
1.258034064579386602e+00
1.249850031120077531e+00
1.241542416675074589e+00
1.233178173348036477e+00
1.224813562202357042e+00
1.216495720677362558e+00
1.208263723836263681e+00
1.200149719317027186e+00
1.192180011503470638e+00
1.184375753483628557e+00
1.176753474237131059e+00
1.169325738259714864e+00
1.162101656847514652e+00
1.155087166370088791e+00
1.148285502407445646e+00
1.141697595186421665e+00
1.135322239861851212e+00
1.129156418556222397e+00
1.123195561261738584e+00
1.117433692510551468e+00
1.111863672375404732e+00
1.106477357565898156e+00
1.101265777168596749e+00
1.096219301863080364e+00
1.091327694012574900e+00
1.086580208500332878e+00
1.081965639060001649e+00
1.077472387675121990e+00
1.073088546544447963e+00
1.068801940352543722e+00
1.064600203100432019e+00
1.060470829978880758e+00
1.056401254683707380e+00
1.052378909138148577e+00
1.048391294763437065e+00
1.044426050144320106e+00
1.040471015067403693e+00
1.036514284174718359e+00
1.032544249536038627e+00
1.028549643705551020e+00
1.024519573672725725e+00
1.020443568650579058e+00
1.016311629356544177e+00
1.012114280707765435e+00
1.007842598939567402e+00
1.003488245460854467e+00
9.990434815373528954e-01
9.945011855518908206e-01
9.898548718705548755e-01
9.850987175649166261e-01
9.802276069474320508e-01
9.752371501644677698e-01
9.701237126507709085e-01
9.648844339114898139e-01
9.595172399520945916e-01
9.540208450069879165e-01
9.483947250543801610e-01
9.426391274630135930e-01
9.367550936004993556e-01
9.307444683151296916e-01
9.246099398323166518e-01
9.183550779088173188e-01
9.119843465571221275e-01
9.055031167874647569e-01
8.989176770760778368e-01
8.922352435420768391e-01
8.854639899000869008e-01
8.786130699600208649e-01
8.716926171104771859e-01
8.647137556444632889e-01
8.576886116549148342e-01
8.506303039714180336e-01
8.435529319498282774e-01
8.364715746752163783e-01
8.294022812623335073e-01
8.223620416318295767e-01
8.153687533236383400e-01
8.084411890116997013e-01
8.015989558602940601e-01
7.948624310887675293e-01
7.882526766649265992e-01
7.817913482461953389e-01
7.755005926933440374e-01
7.694029217052101854e-01
7.635210742424328734e-01
7.578778719668723962e-01
7.524960792168581269e-01
7.473982700678553082e-01
7.426066903386453477e-01
7.381431055192042567e-01
7.340286349149948153e-01
7.302835863325967125e-01
7.269272886124628075e-01
7.239779112076315526e-01
7.214522816677162442e-01
7.193657116811386087e-01
7.177318336210088967e-01
7.165624650622786085e-01
7.158674992943732107e-01
7.156548079833167098e-01
7.159301589485400630e-01
7.166971556582376612e-01
7.179571941867097795e-01
7.197094292879129274e-01
7.219507523014425665e-01
7.246757861322727923e-01
7.278768998321075712e-01
7.315442366949920228e-01
7.356657487547509922e-01
7.402272406589519571e-01
7.452124342598998030e-01
7.506030561859304839e-01
7.563789398764353411e-01
7.625181408110240922e-01
7.689970585500716105e-01
7.757905607237137735e-01
7.828721204163662239e-01
7.902139712200841881e-01
7.977872714165178403e-01
8.055622704030958037e-01
8.135084742011874370e-01
8.215948153899325090e-01
8.297898358243163131e-01
8.380618774356084488e-01
8.463792727501737723e-01
8.547105311933670402e-01
8.630245197418467962e-01
8.712906427694124822e-01
8.794790212001342145e-01
8.875606662010617764e-01
8.955076475651199130e-01
9.032932531965488510e-01
9.108921343680306260e-01
9.182804354790207180e-01
9.254359066071371487e-01
9.323379971102705444e-01
9.389679285115760665e-01
9.453087453122033246e-01
9.513453414178255629e-01
9.570644582686804736e-01
9.624546517541902046e-01
9.675062250833244004e-01
9.722111237191769506e-01
9.765627895444927153e-01
9.805559738411138149e-01
9.841865102113164232e-01
9.874510495082161610e-01
9.903467595736653584e-01
9.928709947454484874e-01
9.950209425845589761e-01
9.967932563919975619e-01
9.981836833514214913e-01
9.991866993926459273e-01
9.996924247477249059e-01
1.000000000000000000e+00
