1.000000000000000000e+00
1.000000000000000000e+00
9.999999999999933387e-01
9.999999999957162045e-01
9.999999992482455635e-01
9.999999527921938913e-01
9.999985854154451737e-01
9.999756114560517384e-01
9.997312064939493093e-01
9.980332453129736603e-01
9.905579093934420154e-01
9.708798506852771570e-01
9.410959726108321100e-01
9.158073762401737206e-01
9.071283084236574368e-01
9.158702438588234296e-01
9.363205630386047806e-01
9.622256666412474235e-01
9.891738894724816378e-01
1.014683141466106386e+00
1.037607931717067444e+00
1.057575241607328298e+00
1.074608710885367469e+00
1.088912793642322852e+00
1.100758860915141302e+00
1.110428942785816941e+00
1.118190045203252714e+00
1.124283991555628859e+00
1.128924821696821734e+00
1.132299663252203548e+00
1.134571030714812023e+00
1.135879563708696471e+00
1.136346750884858814e+00
1.136077480457521993e+00
1.135162511259263596e+00
1.133680515173541181e+00
1.131699571194239695e+00
1.129278494697471658e+00
1.126944108041463277e+00
1.125003656512422401e+00
1.123129895823820057e+00
1.121052745734834044e+00
1.118679559823566150e+00
1.116032394764981728e+00
1.113155790116566735e+00
1.110087197205987364e+00
1.106858312245811105e+00
1.103496095515826614e+00
1.100023564117653674e+00
1.096460445680111695e+00
1.092823733125851016e+00
1.089128123824373739e+00
1.085386357851473305e+00
1.081609518438185535e+00
1.077807292209977064e+00
1.073988166405767775e+00
1.070159588789022731e+00
1.066328120078155361e+00
1.062499558061635208e+00
1.058679029153469564e+00
1.054871085874320435e+00
1.051079788724748276e+00
1.047308761862055793e+00
1.043561255102986474e+00
1.039840195558760616e+00
1.036148225447653282e+00
1.032487743706079319e+00
1.028860937885127447e+00
1.025269814303994664e+00
1.021716225249722942e+00
1.018201884804591284e+00
1.014728386908413826e+00
1.011297217806245374e+00
1.007909768936229522e+00
1.004567349673537002e+00
1.001271196059966284e+00
9.980224812414838498e-01
9.948223232489170620e-01
9.916717938896097984e-01
9.885719256964947688e-01
9.855237190513543855e-01
9.825281484832545376e-01
9.795861681383767339e-01
9.766987160657688571e-01
9.738667172809641892e-01
9.710910864948972820e-01
9.683727298486428658e-01
9.657125472329500804e-01
9.631114343325150040e-01
9.605702845510100119e-01
9.580899889851560713e-01
9.556714365580283310e-01
9.533155127337420431e-01
9.510230981800988914e-01
9.487950673659863998e-01
9.466322874219125216e-01
9.445356178692964066e-01
9.425059086152118848e-01
9.405439984226053873e-01
9.386507126338430318e-01
9.368268604206653194e-01
9.350732313888302505e-01
9.333905906283069820e-01
9.317796757582935685e-01
9.302411946546129684e-01
9.287758224431738041e-01
9.273842000638524707e-01
9.260669326969132031e-01
9.248245868802734693e-01
9.236576876852318208e-01
9.225667158637541609e-01
9.215521050819902582e-01
9.206142402086947563e-01
9.197534553504498334e-01
9.189700309498477493e-01
9.182641916261436998e-01
9.176361041982751265e-01
9.170858750374224488e-01
9.166135475633789831e-01
9.162191005342797956e-01
9.159024462532008304e-01
9.156634282756760390e-01
9.155018193338522181e-01
9.154173196827329884e-01
9.154095555175048027e-01
9.154780768600987439e-01
9.156223550903074271e-01
9.158417807522813980e-01
9.161356614238367335e-01
9.165032191799531436e-01
9.169435881572156610e-01
9.174558123716617386e-01
9.180388441881439654e-01
9.186915434881511855e-01
9.194126770402556437e-01
9.202009177193917200e-01
9.210548435619988483e-01
9.219729371328728718e-01
9.229535850570429467e-01
9.239950772934546475e-01
9.250956064837907444e-01
9.262532676868521220e-01
9.274660584972657107e-01
9.287318800696396925e-01
9.300485389088259947e-01
9.314137489048448515e-01
9.328251336722891418e-01
9.342802293784732148e-01
9.357764878943144460e-01
9.373112799823456465e-01
9.388818986103624198e-01
9.404855625665899943e-01
9.421194204696268226e-01
9.437805549975220032e-01
9.454659871380067804e-01
9.471726805932352278e-01
9.488975467421580934e-01
9.506374502756074207e-01
9.523892152796080701e-01
9.541496317772418800e-01
9.559154625772325886e-01
9.576834503244163743e-01
9.594503251613792916e-01
9.612128131767275763e-01
9.629676454023029519e-01
9.647115671661447012e-01
9.664413477155717747e-01
9.681537902826816699e-01
9.698457428469831054e-01
9.715141094208421535e-01
9.731558615512754251e-01
9.747680498549962103e-01
9.763478154652035501e-01
9.778924014500844919e-01
9.793991640944894606e-01
9.808655837633851737e-01
9.822892752046323839e-01
9.836679970137048867e-01
9.849996599139558828e-01
9.862823336234103344e-01
9.875142520568724880e-01
9.886938166067692491e-01
9.898195972456179659e-01
9.908903312116966733e-01
9.919049190210480482e-01
9.928624175177535038e-01
9.937620297323153107e-01
9.946030913553199904e-01
9.953850536428658913e-01
9.961074626538594101e-01
9.967699348516967373e-01
9.973721292131462191e-01
9.979137160825519715e-01
9.983943431004917990e-01
9.988135986710576786e-01
9.991709735737056564e-01
9.994658214191484147e-01
9.996973187383755288e-01
9.998644255719655316e-01
9.999487881087510965e-01
1.000000000000000000e+00
