1.000000000000000000e+00
1.000000000000000000e+00
1.000000000000083045e+00
1.000000000060120131e+00
1.000000009975770654e+00
1.000000582582273756e+00
1.000015918505162915e+00
1.000244163012884435e+00
1.002320098361873635e+00
1.014074239064108429e+00
1.053340685527610399e+00
1.120990959431335643e+00
1.158022094330117824e+00
1.105858155003244914e+00
9.880094750692269834e-01
8.666218481528608075e-01
7.845405087720921378e-01
7.551451403014343144e-01
7.718668738145170183e-01
8.195331045044765839e-01
8.827915030719427625e-01
9.502107854320080982e-01
1.014861519021726277e+00
1.073260945220257723e+00
1.124085310087586054e+00
1.167196900094819245e+00
1.203038202678420099e+00
1.232292711984960043e+00
1.255708396394910276e+00
1.274012088785106300e+00
1.287872067528772035e+00
1.297885177252785294e+00
1.304575924902964701e+00
1.308401340891728992e+00
1.309759798795886887e+00
1.308998851721786094e+00
1.306420076954419196e+00
1.302284053239385120e+00
1.298559915660600916e+00
1.295799529627940538e+00
1.292537854265054520e+00
1.288378883967210564e+00
1.283374506022101569e+00
1.277668342385677391e+00
1.271407008467181576e+00
1.264713772991753471e+00
1.257692722126424689e+00
1.250431798392254379e+00
1.243005090260536294e+00
1.235474869277418675e+00
1.227893515386438983e+00
1.220304989448589339e+00
1.212745850346177878e+00
1.205246314702026034e+00
1.197831256928056254e+00
1.190520862392371537e+00
1.183331129572697149e+00
1.176274475573611200e+00
1.169360207995976619e+00
1.162594792598228954e+00
1.155982281951024371e+00
1.149524672799282721e+00
1.143222068595750596e+00
1.137072967715272442e+00
1.131074497172631643e+00
1.125222547246820914e+00
1.119511984327110410e+00
1.113936794483634918e+00
1.108490238231950142e+00
1.103164998772636851e+00
1.097953228403500958e+00
1.092846637338271032e+00
1.087836535803830440e+00
1.082913895319268072e+00
1.078069420348021223e+00
1.073293586087688434e+00
1.068576705441406816e+00
1.063908974756200054e+00
1.059280541121978780e+00
1.054681554773142516e+00
1.050102231340398484e+00
1.045532911123308262e+00
1.040964115380361932e+00
1.036386593911852838e+00
1.031791363346002743e+00
1.027169745935559320e+00
1.022513400721480448e+00
1.017814366513857038e+00
1.013065106200260246e+00
1.008258553991082440e+00
1.003388140987803823e+00
9.984478264558744876e-01
9.934321128045513483e-01
9.883360626866796173e-01
9.831553173690942282e-01
9.778861216285511526e-01
9.725253635761053062e-01
9.670705922776148267e-01
9.615200443251045170e-01
9.558726610738941254e-01
9.501281001637448265e-01
9.442867376168392335e-01
9.383496456642385075e-01
9.323186007196790914e-01
9.261961018269377899e-01
9.199853774535803330e-01
9.136904173845444843e-01
9.073160024630237963e-01
9.008677121334345284e-01
8.943519312570051838e-01
8.877758542297849997e-01
8.811474880337570870e-01
8.744756710745913431e-01
8.677700848213601992e-01
8.610412451495340624e-01
8.543005027188693701e-01
8.475600420514461941e-01
8.408328629302670443e-01
8.341327582930447848e-01
8.274743008517505549e-01
8.208728214607137197e-01
8.143443704449684351e-01
8.079056750474843396e-01
8.015740970002528387e-01
7.953675829640389772e-01
7.893045950018432455e-01
7.834040237841819465e-01
7.776850973533662170e-01
7.721672809725960152e-01
7.668701579980957694e-01
7.618133025860492902e-01
7.570161480010362265e-01
7.524978602703616959e-01
7.482772194686782008e-01
7.443724987728024267e-01
7.408013340544413738e-01
7.375805844532105082e-01
7.347261958615267652e-01
7.322530651797237722e-01
7.301748965319747597e-01
7.285040583630479905e-01
7.272514500695832496e-01
7.264263795950909319e-01
7.260364660218047161e-01
7.260875652380324174e-01
7.265837070748957238e-01
7.275270460283195240e-01
7.289178306086691039e-01
7.307543875151946144e-01
7.330331135356028538e-01
7.357484770802983354e-01
7.388930333097643022e-01
7.424574546217720394e-01
7.464305713247603169e-01
7.507994165504093820e-01
7.555492776639066710e-01
7.606637632103027125e-01
7.661248871267392069e-01
7.719131632955843481e-01
7.780077094172703767e-01
7.843863551023773084e-01
7.910257503458199002e-01
7.979014837107069047e-01
8.049882137760356882e-01
8.122598070980119322e-01
8.196894772860798817e-01
8.272499227956870982e-01
8.349134678766965134e-01
8.426522135246391487e-01
8.504381947565798905e-01
8.582435375709512870e-01
8.660406124927035876e-01
8.738021835848333030e-01
8.815015568272174251e-01
8.891127279259779526e-01
8.966105256598504436e-01
9.039707507928237407e-01
9.111703075456110135e-01
9.181873231888165732e-01
9.250012545587531498e-01
9.315929799225111108e-01
9.379448745738047100e-01
9.440408685087283702e-01
9.498664848571167774e-01
9.554088569773769857e-01
9.606567208522225343e-01
9.656003802417504334e-01
9.702316421557427573e-01
9.745437193983575996e-01
9.785310978448082952e-01
9.821893681167060963e-01
9.855150226385279710e-01
9.885052198942091417e-01
9.911575183773178033e-01
9.934695845538656922e-01
9.954388812406335107e-01
9.970623437794673416e-01
9.983360524738130737e-01
9.992549108182600115e-01
9.997182385807326099e-01
1.000000000000000000e+00
