1.000000000000000000e+00
1.000000000000000000e+00
1.000000000000041078e+00
1.000000000025590863e+00
1.000000004218809746e+00
1.000000244142885242e+00
1.000006586553975563e+00
1.000099210310907427e+00
1.000917990104857713e+00
1.005347384045377268e+00
1.018955542548876991e+00
1.037749037738167512e+00
1.034053531375616286e+00
9.869562163397571641e-01
9.148590996594001545e-01
8.521930654635089253e-01
8.204405762882712727e-01
8.231635826615665286e-01
8.528027544755002465e-01
8.984342274741557999e-01
9.505847008406462795e-01
1.002840701084291464e+00
1.051579502030550062e+00
1.095117415942081118e+00
1.132929181078269787e+00
1.165109702472696851e+00
1.192049887669640373e+00
1.214256627521331566e+00
1.232258874027370110e+00
1.246561923828521490e+00
1.257627566809633946e+00
1.265867631984076258e+00
1.271644193713320714e+00
1.275273036489551703e+00
1.277029352136261675e+00
1.277152910804205677e+00
1.275851551034940190e+00
1.273304680719510307e+00
1.271379652883355194e+00
1.270437822726117050e+00
1.269026288118572543e+00
1.266843232553351184e+00
1.263893172670744747e+00
1.260279501573470906e+00
1.256114823870075226e+00
1.251493674680529855e+00
1.246495807978301729e+00
1.241188653906574402e+00
1.235629202344169064e+00
1.229865625044492594e+00
1.223938741080133230e+00
1.217883155884745827e+00
1.211728088108057211e+00
1.205498173173828791e+00
1.199214195715124331e+00
1.192893598702702285e+00
1.186550883975784565e+00
1.180198049713836017e+00
1.173844937052443749e+00
1.167499449848722115e+00
1.161167852081178342e+00
1.154855016238911292e+00
1.148564556138230719e+00
1.142299022543018738e+00
1.136060063160897027e+00
1.129848523373273350e+00
1.123664586201185367e+00
1.117507870881918830e+00
1.111377534853762672e+00
1.105272369888739892e+00
1.099190840423960092e+00
1.093131143659390236e+00
1.087091242799988589e+00
1.081068909753099661e+00
1.075061772664539728e+00
1.069067344184507551e+00
1.063083065114054815e+00
1.057106335939674180e+00
1.051134559703200910e+00
1.045165176372900184e+00
1.039195702226703544e+00
1.033223767305956331e+00
1.027247150919176955e+00
1.021263812139053151e+00
1.015271914945874432e+00
1.009269853370553971e+00
1.003256272170889307e+00
9.972300935502387276e-01
9.911905441534533123e-01
9.851371831675307389e-01
9.790699182280295787e-01
9.729890238324996332e-01
9.668951504244170936e-01
9.607893339550181988e-01
9.546730054400649479e-01
9.485480031779875976e-01
9.424165920313565259e-01
9.362814699023052079e-01
9.301457779272727100e-01
9.240131046382176194e-01
9.178874859511749751e-01
9.117733990486386331e-01
9.056757423641175198e-01
8.995998302078431763e-01
8.935513915753763303e-01
8.875365614801804526e-01
8.815618839085336278e-01
8.756343121228303827e-01
8.697611959668551940e-01
8.639502673819772216e-01
8.582096231664748665e-01
8.525477058571839795e-01
8.469732913583376543e-01
8.414954716353011399e-01
8.361236259989421882e-01
8.308673960331530717e-01
8.257366590740539136e-01
8.207414922293641002e-01
8.158921343492816503e-01
8.111989522446040324e-01
8.066724029500592641e-01
8.023229880279226789e-01
7.981612068029685370e-01
7.941975107895400399e-01
7.904422560920856267e-01
7.869056479418452543e-01
7.835976791678964659e-01
7.805280691950818861e-01
7.777062017605258504e-01
7.751410568860547246e-01
7.728411426125190165e-01
7.708144285145638319e-01
7.690682856970867398e-01
7.676094343527366526e-01
7.664438942115708864e-01
7.655769345133455195e-01
7.650130236794070449e-01
7.647557840855870870e-01
7.648079507076015471e-01
7.651713293341120270e-01
7.658467581339789554e-01
7.668340761260882266e-01
7.681320987069734096e-01
7.697386060372909400e-01
7.716503428204946058e-01
7.738630236948582652e-01
7.763713447115118127e-01
7.791690026880695452e-01
7.822487203092106656e-01
7.856022734551596498e-01
7.892205213203695724e-01
7.930934408297757310e-01
7.972101659292016862e-01
8.015590293287376822e-01
8.061276040193845471e-01
8.109027455599480128e-01
8.158706391380429190e-01
8.210168522308721739e-01
8.263263899487273134e-01
8.317837527813015663e-01
8.373729947188890410e-01
8.430777802975382151e-01
8.488814448697229453e-01
8.547670598739199876e-01
8.607175003813912761e-01
8.667155127837599116e-01
8.727437817745089532e-01
8.787849987245949235e-01
8.848219345627985621e-01
8.908375156522785332e-01
8.968148998260522253e-01
9.027375512393250867e-01
9.085893135071980709e-01
9.143544827263125896e-01
9.200178802558151014e-01
9.255649233601648262e-01
9.309816934697278112e-01
9.362550004447981467e-01
9.413724405624885883e-01
9.463224473130974479e-01
9.510943338966911798e-01
9.556783262668485657e-01
9.600655855408204431e-01
9.642482187361725021e-01
9.682192764743240421e-01
9.719727357717163896e-01
9.755034664453003934e-01
9.788071797752626590e-01
9.818803578096501061e-01
9.847201622017789369e-01
9.873243224719686628e-01
9.896910043016756697e-01
9.918186589896795802e-01
9.937058556597586634e-01
9.953510987679933253e-01
9.967526345216792816e-01
9.979082503947092064e-01
9.988150725233994054e-01
9.994693663282018248e-01
9.997993975456632709e-01
1.000000000000000000e+00
