1.000000000000000000e+00
1.000000000000000000e+00
1.000000000000044187e+00
1.000000000046730175e+00
1.000000007747441799e+00
1.000000451915100008e+00
1.000012327958582192e+00
1.000188659165782479e+00
1.001786967016651930e+00
1.010790811924543009e+00
1.040607976693463943e+00
1.090889005742891937e+00
1.114708873849564075e+00
1.066259303166746442e+00
9.655494886800605192e-01
8.644318803635218096e-01
7.987593348004354832e-01
7.791025564207819665e-01
7.989346537445353169e-01
8.447372958569924206e-01
9.032643808271092478e-01
9.648286628831902467e-01
1.023612761958748507e+00
1.076706815549759888e+00
1.123013513572133304e+00
1.162434019476753733e+00
1.195361468901711133e+00
1.222395601967914081e+00
1.244192707860585223e+00
1.261391859541095783e+00
1.274582056655855888e+00
1.284290490830066522e+00
1.290981291532203867e+00
1.295059405849657175e+00
1.296877951202952906e+00
1.296744899792532157e+00
1.294927379711741544e+00
1.291656090012406333e+00
1.288842688388496915e+00
1.287010703964588609e+00
1.284714634248889098e+00
1.281556524821370280e+00
1.277570909239086339e+00
1.272886616582107555e+00
1.267637713094013963e+00
1.261936827924026394e+00
1.255879001020783203e+00
1.249544520164182382e+00
1.243001075183306048e+00
1.236305650608877871e+00
1.229506283286801560e+00
1.222643415908508890e+00
1.215750851515610353e+00
1.208856720482780922e+00
1.201984380742853409e+00
1.195153020639805552e+00
1.188378126799086720e+00
1.181672026279942056e+00
1.175044311710989886e+00
1.168502093443126721e+00
1.162050377083493569e+00
1.155692378289193911e+00
1.149429675152974450e+00
1.143262459541855458e+00
1.137189741374685870e+00
1.131209470051325106e+00
1.125318717570666038e+00
1.119513803763548143e+00
1.113790429306343643e+00
1.108143802359848662e+00
1.102568681613260937e+00
1.097059453075607705e+00
1.091610168362897593e+00
1.086214598107505536e+00
1.080866293440540415e+00
1.075558619703330443e+00
1.070284813646884770e+00
1.065038023244503362e+00
1.059811364896407149e+00
1.054597968475743164e+00
1.049391030319384965e+00
1.044183863778566534e+00
1.038969947330867782e+00
1.033742965628204002e+00
1.028496842997179916e+00
1.023225777350990517e+00
1.017924267893469903e+00
1.012587152370183041e+00
1.007209645332464598e+00
1.001787378696907149e+00
9.963164246432841820e-01
9.907933229990759649e-01
9.852150952864673350e-01
9.795792602958842687e-01
9.738838504764463222e-01
9.681274333303425683e-01
9.623091445591630544e-01
9.564287029105573712e-01
9.504864318538511769e-01
9.444832732859100854e-01
9.384207961454316127e-01
9.323011969346562955e-01
9.261272801736358806e-01
9.199024625690983559e-01
9.136307849823744887e-01
9.073169143361973221e-01
9.009661649429646646e-01
8.945845172921647048e-01
8.881786181963959859e-01
8.817557795239571172e-01
8.753239739249405460e-01
8.688918288376331622e-01
8.624686322112348202e-01
8.560643315649518748e-01
8.496895159770669892e-01
8.433554044369656610e-01
8.370738323532193048e-01
8.308572232636957100e-01
8.247185571280729599e-01
8.186713449742842874e-01
8.127295965403414924e-01
8.069077741143537708e-01
8.012207431714200023e-01
7.956837231208688799e-01
7.903122326260796360e-01
7.851220196318817734e-01
7.801289785157533574e-01
7.753490646930836228e-01
7.707982034146848571e-01
7.664921851472480396e-01
7.624465562654587636e-01
7.586765082179447450e-01
7.551967729146484842e-01
7.520215262209793972e-01
7.491642919801249079e-01
7.466378410694692880e-01
7.444540859306560954e-01
7.426239798402495262e-01
7.411574192279253293e-01
7.400631421905982110e-01
7.393486299806234507e-01
7.390200179545661774e-01
7.390820168335117124e-01
7.395378547350084375e-01
7.403892381506134157e-01
7.416363226420845667e-01
7.432776945607021402e-01
7.453103673155369036e-01
7.477297889734291214e-01
7.505298554994854765e-01
7.537029308474472167e-01
7.572398766828307703e-01
7.611300928747583017e-01
7.653615646630910208e-01
7.699209118758276738e-01
7.747934418395905354e-01
7.799632127835729456e-01
7.854131090243406943e-01
7.911249227075943802e-01
7.970794413932709155e-01
8.032565377185112432e-01
8.096352583538022341e-01
8.161939194258122088e-01
8.229102112193785734e-01
8.297613071964349274e-01
8.367239733966660431e-01
8.437746765458026266e-01
8.508896943427347592e-01
8.580452331931759380e-01
8.652175506970163354e-01
8.723830779417518499e-01
8.795185393011477615e-01
8.866010689023856584e-01
8.936083266789413004e-01
9.005186140005115858e-01
9.073109858570391761e-01
9.139653595006915765e-01
9.204626171302020543e-01
9.267846990972938848e-01
9.329146865312833992e-01
9.388368719749784486e-01
9.445368165752301426e-01
9.500013923371291025e-01
9.552188081939148034e-01
9.601786180711882057e-01
9.648717081817896890e-01
9.692902614301579511e-01
9.734276969208784935e-01
9.772785820055939210e-01
9.808385150454449475e-01
9.841039786479596208e-01
9.870721642071585977e-01
9.897407692919576450e-01
9.921077700271565547e-01
9.941711720777764993e-01
9.959287455049700144e-01
9.973777495799968085e-01
9.985146545313146049e-01
9.993348680568140407e-01
9.997484977334889500e-01
1.000000000000000000e+00
