1.000000000000000000e+00
1.000000000000000000e+00
1.000000000000085265e+00
1.000000000060967009e+00
1.000000010116476767e+00
1.000000590818578949e+00
1.000016144281386410e+00
1.000247641373832153e+00
1.002353345552181141e+00
1.014277499990741349e+00
1.054120228995386821e+00
1.122803674458437317e+00
1.160567275358180606e+00
1.108101907995937108e+00
9.891926784031195297e-01
8.666163732355878224e-01
7.836146947080547820e-01
7.537088542778297429e-01
7.703091073571551872e-01
8.181355570810278088e-01
8.817088141023761150e-01
9.494959117888909228e-01
1.014504651585004691e+00
1.073221445391571605e+00
1.124311600583299153e+00
1.167636848068466238e+00
1.203643748813167047e+00
1.233021485592788791e+00
1.256523908776015164e+00
1.274883329307950008e+00
1.288772897753539315e+00
1.298793699853330930e+00
1.305473899150507044e+00
1.309273671998659516e+00
1.310594125756719741e+00
1.309785209343031109e+00
1.307150590465832707e+00
1.302952666209298727e+00
1.299164838664198962e+00
1.296339407153372258e+00
1.293009534299369268e+00
1.288780457315735539e+00
1.283705131831804014e+00
1.277928093777617846e+00
1.271596736653642257e+00
1.264834991375664464e+00
1.257747509541605968e+00
1.250422714208251795e+00
1.242935097186187443e+00
1.235347264664061528e+00
1.227711872742998311e+00
1.220073107085073438e+00
1.212467703526638019e+00
1.204926013409603369e+00
1.197473009802865640e+00
1.190128943631461711e+00
1.182909847791213886e+00
1.175828146615214731e+00
1.168893130635918043e+00
1.162111225104864864e+00
1.155486421908915151e+00
1.149020639656180398e+00
1.142713886803808476e+00
1.136564552265793449e+00
1.130569641048540186e+00
1.124724909727935707e+00
1.119025081260124121e+00
1.113463989769492901e+00
1.108034736765099559e+00
1.102729840827888719e+00
1.097541284262985251e+00
1.092460602736877728e+00
1.087478927649375038e+00
1.082587047957642934e+00
1.077775482526063255e+00
1.073034518208204835e+00
1.068354277486493364e+00
1.063724764621104324e+00
1.059135933632654236e+00
1.054577741202206598e+00
1.050040209543310343e+00
1.045513486254466162e+00
1.040987901147939487e+00
1.036454014257756961e+00
1.031902654430041810e+00
1.027324958425505308e+00
1.022712402289700284e+00
1.018056844685458096e+00
1.013350571568156777e+00
1.008586343835133015e+00
1.003757423028304618e+00
9.988576028170514931e-01
9.938812239891169353e-01
9.888231915964368346e-01
9.836789933977315714e-01
9.784447249228692689e-01
9.731171296709727470e-01
9.676936168446209630e-01
9.621722881714792619e-01
9.565519552996627484e-01
9.508321514341810943e-01
9.450131334616521661e-01
9.390958595270376685e-01
9.330819971796957546e-01
9.269739421687958059e-01
9.207748254817348377e-01
9.144885458566180958e-01
9.081198001703627565e-01
9.016740913998402274e-01
8.951577359059870176e-01
8.885778680472509183e-01
8.819424437769878278e-01
8.752602603038829310e-01
8.685409685305226501e-01
8.617950649965556709e-01
8.550338930464137510e-01
8.482696427490218349e-01
8.415153329667650617e-01
8.347847899329873256e-01
8.280926347314460090e-01
8.214542624641681945e-01
8.148858041893523030e-01
8.084040849564099185e-01
8.020265819888224845e-01
7.957713756463352661e-01
7.896570801348949953e-01
7.837027566788504762e-01
7.779278221446856989e-01
7.723519485591787692e-01
7.669949432945040169e-01
7.618766208649924154e-01
7.570166701374211327e-01
7.524345268266539044e-01
7.481492535827293233e-01
7.441794176531635330e-01
7.405429587670762093e-01
7.372570476777334791e-01
7.343379474666948958e-01
7.318008754333460431e-01
7.296598566255138030e-01
7.279275780701084386e-01
7.266152524995861395e-01
7.257324930411430675e-01
7.252872131413001799e-01
7.252855498002668266e-01
7.257317983534099515e-01
7.266283609732578919e-01
7.279757140404579108e-01
7.297723905464404970e-01
7.320149703385651074e-01
7.346980801696190166e-01
7.378144075949153446e-01
7.413547305319982961e-01
7.453079572419401000e-01
7.496611707009055436e-01
7.543996796663477999e-01
7.595070856315233598e-01
7.649653674316425622e-01
7.707549764643699675e-01
7.768549414844564405e-01
7.832429777825379302e-01
7.898955968397826100e-01
7.967882259316095839e-01
8.038953412842354540e-01
8.111906079113366808e-01
8.186470206308680275e-01
8.262370438128796568e-01
8.339327543608799909e-01
8.417059948791845159e-01
8.495285332791538968e-01
8.573722220667717719e-01
8.652091541569638666e-01
8.730118140750883216e-01
8.807532285122715576e-01
8.884071163019565676e-01
8.959480338645543496e-01
9.033515161579512842e-01
9.105942100865105360e-01
9.176539958697378374e-01
9.245100951660741861e-01
9.311431643683485415e-01
9.375353714429163210e-01
9.436704546524413706e-01
9.495337618346401110e-01
9.551122681283411575e-01
9.603945687454060742e-01
9.653708442179748106e-01
9.700327956550224284e-01
9.743735467162922825e-01
9.783875099288049659e-01
9.820702170066407666e-01
9.854181141666208399e-01
9.884283242765522504e-01
9.910983783515651124e-01
9.934259207633523436e-01
9.954083946392382476e-01
9.970427149157465863e-01
9.983249376099594397e-01
9.992499349501374750e-01
9.997163555190462514e-01
1.000000000000000000e+00
