1.000000000000000000e+00
1.000000000000000000e+00
1.000000000000041078e+00
1.000000000027161384e+00
1.000000004481281346e+00
1.000000259627786603e+00
1.000007015578318947e+00
1.000105918826558860e+00
1.000983509190284115e+00
1.005761103221594954e+00
1.020621017427785437e+00
1.041907820135146379e+00
1.040516079130489713e+00
9.934921989410259169e-01
9.191803334529486946e-01
8.533569399083893448e-01
8.187340300485862477e-01
8.195117301552274913e-01
8.482431373654364393e-01
8.937983849444307571e-01
9.463985534167328462e-01
9.993651270558182587e-01
1.048896173763018691e+00
1.093205396069297342e+00
1.131717120117909925e+00
1.164506682952809902e+00
1.191961968504210434e+00
1.214594937306290756e+00
1.232943059581772749e+00
1.247521179711101214e+00
1.258800474093654920e+00
1.267201460100548571e+00
1.273094003476377800e+00
1.276800758807294045e+00
1.278602955243585582e+00
1.278745661402686418e+00
1.277441328843428758e+00
1.274873358403012302e+00
1.272912552808067588e+00
1.271936695917986304e+00
1.270493147404444079e+00
1.268269152743899175e+00
1.265271630177377427e+00
1.261606003950911381e+00
1.257386589972801394e+00
1.252709364242140744e+00
1.247655296168822092e+00
1.242292837277760853e+00
1.236679827714022517e+00
1.230865140655469370e+00
1.224890171004478390e+00
1.218789991771797698e+00
1.212594191803467503e+00
1.206327692404342899e+00
1.200011492879307973e+00
1.193663187350213706e+00
1.187297370937854479e+00
1.180926085346009291e+00
1.174559171621853082e+00
1.168204492718292631e+00
1.161868236945343913e+00
1.155555171368900957e+00
1.149268776285257365e+00
1.143011444980657654e+00
1.136784647018896033e+00
1.130589030570720244e+00
1.124424565525464326e+00
1.118290644031638470e+00
1.112186184735296735e+00
1.106109731116328598e+00
1.100059490200653745e+00
1.094033393874117133e+00
1.088029132516770803e+00
1.082044198489757081e+00
1.076075934688835334e+00
1.070121563232195205e+00
1.064178230104129819e+00
1.058243037321337621e+00
1.052313086869264946e+00
1.046385515890267959e+00
1.040457537101014962e+00
1.034526477254898769e+00
1.028589813631522354e+00
1.022645205385254608e+00
1.016690519396763248e+00
1.010723856164320589e+00
1.004743571116399226e+00
9.987483022254817211e-01
9.927369979619080631e-01
9.867089464466692883e-01
9.806637920313584500e-01
9.746015545330797281e-01
9.685226388618644044e-01
9.624278452052447141e-01
9.563183792693256136e-01
9.501958653491806572e-01
9.440623667950587272e-01
9.379203932801564170e-01
9.317729120033947376e-01
9.256233527135826478e-01
9.194756084851699596e-01
9.133340302334953531e-01
9.072034068781937854e-01
9.010889607721541683e-01
8.949963475469605578e-01
8.889316482722577906e-01
8.829013737596157485e-01
8.769124661876700477e-01
8.709722872908813862e-01
8.650886047439098059e-01
8.592695757262193146e-01
8.535237285716261724e-01
8.478599514640433599e-01
8.422874760212212264e-01
8.368158490135410021e-01
8.314549078603865606e-01
8.262147545924102277e-01
8.211057199214404356e-01
8.161383251109745052e-01
8.113232481890363390e-01
8.066712859434460592e-01
8.021933075050357020e-01
7.979002066768992041e-01
7.938028553513458707e-01
7.899120546431370737e-01
7.862384776326337699e-01
7.827926055736508237e-01
7.795846644311538176e-01
7.766245598530258087e-01
7.739218059097744407e-01
7.714854533454207353e-01
7.693240194499332274e-01
7.674454244746765630e-01
7.658569357343296691e-01
7.645651145342725608e-01
7.635757624164269952e-01
7.628938669250593385e-01
7.625235525614852961e-01
7.624680356681098337e-01
7.627295787630720136e-01
7.633094483121390939e-01
7.642078796790089390e-01
7.654240494467260403e-01
7.669560612135268851e-01
7.688009433577777108e-01
7.709546527465347410e-01
7.734120849025105660e-01
7.761670925211859862e-01
7.792125101223181804e-01
7.825401811585112055e-01
7.861409881749217288e-01
7.900048876018553878e-01
7.941209497843376708e-01
7.984774017079377950e-01
8.030616696056699366e-01
8.078604224816854362e-01
8.128596207381915129e-01
8.180445707598296146e-01
8.233999823849663668e-01
8.289100289564966806e-01
8.345584078117345150e-01
8.403283996758214025e-01
8.462029314545328473e-01
8.521646442730309579e-01
8.581959638955662939e-01
8.642791712760631295e-01
8.703964723433119666e-01
8.765300692164830210e-01
8.826622361084512924e-01
8.887753983340956898e-01
8.948522114503582037e-01
9.008756391254507667e-01
9.068290291875268361e-01
9.126961895394949398e-01
9.184614638231660688e-01
9.241098048603326731e-01
9.296268456349521259e-01
9.349989661468294244e-01
9.402133537713243117e-01
9.452580561952509397e-01
9.501220257955721449e-01
9.547951542827955995e-01
9.592682964024580317e-01
9.635332816354240659e-01
9.675829125012979093e-01
9.714109475219133705e-01
9.750120673238572566e-01
9.783818224759036619e-01
9.815165613800758138e-01
9.844133370581613640e-01
9.870697927160352325e-01
9.894840267097345654e-01
9.916544380736160846e-01
9.935795542420230442e-01
9.952578435902055265e-01
9.966875165252873092e-01
9.978663194490674515e-01
9.987913265343656422e-01
9.994587348388640491e-01
9.997953742809906341e-01
1.000000000000000000e+00
