1.000000000000000000e+00
1.000000000000000000e+00
1.000000000000041078e+00
1.000000000027549296e+00
1.000000004546190535e+00
1.000000263456626293e+00
1.000007121638662344e+00
1.000107576790888020e+00
1.000999695067165129e+00
1.005863243483537506e+00
1.021031795807636255e+00
1.042932111212649282e+00
1.042104797118293291e+00
9.950957990157252020e-01
9.202391549944838323e-01
8.536426933359048119e-01
8.183182356911397060e-01
8.186208726680823666e-01
8.471309918605909317e-01
8.926684546537966281e-01
9.453795306061651971e-01
9.985206908865833508e-01
1.048246024629083895e+00
1.092744084710274954e+00
1.131426884848550030e+00
1.164365026353854526e+00
1.191945711073455927e+00
1.214682191885392726e+00
1.233114065744744137e+00
1.247758546408764602e+00
1.259089132421473911e+00
1.267528486391088727e+00
1.273448395250864174e+00
1.277173206000280725e+00
1.278985634143531724e+00
1.279132052279226439e+00
1.277826046981800800e+00
1.275252001394863832e+00
1.273281566792866304e+00
1.272296437917736389e+00
1.270844051448501100e+00
1.268609081926458604e+00
1.265599035370857051e+00
1.261919833238578592e+00
1.257686210406673721e+00
1.252994495669542685e+00
1.247925956060080832e+00
1.242549293210448935e+00
1.236922555440083116e+00
1.231094787605825580e+00
1.225107525489027571e+00
1.218995956421589311e+00
1.212789759659217870e+00
1.206513926205047715e+00
1.200189507568422798e+00
1.193834134460282526e+00
1.187462424352814461e+00
1.181086429056626308e+00
1.174715988989240234e+00
1.168358956417242078e+00
1.162021500398152218e+00
1.155708361413034568e+00
1.149422986244339029e+00
1.143167728756327994e+00
1.136944013994215741e+00
1.130752440905939515e+00
1.124592926230879364e+00
1.118464805524716832e+00
1.112366937954428536e+00
1.106297805179111915e+00
1.100255550154470630e+00
1.094238038746532027e+00
1.088242893461321525e+00
1.082267537125809920e+00
1.076309241692072760e+00
1.070365157027841851e+00
1.064432355805601471e+00
1.058507865823445915e+00
1.052588714203682496e+00
1.046671962781155596e+00
1.040754748774440186e+00
1.034834323495473329e+00
1.028908089080292187e+00
1.022973630045295845e+00
1.017028739310622543e+00
1.011071444273023756e+00
1.005100028272013946e+00
9.991130584212232213e-01
9.931094137951558265e-01
9.870883148381028871e-01
9.810493401061325391e-01
9.749924457006463596e-01
9.689179750254133250e-01
9.628266691204206973e-01
9.567196770675356898e-01
9.505985692672652698e-01
9.444653581939818077e-01
9.383225058556085019e-01
9.321729352421443959e-01
9.260200355599813582e-01
9.198676631995020836e-01
9.137201364044509333e-01
9.075822154774549899e-01
9.014590984067686330e-01
8.953564209683154695e-01
8.892802490904714308e-01
8.832370834939989868e-01
8.772338616476876849e-01
8.712779461800583825e-01
8.653771114841886103e-01
8.595395274885334613e-01
8.537737415048387568e-01
8.480886671979959157e-01
8.424935684014936976e-01
8.369980309562928822e-01
8.316119383621586314e-01
8.263454458750268961e-01
8.212089446059129827e-01
8.162130233841379257e-01
8.113684349876760793e-01
8.066860580915432566e-01
8.021768506924162878e-01
7.978518022336917870e-01
7.937218867925117660e-01
7.897980139190552418e-01
7.860909709544513513e-01
7.826113586957971213e-01
7.793695273408858260e-01
7.763755107947568623e-01
7.736389546209309076e-01
7.711690434392870497e-01
7.689744299035241593e-01
7.670631702343121416e-01
7.654426674674109643e-01
7.641196175077844543e-01
7.630999544483171304e-01
7.623887953606949264e-01
7.619903902940973195e-01
7.619080762144814223e-01
7.621442303624891279e-01
7.627002270667110340e-01
7.635764018018197374e-01
7.647720226939527244e-01
7.662852756524756170e-01
7.681132616135571967e-01
7.702519998089151221e-01
7.726964375854112888e-01
7.754404686931076762e-01
7.784769578046335514e-01
7.817977675492969736e-01
7.853937886642049504e-01
7.892549748629753559e-01
7.933703830331839679e-01
7.977282161921193104e-01
8.023158663519047717e-01
8.071199583394390586e-01
8.121263988032577652e-01
8.173204312686903616e-01
8.226866941323638382e-01
8.282092812817039018e-01
8.338718031707861300e-01
8.396574467956841037e-01
8.455490391136514239e-01
8.515291157708531067e-01
8.575799922376828865e-01
8.636838350730322578e-01
8.698227324087584034e-01
8.759787658738142913e-01
8.821340872521694632e-01
8.882709982729967146e-01
8.943720305258455738e-01
9.004200240829894897e-01
9.063982042746718815e-01
9.122902583259555609e-01
9.180804117403341680e-01
9.237535024389904592e-01
9.292950524219935060e-01
9.346913352680921161e-01
9.399294370864808013e-01
9.449973099867197135e-01
9.498838169275033438e-01
9.545787667600670323e-01
9.590729382533073055e-01
9.633580920366621170e-01
9.674269690561769774e-01
9.712732735849295418e-01
9.748916392549618060e-01
9.782775766949579621e-01
9.814274010759742595e-01
9.843381383948310859e-01
9.870074103752308758e-01
9.894332986144783737e-01
9.916141891437012523e-01
9.935485990433559067e-01
9.952349877589456995e-01
9.966715568771929989e-01
9.978560427183756909e-01
9.987855067256039554e-01
9.994561292192387647e-01
9.997943882311357555e-01
1.000000000000000000e+00
