1.000000000000000000e+00
1.000000000000000000e+00
1.000000000000088596e+00
1.000000000062261085e+00
1.000000010331543399e+00
1.000000603404356925e+00
1.000016489165304501e+00
1.000252952117438587e+00
1.002404070813125658e+00
1.014587282157860981e+00
1.055306379993266930e+00
1.125555213380286856e+00
1.164416681414440102e+00
1.111476855573366729e+00
9.909517530899710769e-01
8.665781730412251971e-01
7.821943209961507160e-01
7.515302232514715630e-01
7.679603163931469911e-01
8.160400964810183844e-01
8.800973341364332070e-01
9.484455828924451826e-01
1.013998389293776281e+00
1.073196211559725111e+00
1.124688340653810625e+00
1.168336032275133496e+00
1.204592244055211925e+00
1.234154909218961871e+00
1.257786864496592605e+00
1.276228762050358734e+00
1.290161157230056199e+00
1.300191574600807698e+00
1.306853726051313336e+00
1.310612560524787140e+00
1.311873333488801974e+00
1.310989630812487539e+00
1.308268295149104476e+00
1.303974486758022300e+00
1.300088021316883058e+00
1.297161856919005762e+00
1.293726486965279587e+00
1.289389041644436684e+00
1.284204104702274307e+00
1.278317605709874405e+00
1.271878125281044047e+00
1.265010605239130115e+00
1.257820560976788515e+00
1.250397150186587369e+00
1.242815481745443096e+00
1.235138674199763198e+00
1.227419806830292393e+00
1.219703410114581166e+00
1.212026491608184653e+00
1.204419609801447022e+00
1.196907889748318077e+00
1.189511683675639642e+00
1.182247078050205902e+00
1.175126509070471226e+00
1.168159241837278595e+00
1.161351640158654774e+00
1.154707603459409482e+00
1.148228931039195322e+00
1.141915486098500798e+00
1.135765490020467228e+00
1.129775760951830188e+00
1.123941850588833002e+00
1.118258262011969872e+00
1.112718596349377309e+00
1.107315711231434241e+00
1.102041872710900483e+00
1.096888802289621268e+00
1.091847767821452431e+00
1.086909626313143695e+00
1.082064886593572028e+00
1.077303782743964877e+00
1.072616312635534586e+00
1.067992306603507524e+00
1.063421474232983721e+00
1.058893473398313745e+00
1.054397963933728199e+00
1.049924671462473258e+00
1.045463448143307383e+00
1.041004330328794580e+00
1.036537587226819213e+00
1.032053759957221262e+00
1.027543701122078268e+00
1.022998606489798901e+00
1.018410058863251644e+00
1.013770073313231102e+00
1.009071145442063111e+00
1.004306277284476634e+00
9.994690091040455693e-01
9.945534343908094543e-01
9.895542170666778992e-01
9.844666100269791054e-01
9.792864804508629728e-01
9.740103505602119016e-01
9.686354155141216893e-01
9.631595706000360968e-01
9.575814288565389631e-01
9.519003328707156264e-01
9.461163569272836860e-01
9.402302841846519321e-01
9.342436150685653473e-01
9.281585865851367245e-01
9.219781797180169880e-01
9.157061528747925117e-01
9.093470732528540212e-01
9.029063254269589223e-01
8.963901193379535393e-01
8.898054956532860382e-01
8.831603301909722870e-01
8.764633548329061608e-01
8.697241711817897958e-01
8.629532434197980661e-01
8.561619006859868541e-01
8.493623382885088224e-01
8.425676008064284517e-01
8.357915617244611184e-01
8.290489122446714765e-01
8.223551416987506801e-01
8.157265004429039568e-01
8.091799588215148331e-01
8.027331663206338508e-01
7.964044033687788238e-01
7.902125124510570586e-01
7.841768112760418852e-01
7.783170012334593713e-01
7.726530664575547158e-01
7.672051530131388519e-01
7.619934393525671368e-01
7.570380018986638815e-01
7.523586858204297512e-01
7.479749833400223258e-01
7.439059093134402501e-01
7.401698665438484204e-01
7.367845012538488669e-01
7.337665610826782370e-01
7.311317533777270672e-01
7.288945946272152865e-01
7.270682603058256088e-01
7.256644441471863383e-01
7.246932283677635089e-01
7.241629794837478595e-01
7.240802677890518790e-01
7.244497984908833121e-01
7.252743567656063650e-01
7.265547720475216131e-01
7.282898976612752762e-01
7.304765984716721228e-01
7.331097485945867742e-01
7.361822433442104519e-01
7.396850273074895288e-01
7.436071332021398916e-01
7.479357253579366205e-01
7.526561501974743384e-01
7.577520031507252174e-01
7.632052138194019841e-01
7.689961421812337994e-01
7.751036847651048278e-01
7.815053854692506352e-01
7.881775470044303233e-01
7.950953526601630683e-01
8.022330020742719503e-01
8.095638539436645909e-01
8.170605700200030963e-01
8.246952578616657537e-01
8.324396169423272651e-01
8.402650952306959242e-01
8.481430523875091998e-01
8.560449226412558676e-01
8.639423741012064450e-01
8.718074633359738090e-01
8.796127892855429842e-01
8.873316465803388065e-01
8.949381742220836600e-01
9.024074996772705193e-01
9.097158752742661170e-01
9.168408023100558246e-01
9.237611416537988562e-01
9.304572092484431067e-01
9.369108548680632476e-01
9.431055224570834561e-01
9.490262907188780073e-01
9.546598918199979966e-01
9.599947047489257868e-01
9.650207207175255375e-01
9.697294780964331729e-01
9.741139635230491312e-01
9.781684767543908920e-01
9.818884589163304755e-01
9.852702851574913767e-01
9.883110235715378833e-01
9.910081629371407796e-01
9.933593137105550808e-01
9.953618888614653715e-01
9.970127721459951520e-01
9.983079825291172327e-01
9.992423445678407790e-01
9.997134830254884585e-01
1.000000000000000000e+00
