1.000000000000000000e+00
1.000000000000000000e+00
1.000000000000041078e+00
1.000000000033921754e+00
1.000000005610995890e+00
1.000000326229327996e+00
1.000008859055924404e+00
1.000134705895480147e+00
1.001264105635703006e+00
1.007527611323225880e+00
1.027700091636581048e+00
1.059468684335778565e+00
1.067564273146196729e+00
1.020577660674910181e+00
9.369245053044392701e-01
8.580758741156633285e-01
8.117269460986938912e-01
8.046097354863699369e-01
8.297113595809783027e-01
8.750547588343614569e-01
9.295982388652525019e-01
9.855619404218889379e-01
1.038399317373236430e+00
1.085900809469075856e+00
1.127286438741407437e+00
1.162555775104343825e+00
1.192089030380516501e+00
1.216423126650800768e+00
1.236133858926982576e+00
1.251777879206551702e+00
1.263866898744107292e+00
1.272858631990408718e+00
1.279156106562226336e+00
1.283111098442140774e+00
1.285030362154031769e+00
1.285181335201566188e+00
1.283795926084483341e+00
1.281074368442195688e+00
1.278902001536599276e+00
1.277717436049728095e+00
1.276069904777466180e+00
1.273608244624908181e+00
1.270349318336106981e+00
1.266406967358162383e+00
1.261902603045705451e+00
1.256938178029670894e+00
1.251599705400055385e+00
1.245959875619811807e+00
1.240080055794613445e+00
1.234012025301460813e+00
1.227799561104463422e+00
1.221479665743777643e+00
1.215083449004102256e+00
1.208636998759491599e+00
1.202162181445632916e+00
1.195677190444111693e+00
1.189196975249894983e+00
1.182733721166973062e+00
1.176297227794056877e+00
1.169895142821376632e+00
1.163533291199956077e+00
1.157215949832453683e+00
1.150945988741673975e+00
1.144725088530054613e+00
1.138553917729474341e+00
1.132432241831032860e+00
1.126359079945370434e+00
1.120332813746591549e+00
1.114351301418869955e+00
1.108411985506380315e+00
1.102511933156746560e+00
1.096647902645585537e+00
1.090816378614181570e+00
1.085013618905776411e+00
1.079235707467819605e+00
1.073478584770546806e+00
1.067738096696555727e+00
1.062010029338719796e+00
1.056290157459766510e+00
1.050574283094421801e+00
1.044858280313719856e+00
1.039138137903403480e+00
1.033409999948104341e+00
1.027670200666792599e+00
1.021915293102239497e+00
1.016142078006823324e+00
1.010347627640072465e+00
1.004529316982274878e+00
9.986848555455218879e-01
9.928123207805782391e-01
9.869101772407977702e-01
9.809772990379599378e-01
9.750129814667423123e-01
9.690169535288680747e-01
9.629893907823612320e-01
9.569309317580889651e-01
9.508427032343692575e-01
9.447263306090329937e-01
9.385839531683013437e-01
9.324182325658723069e-01
9.262323567519948897e-01
9.200300370021091689e-01
9.138154886477592997e-01
9.075934298541860068e-01
9.013690858924741089e-01
8.951481848689437637e-01
8.889369679570721106e-01
8.827421969112023703e-01
8.765711463087642041e-01
8.704315940123175110e-01
8.643318086328490857e-01
8.582805350162077129e-01
8.522869881955649207e-01
8.463608415668502083e-01
8.405122013105037482e-01
8.347515852930145197e-01
8.290899001676237390e-01
8.235384067861897250e-01
8.181086828456430871e-01
8.128125903868771429e-01
8.076622379991766909e-01
8.026699326852488880e-01
7.978481297042050446e-01
7.932093830738152773e-01
7.887662926659120277e-01
7.845314405749532760e-01
7.805173188363625503e-01
7.767362565394596574e-01
7.732003440255926785e-01
7.699213485761889908e-01
7.669106283588751349e-01
7.641790471263973927e-01
7.617368955504566497e-01
7.595938206054365649e-01
7.577587572757784606e-01
7.562398584567666671e-01
7.550444233517064063e-01
7.541788312254132931e-01
7.536484791200080968e-01
7.534577182842407961e-01
7.536097942082500278e-01
7.541067948840763924e-01
7.549496076750958906e-01
7.561378922790059631e-01
7.576700681362305012e-01
7.595433091819220328e-01
7.617535466732257010e-01
7.642954824704535355e-01
7.671626101919684082e-01
7.703472398777225782e-01
7.738405269191539482e-01
7.776325071909679920e-01
7.817121391292859434e-01
7.860673496902103041e-01
7.906850807720643415e-01
7.955513373172292679e-01
8.006512421070814955e-01
8.059690982346560117e-01
8.114884554904742142e-01
8.171921802255908140e-01
8.230625260367607776e-01
8.290812033474925791e-01
8.352294532492038348e-01
8.414881277701513618e-01
8.478377730496388098e-01
8.542587126433455191e-01
8.607311298299743507e-01
8.672351515371775621e-01
8.737509377998426974e-01
8.802587748247853172e-01
8.867391680679508337e-01
8.931729336430418442e-01
8.995412874264846481e-01
9.058259339423737622e-01
9.120091549463774649e-01
9.180738953994217466e-01
9.240038466362950897e-01
9.297835248152239718e-01
9.353983419058242710e-01
9.408346682196127020e-01
9.460798852501662859e-01
9.511224275421371610e-01
9.559518122768704274e-01
9.605586554395857402e-01
9.649346730208043788e-01
9.690726650318370883e-01
9.729664806076521177e-01
9.766109625890456725e-01
9.800018696111458816e-01
9.831357743221661449e-01
9.860099375739317384e-01
9.886221592769814936e-01
9.909706072123447562e-01
9.930536256100036541e-01
9.948695264549952677e-01
9.964163677693567145e-01
9.976917237870559507e-01
9.986924526494639354e-01
9.994144679226396599e-01
9.997786219694526633e-01
1.000000000000000000e+00
