1.000000000000000000e+00
1.000000000000000000e+00
1.000000000000041078e+00
1.000000000037518211e+00
1.000000006211388071e+00
1.000000361588090136e+00
1.000009836374681660e+00
1.000149937346481499e+00
1.001412146692042482e+00
1.008455592552838231e+00
1.031394802574753022e+00
1.068547892398214350e+00
1.081368203271733108e+00
1.034184214888612452e+00
9.456682260953868102e-01
8.602586506793891141e-01
8.081032843646277497e-01
7.971363047574812066e-01
8.205308288072298284e-01
8.658746292544846623e-01
9.214849944466814158e-01
9.790228486838256083e-01
1.033565346093807680e+00
1.082691926188168452e+00
1.125523695349639697e+00
1.162026330646179995e+00
1.192579934853352563e+00
1.217737002561438020e+00
1.238094913216540860e+00
1.254233071432219626e+00
1.266684856392447767e+00
1.275927646137484661e+00
1.282381868535476421e+00
1.286414502275271765e+00
1.288345586479477278e+00
1.288454182238865986e+00
1.286982299531710394e+00
1.284138907896714921e+00
1.281816889673992321e+00
1.280482012754639909e+00
1.278684838805132173e+00
1.276058269632318609e+00
1.272624254817959377e+00
1.268500945615757880e+00
1.263813389007871990e+00
1.258666601948122077e+00
1.253149185431942092e+00
1.247336005869161379e+00
1.241290240350804597e+00
1.235065158229058158e+00
1.228705756019997652e+00
1.222250021820615373e+00
1.215729838701791854e+00
1.209171883304413386e+00
1.202598454780355652e+00
1.196028039107713159e+00
1.189475749713987618e+00
1.182953824924500408e+00
1.176472019766293897e+00
1.170037845275057942e+00
1.163656911234041358e+00
1.157333212105247533e+00
1.151069271515475334e+00
1.144866369136037898e+00
1.138724725514424829e+00
1.132643614595954862e+00
1.126621527666680223e+00
1.120656286789060152e+00
1.114745163976982534e+00
1.108884994184037298e+00
1.103072216324777477e+00
1.097302942601039000e+00
1.091572994571928801e+00
1.085877951780055639e+00
1.080213206990342956e+00
1.074573997508716294e+00
1.068955456342708832e+00
1.063352648379580323e+00
1.057760621251071287e+00
1.052174445723250251e+00
1.046589262745901250e+00
1.041000328331276759e+00
1.035403056257922838e+00
1.029793054679727815e+00
1.024166156219998403e+00
1.018518448333498805e+00
1.012846298287920721e+00
1.007146386156390294e+00
1.001415738534318978e+00
9.956517640561040050e-01
9.898522737466112220e-01
9.840155050021690553e-01
9.781401340647687404e-01
9.722252895762260039e-01
9.662705665994095749e-01
9.602760446064082522e-01
9.542423151215863042e-01
9.481704935359308584e-01
9.420622363481054862e-01
9.359197512916686001e-01
9.297458027604412756e-01
9.235437100008037081e-01
9.173173279653139556e-01
9.110710477526722251e-01
9.048098031580887879e-01
8.985390682467200296e-01
8.922648707535442147e-01
8.859938027868189403e-01
8.797330153068991798e-01
8.734902108903227491e-01
8.672736334539790093e-01
8.610920560294982318e-01
8.549547778446840995e-01
8.488716153335126302e-01
8.428528784307908195e-01
8.369093518030649159e-01
8.310522742061113854e-01
8.252933052423617744e-01
8.196444891125116428e-01
8.141182235664481404e-01
8.087272230317469335e-01
8.034844704005515981e-01
7.984031664190764932e-01
7.934966795383974203e-01
7.887784917669670159e-01
7.842621325223949613e-01
7.799611026639908795e-01
7.758887973844434960e-01
7.720584254060842699e-01
7.684829183551116216e-01
7.651748376296461096e-01
7.621462814523202178e-01
7.594087985078475933e-01
7.569733097197509641e-01
7.548500319504017897e-01
7.530483991378849051e-01
7.515769812205875811e-01
7.504434083669668798e-01
7.496542990409229557e-01
7.492151862259545103e-01
7.491304472086658395e-01
7.494032420408637263e-01
7.500354611821887785e-01
7.510276905962309790e-01
7.523791925907602485e-01
7.540878947162503732e-01
7.561503875937537478e-01
7.585619343424736538e-01
7.613164888405759001e-01
7.644067180846118026e-01
7.678240295120799530e-01
7.715586054354802714e-01
7.755994454240335845e-01
7.799344132818537556e-01
7.845502848747368807e-01
7.894327981284308127e-01
7.945667106822430492e-01
7.999358662587942037e-01
8.055232655943066478e-01
8.113111414192720749e-01
8.172810345403980214e-01
8.234138688721667210e-01
8.296900312672113031e-01
8.360894584888275416e-01
8.425917274252862077e-01
8.491761454687623001e-01
8.558218397902683794e-01
8.625078483608684676e-01
8.692132169972599520e-01
8.759171003066885675e-01
8.825988625819027877e-01
8.892381768040065193e-01
8.958151210673050979e-01
9.023102747329179163e-01
9.087048142501727988e-01
9.149806061469204499e-01
9.211202970190552897e-01
9.271073984701179160e-01
9.329263640490416121e-01
9.385626571578857824e-01
9.440028086461099699e-01
9.492344627589501815e-01
9.542464100748154765e-01
9.590286062610207107e-01
9.635721750220422877e-01
9.678693928702535310e-01
9.719136538825867699e-01
9.756994127251249482e-01
9.792221038118241738e-01
9.824780351005347745e-01
9.854642563453102078e-01
9.881784025350893730e-01
9.906185138812045876e-01
9.927828342578272069e-01
9.946695912363295866e-01
9.962767622422087355e-01
9.976018320737880529e-01
9.986415477813465058e-01
9.993916776290782122e-01
9.997699970932636404e-01
1.000000000000000000e+00
