1.000000000000000000e+00
1.000000000000000000e+00
1.000000000000041078e+00
1.000000000030598635e+00
1.000000005055786456e+00
1.000000293507791183e+00
1.000007953741770539e+00
1.000120577359970619e+00
1.001126511644052641e+00
1.006662538272778740e+00
1.024240396509833451e+00
1.050911472498381016e+00
1.054436664566654303e+00
1.007493532887565602e+00
9.283962057970236437e-01
8.558359061069410467e-01
8.151204379280061474e-01
8.117815088802946555e-01
8.386048194331294781e-01
8.840232355996395786e-01
9.376056402545779322e-01
9.921054324341415098e-01
1.043336345079456606e+00
1.089292849630614679e+00
1.129292616274104155e+00
1.163370616949962910e+00
1.191909680198805832e+00
1.215433783343301988e+00
1.234499526428715521e+00
1.249642856372568334e+00
1.261355527001694732e+00
1.270077005595549702e+00
1.276194092314472561e+00
1.280044337255868081e+00
1.281922039016235582e+00
1.282083725829327170e+00
1.280751820465270585e+00
1.278118351671581721e+00
1.276061573989677678e+00
1.274992006642331921e+00
1.273457834435600899e+00
1.271125198020183422e+00
1.268006143219399195e+00
1.264210433041688564e+00
1.259856040089231355e+00
1.255042019942476772e+00
1.249851940377396664e+00
1.244356436530442478e+00
1.238615165688427000e+00
1.232678498946320422e+00
1.226589059654709990e+00
1.220382916774782611e+00
1.214090445489642178e+00
1.207737171769035944e+00
1.201344546106513755e+00
1.194930476673854214e+00
1.188509747444199904e+00
1.182094481262821128e+00
1.175694505817556967e+00
1.169317582066499162e+00
1.162969720816916519e+00
1.156655446991375014e+00
1.150377937588289212e+00
1.144139230452904332e+00
1.137940394726018267e+00
1.131781636610466046e+00
1.125662449360031125e+00
1.119581718095195910e+00
1.113537828967781085e+00
1.107528772320431676e+00
1.101552182194450058e+00
1.095605400291533638e+00
1.089685510435546512e+00
1.083789383766693426e+00
1.077913729506323248e+00
1.072055124537085291e+00
1.066210060208844235e+00
1.060374975855484569e+00
1.054546305038645215e+00
1.048720512487101297e+00
1.042894136739703104e+00
1.037063830771237427e+00
1.031226400588418191e+00
1.025378838382445812e+00
1.019518349861382900e+00
1.013642381705358142e+00
1.007748644190011866e+00
1.001835140677654667e+00
9.959001975821580865e-01
9.899424957365655642e-01
9.839610883479145143e-01
9.779554219310537810e-01
9.719253470191531186e-01
9.658711296056665674e-01
9.597934627791210316e-01
9.536934815598387960e-01
9.475727858698752559e-01
9.414334494425316002e-01
9.352780331496930444e-01
9.291095918382040741e-01
9.229316767606110528e-01
9.167483314162737651e-01
9.105640720511689601e-01
9.043838848185643542e-01
8.982132278903680600e-01
8.920580254385824803e-01
8.859246749382390096e-01
8.798200517570058388e-01
8.737514993663834106e-01
8.677268177434814822e-01
8.617542488442775372e-01
8.558424601109998475e-01
8.500005357208768597e-01
8.442379623657231269e-01
8.385646021921621118e-01
8.329906698511129193e-01
8.275267078564499945e-01
8.221835511243490435e-01
8.169722890076422939e-01
8.119042319100950866e-01
8.069908731232198207e-01
8.022438412656106577e-01
7.976748510698393746e-01
7.932956550326695222e-01
7.891179922114495149e-01
7.851535274545384802e-01
7.814137830376229887e-01
7.779100701693403286e-01
7.746534182677927705e-01
7.716544968804771587e-01
7.689235365112558895e-01
7.664702506625576950e-01
7.643037645002994651e-01
7.624325514242511481e-01
7.608643722512519192e-01
7.596062131942895590e-01
7.586642228918407671e-01
7.580436547542289683e-01
7.577488132997020065e-01
7.577829996148827130e-01
7.581484603778571030e-01
7.588463446222021291e-01
7.598766685258151465e-01
7.612382950138107951e-01
7.629289265928497210e-01
7.649451048473643322e-01
7.672822172154508680e-01
7.699345131739331327e-01
7.728951274293341944e-01
7.761561060889755614e-01
7.797084364837512105e-01
7.835420823970740134e-01
7.876460253706636383e-01
7.920083092814342862e-01
7.966160850720276354e-01
8.014556567593325020e-01
8.065125333191621726e-01
8.117714873658761210e-01
8.172166172102811599e-01
8.228314119249982017e-01
8.285988170213935966e-01
8.345012990092426364e-01
8.405209137697692290e-01
8.466393807505390168e-01
8.528381597913137213e-01
8.590985280715575101e-01
8.654016561689273912e-01
8.717286856368442471e-01
8.780608116871192470e-01
8.843793692252015504e-01
8.906659189567159851e-01
8.969023320248348252e-01
9.030708725869240894e-01
9.091542802153320668e-01
9.151358520233431326e-01
9.209995223756989313e-01
9.267299399675932303e-01
9.323125404797777405e-01
9.377336122550240516e-01
9.429803540316710198e-01
9.480409235494408060e-01
9.529044757962349399e-01
9.575611896344903284e-01
9.620022817078293098e-01
9.662200061544883312e-01
9.702076380442158365e-01
9.739594389131216445e-01
9.774706028890267628e-01
9.807371815793758385e-01
9.837559864541685073e-01
9.865244685857501583e-01
9.890405764042721204e-01
9.913025926961408496e-01
9.933089525680434129e-01
9.950580451723550768e-01
9.965480031864020205e-01
9.977764846686719702e-01
9.987404525807320743e-01
9.994359578919930209e-01
9.997867546717016385e-01
1.000000000000000000e+00
