1.000000000000000000e+00
1.000000000000000000e+00
1.000000000000011990e+00
1.000000000006716183e+00
1.000000001062774979e+00
1.000000057880755966e+00
1.000001423473763529e+00
1.000018418485140836e+00
1.000127958378195236e+00
1.000347572894685788e+00
9.987527667779571017e-01
9.870341281114649590e-01
9.548504709430536419e-01
9.072468957622944474e-01
8.645980451716931414e-01
8.440174151412773718e-01
8.500093381573463613e-01
8.774132529949816295e-01
9.176165702691860826e-01
9.628929757005475487e-01
1.007972092494820560e+00
1.049894299870211656e+00
1.087311769360534086e+00
1.119833438049900431e+00
1.147573550586127089e+00
1.170881891368750205e+00
1.190195845833946775e+00
1.205964575887158885e+00
1.218613062800330438e+00
1.228527218162344781e+00
1.236049679276949975e+00
1.241480755114056311e+00
1.245081652370497283e+00
1.247078626901893417e+00
1.247667846169223438e+00
1.247019544822390413e+00
1.245280911457415041e+00
1.242578800651993776e+00
1.240569619854732908e+00
1.239452845377100099e+00
1.237921897953268235e+00
1.235781716369910077e+00
1.233002224972739258e+00
1.229657646703063545e+00
1.225836056489561843e+00
1.221611361509530091e+00
1.217045931699993533e+00
1.212192585692996261e+00
1.207096122656364345e+00
1.201794614673198147e+00
1.196320541705729212e+00
1.190701680371343496e+00
1.184961765900474751e+00
1.179121110074414336e+00
1.173197152257006604e+00
1.167204856497696674e+00
1.161157027864579305e+00
1.155064638547361744e+00
1.148937089066790929e+00
1.142782384937855333e+00
1.136607353029511103e+00
1.130417822732812549e+00
1.124218733146395754e+00
1.118014273820761684e+00
1.111808000810357022e+00
1.105602914501122358e+00
1.099401558352777641e+00
1.093206090916041706e+00
1.087018357995252815e+00
1.080839959757044388e+00
1.074672282295461967e+00
1.068516540923604596e+00
1.062373806676027321e+00
1.056245037464456971e+00
1.050131111302168740e+00
1.044032847463169267e+00
1.037951035985333004e+00
1.031886459438903891e+00
1.025839920669693095e+00
1.019812264990726858e+00
1.013804404657439928e+00
1.007817341634982045e+00
1.001852188609502203e+00
9.959101865476100990e-01
9.899927185812431585e-01
9.841013233504832813e-01
9.782377052059015865e-01
9.724037472899906831e-01
9.666015241427655669e-01
9.608333143044540670e-01
9.551016053943665041e-01
9.494090999995633551e-01
9.437587157440149310e-01
9.381535850450931635e-01
9.325970543251969058e-01
9.270926841058813039e-01
9.216442524382928436e-01
9.162557506394908291e-01
9.109313805370456985e-01
9.056755478841227447e-01
9.004928530141780296e-01
8.953880777843620242e-01
8.903661646635723237e-01
8.854322035364218246e-01
8.805914205330149791e-01
8.758491626129337737e-01
8.712108882366680351e-01
8.666821564910811571e-01
8.622686092625595489e-01
8.579759525865152670e-01
8.538099367679332641e-01
8.497763358346194229e-01
8.458809309287466105e-01
8.421294915903078104e-01
8.385277516991139768e-01
8.350813880502623299e-01
8.317959990053732655e-01
8.286770791986383111e-01
8.257299942538177673e-01
8.229599588011080602e-01
8.203720136662189244e-01
8.179710002861904083e-01
8.157615359417601519e-01
8.137479909716733850e-01
8.119344663678302876e-01
8.103247688581142194e-01
8.089223844220131410e-01
8.077304535132003860e-01
8.067517470456577744e-01
8.059886408837236837e-01
8.054430914917750650e-01
8.051166136282209562e-01
8.050102622355612692e-01
8.051246188793010905e-01
8.054597802824285946e-01
8.060153471726198005e-01
8.067904133863287308e-01
8.077835576870555645e-01
8.089928375376499448e-01
8.104157826064071202e-01
8.120493896861992189e-01
8.138901205831935437e-01
8.159339029055175940e-01
8.181761363847938062e-01
8.206117039111614497e-01
8.232349844468657141e-01
8.260398679931063581e-01
8.290197734264863616e-01
8.321676681860706859e-01
8.354760881613675361e-01
8.389371580834374953e-01
8.425426131793319895e-01
8.462838224212669846e-01
8.501518123021207796e-01
8.541372899602834856e-01
8.582306662158191157e-01
8.624220804956052033e-01
8.667014281304533663e-01
8.710583887492611144e-01
8.754824557355099790e-01
8.799629658861085613e-01
8.844891286777694095e-01
8.890500572405589663e-01
8.936348019401215703e-01
8.982323853469429409e-01
9.028318376327622019e-01
9.074222320247340434e-01
9.119927213166322266e-01
9.165325768941260387e-01
9.210312295414387895e-01
9.254783106515965807e-01
9.298636931433763575e-01
9.341775317473423046e-01
9.384103033027930696e-01
9.425528468748477495e-01
9.465964026451384461e-01
9.505326492856063236e-01
9.543537388600558113e-01
9.580523279673663906e-01
9.616216044680316877e-01
9.650553090322468996e-01
9.683477507205042745e-01
9.714938157933140639e-01
9.744889690179217023e-01
9.773292466024290359e-01
9.800112396653642977e-01
9.825320673703775709e-01
9.848893389512878294e-01
9.870811037829756440e-01
9.891057889525290969e-01
9.909621243238805333e-01
9.926490555017445372e-01
9.941656454273646304e-01
9.955109656395303430e-01
9.966839787685101149e-01
9.976834144099759882e-01
9.985076408687645344e-01
9.991545356067266237e-01
9.996213575414141239e-01
9.998569043249992960e-01
1.000000000000000000e+00
