1.000000000000000000e+00
1.000000000000000000e+00
1.000000000000090816e+00
1.000000000063141492e+00
1.000000010477782197e+00
1.000000611960086605e+00
1.000016723532032081e+00
1.000256559254525390e+00
1.002438499281067541e+00
1.014797310970646516e+00
1.056109263919522423e+00
1.127413116359949230e+00
1.167006371879582449e+00
1.113734682131425791e+00
9.921144284725498252e-01
8.665321082234268557e-01
7.812250866073406907e-01
7.500602880083270252e-01
7.663851377184978109e-01
8.146427960001488833e-01
8.790308592713388380e-01
9.477598587319108203e-01
1.013680404745783692e+00
1.073202504527381418e+00
1.124965032774845941e+00
1.168829170903687986e+00
1.205252336656279954e+00
1.234938446646186350e+00
1.258656441840830142e+00
1.277152621941147537e+00
1.291112546716648213e+00
1.301148087899478112e+00
1.307796701414145391e+00
1.311526556258905796e+00
1.312745707256454120e+00
1.311810195885529717e+00
1.309029009608337679e+00
1.304669176370764738e+00
1.300714801023361344e+00
1.297719286397158056e+00
1.294211361212272537e+00
1.289799438249777719e+00
1.284539205018972341e+00
1.278577536439860829e+00
1.272063818852045225e+00
1.265123680646272453e+00
1.257863224293003457e+00
1.250372107155936607e+00
1.242725858134103190e+00
1.234987944801603899e+00
1.227211734978328472e+00
1.219441994488996261e+00
1.211715916559765738e+00
1.204064201435585124e+00
1.196512078386335221e+00
1.189079969329579933e+00
1.181783997873744996e+00
1.174636608898858237e+00
1.167647050716008161e+00
1.160821645727154516e+00
1.154164230735465368e+00
1.147676524046154833e+00
1.141358290096242900e+00
1.135207636245206153e+00
1.129221253368419609e+00
1.123394553536730012e+00
1.117721889921863943e+00
1.112196704745157083e+00
1.106811689267209298e+00
1.101558937240379565e+00
1.096429992195298908e+00
1.091415939214684716e+00
1.086507448032198786e+00
1.081694836284907923e+00
1.076968143687812240e+00
1.072317170887717275e+00
1.067731548849574885e+00
1.063200786082095339e+00
1.058714338403782484e+00
1.054261663143747363e+00
1.049832283628006735e+00
1.045415850539250568e+00
1.041002200143383849e+00
1.036581403398077361e+00
1.032143805327456976e+00
1.027680064910716728e+00
1.023181186978381563e+00
1.018638566443669458e+00
1.014044033913774401e+00
1.009389904368805047e+00
1.004669003192647514e+00
9.998746981775759046e-01
9.950009145194904647e-01
9.900421520564762767e-01
9.849935038698707235e-01
9.798506817541775549e-01
9.746100573501846887e-01
9.692686801391914297e-01
9.638243048764779664e-01
9.582754093588587985e-01
9.526212063209530401e-01
9.468616455896343709e-01
9.409973909746051079e-01
9.350298288195914020e-01
9.289610876574092568e-01
9.227940458405496926e-01
9.165323656142130293e-01
9.101805251389668561e-01
9.037438274953216721e-01
8.972284091434339359e-01
8.906412457843343455e-01
8.839901573398433188e-01
8.772838297143196185e-01
8.705318292777781686e-01
8.637445963453563857e-01
8.569334483784402101e-01
8.501105820793261048e-01
8.432890572003880481e-01
8.364827769054689055e-01
8.297064774990906555e-01
8.229757096993344234e-01
8.163068022001547241e-01
8.097168212865163417e-01
8.032235306716577483e-01
7.968453438950106049e-01
7.906012557399644258e-01
7.845107554277267470e-01
7.785937349952349873e-01
7.728703880840671614e-01
7.673610884821089329e-01
7.620862597048526643e-01
7.570662395070425488e-01
7.523211495242995150e-01
7.478707724046893546e-01
7.437344260067400015e-01
7.399308269934795623e-01
7.364779442407967114e-01
7.333928546051112773e-01
7.306915987816857694e-01
7.283890279565292669e-01
7.264986506687515222e-01
7.250324890461321559e-01
7.240009459776326484e-01
7.234126981172032123e-01
7.232746127828378890e-01
7.235916765825149977e-01
7.243669380912849398e-01
7.256014700052705324e-01
7.272943468482648832e-01
7.294426308114577706e-01
7.320413678268801183e-01
7.350835981412127129e-01
7.385603833337764934e-01
7.424608443655708045e-01
7.467722044113591640e-01
7.514798389010326485e-01
7.565673423704851741e-01
7.620166139748398848e-01
7.678079543361588932e-01
7.739201726371569556e-01
7.803306985387042927e-01
7.870156948277344799e-01
7.939501806481149560e-01
8.011081690471842931e-01
8.084628116456974434e-01
8.159865446671616951e-01
8.236512337431056707e-01
8.314283221614570119e-01
8.392889897836299795e-01
8.472043187027322730e-01
8.551454585797279018e-01
8.630837883561919277e-01
8.709910731495087433e-01
8.788396204678383672e-01
8.866024358225427227e-01
8.942533736294314695e-01
9.017672834586100139e-01
9.091201484816290312e-01
9.162892114566425494e-01
9.232530870331795425e-01
9.299918587674482762e-01
9.364871591961972941e-01
9.427222312860488174e-01
9.486819699227645453e-01
9.543529412897169273e-01
9.597233766337593952e-01
9.647831377785560658e-01
9.695236518474712462e-01
9.739378117871827500e-01
9.780198402280138037e-01
9.817651163262629543e-01
9.851699666075125483e-01
9.882314216931182838e-01
9.909469414820978317e-01
9.933141132712056676e-01
9.953303294815105673e-01
9.969924526736252401e-01
9.982964766655050282e-01
9.992371936802362242e-01
9.997115337318185357e-01
1.000000000000000000e+00
