1.000000000000000000e+00
1.000000000000000000e+00
1.000000000000000222e+00
1.000000000000076161e+00
9.999999999566514530e-01
9.999999929374135954e-01
9.999996359353890973e-01
9.999907169889943326e-01
9.998607211403794937e-01
9.986887407012514650e-01
9.922401262892018847e-01
9.714241941512744560e-01
9.324756138321216303e-01
8.889684911106544574e-01
8.606454426709387873e-01
8.570310928538618089e-01
8.758925170410294392e-01
9.094579439695442691e-01
9.497956419927422456e-01
9.911655264525434106e-01
1.030215002328946694e+00
1.065343933219960348e+00
1.096015249860088137e+00
1.122259222247104615e+00
1.144373510709557618e+00
1.162758711580250459e+00
1.177834594199962615e+00
1.190000713061019511e+00
1.199620189768165757e+00
1.207015067431368882e+00
1.212467127292891522e+00
1.216221049692337353e+00
1.218488380026266249e+00
1.219451640698770989e+00
1.219268624529859402e+00
1.218075967795178904e+00
1.215991667472273052e+00
1.213117370933533889e+00
1.210783662892960244e+00
1.209214919915199360e+00
1.207377522335252085e+00
1.205052201208615337e+00
1.202188591703227560e+00
1.198843937335279497e+00
1.195092114185857035e+00
1.190995135801520499e+00
1.186605376681635127e+00
1.181967258341695581e+00
1.177118553308175386e+00
1.172091474739243910e+00
1.166913620318323686e+00
1.161608713989970010e+00
1.156197165154106310e+00
1.150696580659001489e+00
1.145122216295718864e+00
1.139487308071650551e+00
1.133803337713528814e+00
1.128080298537212700e+00
1.122326909588103216e+00
1.116550765121851807e+00
1.110758508603768790e+00
1.104955978534328143e+00
1.099148299154398600e+00
1.093339992719782661e+00
1.087535072379161916e+00
1.081737106399055959e+00
1.075949295736699618e+00
1.070174531541084662e+00
1.064415451634191045e+00
1.058674492483815177e+00
1.052953915427423448e+00
1.047255840406612792e+00
1.041582267367342052e+00
1.035935100324735014e+00
1.030316172368986649e+00
1.024727261783471510e+00
1.019170113524442645e+00
1.013646454912070949e+00
1.008158015045126588e+00
1.002706539998368340e+00
9.972938092058336590e-01
9.919216503159913323e-01
9.865919524782821304e-01
9.813066769559921632e-01
9.760678649169839405e-01
9.708776445927199683e-01
9.657382360328183868e-01
9.606519575746079731e-01
9.556212317363446118e-01
9.506485908794513051e-01
9.457366775978339746e-01
9.408882454837612652e-01
9.361061558634017343e-01
9.313933742145731332e-01
9.267529661549592790e-01
9.221880939443261038e-01
9.177020151584419638e-01
9.132980762344309333e-01
9.089797070325792427e-01
9.047504129276251472e-01
9.006137651736710881e-01
8.965733889831255521e-01
8.926329466635506416e-01
8.887961260260905938e-01
8.850666303472917162e-01
8.814481658157394817e-01
8.779444331961020476e-01
8.745591187711651004e-01
8.712958811124454916e-01
8.681583376848435174e-01
8.651500510509934072e-01
8.622745150525344959e-01
8.595351439158110951e-01
8.569352604227941095e-01
8.544780811112051566e-01
8.521667035884060715e-01
8.500040943264177695e-01
8.479930743928342229e-01
8.461363056204720401e-01
8.444362792614985569e-01
8.428953045032511193e-01
8.415154956075386883e-01
8.402987599047027079e-01
8.392467873303214310e-01
8.383610404657368953e-01
8.376427432481258206e-01
8.370928689110705978e-01
8.367121291466307342e-01
8.365009638570238826e-01
8.364595300539972023e-01
8.365876915046922546e-01
8.368850096200730615e-01
8.373507368555653807e-01
8.379838127862607733e-01
8.387828613011737433e-01
8.397461877890717297e-01
8.408717762544414276e-01
8.421572878426798470e-01
8.436000602857794961e-01
8.451971068968570089e-01
8.469451161299086372e-01
8.488404526476489576e-01
8.508791598511133980e-01
8.530569654758509701e-01
8.553692897619636915e-01
8.578112544875914347e-01
8.603776929948250274e-01
8.630631617306565584e-01
8.658619527136335314e-01
8.687681059576325415e-01
8.717754220725599801e-01
8.748774755405593906e-01
8.780676289061902784e-01
8.813390472693608535e-01
8.846847124034752374e-01
8.880974368757904580e-01
8.915698794047353104e-01
8.950945617797605447e-01
8.986638865997361725e-01
9.022701558360086693e-01
9.059055897212612285e-01
9.095623456221899605e-01
9.132325381865314951e-01
9.169082613231231971e-01
9.205816112786526784e-01
9.242447102275397341e-01
9.278897301436745959e-01
9.315089175484034811e-01
9.350946200010534781e-01
9.386393138596327290e-01
9.421356324387897274e-01
9.455763940975242532e-01
9.489546299991733491e-01
9.522636118736370614e-01
9.554968795967604400e-01
9.586482678727853424e-01
9.617119317575999471e-01
9.646823703485265522e-01
9.675544477589061998e-01
9.703234108725853346e-01
9.729849033071039655e-01
9.755349749964689066e-01
9.779700867967737743e-01
9.802871095651384259e-01
9.824833170860171050e-01
9.845563720947764219e-01
9.865043047980339708e-01
9.883254833673225104e-01
9.900185758635766664e-01
9.915825032586933485e-01
9.930163835780835280e-01
9.943194674717210635e-01
9.954910657546027775e-01
9.965304696763669368e-01
9.974368650396396863e-01
9.982092416720799166e-01
9.988462999958938049e-01
9.993463566738072235e-01
9.997072515203705434e-01
9.998893867305764793e-01
1.000000000000000000e+00
