1.000000000000000000e+00
1.000000000000000000e+00
1.000000000000068612e+00
1.000000000054882987e+00
1.000000009104856868e+00
1.000000531564912531e+00
1.000014518575638167e+00
1.000222564608792775e+00
1.002113226278882552e+00
1.012805566320748696e+00
1.048452298539848115e+00
1.109543963900130548e+00
1.141781864211566022e+00
1.091316125236774237e+00
9.800899042577428943e-01
8.662926775231148957e-01
7.902018990340158311e-01
7.642308788947165255e-01
7.818932302816323787e-01
8.286729278919153785e-01
8.900196926451647839e-01
9.551539450838104628e-01
1.017554335780234576e+00
1.073942769520481511e+00
1.123071714170905899e+00
1.164811566912513863e+00
1.199581846225256765e+00
1.228031678507764735e+00
1.250872717512757193e+00
1.268797615647991650e+00
1.282444069498735573e+00
1.292382210597329051e+00
1.299113470285350846e+00
1.303075009750245261e+00
1.304647941803483979e+00
1.304164709386843590e+00
1.301913722393122530e+00
1.298144121953466179e+00
1.294797252969215773e+00
1.292422250102341463e+00
1.289566190471294060e+00
1.285825298341187084e+00
1.281244791539337236e+00
1.275962594778217607e+00
1.270120480559132181e+00
1.263837602853444375e+00
1.257214540905611688e+00
1.250336262638258589e+00
1.243274364554103117e+00
1.236089054756787986e+00
1.228831014180187475e+00
1.221542824056983223e+00
1.214259960198028176e+00
1.207011817381952623e+00
1.199822670890273502e+00
1.192712310803361042e+00
1.185696531500925577e+00
1.178787712616223837e+00
1.171995272862074389e+00
1.165325932072130533e+00
1.158784119767319876e+00
1.152372315763025012e+00
1.146091208910845927e+00
1.139939970678805148e+00
1.133916477163465775e+00
1.128017438496336178e+00
1.122238599769723288e+00
1.116574877238391439e+00
1.111020504314124357e+00
1.105569171075517554e+00
1.100214069275494921e+00
1.094947976258927591e+00
1.089763295458522574e+00
1.084652114436406523e+00
1.079606272373181852e+00
1.074617396149334825e+00
1.069676963323857422e+00
1.064776345435573424e+00
1.059906871200419598e+00
1.055059875925221657e+00
1.050226760021362837e+00
1.045399044771741393e+00
1.040568425351744652e+00
1.035726815819980828e+00
1.030866385532747787e+00
1.025979596046342257e+00
1.021059230976343546e+00
1.016098436781013525e+00
1.011090764764763561e+00
1.006030215779571302e+00
1.000911264876121365e+00
9.957288911877943960e-01
9.904785927204563523e-01
9.851564030389595716e-01
9.797589090556190206e-01
9.742832747485604683e-01
9.687272785496737759e-01
9.630893301024004982e-01
9.573684951311746127e-01
9.515645115302807655e-01
9.456777999925489731e-01
9.397094657504015958e-01
9.336612777270766328e-01
9.275356752631392920e-01
9.213357842450279334e-01
9.150654222110571334e-01
9.087291262797385638e-01
9.023321787580829145e-01
8.958806119562773285e-01
8.893812119795454496e-01
8.828415196729615388e-01
8.762698302074405365e-01
8.696752067894443217e-01
8.630674873436688932e-01
8.564572721401787492e-01
8.498559193347329233e-01
8.432755389320654160e-01
8.367289701565769899e-01
8.302297552836541694e-01
8.237921211739962501e-01
8.174309529772062488e-01
8.111617520109610791e-01
8.050005899497851836e-01
7.989640630514879271e-01
7.930692398556888900e-01
7.873335907141331136e-01
7.817749017465278616e-01
7.764111850576669305e-01
7.712605812392557825e-01
7.663412450929764086e-01
7.616712245674540638e-01
7.572683364504785297e-01
7.531500477754076162e-01
7.493333650825514392e-01
7.458347226104420358e-01
7.426698629043747557e-01
7.398537103040321306e-01
7.374002481869333936e-01
7.353223980225699341e-01
7.336318922322050406e-01
7.323391489223204376e-01
7.314531562777020213e-01
7.309813678116217073e-01
7.309296210582217901e-01
7.313020778156144042e-01
7.321011752854292842e-01
7.333275898840155849e-01
7.349802181376299259e-01
7.370561710782508325e-01
7.395507755931394200e-01
7.424575843351193249e-01
7.457683976552926808e-01
7.494732990486635549e-01
7.535606993590661107e-01
7.580173843172068882e-01
7.628285674056377585e-01
7.679779561654132003e-01
7.734478334823509105e-01
7.792191476113560222e-01
7.852716100372553187e-01
7.915837966127700076e-01
7.981332485652758990e-01
8.048965818240477743e-01
8.118496079227552897e-01
8.189674604602951158e-01
8.262247223239708172e-01
8.335955515793679327e-01
8.410538100785287519e-01
8.485732009963983247e-01
8.561274120259695364e-01
8.636902582885584989e-01
8.712358221919409562e-01
8.787385892374635077e-01
8.861735832793640188e-01
8.935165012726449252e-01
9.007438439724493318e-01
9.078330425630037892e-01
9.147625784489969991e-01
9.215120921440079771e-01
9.280624800922794293e-01
9.343959779138855115e-01
9.404962285155257229e-01
9.463483334753424181e-01
9.519388864021740559e-01
9.572559862809848497e-01
9.622892276798403755e-01
9.670296654411300041e-01
9.714697515902123159e-01
9.756032414883526460e-01
9.794250670980346740e-01
9.829311770639544976e-01
9.861183445304955164e-01
9.889839444062888951e-01
9.915257024327234214e-01
9.937414200948867515e-01
9.956286813256458590e-01
9.971845478685621433e-01
9.984052511726327905e-01
9.992858896733108898e-01
9.997299622133004604e-01
1.000000000000000000e+00
