1.000000000000000000e+00
1.000000000000000000e+00
1.000000000000041078e+00
1.000000000042823523e+00
1.000000007096322863e+00
1.000000413651032982e+00
1.000011273406580248e+00
1.000172290329522040e+00
1.001628799858010899e+00
1.009808001342937800e+00
1.036745840235246297e+00
1.081578156652037714e+00
1.100928913448088631e+00
1.053150881870048128e+00
9.575699869852956070e-01
8.629270402096305137e-01
8.027525681755874887e-01
7.865747622235060854e-01
8.077719979387486537e-01
8.532958987357897040e-01
9.105507573396302012e-01
9.704063051283576824e-01
1.027411966970414037e+00
1.078856069365766945e+00
1.123727619039803560e+00
1.161951175215250043e+00
1.193912029182341961e+00
1.220188639239609074e+00
1.241411725305197500e+00
1.258194855094315834e+00
1.271103453213402013e+00
1.280643707926125030e+00
1.287261384937518516e+00
1.291345511273916058e+00
1.293235349536179468e+00
1.293226765664867717e+00
1.291576369127932944e+00
1.288505756628175236e+00
1.285918717367676933e+00
1.284316083878285220e+00
1.282250619494814448e+00
1.279335955583619899e+00
1.275601356368761596e+00
1.271171176504738431e+00
1.266175700308180607e+00
1.260724362772676965e+00
1.254909499768893877e+00
1.248809120616397816e+00
1.242489017578614741e+00
1.236004612507930256e+00
1.229402663108474680e+00
1.222722579362629958e+00
1.215997357126546330e+00
1.209254516549338687e+00
1.202516972319013000e+00
1.195803620549498403e+00
1.189129795448366167e+00
1.182507792621876108e+00
1.175947280193211375e+00
1.169455545720260226e+00
1.163037858945689784e+00
1.156697774318786731e+00
1.150437280126380246e+00
1.144257039382429175e+00
1.138156585792738706e+00
1.132134441401041913e+00
1.126188291466014402e+00
1.120315104625576152e+00
1.114511259947721822e+00
1.108772667678737944e+00
1.103094811413914522e+00
1.097472821659529085e+00
1.091901513154347469e+00
1.086375436203991907e+00
1.080888935457654743e+00
1.075436182578990874e+00
1.070011230833426419e+00
1.064608053331062232e+00
1.059220597499054062e+00
1.053842828128349840e+00
1.048468777817768371e+00
1.043092595101795306e+00
1.037708590261999353e+00
1.032311274500714360e+00
1.026895392021172526e+00
1.021455952465488926e+00
1.015988257510131998e+00
1.010487936354594662e+00
1.004950982107360336e+00
9.993737902621250280e-01
9.937531805962460663e-01
9.880864231938271125e-01
9.823712519267068233e-01
9.766058792757666973e-01
9.707890118238438060e-01
9.649198703110040132e-01
9.589982205428989603e-01
9.530243870667530759e-01
9.469992730745813159e-01
9.409243727059083406e-01
9.348017784260597152e-01
9.286341806796277742e-01
9.224248486472975683e-01
9.161776329348166881e-01
9.098969753269978700e-01
9.035879089380700613e-01
8.972560762245213040e-01
8.909077443760974324e-01
8.845498030891322250e-01
8.781897607775899228e-01
8.718357377414648335e-01
8.654964574919526976e-01
8.591812487280787725e-01
8.529000408745235351e-01
8.466633435310613187e-01
8.404822316356723721e-01
8.343683287341980837e-01
8.283337763608894511e-01
8.223912001398959726e-01
8.165536817031658900e-01
8.108347240737326933e-01
8.052482042697168829e-01
7.998083230165257129e-01
7.945295546869670655e-01
7.894265924005419155e-01
7.845142792264481191e-01
7.798075278122702514e-01
7.753212380623309974e-01
7.710702099174919777e-01
7.670690442772570838e-01
7.633320401918649578e-01
7.598730912921041192e-01
7.567055886300066980e-01
7.538423316803234409e-01
7.512954405220991783e-01
7.490762641513136755e-01
7.471952853335899203e-01
7.456620305114957103e-01
7.444849831746552793e-01
7.436714943544562306e-01
7.432276964252199081e-01
7.431584261037873507e-01
7.434671573435375214e-01
7.441559536263904207e-01
7.452254378697584780e-01
7.466747713836703326e-01
7.485016429854449704e-01
7.507022714157868259e-01
7.532714180254640457e-01
7.562024044486318486e-01
7.594871363128485875e-01
7.631161354831205168e-01
7.670785818365792874e-01
7.713623607905518709e-01
7.759541123355404579e-01
7.808392830713234423e-01
7.860021874675228171e-01
7.914260795336338639e-01
7.970932301390197816e-01
8.029850093574071312e-01
8.090819704275675761e-01
8.153639328236069739e-01
8.218100710317447488e-01
8.283990116434438722e-01
8.351089342697695095e-01
8.419176727203575572e-01
8.488028149538161538e-01
8.557418050028766654e-01
8.627120517125665966e-01
8.696910418498864370e-01
8.766564530767312347e-01
8.835862646882273186e-01
8.904588653475986604e-01
8.972531604690622276e-01
9.039486792178913488e-01
9.105256783339888971e-01
9.169652426501313514e-01
9.232493800484936619e-01
9.293611075821165413e-01
9.352845276883994252e-01
9.410048931390980753e-01
9.465086593215267241e-01
9.517835224117526804e-01
9.568184422221698293e-01
9.616036479840773810e-01
9.661306244703687929e-01
9.703920764584600400e-01
9.743818696510951893e-01
9.780949456760177352e-01
9.815272094829536886e-01
9.846753889226776968e-01
9.875368672944609960e-01
9.901094903290131866e-01
9.923913496494098929e-01
9.943805461198503837e-01
9.960749380328566271e-01
9.974718798579002010e-01
9.985679581075946887e-01
9.993587316771311846e-01
9.997575288155508000e-01
1.000000000000000000e+00
