1.000000000000000000e+00
1.000000000000000000e+00
1.000000000000026423e+00
1.000000000012599255e+00
1.000000002046170122e+00
1.000000115887565988e+00
1.000003030228734602e+00
1.000043537019014162e+00
1.000373288312238929e+00
1.001897957026554709e+00
1.005006228551181380e+00
1.002687157374415383e+00
9.791330838885207166e-01
9.311674845117756671e-01
8.784966770019406734e-01
8.439577114932961255e-01
8.377700163880695827e-01
8.576005266528965443e-01
8.949917391544266465e-01
9.410075065397717209e-01
9.889384195248827059e-01
1.034695857679357012e+00
1.076208008927053594e+00
1.112679040042395151e+00
1.144025489561211861e+00
1.170520125104583142e+00
1.192588531727295287e+00
1.210700712264787482e+00
1.225316990804505846e+00
1.236863422975900795e+00
1.245722624799988854e+00
1.252232342012559840e+00
1.256687688969281513e+00
1.259345062428014028e+00
1.260427260677524641e+00
1.260127961786129624e+00
1.258614807102765631e+00
1.256032372779426920e+00
1.254196721807055326e+00
1.253299619628220229e+00
1.251908578560579466e+00
1.249843205267984425e+00
1.247085804632344752e+00
1.243721023041255203e+00
1.239845691700914410e+00
1.235541076880967815e+00
1.230875748094157007e+00
1.225907736490127631e+00
1.220686196575380800e+00
1.215252818233349741e+00
1.209643079081063499e+00
1.203887222812085822e+00
1.198010981615886594e+00
1.192036259986231306e+00
1.185981749239708449e+00
1.179863364893935174e+00
1.173694593614498016e+00
1.167486858141974171e+00
1.161249808491918278e+00
1.154991514579575274e+00
1.148718710479749161e+00
1.142436998783595836e+00
1.136150967339143891e+00
1.129864348825806664e+00
1.123580151971057095e+00
1.117300747637912872e+00
1.111027981658115227e+00
1.104763256135408378e+00
1.098507611896786695e+00
1.092261805592787072e+00
1.086026344033726776e+00
1.079801533476606901e+00
1.073587508857087869e+00
1.067384269220578608e+00
1.061191716116218320e+00
1.055009677600155404e+00
1.048837942863187989e+00
1.042676287717241523e+00
1.036524507798341599e+00
1.030382445275027647e+00
1.024250018730533451e+00
1.018127251272504363e+00
1.012014296827905779e+00
1.005911462485192143e+00
9.998192266163987707e-01
9.937382566252672689e-01
9.876694231136254887e-01
9.816138179291791221e-01
9.755727719531589459e-01
9.695478732074097605e-01
9.635409758886379628e-01
9.575542107083280241e-01
9.515899882233758156e-01
9.456510020397109750e-01
9.397402315677799711e-01
9.338609461424461911e-01
9.280167135766009823e-01
9.222113992656401082e-01
9.164491673886242529e-01
9.107344774421647360e-01
9.050720774214329190e-01
8.994669923786811072e-01
8.939245030449928242e-01
8.884501342280570757e-01
8.830496457618755013e-01
8.777290180106754880e-01
8.724944450517834182e-01
8.673523257840645151e-01
8.623092459894466932e-01
8.573719591020689812e-01
8.525473651106473261e-01
8.478424882671679041e-01
8.432644594896400170e-01
8.388204956450836525e-01
8.345178714808574316e-01
8.303638944366144026e-01
8.263658790051207070e-01
8.225311153974784739e-01
8.188668375894785356e-01
8.153801950091880135e-01
8.120782224956597517e-01
8.089678059783470543e-01
8.060556485366483503e-01
8.033482383780246039e-01
8.008518166634682744e-01
7.985723414093957029e-01
7.965154487125454263e-01
7.946864156262315460e-01
7.930901234994939264e-01
7.917310188601326404e-01
7.906130753894111685e-01
7.897397582259890747e-01
7.891139935257326377e-01
7.887381438378938681e-01
7.886139861478358437e-01
7.887426903014339574e-01
7.891247978046994627e-01
7.897602043231759517e-01
7.906481449440005971e-01
7.917871793133062219e-01
7.931751789296798139e-01
7.948093187116156422e-01
7.966860727929360175e-01
7.988012180891400638e-01
8.011498445752813780e-01
8.037263685150771719e-01
8.065245488729416712e-01
8.095375079881169667e-01
8.127577551341277351e-01
8.161772107349388738e-01
8.197872316050571762e-01
8.235786381881508023e-01
8.275417441932874096e-01
8.316663871550775688e-01
8.359419582956798545e-01
8.403574323878292285e-01
8.449014002100814213e-01
8.495621041901635362e-01
8.543274754850582742e-01
8.591851724052549377e-01
8.641226189917481371e-01
8.691270429130454334e-01
8.741855154541874340e-01
8.792849947746229633e-01
8.844123707819814273e-01
8.895545103260574793e-01
8.946983022143877307e-01
8.998307033872151584e-01
9.049387882095669688e-01
9.100097999234664226e-01
9.150312024525159016e-01
9.199907316716854355e-01
9.248764457459125454e-01
9.296767754600465672e-01
9.343805743622619620e-01
9.389771674118075895e-01
9.434563978421077746e-01
9.478086710729147768e-01
9.520249940722883553e-01
9.560970094146395981e-01
9.600170231483142746e-01
9.637780255525804085e-01
9.673737038446722503e-01
9.707984459892011753e-01
9.740473345710706221e-01
9.771161293836795325e-01
9.800012376629542166e-01
9.826996710028904625e-01
9.852089878670613476e-01
9.875272209767872456e-01
9.896527895393459895e-01
9.915843967899953260e-01
9.933209137144204393e-01
9.948612501750506709e-01
9.962042153338001027e-01
9.973483699955907333e-01
9.982918739160224764e-01
9.990323315434717077e-01
9.995666400576541655e-01
9.998362048534638058e-01
1.000000000000000000e+00
