1.000000000000000000e+00
1.000000000000000000e+00
1.000000000000041078e+00
1.000000000032087888e+00
1.000000005304656714e+00
1.000000308177796615e+00
1.000008359720069295e+00
1.000126915317196108e+00
1.001188266055792697e+00
1.007051089017195755e+00
1.025796086268775165e+00
1.054765625409588958e+00
1.060362575259392148e+00
1.013415720921250207e+00
9.322686258276586813e-01
8.568629239339806691e-01
8.135910348024313343e-01
8.085332630338050164e-01
8.345687893960463954e-01
8.799455275797281040e-01
9.339564170707560509e-01
9.891139098092379678e-01
1.041068835301168560e+00
1.087723200899843867e+00
1.128350207438027386e+00
1.162968495451420559e+00
1.191959431339426612e+00
1.215852625960277544e+00
1.235213193818172517e+00
1.250586323095655983e+00
1.262472703739385693e+00
1.271319989556269237e+00
1.277522270750350408e+00
1.281423494065597524e+00
1.283323561976410510e+00
1.283483912173225772e+00
1.282131236969774157e+00
1.279461258429951620e+00
1.277355420304445488e+00
1.276237223651114805e+00
1.274655297384104102e+00
1.272267687545511894e+00
1.269088614124793013e+00
1.265229680667974588e+00
1.260810411450240753e+00
1.255931169156032201e+00
1.250676624716113849e+00
1.245118340426564885e+00
1.239316744922828173e+00
1.233322844735979196e+00
1.227179783881469088e+00
1.220924052860434816e+00
1.214586358830844093e+00
1.208192482032047543e+00
1.201764061560748109e+00
1.195319135415239487e+00
1.188872563625683831e+00
1.182436498805612191e+00
1.176020757759111968e+00
1.169633052349457136e+00
1.163279311729738419e+00
1.156963951288172643e+00
1.150690012064621737e+00
1.144459373415918524e+00
1.138272926558013154e+00
1.132130681800744165e+00
1.126031921521827517e+00
1.119975306831688444e+00
1.113958988877124412e+00
1.107980714097801966e+00
1.102037864066813588e+00
1.096127520599255778e+00
1.090246500563597509e+00
1.084391401811616529e+00
1.078558654899872904e+00
1.072744553047491056e+00
1.066945299875437625e+00
1.061157043499303843e+00
1.055375923766625368e+00
1.049598109943943092e+00
1.043819844312897205e+00
1.038037483719482790e+00
1.032247539065784592e+00
1.026446709223078457e+00
1.020631908980454305e+00
1.014800297150068475e+00
1.008949299727201598e+00
1.003076640163671929e+00
9.971803701711343670e-01
9.912589020141621132e-01
9.853110270208977894e-01
9.793359372130286955e-01
9.733332364416732441e-01
9.673029523302347776e-01
9.612455484694044650e-01
9.551619399773059182e-01
9.490535175163083981e-01
9.429221568733553438e-01
9.367702331714233832e-01
9.306006284559412700e-01
9.244167348101721693e-01
9.182224507410285952e-01
9.120221617952570803e-01
9.058207384531462569e-01
8.996235392135004671e-01
8.934364053620098556e-01
8.872656695852741970e-01
8.811181618660904880e-01
8.750012005982650276e-01
8.689225819011835439e-01
8.628905659703423048e-01
8.569138614526157216e-01
8.510016178813361032e-01
8.451634124998166353e-01
8.394092238325119304e-01
8.337494095254084359e-01
8.281946824411882124e-01
8.227560755421162719e-01
8.174449041467973798e-01
8.122727328835143146e-01
8.072513376311719613e-01
8.023926576390075782e-01
7.977087458259013442e-01
7.932117198495003407e-01
7.889137100733929486e-01
7.848267974504663513e-01
7.809629433422403677e-01
7.773339189977466201e-01
7.739512325008184312e-01
7.708260478513756508e-01
7.679691026702593071e-01
7.653906269200237977e-01
7.631002682613455823e-01
7.611070253874053781e-01
7.594191838514147141e-01
7.580442504316829977e-01
7.569888863108032995e-01
7.562588455997638626e-01
7.558589178500596528e-01
7.557928695179029210e-01
7.560633890201022833e-01
7.566720397556958577e-01
7.576192214203983921e-01
7.589041467108489369e-01
7.605248318055700674e-01
7.624780938153713494e-01
7.647595558702393603e-01
7.673636620815056375e-01
7.702836998961718473e-01
7.735118256658366498e-01
7.770390941389565542e-01
7.808554937102911708e-01
7.849499881300642246e-01
7.893105617509194039e-01
7.939242650619225961e-01
7.987772616741998233e-01
8.038548815403354642e-01
8.091416813553471421e-01
8.146215085682639856e-01
8.202775686047395487e-01
8.260924927901238668e-01
8.320484051569794204e-01
8.381269932603268025e-01
8.443095850801107805e-01
8.505772286734093468e-01
8.569107719501575238e-01
8.632909415093785732e-01
8.696984230375135461e-01
8.761139470002422547e-01
8.825183777987948286e-01
8.888928029711657963e-01
8.952186208356900377e-01
9.014776259662985458e-01
9.076520944725268158e-01
9.137248689932727652e-01
9.196794411889162024e-01
9.255000315249632958e-01
9.311716645007450666e-01
9.366802366848548944e-01
9.420125765787060734e-01
9.471564951016667733e-01
9.521008254440698204e-01
9.568354510036438665e-01
9.613513202897306931e-01
9.656404472885299350e-01
9.696958951448928499e-01
9.735117414898389887e-01
9.770830238613542607e-01
9.804056633259331521e-01
9.834763649850394307e-01
9.862924952192688721e-01
9.888519363442228594e-01
9.911529199344260022e-01
9.931938405771238987e-01
9.949730529256668454e-01
9.964886561591963510e-01
9.977382706031259207e-01
9.987188119505686634e-01
9.994262691734783211e-01
9.997830880678882925e-01
1.000000000000000000e+00
