1.000000000000000000e+00
1.000000000000000000e+00
1.000000000000041078e+00
1.000000000020718094e+00
1.000000003404130089e+00
1.000000196060035984e+00
1.000005253640602110e+00
1.000078351935933307e+00
1.000714041978118640e+00
1.004057252308065973e+00
1.013747659440448867e+00
1.024692643623609012e+00
1.013658989492031592e+00
9.662301656640809311e-01
9.011495354599680097e-01
8.486083618172162168e-01
8.260940912259057134e-01
8.350746210954947957e-01
8.676301729065943880e-01
9.135115693669775272e-01
9.642287525150480265e-01
1.014212778791853342e+00
1.060409998266996112e+00
1.101463337773612938e+00
1.137009469829196373e+00
1.167207680950176130e+00
1.192460568532196508e+00
1.213260620845843185e+00
1.230111011908366470e+00
1.243487625251212592e+00
1.253823066557007371e+00
1.261501991872126860e+00
1.266862007428761316e+00
1.270197258852239663e+00
1.271763884916967013e+00
1.271784914682310363e+00
1.270453599450574567e+00
1.267936714092691153e+00
1.266090691336674956e+00
1.265218505619373657e+00
1.263867081827575456e+00
1.261775112850139102e+00
1.258939356047365621e+00
1.255456647209628240e+00
1.251434068936360555e+00
1.246961508503126481e+00
1.242114800434822364e+00
1.236958081209420746e+00
1.231545597294420702e+00
1.225923254709974541e+00
1.220130009640466584e+00
1.214198951377368774e+00
1.208158093436420666e+00
1.202031135037845422e+00
1.195838151667241389e+00
1.189596079242959847e+00
1.183319096170073692e+00
1.177019034960399946e+00
1.170705709197298772e+00
1.164387124065342061e+00
1.158069754620921099e+00
1.151758778342542033e+00
1.145458202482499521e+00
1.139171046657099451e+00
1.132899492467709601e+00
1.126644979097098709e+00
1.120408333419831370e+00
1.114189862382089613e+00
1.107989447917822501e+00
1.101806636181191568e+00
1.095640674593569397e+00
1.089490568095400125e+00
1.083355111081838684e+00
1.077232927572723709e+00
1.071122515519538076e+00
1.065022273671590858e+00
1.058930542048067691e+00
1.052845631416775118e+00
1.046765862762667032e+00
1.040689599016590750e+00
1.034615281118409058e+00
1.028541462219293212e+00
1.022466839994368160e+00
1.016390284351805784e+00
1.010310860220385631e+00
1.004227850203709860e+00
9.981407731038992592e-01
9.920494076828072494e-01
9.859538165003797205e-01
9.798543705621832745e-01
9.737517629354699444e-01
9.676470244147936661e-01
9.615415307149158819e-01
9.554370099000246697e-01
9.493355496232035451e-01
9.432396065177731659e-01
9.371520216387332347e-01
9.310760243210779441e-01
9.250152391108350525e-01
9.189736871306467547e-01
9.129557835309362046e-01
9.069663293383412039e-01
9.010104908353193665e-01
8.950937916946140049e-01
8.892221086176858025e-01
8.834016601874780106e-01
8.776390057859696503e-01
8.719410419962506653e-01
8.663149874097513248e-01
8.607683657490440288e-01
8.553089864866922909e-01
8.499449237625630316e-01
8.446845011936999770e-01
8.395362723555549467e-01
8.345089913132447412e-01
8.296115864433335485e-01
8.248531331269541855e-01
8.202428183598662326e-01
8.157899038212228504e-01
8.115036929375216701e-01
8.073934948266410228e-01
8.034685816858009311e-01
7.997381456862113769e-01
7.962112573769896118e-01
7.928968228334065671e-01
7.898035345181757538e-01
7.869398174650610311e-01
7.843137765320157273e-01
7.819331431679487077e-01
7.798052178353004349e-01
7.779368128595832710e-01
7.763341974347303109e-01
7.750030488096913972e-01
7.739484105366719602e-01
7.731746536922651236e-01
7.726854381160316310e-01
7.724836737683076215e-01
7.725714868011595016e-01
7.729501892135571817e-01
7.736202483185372625e-01
7.745812592128845653e-01
7.758319232272548049e-01
7.773700324131375128e-01
7.791924649722787866e-01
7.812951902959800465e-01
7.836732785950883962e-01
7.863209154814055912e-01
7.892314229972277051e-01
7.923972852401178768e-01
7.958101755515367692e-01
7.994609857459074043e-01
8.033398586723772272e-01
8.074362246105197816e-01
8.117388394429916332e-01
8.162358223353317621e-01
8.209146938049420861e-01
8.257624176356219703e-01
8.307654473770094139e-01
8.359097749701567270e-01
8.411809812983750412e-01
8.465642869682243887e-01
8.520446021182181973e-01
8.576065789689685248e-01
8.632346686634149169e-01
8.689131800993096233e-01
8.746263389525024134e-01
8.803583461867108273e-01
8.860934378589706562e-01
8.918159488871814089e-01
8.975103794902586918e-01
9.031614618679237871e-01
9.087542259572948256e-01
9.142740637881325849e-01
9.197067937711862484e-01
9.250387247722995365e-01
9.302567183008747520e-01
9.353482485466017016e-01
9.403014588189535505e-01
9.451052123675771632e-01
9.497491367244650373e-01
9.542236605366245517e-01
9.585200418174641968e-01
9.626303865202375798e-01
9.665476564583302954e-01
9.702656653277479393e-01
9.737790611499768101e-01
9.770832938107134602e-01
9.801745664832590688e-01
9.830497695224383881e-01
9.857063958689502581e-01
9.881424378835450550e-01
9.903562661697176139e-01
9.923464914185532448e-01
9.941118107326915032e-01
9.956508407359661028e-01
9.969619407132509492e-01
9.980430295413188491e-01
9.988914007064779721e-01
9.995035402022861559e-01
9.998123295008115585e-01
1.000000000000000000e+00
