1.000000000000000000e+00
1.000000000000000000e+00
1.000000000000013101e+00
1.000000000007197576e+00
1.000000001143174222e+00
1.000000062618702668e+00
1.000001554543474391e+00
1.000020463916476032e+00
1.000147887533304525e+00
1.000473089694125406e+00
9.992565477479329328e-01
9.882855195833889494e-01
9.567655921277280484e-01
9.090766753964742986e-01
8.655548110426672936e-01
8.438020405384325517e-01
8.488024686856948664e-01
8.756214814520122403e-01
9.156443435873786729e-01
9.610334094745762723e-01
1.006394410079878732e+00
1.048673487285739059e+00
1.086463586108321611e+00
1.119341088068608991e+00
1.147404681675488591e+00
1.170998395881187593e+00
1.190559109773590807e+00
1.206538077104949869e+00
1.219363500317782290e+00
1.229424859100003431e+00
1.237068307261730560e+00
1.242597429829433997e+00
1.246276392604904970e+00
1.248334077690770982e+00
1.248968970366411080e+00
1.248353343844864405e+00
1.246636164018897652e+00
1.243945824494461894e+00
1.241954627009066670e+00
1.240861101661628219e+00
1.239345815511393445e+00
1.237215048675209372e+00
1.234439854962458449e+00
1.231095406307938678e+00
1.227270573622034622e+00
1.223039932287514064e+00
1.218466414668937459e+00
1.213603312105879795e+00
1.208495818891355267e+00
1.203182335694092941e+00
1.197695615203410613e+00
1.192063659081684657e+00
1.186310385513318799e+00
1.180456253113812970e+00
1.174518817665448633e+00
1.168513132893446382e+00
1.162452069607116778e+00
1.156346645278629737e+00
1.150206287948312145e+00
1.144039014365501927e+00
1.137851648827289175e+00
1.131650006409726128e+00
1.125439001041813825e+00
1.119222787920485906e+00
1.113004880913176509e+00
1.106788231140731771e+00
1.100575326967693224e+00
1.094368266853672722e+00
1.088168832432503619e+00
1.081978556509593625e+00
1.075798754897770326e+00
1.069630570253141455e+00
1.063474998841990260e+00
1.057332922091848371e+00
1.051205140286761264e+00
1.045092393998377611e+00
1.038995394054889276e+00
1.032914843654849646e+00
1.026851466603553753e+00
1.020806029916812463e+00
1.014779368783264468e+00
1.008772409812322080e+00
1.002786192519813380e+00
9.968218873177490114e-01
9.908808097813327498e-01
9.849644343863425133e-01
9.790744050661998044e-01
9.732125487308258549e-01
9.673808883249223056e-01
9.615816559072939418e-01
9.558172980708715682e-01
9.500904822104856429e-01
9.444040968656267632e-01
9.387612517614061236e-01
9.331652773076996032e-01
9.276197250159288199e-01
9.221283713390842074e-01
9.166952136624291203e-01
9.113244678456361436e-01
9.060205618576427922e-01
9.007881265939893245e-01
8.956319828989767196e-01
8.905571205499541731e-01
8.855686851248703029e-01
8.806719669333511469e-01
8.758723855942097680e-01
8.711754808281898521e-01
8.665869016541705161e-01
8.621123884514174662e-01
8.577577541543279782e-01
8.535288641610340177e-01
8.494316155278103242e-01
8.454719201632840964e-01
8.416556858288798404e-01
8.379887916299295636e-01
8.344770661627609609e-01
8.311262656965495710e-01
8.279420482682142701e-01
8.249299477416857096e-01
8.220953512026683008e-01
8.194434754589240422e-01
8.169793406516328016e-01
8.147077446580159865e-01
8.126332394825431793e-01
8.107601079974241509e-01
8.090923380672955245e-01
8.076335950290959298e-01
8.063871958890457270e-01
8.053560842731705138e-01
8.045428038172167673e-01
8.039494727251906836e-01
8.035777604097147364e-01
8.034288684288427573e-01
8.035035160879405725e-01
8.038019281945687489e-01
8.043238231409333139e-01
8.050684012607932649e-01
8.060343359878877623e-01
8.072197670395587776e-01
8.086222933490340159e-01
8.102389674734241654e-01
8.120662930784205980e-01
8.141002254303888463e-01
8.163361776017343807e-01
8.187690315490719906e-01
8.213931511524295015e-01
8.242023973939689441e-01
8.271901465133254527e-01
8.303493100908336810e-01
8.336723553614053817e-01
8.371513260664865674e-01
8.407778646218498908e-01
8.445432359383074905e-01
8.484383517941969099e-01
8.524537945468217970e-01
8.565798407565389239e-01
8.608064867517343233e-01
8.651234766274941146e-01
8.695203313648649512e-01
8.739863790319907233e-01
8.785107851808361401e-01
8.830825828259875054e-01
8.876907041605901494e-01
8.923240149339349836e-01
8.969713502344871525e-01
9.016215506916085420e-01
9.062634987164686073e-01
9.108861558093243049e-01
9.154786024312112636e-01
9.200300796892254551e-01
9.245300314226292393e-01
9.289681459773213579e-01
9.333343973260821436e-01
9.376190861989709413e-01
9.418128810337291767e-01
9.459068576777364123e-01
9.498925375504889690e-01
9.537619232933041147e-01
9.575075305938074433e-01
9.611224155181291584e-01
9.646001965778643328e-01
9.679350707309922752e-01
9.711218225011943872e-01
9.741558254729221211e-01
9.770330352777527594e-01
9.797499729582132000e-01
9.823036978216411752e-01
9.846917689931522499e-01
9.869121948030787905e-01
9.889633694488968452e-01
9.908439969225180111e-01
9.925530026146957008e-01
9.940894333407505057e-01
9.954523468377329820e-01
9.966406923286922348e-01
9.976531843419466083e-01
9.984881723225724759e-01
9.991435089247643342e-01
9.996164201929068627e-01
9.998550367370977465e-01
1.000000000000000000e+00
