1.000000000000000000e+00
1.000000000000000000e+00
1.000000000000041078e+00
1.000000000033556935e+00
1.000000005550112148e+00
1.000000322642196737e+00
1.000008759850046225e+00
1.000133158536111289e+00
1.001249048642161688e+00
1.007433062619701225e+00
1.027322662766142480e+00
1.058537667247914538e+00
1.066141287345415911e+00
1.019165760644406671e+00
9.360092532532582332e-01
8.578397040181869881e-01
8.120961806172148911e-01
8.053832423284267295e-01
8.306672163165205180e-01
8.760155550525338120e-01
9.304526451136917453e-01
9.862563473844909723e-01
1.038919061249422571e+00
1.086253196751460370e+00
1.127489203936744566e+00
1.162630349877709302e+00
1.192057017936769991e+00
1.216304643429049648e+00
1.235946880848144191e+00
1.251538095929995764e+00
1.263587807550893283e+00
1.272551732062180641e+00
1.278831123948162229e+00
1.282776207038460514e+00
1.284692378023934989e+00
1.284845885720801384e+00
1.283467605322160754e+00
1.280756876785826837e+00
1.278598267738933369e+00
1.277427458143518546e+00
1.275793556233305148e+00
1.273347166723809654e+00
1.270104629876648294e+00
1.266179344637158311e+00
1.261692349189160955e+00
1.256745281722428720e+00
1.251423889862097072e+00
1.245800640917394286e+00
1.239936716369154812e+00
1.233883742749549928e+00
1.227685371869255082e+00
1.221378505055436436e+00
1.214994172558182317e+00
1.208558401544219008e+00
1.202093013658363851e+00
1.195616171762136304e+00
1.189142807912094701e+00
1.182685101243272197e+00
1.176252855092685179e+00
1.169853730220675736e+00
1.163493572602386283e+00
1.157176686977621216e+00
1.150905977674529401e+00
1.144683165115937706e+00
1.138508962412162262e+00
1.132383184034958523e+00
1.126304901743894415e+00
1.120272553076867128e+00
1.114284054770342758e+00
1.108336910092581951e+00
1.102428249007483485e+00
1.096554894417172354e+00
1.090713397315184352e+00
1.084900083442420504e+00
1.079111105954293270e+00
1.073342475747955937e+00
1.067590110122989877e+00
1.061849867439383699e+00
1.056117595334112425e+00
1.050389169141735968e+00
1.044660536426829323e+00
1.038927759438490028e+00
1.033187055478151040e+00
1.027434831552809014e+00
1.021667712918687076e+00
1.015882571813518265e+00
1.010076551129313716e+00
1.004247095440998105e+00
9.983919826191927083e-01
9.925093570178586955e-01
9.865977485110174472e-01
9.806560947871061362e-01
9.746837528793720340e-01
9.686805115775454222e-01
9.626466041501363646e-01
9.565827245937398304e-01
9.504900526603469180e-01
9.443702640750504251e-01
9.382255455974963798e-01
9.320586033262908687e-01
9.258726664689781449e-01
9.196714842454509764e-01
9.134593065987081095e-01
9.072408827985345425e-01
9.010214654788514244e-01
8.948068061769662851e-01
8.886031652437867967e-01
8.824173190351142226e-01
8.762565519287319749e-01
8.701286465565842843e-01
8.640418710443367178e-01
8.580049642735370075e-01
8.520271295278256662e-01
8.461180223941610068e-01
8.402877250094002992e-01
8.345467247436149094e-01
8.289058910926234702e-01
8.233764409757748926e-01
8.179699012951232584e-01
8.126980763149568299e-01
8.075730098022745329e-01
8.026069369305167678e-01
7.978122342008315826e-01
7.932013700441311599e-01
7.887868520767965519e-01
7.845811637577790876e-01
7.805966925126104350e-01
7.768456573051885083e-01
7.733400333718211117e-01
7.700914685746327315e-01
7.671111980870748415e-01
7.644099598860488731e-01
7.619979168804901226e-01
7.598845870770303268e-01
7.580787761049075923e-01
7.565885080049646882e-01
7.554209545805555814e-01
7.545823701045234477e-01
7.540780299956710842e-01
7.539121682585353534e-01
7.540879185278274166e-01
7.546072632884577303e-01
7.554709916429169780e-01
7.566786730328149968e-01
7.582286452731999971e-01
7.601180098565553100e-01
7.623426352449428345e-01
7.648971705006729627e-01
7.677750666944818114e-01
7.709686017634905797e-01
7.744689095666236200e-01
7.782660150524454146e-01
7.823488762753164627e-01
7.867054302226211826e-01
7.913226390694882983e-01
7.961865380665575920e-01
8.012822900278603333e-01
8.065942473960256986e-01
8.121060181590442628e-01
8.178005351899585440e-01
8.236601263834002484e-01
8.296665836849005382e-01
8.358012363289691882e-01
8.420450304360098670e-01
8.483786114827633895e-01
8.547824069018715720e-01
8.612367076942539779e-01
8.677217516490055571e-01
8.742178120475563308e-01
8.807052899456444539e-01
8.871648064742201356e-01
8.935772934939987255e-01
8.999240819735028207e-01
9.061869901520829274e-01
9.123484114049036364e-01
9.183913995195053248e-01
9.242997511866564153e-01
9.300580838050372945e-01
9.356519058780146114e-01
9.410676790100687139e-01
9.462928702751710608e-01
9.513159936816615314e-01
9.561266394268518320e-01
9.607154898101042395e-01
9.650743202651007602e-01
9.691959833062036012e-01
9.730743736733328264e-01
9.767043730783691036e-01
9.800817725961776805e-01
9.832031713362188174e-01
9.860658512385231944e-01
9.886676286830785587e-01
9.910066841976251650e-01
9.930813720642972520e-01
9.948900127679071170e-01
9.964306725058703629e-01
9.977009346445064875e-01
9.986976687119247797e-01
9.994168031864172352e-01
9.997795057351699377e-01
1.000000000000000000e+00
