1.000000000000000000e+00
1.000000000000000000e+00
1.000000000000049738e+00
1.000000000048530957e+00
1.000000008047467803e+00
1.000000469534009007e+00
1.000012813061806671e+00
1.000196178800340618e+00
1.001859484865102790e+00
1.011240103487854203e+00
1.042365849760353624e+00
1.095099727752916641e+00
1.120883509840285619e+00
1.072058526827399660e+00
9.690039887706697330e-01
8.649905980481983336e-01
7.968962600912818939e-01
7.757364151994989854e-01
7.950113483984769802e-01
8.409846297542327154e-01
9.001160530805135673e-01
9.624689171185232262e-01
1.022063127694542661e+00
1.075902190262559843e+00
1.122852160408138511e+00
1.162805353682011988e+00
1.196159620060927908e+00
1.223525074938722090e+00
1.245570039485446312e+00
1.262945407627976468e+00
1.276251013584476457e+00
1.286023651683614322e+00
1.292735819656736229e+00
1.296799704667553232e+00
1.298574719649645104e+00
1.298374337830221270e+00
1.296470468444002488e+00
1.293097950221005599e+00
1.290172021957025850e+00
1.288225915130082999e+00
1.285814946451627527e+00
1.282536444885484572e+00
1.278427344499711849e+00
1.273618514646565947e+00
1.268245747588912842e+00
1.262423131620808769e+00
1.256246943319646148e+00
1.249798513558724400e+00
1.243146401631926468e+00
1.236348308593439693e+00
1.229452858224560297e+00
1.222500967343997047e+00
1.215526809580543821e+00
1.208558795318289247e+00
1.201620485629938173e+00
1.194731202309778029e+00
1.187906500738498350e+00
1.181158720677757623e+00
1.174497417816248390e+00
1.167929618234035738e+00
1.161460202774253991e+00
1.155092227517856118e+00
1.148827077626633608e+00
1.142664723544893235e+00
1.136603929149615944e+00
1.130642374932160132e+00
1.124776844977813273e+00
1.119003354574888531e+00
1.113317286031449305e+00
1.107713518088030424e+00
1.102186469377290701e+00
1.096730176742421570e+00
1.091338333987681875e+00
1.086004346273610199e+00
1.080721392881891507e+00
1.075482461424998037e+00
1.070280406281582941e+00
1.065107989152584977e+00
1.059957937553262619e+00
1.054822990798885085e+00
1.049695954188880398e+00
1.044569750688750132e+00
1.039437470111611139e+00
1.034292411031308534e+00
1.029128114930216720e+00
1.023938400779645708e+00
1.018717393236464819e+00
1.013459560689504269e+00
1.008159754368708416e+00
1.002813249841715493e+00
9.974157703361402616e-01
9.919635147144344467e-01
9.864531717345643713e-01
9.808819359212399558e-01
9.752475243192534338e-01
9.695481984549081389e-01
9.637827984683048355e-01
9.579507584434077128e-01
9.520521288475323196e-01
9.460875908269281709e-01
9.400584653320154249e-01
9.339667139779674887e-01
9.278149192902443998e-01
9.216062895015936229e-01
9.153446714944445395e-01
9.090345534711404829e-01
9.026810877803830291e-01
8.962901112462743347e-01
8.898681463830329097e-01
8.834224012739888554e-01
8.769607664702565586e-01
8.704918102381971057e-01
8.640247860342584740e-01
8.575696332243279985e-01
8.511369602877272289e-01
8.447380347045544413e-01
8.383847710395415653e-01
8.320897038199602802e-01
8.258659569498211228e-01
8.197272197497397217e-01
8.136877157915887171e-01
8.077621574712202657e-01
8.019656972510113002e-01
7.963138789758820169e-01
7.908225835033930728e-01
7.855079584003982207e-01
7.803863341636876338e-01
7.754741376236751194e-01
7.707877991182038313e-01
7.663436455170474781e-01
7.621577881038893443e-01
7.582460085647896308e-01
7.546236510969644984e-01
7.513055225829220474e-01
7.483057929654264306e-01
7.456378901148335014e-01
7.433143896383415106e-01
7.413469092495306167e-01
7.397460059545095667e-01
7.385210689581539478e-01
7.376802153486877733e-01
7.372301953277975439e-01
7.371763079114783679e-01
7.375223380165819576e-01
7.382705130899924750e-01
7.394214697436352068e-01
7.409742317970371417e-01
7.429262034388171010e-01
7.452731742063345433e-01
7.480093299038846899e-01
7.511272707489716760e-01
7.546180396697358406e-01
7.584711619601527399e-01
7.626746920535865115e-01
7.672152626142018095e-01
7.720781376606383750e-01
7.772472768000758814e-01
7.827054119108909358e-01
7.884341308306135332e-01
7.944139672943030250e-01
8.006244931879714644e-01
8.070444101995292163e-01
8.136516483142901546e-01
8.204234740628809641e-01
8.273366033356076565e-01
8.343673146461620949e-01
8.414915610825955961e-01
8.486850845425009116e-01
8.559235377229587050e-01
8.631826110511255923e-01
8.704381593971276532e-01
8.776663261704314989e-01
8.848436639295982342e-01
8.919472545485008785e-01
8.989548289404792891e-01
9.058448832081235080e-01
9.125967911382671938e-01
9.191909105512464651e-01
9.256086798672221727e-01
9.318327037719100758e-01
9.378468265515994551e-01
9.436361916177836706e-01
9.491872857073064829e-01
9.544879664973136002e-01
9.595274717762403149e-01
9.642964073284631121e-01
9.687867113551974496e-01
9.729915933691357655e-01
9.769054449090599501e-01
9.805237201849500428e-01
9.838427864004175571e-01
9.868597446011525554e-01
9.895722226306907787e-01
9.919781423847308099e-01
9.940754650682724902e-01
9.958619198722632460e-01
9.973347223259917405e-01
9.984902894958660458e-01
9.993239600851925308e-01
9.997443696724692686e-01
1.000000000000000000e+00
