1.000000000000000000e+00
1.000000000000000000e+00
1.000000000000028644e+00
1.000000000013471668e+00
1.000000002192096504e+00
1.000000124501628784e+00
1.000003269074097867e+00
1.000047276006873709e+00
1.000409874107721198e+00
1.002129745311273856e+00
1.005944455382828062e+00
1.005048429501108842e+00
9.828323162154626313e-01
9.348963237687518690e-01
8.808316967942044773e-01
8.442890678551361328e-01
8.363049753876364845e-01
8.549674950915715499e-01
8.918659867568905497e-01
9.379074213034288565e-01
9.861809937937008330e-01
1.032434701853992109e+00
1.074489815759619216e+00
1.111489817579454531e+00
1.143321101792199146e+00
1.170244269621613764e+00
1.192682517316669077e+00
1.211108385876552562e+00
1.225986955051746818e+00
1.237749802823817635e+00
1.246785090637600124e+00
1.253435775769187632e+00
1.258001700363309494e+00
1.260743466714327798e+00
1.261887590674168225e+00
1.261631024401453027e+00
1.260144266626167742e+00
1.257574370197424907e+00
1.255756107869369753e+00
1.254880646619441320e+00
1.253501299001592351e+00
1.251439603696895997e+00
1.248679500780403684e+00
1.245307016506538300e+00
1.241420143226770634e+00
1.237101124301948518e+00
1.232419353171780418e+00
1.227433553979327518e+00
1.222193459943557770e+00
1.216741240962505577e+00
1.211112771535882260e+00
1.205338620930690885e+00
1.199444783447135343e+00
1.193453370994614682e+00
1.187383236153697785e+00
1.181250414872304644e+00
1.175068477424671576e+00
1.168848898584667007e+00
1.162601352858207981e+00
1.156333909174864560e+00
1.150053278953243607e+00
1.143765023616001963e+00
1.137473672561355897e+00
1.131182885311371233e+00
1.124895584792489300e+00
1.118614044511372807e+00
1.112340003318698756e+00
1.106074747963581073e+00
1.099819196944868516e+00
1.093573978973451100e+00
1.087339467642076452e+00
1.081115831509104952e+00
1.074903063662469904e+00
1.068701017704972278e+00
1.062509446831133797e+00
1.056328028181567902e+00
1.050156398148000436e+00
1.043994178336353329e+00
1.037841009495610756e+00
1.031696578817649756e+00
1.025560650538722252e+00
1.019433094760014979e+00
1.013313914446213992e+00
1.007203268401122953e+00
1.001101489947146428e+00
9.950091052572177519e-01
9.889268480448379917e-01
9.828556782826649574e-01
9.767968006963761995e-01
9.707516836294053375e-01
9.647220686188092698e-01
9.587099813546376970e-01
9.527177354667326625e-01
9.467479362194448633e-01
9.408034837810185236e-01
9.348875779367404881e-01
9.290037274044651294e-01
9.231557494606078551e-01
9.173477717599668457e-01
9.115842293807949748e-01
9.058698584453220848e-01
9.002096850001769512e-01
8.946090036735423467e-01
8.890733664194272468e-01
8.836085739041213971e-01
8.782206612879046581e-01
8.729158919301294173e-01
8.677007489575260246e-01
8.625819174953986979e-01
8.575662655501986587e-01
8.526608229431140717e-01
8.478727589824383015e-01
8.432093649473176855e-01
8.386780333102900054e-01
8.342862293187067735e-01
8.300414654934051839e-01
8.259512755975789711e-01
8.220231826498521910e-01
8.182646662186031650e-01
8.146831333970626643e-01
8.112858879044555493e-01
8.080800946709575383e-01
8.050727447195465958e-01
8.022706219356008361e-01
7.996802695816581652e-01
7.973079526548418894e-01
7.951596173754822416e-01
7.932408522891083447e-01
7.915568497562562866e-01
7.901123648130137234e-01
7.889116750816979051e-01
7.879585430220878983e-01
7.872561835662289509e-01
7.868072377302959275e-01
7.866137489528554072e-01
7.866771398024082762e-01
7.869981890576146499e-01
7.875770126167668250e-01
7.884130472764177000e-01
7.895050343956865335e-01
7.908510058199365034e-01
7.924482742690398540e-01
7.942934281513488459e-01
7.963823344859325415e-01
7.987101488412108319e-01
8.012713283940702258e-01
8.040596483519314441e-01
8.070682228582429785e-01
8.102895289525056111e-01
8.137154312703829273e-01
8.173372078614125069e-01
8.211455781312911872e-01
8.251307333179497272e-01
8.292823679664498293e-01
8.335897107130675332e-01
8.380415550973676631e-01
8.426262930846095678e-01
8.473319519101719655e-01
8.521462324216848572e-01
8.570565488161722145e-01
8.620500685294655296e-01
8.671137514078814945e-01
8.722343910339047657e-01
8.773986594228345703e-01
8.825931533713152755e-01
8.878044411104206723e-01
8.930191087442588271e-01
8.982238078620260469e-01
9.034053063559919217e-01
9.085505414542722757e-01
9.136466730957325533e-01
9.186811367312579524e-01
9.236416951464201386e-01
9.285164902708322732e-01
9.332940947990218117e-01
9.379635622751609780e-01
9.425144753541484510e-01
9.469369910424565440e-01
9.512218812740785845e-01
9.553605680553108881e-01
9.593451522751005323e-01
9.631684352432232643e-01
9.668239319986943192e-01
9.703058755255505874e-01
9.736092108138333368e-01
9.767295773810077408e-01
9.796632791561913356e-01
9.824072407358186432e-01
9.849589488899642697e-01
9.873163785743904741e-01
9.894779034071217172e-01
9.914421910927634363e-01
9.932080846798383433e-01
9.947744709008580211e-01
9.961401375334600905e-01
9.973036224749335377e-01
9.982630576522084631e-01
9.990160113281100207e-01
9.995593327678907736e-01
9.998334401950208505e-01
1.000000000000000000e+00
