1.000000000000000000e+00
1.000000000000000000e+00
1.000000000000054179e+00
1.000000000049989346e+00
1.000000008290357734e+00
1.000000483791748884e+00
1.000013205401999228e+00
1.000202255765177073e+00
1.001918023747307984e+00
1.011602175788385294e+00
1.043778905705706528e+00
1.098471931066502538e+00
1.125802087107198979e+00
1.076643343717350376e+00
9.716990385626043114e-01
8.653807851282921959e-01
7.953762600442844111e-01
7.730449972615377474e-01
7.919016582043051367e-01
8.380323253690589169e-01
8.976611704449466433e-01
9.606528695745981672e-01
1.020898547395803435e+00
1.075333757362427978e+00
1.122796339795536946e+00
1.163172319966681467e+00
1.196863849411391234e+00
1.224489684907721587e+00
1.246727986911807973e+00
1.264239238034709389e+00
1.277632021313600319e+00
1.287450863693578640e+00
1.294174989814681043e+00
1.298222400887320660e+00
1.299957563524750892e+00
1.299698367373621100e+00
1.297720561209232404e+00
1.294262309505517905e+00
1.291241729467665467e+00
1.289199590441004295e+00
1.286691878793567501e+00
1.283312363056391847e+00
1.279099908973896360e+00
1.274187028658686716e+00
1.268710904897041081e+00
1.262786802226404603e+00
1.256511994801236431e+00
1.249968655538608475e+00
1.243226046037928079e+00
1.236342446434457454e+00
1.229366955132645156e+00
1.222340872556555214e+00
1.215298672257148160e+00
1.208268991260676550e+00
1.201275555052620403e+00
1.194337793342355125e+00
1.187471316894419537e+00
1.180688475301324258e+00
1.173998793698024512e+00
1.167409229051392217e+00
1.160924560080885515e+00
1.154547712346191579e+00
1.148279913251315287e+00
1.142120952207274165e+00
1.136069391938544504e+00
1.130122693089236519e+00
1.124277404360406241e+00
1.118529292063316527e+00
1.112873478233064706e+00
1.107304572316314406e+00
1.101816714975052180e+00
1.096403657660897757e+00
1.091058801750776741e+00
1.085775253755585146e+00
1.080545889141537153e+00
1.075363386953226863e+00
1.070220289266171632e+00
1.065109042355664393e+00
1.060022056245800481e+00
1.054951751465913690e+00
1.049890614211505424e+00
1.044831248950326863e+00
1.039766428475563664e+00
1.034689136521311781e+00
1.029592602432531478e+00
1.024470336282905958e+00
1.019316157462931915e+00
1.014124233363530747e+00
1.008889119161084258e+00
1.003605800063120057e+00
9.982697149583256158e-01
9.928767848530908324e-01
9.874234272841518889e-01
9.819065724089126590e-01
9.763236800297711016e-01
9.706727619920796357e-01
9.649524170941811141e-01
9.591618467832524475e-01
9.533008781889508176e-01
9.473699788701624991e-01
9.413702663266103610e-01
9.353035091050858618e-01
9.291721068433150821e-01
9.229790955497696459e-01
9.167281613127351569e-01
9.104236435659411875e-01
9.040705591124894580e-01
8.976746236890019714e-01
8.912422540316506936e-01
8.847805686731919916e-01
8.782973857849030175e-01
8.718012194276807403e-01
8.653012884532922389e-01
8.588075185808150547e-01
8.523305266000943403e-01
8.458816115274148117e-01
8.394727439983409312e-01
8.331165401291562578e-01
8.268262318853470960e-01
8.206156443068276518e-01
8.144991653730204728e-01
8.084917012388411761e-01
8.026086280455388966e-01
7.968657437835887647e-01
7.912792142664126782e-01
7.858655026535000809e-01
7.806412850128292558e-01
7.756233628494292320e-01
7.708285690618784658e-01
7.662736591514837103e-01
7.619751969165572403e-01
7.579494379498411538e-01
7.542122191690937560e-01
7.507788563728773346e-01
7.476640417207176537e-01
7.448817352511775125e-01
7.424450508934585802e-01
7.403661468773810039e-01
7.386561187550675367e-01
7.373248877354818820e-01
7.363810916190853817e-01
7.358319853299213342e-01
7.356833520315344543e-01
7.359394361162643339e-01
7.366028962122036505e-01
7.376747684179101316e-01
7.391544412482001780e-01
7.410396461570027959e-01
7.433264602699599655e-01
7.460093152943116923e-01
7.490810139636882026e-01
7.525327570584224857e-01
7.563541822683604865e-01
7.605334105404890632e-01
7.650570949680751687e-01
7.699104739960824784e-01
7.750774362510675086e-01
7.805405983767028655e-01
7.862813902516248010e-01
7.922801468011312354e-01
7.985162023274472443e-01
8.049679843313508609e-01
8.116131144973380840e-01
8.184285198283556273e-01
8.253905485591022106e-01
8.324750865800576438e-01
8.396576725367742577e-01
8.469136153042579052e-01
8.542181194734622673e-01
8.615464159350462170e-01
8.688738922275798249e-01
8.761762201699563324e-01
8.834294798798990600e-01
8.906102833250771900e-01
8.976958974164594984e-01
9.046643634212994112e-01
9.114946126283812733e-01
9.181665757125931915e-01
9.246612820655201181e-01
9.309609479634889384e-01
9.370490521243282078e-01
9.429103971548058460e-01
9.485311553563092746e-01
9.538988976182779522e-01
9.590026035105660984e-01
9.638326496681868250e-01
9.683807742453256484e-01
9.726400153295615691e-01
9.766046205904471700e-01
9.802699262183369733e-01
9.836322048904043713e-01
9.866884836288409844e-01
9.894363331620124047e-01
9.918736310178323246e-01
9.939983021297421617e-01
9.958080424931801122e-01
9.973000322672221918e-01
9.984706456515901607e-01
9.993151657752409323e-01
9.997410415218771496e-01
1.000000000000000000e+00
