1.000000000000000000e+00
1.000000000000000000e+00
1.000000000000039746e+00
1.000000000017774893e+00
1.000000002911790142e+00
1.000000166992584427e+00
1.000004447508487271e+00
1.000065729265033010e+00
1.000590503901220618e+00
1.003274576363157200e+00
1.010580552117119169e+00
1.016724640386853951e+00
1.001159518450824404e+00
9.534971587033963525e-01
8.927890382526307844e-01
8.466095772519440787e-01
8.298989739360567164e-01
8.427841954885343378e-01
8.771315530928153192e-01
9.231343349939855614e-01
9.729253710514613740e-01
1.021462010897932204e+00
1.066042632177556015e+00
1.105512137736810896e+00
1.139607988654026016e+00
1.168530288684259455e+00
1.192689870989389611e+00
1.212571145581495147e+00
1.228661949425969846e+00
1.241420378534320745e+00
1.251261234246552556e+00
1.258552498306112488e+00
1.263616698775872349e+00
1.266734604681136078e+00
1.268150551661596737e+00
1.268077184115879552e+00
1.266698696146235870e+00
1.264174013852150891e+00
1.262352779798270985e+00
1.261495814613407873e+00
1.260150581423726601e+00
1.258086399530343513e+00
1.255295045385164121e+00
1.251869150443548184e+00
1.247912259555117531e+00
1.243511283890159635e+00
1.238739549374665572e+00
1.233659084458048838e+00
1.228322378491158107e+00
1.222773884202376982e+00
1.217051360498954127e+00
1.211186919365158987e+00
1.205207793582246723e+00
1.199137071334885674e+00
1.192994360291706579e+00
1.186796255680829582e+00
1.180556710333398041e+00
1.174287430010498623e+00
1.167998187927101528e+00
1.161697029206464338e+00
1.155390537211676838e+00
1.149084056205393001e+00
1.142781815107696275e+00
1.136487101989990922e+00
1.130202407235276985e+00
1.123929515857930994e+00
1.117669631521825524e+00
1.111423465048792414e+00
1.105191324953443077e+00
1.098973202406722471e+00
1.092768807402368925e+00
1.086577622592110659e+00
1.080398934337158723e+00
1.074231871260176829e+00
1.068075446511556725e+00
1.061928583694528694e+00
1.055790155324277002e+00
1.049659010963187811e+00
1.043534014530141052e+00
1.037414074321520996e+00
1.031298176951868539e+00
1.025185419468607417e+00
1.019075039606877731e+00
1.012966441677610741e+00
1.006859217788502070e+00
1.000753168846293395e+00
9.946483216265651350e-01
9.885449505922054847e-01
9.824435996658293924e-01
9.763451046319944204e-01
9.702506052091131039e-01
9.641615588971832462e-01
9.580797468728715627e-01
9.520072799810848085e-01
9.459466044331988899e-01
9.399005093605663497e-01
9.338721398206474289e-01
9.278649989724385705e-01
9.218829529537209133e-01
9.159302304959804353e-01
9.100114188046302122e-01
9.041314541660797621e-01
8.982956009746235759e-01
8.925094424113724223e-01
8.867788742540108071e-01
8.811100923540561292e-01
8.755095892841219252e-01
8.699841485954361575e-01
8.645408283683932993e-01
8.591869431875431840e-01
8.539300438110293268e-01
8.487778952911425590e-01
8.437384605228019918e-01
8.388198798732232619e-01
8.340304417789808911e-01
8.293785564635355323e-01
8.248727287545430942e-01
8.205215236728082839e-01
8.163335308085309938e-01
8.123173325624348795e-01
8.084814697775241088e-01
8.048344016549948687e-01
8.013844655137237760e-01
7.981398382332847152e-01
7.951084968753836524e-01
7.922981739199019824e-01
7.897163086004044263e-01
7.873699995744539715e-01
7.852659575126220703e-01
7.834104540969056840e-01
7.818092717562667993e-01
7.804676556905926210e-01
7.793902718060417012e-01
7.785811713234844778e-01
7.780437583134357515e-01
7.777807574459767448e-01
7.777941820146209162e-01
7.780853063569531658e-01
7.786546416076886024e-01
7.795019113313572667e-01
7.806260298834447608e-01
7.820250861533730724e-01
7.836963326993769963e-01
7.856361846693937778e-01
7.878402272670701478e-01
7.903032272000630742e-01
7.930191484167934401e-01
7.959811734677392225e-01
7.991817288086833226e-01
8.026125113068420802e-01
8.062645163827547590e-01
8.101280689601711993e-01
8.141928576855712585e-01
8.184479705752674139e-01
8.228819300601418751e-01
8.274827282432545283e-01
8.322378655076423382e-01
8.371343931622049483e-01
8.421589579311078433e-01
8.472978481286472796e-01
8.525370400140913629e-01
8.578622432642347695e-01
8.632589489316279119e-01
8.687124813024059700e-01
8.742080515978249977e-01
8.797308119083742106e-01
8.852659087349978861e-01
8.907985377741657329e-01
8.963140023523773481e-01
9.017977743453222672e-01
9.072355553815216744e-01
9.126133372703851832e-01
9.179174612068777828e-01
9.231346769341006731e-01
9.282522017041171525e-01
9.332577774984074370e-01
9.381397262313490026e-01
9.428870015921954062e-01
9.474892356573978436e-01
9.519367794498161395e-01
9.562207364634619511e-01
9.603329881341915453e-01
9.642662102138200853e-01
9.680138791154431210e-01
9.715702670574219990e-01
9.749304244439125355e-01
9.780901482484261056e-01
9.810459352777738395e-01
9.837949190219101858e-01
9.863347892176878018e-01
9.886636940622114400e-01
9.907801256043141658e-01
9.926827892886187499e-01
9.943704590269161203e-01
9.958418199557703687e-01
9.970953019023340858e-01
9.981289070619441262e-01
9.989400358871965979e-01
9.995253156474644962e-01
9.998205692307139403e-01
1.000000000000000000e+00
