1.000000000000000000e+00
1.000000000000000000e+00
1.000000000000098588e+00
1.000000000066344485e+00
1.000000011009899437e+00
1.000000643076783380e+00
1.000017575352297072e+00
1.000269657587371519e+00
1.002563349879966204e+00
1.015557428164674647e+00
1.059006211630223016e+00
1.134086340479055988e+00
1.176244809306578931e+00
1.121705292881875149e+00
9.961251048422450349e-01
8.662336297605551794e-01
7.776779017376360681e-01
7.447893365544124844e-01
7.607995008150034710e-01
8.097402373043619539e-01
8.753420691059636827e-01
9.454498058221948442e-01
1.012692843382731134e+00
1.073375684734436897e+00
1.126102402817116932e+00
1.170735492279845635e+00
1.207749268980196522e+00
1.237869589209779297e+00
1.261887523003417888e+00
1.280569728220559922e+00
1.294619748518611280e+00
1.304665051174516366e+00
1.311256513152214032e+00
1.314873844340304743e+00
1.315935138001765425e+00
1.314805250320256524e+00
1.311800876003857530e+00
1.307195761832423031e+00
1.302989163656901095e+00
1.299736079288348778e+00
1.295959129277852062e+00
1.291271362231106057e+00
1.285732459512895165e+00
1.279492720516409721e+00
1.272704453587954809e+00
1.265495780066757003e+00
1.257974937098528034e+00
1.250233401558040525e+00
1.242348234079841518e+00
1.234384177070004585e+00
1.226395654129022850e+00
1.218428293971346665e+00
1.210519972157421131e+00
1.202701911419243430e+00
1.194999726734770951e+00
1.187434099688590372e+00
1.180021294488703187e+00
1.172773792368243750e+00
1.165700784555690372e+00
1.158808445915686658e+00
1.152100387667791992e+00
1.145578034869104922e+00
1.139240793192215051e+00
1.133086354915723293e+00
1.127110946906003219e+00
1.121309471573348926e+00
1.115675734410050302e+00
1.110202596685129439e+00
1.104882141109547522e+00
1.099705830960488351e+00
1.094664558349677463e+00
1.089748739236519270e+00
1.084948357655304729e+00
1.080253031148887377e+00
1.075652087718546479e+00
1.071134605873246270e+00
1.066689486670123976e+00
1.062305502586450956e+00
1.057971369986238974e+00
1.053675805293331047e+00
1.049407591913215088e+00
1.045155643861601868e+00
1.040909066088334001e+00
1.036657205231488632e+00
1.032389690156958917e+00
1.028096473007887646e+00
1.023767861865390261e+00
1.019394566295464877e+00
1.014967744323927334e+00
1.010479052611711115e+00
1.005920672926803983e+00
1.001285344872844485e+00
9.965663808293643289e-01
9.917576832618461014e-01
9.868537634874668951e-01
9.818497676733309865e-01
9.767415192834804083e-01
9.715255373740945277e-01
9.661990648488030242e-01
9.607600866864517419e-01
9.552073421264674069e-01
9.495403267664934699e-01
9.437592683262061577e-01
9.378651356984948340e-01
9.318596597813870730e-01
9.257453418860224215e-01
9.195254900316839342e-01
9.132042533021229591e-01
9.067866323050964850e-01
9.002784892884159174e-01
8.936865557710307328e-01
8.870184395012381540e-01
8.802826492778315082e-01
8.734886124194410906e-01
8.666466704861692794e-01
8.597680854800348049e-01
8.528650451683641442e-01
8.459506494941663179e-01
8.390388936268384779e-01
8.321446611008164185e-01
8.252837083095723170e-01
8.184726306014981079e-01
8.117288243931656266e-01
8.050704496475423744e-01
7.985163846191223325e-01
7.920861585647099856e-01
7.857998652367895742e-01
7.796780711905093586e-01
7.737417138058599875e-01
7.680119777192088160e-01
7.625101614570917175e-01
7.572575382900557095e-01
7.522752219905722848e-01
7.475840399294708671e-01
7.432044024714725694e-01
7.391561605168477378e-01
7.354584515714046589e-01
7.321295475430441568e-01
7.291867018500728381e-01
7.266459860079496069e-01
7.245221256408712618e-01
7.228283456259723128e-01
7.215762260759138735e-01
7.207755849861486874e-01
7.204343855962378473e-01
7.205586556897042305e-01
7.211524213860718291e-01
7.222176612722256417e-01
7.237542768236940871e-01
7.257600713564553718e-01
7.282307398253738961e-01
7.311598740797301543e-01
7.345389857218704854e-01
7.383575409047715699e-01
7.426030005016319713e-01
7.472608682640736744e-01
7.523147571885024920e-01
7.577464760845058489e-01
7.635361285843550450e-01
7.696622234359289383e-01
7.761017903087756853e-01
7.828304967418285853e-01
7.898227766578576059e-01
7.970519743716419914e-01
8.044904964161506689e-01
8.121099650220777733e-01
8.198813704618826970e-01
8.277752271712494059e-01
8.357617412832223369e-01
8.438109853721237341e-01
8.518930728797842189e-01
8.599783286984932218e-01
8.680374546318034845e-01
8.760416941264910218e-01
8.839629963676856050e-01
8.917741753928157822e-01
8.994490643171291211e-01
9.069626613627177480e-01
9.142912627900634526e-01
9.214125814939282400e-01
9.283058496174124707e-01
9.349519034979106857e-01
9.413332492292595388e-01
9.474341074951385666e-01
9.532404354619249398e-01
9.587399220801019473e-01
9.639219540518046969e-01
9.687775498200923430e-01
9.732992579961923241e-01
9.774810176270417594e-01
9.813179799255905555e-01
9.848062925222846875e-01
9.879428481875215384e-01
9.907250006806803677e-01
9.931502523835772367e-01
9.952159206716199025e-01
9.969187910282949483e-01
9.982547660896491371e-01
9.992185209717052707e-01
9.997044672647864560e-01
1.000000000000000000e+00
