1.000000000000000000e+00
1.000000000000000000e+00
1.000000000000041078e+00
1.000000000029845904e+00
1.000000004929936459e+00
1.000000286087863621e+00
1.000007748343635372e+00
1.000117369495924891e+00
1.001095237387305659e+00
1.006465591508966417e+00
1.023450810332898975e+00
1.048951539843925085e+00
1.051415288049195595e+00
1.004464749282728109e+00
9.264090275795390239e-01
8.553042762370783869e-01
8.159007377697112817e-01
8.134461808750876877e-01
8.406772272080598185e-01
8.861211785698801524e-01
9.394879223147286629e-01
9.936538843899710427e-01
1.044516020007417723e+00
1.090116154211256294e+00
1.129794857697313359e+00
1.163595635529161454e+00
1.191902228288053367e+00
1.215235865868393939e+00
1.234148896653481264e+00
1.249172618290966152e+00
1.260794271435666802e+00
1.269449178838146119e+00
1.275520444013192867e+00
1.279342369819308711e+00
1.281206408094875293e+00
1.281366592146102157e+00
1.280043174516529048e+00
1.277426306408940171e+00
1.275392620966165014e+00
1.274345811881543167e+00
1.272833857550551562e+00
1.270527219225556781e+00
1.267436833141547536e+00
1.263671523178369061e+00
1.259348470312308788e+00
1.254566063348658833e+00
1.249407307399861500e+00
1.243942364732098627e+00
1.238230499187150890e+00
1.232321757653476846e+00
1.226258497733689667e+00
1.220076573106801066e+00
1.213806189226873222e+00
1.207472741837285923e+00
1.201097584582543787e+00
1.194698558637354857e+00
1.188290408261017284e+00
1.181885240065331910e+00
1.175492886116298985e+00
1.169121131105265388e+00
1.162776026063137902e+00
1.156462150254910615e+00
1.150182748392071241e+00
1.143939937433124943e+00
1.137734875466866358e+00
1.131567866732203997e+00
1.125438510099755263e+00
1.119345802952517399e+00
1.113288249270692365e+00
1.107263961733175206e+00
1.101270701054776424e+00
1.095305939368492965e+00
1.089366894508841499e+00
1.083450574833540125e+00
1.077553829504746652e+00
1.071673377876588118e+00
1.065805855828819482e+00
1.059947848990698382e+00
1.054095938481405481e+00
1.048246737469260559e+00
1.042396933330627107e+00
1.036543327806109360e+00
1.030682875140169985e+00
1.024812714844684836e+00
1.018930198714266044e+00
1.013032917946798728e+00
1.007118725488684641e+00
1.001185765123637994e+00
9.952325010064129174e-01
9.892577485549272076e-01
9.832606921150968127e-01
9.772409055336913619e-01
9.711983626438003281e-01
9.651334484435502015e-01
9.590469704376659577e-01
9.529401730988246166e-01
9.468147602995754530e-01
9.406729038732716264e-01
9.345172564858864606e-01
9.283509580848586795e-01
9.221776379759200060e-01
9.160014103815647957e-01
9.098268548747477924e-01
9.036590131644259838e-01
8.975033907121797716e-01
8.913659503145139329e-01
8.852531187448532402e-01
8.791717906870594179e-01
8.731293184951097741e-01
8.671335001412598942e-01
8.611925642562446859e-01
8.553151532112022171e-01
8.495103137839072893e-01
8.437874824306295096e-01
8.381564579295246453e-01
8.326273780561588289e-01
8.272106945988433324e-01
8.219171377553543545e-01
8.167576780885638099e-01
8.117434930062684684e-01
8.068859285842019391e-01
8.021964522066682424e-01
7.976866036408916116e-01
7.933679470229868524e-01
7.892520201154903381e-01
7.853502742590022789e-01
7.816740069649353861e-01
7.782342944814858443e-01
7.750419222801414598e-01
7.721073084382543694e-01
7.694404260671637852e-01
7.670507270511273124e-01
7.649470723976207198e-01
7.631376704514005738e-01
7.616300177756732959e-01
7.604308389524427891e-01
7.595460255450164899e-01
7.589805803570454090e-01
7.587385656756943098e-01
7.588230507190744101e-01
7.592360626257005363e-01
7.599785450667416731e-01
7.610503247439189822e-01
7.624500924091520693e-01
7.641753968394117136e-01
7.662226453169637130e-01
7.685871112089337487e-01
7.712629507219099789e-01
7.742432264690128907e-01
7.775199339002207832e-01
7.810840312495426208e-01
7.849254747144853717e-01
7.890332595230878932e-01
7.933954641412225284e-01
7.979992945695832951e-01
8.028311298347983183e-01
8.078765731811420325e-01
8.131205098672139586e-01
8.185471682279490402e-01
8.241401836453918772e-01
8.298826630894010625e-01
8.357572485427328113e-01
8.417461841447545501e-01
8.478313890265576358e-01
8.539945327194429225e-01
8.602171106855202032e-01
8.664805189855656620e-01
8.727661304453036006e-01
8.790553758332873002e-01
8.853298283359360976e-01
8.915712881171792281e-01
8.977618654531032139e-01
9.038840618594632392e-01
9.099208510528782323e-01
9.158557596427521208e-01
9.216729454506814578e-01
9.273572732367415528e-01
9.328943860674158151e-01
9.382707698123092799e-01
9.434738098127377626e-01
9.484918385485011649e-01
9.533141730830175797e-01
9.579311410372032265e-01
9.623340940013298539e-01
9.665154069282545501e-01
9.704684614555432187e-01
9.741876115538630199e-01
9.776681300168905686e-01
9.809061339972018345e-01
9.838984883448117502e-01
9.866426866147369745e-01
9.891367103947396044e-01
9.913788681658951552e-01
9.933676153986837898e-01
9.951013586431000091e-01
9.965782475477074076e-01
9.977959593645066017e-01
9.987514811520734614e-01
9.994408955076599099e-01
9.997886232561646880e-01
1.000000000000000000e+00
