1.000000000000000000e+00
1.000000000000000000e+00
1.000000000000050848e+00
1.000000000048894000e+00
1.000000008107924332e+00
1.000000473083327401e+00
1.000012910749277006e+00
1.000197692280612838e+00
1.001874069633380993e+00
1.011330363806775212e+00
1.042718406758830874e+00
1.095942144543451402e+00
1.122114450778748163e+00
1.073208868734898180e+00
9.696832545748717003e-01
8.650928980905768784e-01
7.965189209672928206e-01
7.750637304527453475e-01
7.942318267518900798e-01
8.402426836122039999e-01
8.994972425808375194e-01
9.620090857838520249e-01
1.021765817719945790e+00
1.075753847622772819e+00
1.122832087916869614e+00
1.162891216142229345e+00
1.196330113067433976e+00
1.223761025317756657e+00
1.245854715319523409e+00
1.263264462434034785e+00
1.276592280626870357e+00
1.286376892546019723e+00
1.293092474393907620e+00
1.297152664511197928e+00
1.298918137361285030e+00
1.298703468569435415e+00
1.296781525672596302e+00
1.293387977346563522e+00
1.290438780575305255e+00
1.288469068788794969e+00
1.286034324902046055e+00
1.282730970778515056e+00
1.278596422245869446e+00
1.273761958277042750e+00
1.268363717792138745e+00
1.262516082259960593e+00
1.256315576839347914e+00
1.249843742177098038e+00
1.243169312490885803e+00
1.236350133038869314e+00
1.229434945769194210e+00
1.222464762987650611e+00
1.215473832970045853e+00
1.208490622504379663e+00
1.201538733578630502e+00
1.194637514847131543e+00
1.187802535489090650e+00
1.181046137741573077e+00
1.174377869733777002e+00
1.167804740409504882e+00
1.161331605278877577e+00
1.154961488040077811e+00
1.148695734712913419e+00
1.142534270824365761e+00
1.136475810342553849e+00
1.130517979212492419e+00
1.124657503118937640e+00
1.118890335577644501e+00
1.113211794321452341e+00
1.107616691276764209e+00
1.102099376108178097e+00
1.096653814847809105e+00
1.091273628740812907e+00
1.085952148841748510e+00
1.080682479040844690e+00
1.075457530375661275e+00
1.070270079718229850e+00
1.065112810482731431e+00
1.059978371379351803e+00
1.054859422590940454e+00
1.049748690199356904e+00
1.044639018096685357e+00
1.039523417383216852e+00
1.034395108455189227e+00
1.029247555282692295e+00
1.024074500124132925e+00
1.018869991820883669e+00
1.013628424002817496e+00
1.008344574366361934e+00
1.003013646358305033e+00
9.976312925809567300e-01
9.921936428832581756e-01
9.866973186610275004e-01
9.811394487845342960e-01
9.755176864211811960e-01
9.698302311074569193e-01
9.640758630765080550e-01
9.582539586813773047e-01
9.523645129844043877e-01
9.464081541672988429e-01
9.403861527548322830e-01
9.343004225389685002e-01
9.281535007769494694e-01
9.219485531106366150e-01
9.156893867016191457e-01
9.093804530515670059e-01
9.030268711280654559e-01
8.966344480022094832e-01
8.902096802764347672e-01
8.837597541929242961e-01
8.772925427676433463e-01
8.708166012877897044e-01
8.643411751411055333e-01
8.578762008720335341e-01
8.514322896332676693e-01
8.450207173867873012e-01
8.386534133108722866e-01
8.323429329197580273e-01
8.261024277116354453e-01
8.199456214989044867e-01
8.138867794940276568e-01
8.079406630416117174e-01
8.021224809960092461e-01
7.964478411663460378e-01
7.909326960245208760e-01
7.855932723508699533e-01
7.804459872830846745e-01
7.755073614939541615e-01
7.707939260540667137e-01
7.663221149967653911e-01
7.621081526482588187e-01
7.581679389891874399e-01
7.545169411152226058e-01
7.511700927535579497e-01
7.481416939123494148e-01
7.454453049107160334e-01
7.430936352405290712e-01
7.410984369495083879e-01
7.394704007914157939e-01
7.382190479968124830e-01
7.373526247794534028e-01
7.368780064025481913e-01
7.368006117452398085e-01
7.371243393769753016e-01
7.378515232934589330e-01
7.389828987145812267e-01
7.405175793661193939e-01
7.424530499947016304e-01
7.447851707986092862e-01
7.475081878567880755e-01
7.506147508622786901e-01
7.540959411120585765e-01
7.579413109746703237e-01
7.621389305667874980e-01
7.666754368027328681e-01
7.715360865461728945e-01
7.767048209989452223e-01
7.821643426757545203e-01
7.878961994768350907e-01
7.938808750953501026e-01
8.000978817895333384e-01
8.065258525749168239e-01
8.131426403394150793e-01
8.199254268084875674e-01
8.268508361286991404e-01
8.338950489153345025e-01
8.410339149839111128e-01
8.482430683880444189e-01
8.554980502754758742e-01
8.627744367232743627e-01
8.700479663507802996e-01
8.772946652913727883e-01
8.844909686460756815e-01
8.916138414877046170e-01
8.986408994190575594e-01
9.055505255305192902e-01
9.123219836798799331e-01
9.189355255880746753e-01
9.253724880898489547e-01
9.316153794189550030e-01
9.376479530931102202e-01
9.434552679144475595e-01
9.490237325667725266e-01
9.543411335464225820e-01
9.593966445604777959e-01
9.641808145340023950e-01
9.686855320375444833e-01
9.729039640608200257e-01
9.768304664609449572e-01
9.804604641821988986e-01
9.837903009916949548e-01
9.868170595836855963e-01
9.895383536411374026e-01
9.919520940552670751e-01
9.940562330262181501e-01
9.958484914916527764e-01
9.973260761738671487e-01
9.984853934556817689e-01
9.993217681848094447e-01
9.997435401611316497e-01
1.000000000000000000e+00
