1.000000000000000000e+00
1.000000000000000000e+00
1.000000000000045297e+00
1.000000000047088555e+00
1.000000007807175351e+00
1.000000455423569301e+00
1.000012424581479209e+00
1.000190157442412353e+00
1.001801423292735471e+00
1.010880443824077490e+00
1.040959055084093698e+00
1.091731336659008011e+00
1.115946977702083176e+00
1.067425945767120021e+00
9.662483864187402238e-01
8.645499022752373142e-01
7.983896489822127629e-01
7.784286349711703190e-01
7.981462103699368260e-01
8.439807146441756780e-01
9.026272178750831543e-01
9.643484470623536753e-01
1.023294307122656566e+00
1.076537450376234606e+00
1.122973115402942756e+00
1.162500608019304993e+00
1.195513948536276239e+00
1.222614915411576852e+00
1.244462181815999324e+00
1.261697171564413189e+00
1.274911043431908197e+00
1.284632905099706957e+00
1.291328557105342556e+00
1.295404393003756205e+00
1.297214788202335489e+00
1.297068814097951162e+00
1.295234554034182972e+00
1.291943534017535145e+00
1.289108126968653067e+00
1.287253829535074612e+00
1.284935301507065031e+00
1.281753620109296499e+00
1.277743798140772435e+00
1.273035071903347415e+00
1.267761852057730065e+00
1.262037058842038206e+00
1.255955978829644604e+00
1.249599107766856010e+00
1.243034308789171982e+00
1.236318709218018563e+00
1.229500462839059560e+00
1.222620106789126249e+00
1.215711517924438878e+00
1.208802882394133027e+00
1.201917598599765213e+00
1.195074881486630991e+00
1.188290231416848641e+00
1.181575978044334674e+00
1.174941706729030200e+00
1.168394511155031790e+00
1.161939372224515488e+00
1.155579473981080518e+00
1.149316356287648722e+00
1.143150167130752903e+00
1.137079867666864752e+00
1.131103353999932670e+00
1.125217641064852003e+00
1.119418988331301046e+00
1.113703033372494211e+00
1.108064919053202368e+00
1.102499336655724971e+00
1.097000602973259520e+00
1.091562698688282707e+00
1.086179321976605827e+00
1.080843950243168594e+00
1.075549873931666012e+00
1.070290253968340100e+00
1.065058161721501584e+00
1.059846636460932690e+00
1.054648730589954342e+00
1.049457562872714522e+00
1.044266369209206680e+00
1.039068550959628912e+00
1.033857716164453322e+00
1.028627713173950298e+00
1.023372664693641854e+00
1.018086995587262900e+00
1.012765470286964398e+00
1.007403231226554619e+00
1.001995839588641468e+00
9.965392982887983919e-01
9.910300794794290047e-01
9.854651386416264369e-01
9.798419302203954517e-01
9.741584240898584213e-01
9.684131270630103039e-01
9.626051162365909519e-01
9.567340539367870100e-01
9.508002095495782235e-01
9.448044733468708989e-01
9.387483652054782191e-01
9.326340351994063527e-01
9.264642440160995029e-01
9.202423672531271359e-01
9.139724075824958716e-01
9.076589968118525809e-01
9.013074175126294385e-01
8.949236221157168547e-01
8.885142332716624569e-01
8.820865428124752272e-01
8.756485077116942239e-01
8.692087443378412326e-01
8.627765345249389650e-01
8.563618249605535748e-01
8.499752094148126380e-01
8.436279173951284349e-01
8.373318009641543824e-01
8.310993066780140159e-01
8.249434440968639315e-01
8.188777607022821314e-01
8.129163097692858608e-01
8.070736043443663688e-01
8.013645679942557054e-01
7.958044856567978442e-01
7.904089490123041850e-01
7.851937864346978380e-01
7.801749799469791524e-01
7.753685795765602462e-01
7.707906118189017386e-01
7.664569745389180344e-01
7.623833270941805518e-01
7.585849788595141474e-01
7.550767839535102999e-01
7.518730440643377477e-01
7.489874117398362952e-01
7.464327886056285610e-01
7.442212189529963107e-01
7.423637880332148997e-01
7.408705233554143676e-01
7.397502920880419941e-01
7.390107013975809602e-01
7.386580082665769043e-01
7.386970396565969432e-01
7.391311335660762927e-01
7.399620991534990866e-01
7.411901866375129044e-01
7.428140682975032938e-01
7.448308341369055396e-01
7.472359989752752618e-01
7.500235152404410854e-01
7.531857926857149499e-01
7.567137278425289937e-01
7.605967443581603815e-01
7.648228400960889184e-01
7.693786363391122984e-01
7.742494307520265684e-01
7.794192609589951637e-01
7.848709800329140007e-01
7.905863386294696982e-01
7.965460730440765413e-01
8.027299953926593234e-01
8.091170831053736689e-01
8.156855749608440398e-01
8.224130764922599202e-01
8.292766697590068237e-01
8.362530235127748623e-01
8.433185020667776088e-01
8.504492763641809949e-01
8.576214425536047292e-01
8.648111453549740535e-01
8.719947012265703012e-01
8.791487190131608287e-01
8.862502172319229876e-01
8.932767409382942336e-01
9.002064781650935821e-01
9.070183728903830067e-01
9.136922344410161045e-01
9.202088409013908787e-01
9.265500329840016258e-01
9.326987972551268324e-01
9.386393373041198585e-01
9.443571313950426260e-01
9.498389751050010377e-01
9.550730076986417849e-01
9.600487204099444893e-01
9.647569438520444685e-01
9.691898124227182887e-01
9.733407036888843678e-01
9.772041501668732311e-01
9.807757216624438668e-01
9.840518779270682748e-01
9.870297924631988851e-01
9.897071490307960406e-01
9.920819130087475957e-01
9.941520812405172380e-01
9.959154156616913944e-01
9.973691668296017498e-01
9.985097943688849842e-01
9.993326922091654296e-01
9.997476742953536055e-01
1.000000000000000000e+00
