1.000000000000000000e+00
1.000000000000000000e+00
1.000000000000101918e+00
1.000000000067783557e+00
1.000000011248806331e+00
1.000000657039900043e+00
1.000017957313511063e+00
1.000275524934219895e+00
1.002619192635619605e+00
1.015896647329729729e+00
1.060294654247030621e+00
1.137039140321627340e+00
1.180301191006482453e+00
1.125163208266426462e+00
9.978180850332593055e-01
8.660362540130082110e-01
7.760764902052179615e-01
7.424621695345776651e-01
7.583641807779323285e-01
8.076285221598633601e-01
8.737794317805217537e-01
9.445021812894244251e-01
1.012330766844385943e+00
1.073524946948287040e+00
1.126674674588283409e+00
1.171643780216176545e+00
1.208914462989453487e+00
1.239222484547931824e+00
1.263368788106586038e+00
1.282129061194974939e+00
1.296214798526569290e+00
1.306260350853070129e+00
1.312822514527648643e+00
1.316386089400581216e+00
1.317373599322259281e+00
1.316153795861926046e+00
1.313046784113770959e+00
1.308329287806516028e+00
1.304007150037269192e+00
1.300636072218191108e+00
1.296736076881287891e+00
1.291922278140066549e+00
1.286256139131849885e+00
1.279889489004815362e+00
1.272975943136595234e+00
1.265644739589235845e+00
1.258005073300071164e+00
1.250149238921472561e+00
1.242154986720935161e+00
1.234087634136998179e+00
1.226002082003301741e+00
1.217944350013580923e+00
1.209952623758900891e+00
1.202058364220044195e+00
1.194287363126997237e+00
1.186660422023512407e+00
1.179193871303048091e+00
1.171900211233400491e+00
1.164788609746258752e+00
1.157865177349111985e+00
1.151133425430897139e+00
1.144594648423755023e+00
1.138248091519987071e+00
1.132091260828330448e+00
1.126120174705547150e+00
1.120329506196024782e+00
1.114712814046308509e+00
1.109262697565729594e+00
1.103970964885508943e+00
1.098828794678448073e+00
1.093826784886922088e+00
1.088955049226504102e+00
1.084203261942640717e+00
1.079560724254071680e+00
1.075016442583260901e+00
1.070559169165584912e+00
1.066177475313551559e+00
1.061859801051924235e+00
1.057594528825949842e+00
1.053370040582300105e+00
1.049174785807280630e+00
1.044997346193399013e+00
1.040826496920381095e+00
1.036651258158076905e+00
1.032460936133289042e+00
1.028245164702023873e+00
1.023993938349999189e+00
1.019697658327423317e+00
1.015347180230879998e+00
1.010933864843213126e+00
1.006449604787686525e+00
1.001886857565033484e+00
9.972386604459381187e-01
9.924986477887154379e-01
9.876610698531207433e-01
9.827208190097770357e-01
9.776734727532385705e-01
9.725153121013034863e-01
9.672433501892713226e-01
9.618553506709526246e-01
9.563498399982495179e-01
9.507261094549835923e-01
9.449841903705813451e-01
9.391248633586969374e-01
9.331496796431456575e-01
9.270609697782886682e-01
9.208618809117554704e-01
9.145564121593843243e-01
9.081494256855990876e-01
9.016466575330062128e-01
8.950547260204403388e-01
8.883811395652043696e-01
8.816343228617505856e-01
8.748236356793595014e-01
8.679593695795111419e-01
8.610527554611167034e-01
8.541159703393436109e-01
8.471621249343284088e-01
8.402052479485704328e-01
8.332602807682355506e-01
8.263430634446009559e-01
8.194703019764261187e-01
8.126595316051730133e-01
8.059290805521089895e-01
7.992980259014953459e-01
7.927861269834075575e-01
7.864137391001777555e-01
7.802017219097241441e-01
7.741713372186482811e-01
7.683441245836819533e-01
7.627417667423911363e-01
7.573859489466345796e-01
7.522982231008438214e-01
7.474998791711975343e-01
7.430118125436857568e-01
7.388543789554979924e-01
7.350472373621759203e-01
7.316091942328322162e-01
7.285580467890753198e-01
7.259104151070352451e-01
7.236815732672721158e-01
7.218852895064947761e-01
7.205336771401605889e-01
7.196370725065633911e-01
7.192039379753548678e-01
7.192407769685581487e-01
7.197520636533145666e-01
7.207401933474172351e-01
7.222054495332071999e-01
7.241459795674916045e-01
7.265577815045742849e-01
7.294347068029185532e-01
7.327684811570643886e-01
7.365487376789463525e-01
7.407630557187767639e-01
7.453970080318464975e-01
7.504342267968093783e-01
7.558564905463716066e-01
7.616438240532412696e-01
7.677746099834675819e-01
7.742257063884699919e-01
7.809725655374017972e-01
7.879893647773599241e-01
7.952491534373845594e-01
8.027240078786336275e-01
8.103851883417562130e-01
8.182032947074889817e-01
8.261484261949562091e-01
8.341903528196367157e-01
8.422986942808411426e-01
8.504430985373121477e-01
8.585934164415345293e-01
8.667198711141598233e-01
8.747932265685004483e-01
8.827849556831617317e-01
8.906674030700493239e-01
8.984139429455041403e-01
9.059991286246661391e-01
9.133988286275176449e-01
9.205903481497752505e-01
9.275525342360554371e-01
9.342658629540258053e-01
9.407125068397479417e-01
9.468763812658637091e-01
9.527431674937906214e-01
9.583003086916074276e-01
9.635369761291228130e-01
9.684440028576776216e-01
9.730137812113479612e-01
9.772401214710160211e-01
9.811180713034756140e-01
9.846436970519563125e-01
9.878138288583865334e-01
9.906257723103860657e-01
9.930769913499143398e-01
9.951647695259319137e-01
9.968858577431172208e-01
9.982361178620178244e-01
9.992101726962044905e-01
9.997013079575630679e-01
1.000000000000000000e+00
