1.000000000000000000e+00
1.000000000000000000e+00
1.000000000000002665e+00
1.000000000001558309e+00
1.000000000202585504e+00
1.000000007300727356e+00
1.000000028407268315e+00
9.999967369584180643e-01
9.999179331764412870e-01
9.990358952873079623e-01
9.935543179868682184e-01
9.743787116932379755e-01
9.361689772762403772e-01
8.908086970068114230e-01
8.585651086537213761e-01
8.509088617340817562e-01
8.671194302886845451e-01
8.998473775207121994e-01
9.408235416445873689e-01
9.837386497042058808e-01
1.024751367151444992e+00
1.061938175856050881e+00
1.094580404965934672e+00
1.122620986667419718e+00
1.146325264532651600e+00
1.166090892441499216e+00
1.182349039674896574e+00
1.195516734484157739e+00
1.205976311101569776e+00
1.214068608571852614e+00
1.220092801692497897e+00
1.224309188225249700e+00
1.226943091749656656e+00
1.228189067845196325e+00
1.228215400631674559e+00
1.227167865097368304e+00
1.225172367452167066e+00
1.222337363688006828e+00
1.220092470549416719e+00
1.218653713840281316e+00
1.216903182784800919e+00
1.214628520310788051e+00
1.211785138699575493e+00
1.208435105039780355e+00
1.204656322430339932e+00
1.200514174047021765e+00
1.196063864519623765e+00
1.191352193353958810e+00
1.186418925522662704e+00
1.181297939559615040e+00
1.176018225652512017e+00
1.170604669236806394e+00
1.165078639858630583e+00
1.159458533069267716e+00
1.153760249702241003e+00
1.147997545855858892e+00
1.142182312939314937e+00
1.136324860279532833e+00
1.130434142410464249e+00
1.124517916416037933e+00
1.118582927585793252e+00
1.112635064983025668e+00
1.106679456941631612e+00
1.100720591156943096e+00
1.094762413956234415e+00
1.088808398399619071e+00
1.082861627639264857e+00
1.076924856456979551e+00
1.071000572051346689e+00
1.065091050149464147e+00
1.059198382824546369e+00
1.053324514889593333e+00
1.047471266793047251e+00
1.041640360673250054e+00
1.035833447628238924e+00
1.030052125264628193e+00
1.024297961358757725e+00
1.018572511212878950e+00
1.012877339295402468e+00
1.007214036303577975e+00
1.001584237673750488e+00
9.959896404971233519e-01
9.904320187964247291e-01
9.849132359073592413e-01
9.794352537955485216e-01
9.740001417403184591e-01
9.686100823995680287e-01
9.632673798594373338e-01
9.579744671034592374e-01
9.527339132781966757e-01
9.475484250818604348e-01
9.424208486082829017e-01
9.373541666751400436e-01
9.323514958043470635e-01
9.274160827133749452e-01
9.225513013822245201e-01
9.177606525558451578e-01
9.130477574388137230e-01
9.084163525024085972e-01
9.038702814522802109e-01
8.994134851855564161e-01
8.950499890840546424e-01
8.907838846183053771e-01
8.866193168257813229e-01
8.825604734519628680e-01
8.786115711366528913e-01
8.747768462837607339e-01
8.710605450047242959e-01
8.674669082037412826e-01
8.640001563473996837e-01
8.606644736476586344e-01
8.574639920867594967e-01
8.544027786479001518e-01
8.514848213542596245e-01
8.487140117900341396e-01
8.460941299093456269e-01
8.436288292754553497e-01
8.413216198251538547e-01
8.391758510243161329e-01
8.371946977684109337e-01
8.353811460365175856e-01
8.337379768889063847e-01
8.322677513744477507e-01
8.309727971518016121e-01
8.298551956465245460e-01
8.289167676496828063e-01
8.281590580115709699e-01
8.275833217313921519e-01
8.271905107307868654e-01
8.269812596656920256e-01
8.269558726274370830e-01
8.271143113173058392e-01
8.274561861707794286e-01
8.279807506320853161e-01
8.286868967983653800e-01
8.295731511409344394e-01
8.306376702374748122e-01
8.318782382244791496e-01
8.332922654095441528e-01
8.348767864619381918e-01
8.366284593529849101e-01
8.385435661325411072e-01
8.406180154854927533e-01
8.428473489168427646e-01
8.452267499911578774e-01
8.477510546439163130e-01
8.504147627041573898e-01
8.532120512216041508e-01
8.561367889064945835e-01
8.591825505515737760e-01
8.623426316778772804e-01
8.656100639680235354e-01
8.689776317503906666e-01
8.724378888163273338e-01
8.759831747763554555e-01
8.796056313800177939e-01
8.832972202154125707e-01
8.870497421549079498e-01
8.908548576790619178e-01
8.947041080782157652e-01
8.985889369493333945e-01
9.025007115882703879e-01
9.064307457642357679e-01
9.103703245193617288e-01
9.143107301426088851e-01
9.182432686457099313e-01
9.221592964777832746e-01
9.260502481705370492e-01
9.299076659219459584e-01
9.337232305832674495e-01
9.374887930545823256e-01
9.411964055648618377e-01
9.448383525577881414e-01
9.484071815853188925e-01
9.518957340192859551e-01
9.552971747834227978e-01
9.586050208323486643e-01
9.618131676309045197e-01
9.649159126497399708e-01
9.679079753295772859e-01
9.707845128910407295e-01
9.735411313465738292e-01
9.761738910616293285e-01
9.786793062653855735e-01
9.810543378204679144e-01
9.832963784139894248e-01
9.854032294998549268e-01
9.873730694047809786e-01
9.892044119806262525e-01
9.908960554175503255e-01
9.924470212353964094e-01
9.938564837871706192e-01
9.951236908664340408e-01
9.962478762511954855e-01
9.972281654207343360e-01
9.980634761158146961e-01
9.987524156784562956e-01
9.992931773705048260e-01
9.996834381060298869e-01
9.998803829224206519e-01
1.000000000000000000e+00
