1.000000000000000000e+00
1.000000000000000000e+00
1.000000000000023093e+00
1.000000000011282308e+00
1.000000001825843920e+00
1.000000102883671804e+00
1.000002669740538863e+00
1.000037895367609231e+00
1.000318105507986166e+00
1.001548516240363451e+00
1.003592691049498553e+00
9.991332080882673328e-01
9.735760920606676416e-01
9.255939361097077489e-01
8.750650058281459476e-01
8.435836604869476618e-01
8.401197536481181949e-01
8.617021145722025821e-01
8.998112334974267545e-01
9.457572569296253118e-01
9.931402051506285078e-01
1.038120119350062209e+00
1.078787013686274499e+00
1.114436564197412771e+00
1.145030603397082736e+00
1.170860054965517039e+00
1.192353918201294993e+00
1.209978188154282153e+00
1.224185846169698832e+00
1.235394459334006267e+00
1.243978132116621227e+00
1.250266615027400663e+00
1.254547770003171303e+00
1.257071542152589316e+00
1.258055026441316171e+00
1.257686877958988259e+00
1.256130354364366930e+00
1.253526232249104089e+00
1.251660318567378471e+00
1.250725498978707328e+00
1.249312529861893228e+00
1.247238003858429867e+00
1.244481676801058923e+00
1.241126045392528576e+00
1.237266132724970102e+00
1.232981684061289718e+00
1.228339986655766713e+00
1.223397993253908522e+00
1.218203957627876255e+00
1.212798822207669769e+00
1.207217446204343458e+00
1.201489565520533986e+00
1.195640502872179489e+00
1.189691837960252130e+00
1.183662008744482685e+00
1.177566740529448319e+00
1.171419386641147753e+00
1.165231285230466485e+00
1.159012044219815296e+00
1.152769730685691218e+00
1.146511109242573490e+00
1.140241841521208777e+00
1.133966600975525374e+00
1.127689228485911688e+00
1.121412860387545063e+00
1.115140012860403651e+00
1.108872691785980136e+00
1.102612472112227904e+00
1.096360578142079767e+00
1.090117958530814057e+00
1.083885320087388582e+00
1.077663175821755859e+00
1.071451873646084518e+00
1.065251630936995486e+00
1.059062571864928692e+00
1.052884750838254613e+00
1.046718186074645507e+00
1.040562884336992955e+00
1.034418873005925166e+00
1.028286225862453662e+00
1.022165091849511986e+00
1.016055722073886836e+00
1.009958495004452450e+00
1.003873937824818707e+00
9.978027436822147767e-01
9.917457885228099235e-01
9.857041444377643291e-01
9.796790966678028401e-01
9.736721602952584931e-01
9.676850971791149947e-01
9.617199241482872196e-01
9.557789223846521187e-01
9.498646400481864926e-01
9.439798947252401318e-01
9.381277753975721945e-01
9.323116456592482892e-01
9.265351511152561947e-01
9.208022177017295418e-01
9.151170519605263953e-01
9.094841368157180472e-01
9.039082241122564643e-01
8.983943227171550250e-01
8.929476771256328327e-01
8.875737553770118859e-01
8.822782393921865252e-01
8.770670101137185704e-01
8.719461399606850405e-01
8.669218833108097710e-01
8.620006583829433744e-01
8.571890279187519557e-01
8.524936781280487708e-01
8.479213965480860704e-01
8.434790544236068222e-01
8.391735861854896505e-01
8.350119620193219294e-01
8.310011632608289567e-01
8.271481574599865993e-01
8.234598681429896594e-01
8.199431441044864322e-01
8.166047322778923201e-01
8.134512490917483740e-01
8.104891478990473574e-01
8.077246869049774514e-01
8.051638990510375793e-01
8.028125618909688344e-01
8.006761638850633522e-01
7.987598682947426587e-01
7.970684787725015319e-01
7.956064055141021107e-01
7.943776292014720353e-01
7.933856660851478226e-01
7.926335353641685844e-01
7.921237316151187313e-01
7.918582027818982239e-01
7.918383307293711537e-01
7.920649121858156505e-01
7.925381400539102117e-01
7.932575882173297233e-01
7.942221989419440131e-01
7.954302701305063783e-01
7.968794445731652853e-01
7.985667031820924411e-01
8.004883621552082440e-01
8.026400774037873997e-01
8.050168552350807083e-01
8.076130657349340769e-01
8.104224590670789929e-01
8.134381857072413569e-01
8.166528193144186876e-01
8.200583801402281381e-01
8.236463593284882867e-01
8.274077450311712045e-01
8.313330507247426171e-01
8.354123443450364173e-01
8.396352767198480560e-01
8.439911099685264428e-01
8.484687483225260562e-01
8.530567719385884207e-01
8.577434720620894515e-01
8.625168874625358528e-01
8.673648410261486363e-01
8.722749757280140459e-01
8.772347926055045209e-01
8.822316918490012982e-01
8.872530154555841042e-01
8.922860902269464933e-01
8.973182706430812283e-01
9.023369828738877496e-01
9.073297717739871038e-01
9.122843499547790280e-01
9.171886472232230192e-01
9.220308595430510845e-01
9.267994971349753364e-01
9.314834325744569821e-01
9.360719487054187660e-01
9.405547851189731690e-01
9.449221829064989864e-01
9.491649265668219426e-01
9.532743815371785834e-01
9.572425266137567501e-01
9.610619804013060818e-01
9.647260208990067198e-01
9.682285973116065980e-01
9.715643332618786321e-01
9.747285204014537463e-01
9.777171011275467283e-01
9.805266393791736146e-01
9.831542785897833259e-01
9.855976857641004507e-01
9.878549809985525121e-01
9.899246524155117521e-01
9.918054569706161727e-01
9.934963079711235379e-01
9.949961504883320096e-01
9.963038264865582416e-01
9.974179321893893446e-01
9.983366706064595864e-01
9.990577025529441269e-01
9.995779998683184120e-01
9.998405026101137016e-01
1.000000000000000000e+00
