1.000000000000000000e+00
1.000001220803772295e+00
1.000000706022965424e+00
9.999837105675196680e-01
9.999239310802885417e-01
9.997842074709425431e-01
9.995187290208336073e-01
9.990779897639515683e-01
9.984153143311944589e-01
9.974946729710573168e-01
9.963074613645634958e-01
9.948975060948485050e-01
9.933569020678747474e-01
9.918278533342341774e-01
9.905694120889245724e-01
9.900001298313712006e-01
9.906518321068644717e-01
9.929069518533683025e-01
9.971268916583710951e-01
1.003995350254503816e+00
1.014404465225760887e+00
1.029045782925362529e+00
1.047022678252741867e+00
1.066784721138523739e+00
1.087850596052149177e+00
1.109986354622688687e+00
1.134337035798342441e+00
1.157736131779869782e+00
1.173715382731274515e+00
1.182502867150270198e+00
1.185156256489083404e+00
1.185426566898648115e+00
1.190632305028608284e+00
1.189916094569364091e+00
1.172064340818454120e+00
1.147454181939875362e+00
1.122032930726541977e+00
1.106151300699097284e+00
1.104020805413242989e+00
1.095386335719463089e+00
1.072838693780356900e+00
1.047437247904958291e+00
1.024778440487764897e+00
1.014049286811336659e+00
1.023467334475045565e+00
1.022783361016782244e+00
1.005826891814978197e+00
9.871311267721882832e-01
9.680534878800555187e-01
9.525278715059940504e-01
9.852458008378549570e-01
9.838441294839671558e-01
9.711759718587597012e-01
9.606605915857497902e-01
9.302957393146332743e-01
8.753304084107316196e-01
1.010041628813241887e+00
9.694401680710275082e-01
9.520399908848069526e-01
9.473766045611263786e-01
9.065707484452820708e-01
8.240214196909311228e-01
1.034282936646021112e+00
9.677877911189236571e-01
9.456051870960997530e-01
9.453245484193886217e-01
9.461852711823167672e-01
9.538727792287674534e-01
9.763113814625928866e-01
9.914578190158618298e-01
1.001555209326869811e+00
1.013209209699771796e+00
1.027252940972109618e+00
1.044667451026248584e+00
1.064272681468100945e+00
1.082257479364441055e+00
1.097836494111611660e+00
1.112618955479638627e+00
1.127347329164366974e+00
1.142443530921125827e+00
1.157250855541548384e+00
1.170582557980781147e+00
1.182424896267361136e+00
1.193359960192704960e+00
1.203761597635409242e+00
1.213903654368913898e+00
1.223336744599787140e+00
1.231597700812047558e+00
1.238927509826928341e+00
1.245597593814902204e+00
1.251815080748903464e+00
1.257632842661884132e+00
1.262786117386758500e+00
1.267163786466911413e+00
1.270955737518258077e+00
1.274309833165502726e+00
1.277352083364035051e+00
1.279976154918412767e+00
1.282043560984001740e+00
1.283635533246672900e+00
1.284858129956463646e+00
1.285802867263719618e+00
1.286461858436551253e+00
1.286744584800564528e+00
1.286653298974266502e+00
1.286265238610147188e+00
1.285647770159476622e+00
1.284820651784662981e+00
1.283722534005365512e+00
1.282335214536046264e+00
1.280715709106244216e+00
1.278914717389370459e+00
1.276951751887512865e+00
1.274782949114141584e+00
1.272392239929613922e+00
1.269822736099154969e+00
1.267113748442457721e+00
1.264273815479928453e+00
1.261269360663218819e+00
1.258094943681262956e+00
1.254784224447112795e+00
1.251368810301975554e+00
1.247842314691737453e+00
1.244177604162395534e+00
1.240383605400882105e+00
1.236487644247867612e+00
1.232515239111691141e+00
1.228443795288902241e+00
1.224250700252998758e+00
1.219960302100122851e+00
1.215596052955170814e+00
1.211158923802917009e+00
1.206628806929007647e+00
1.202007154930693877e+00
1.197315442492160820e+00
1.192569078928586990e+00
1.187749765487770004e+00
1.182844230755742965e+00
1.177872720222658431e+00
1.172855719115569295e+00
1.167779673619150582e+00
1.162626502637125636e+00
1.157412565766374080e+00
1.152158186282959962e+00
1.146854772178536042e+00
1.141484818927097189e+00
1.136060480988889676e+00
1.130602860359090300e+00
1.125104749970594176e+00
1.119550064788635169e+00
1.113952426738007873e+00
1.108334991694527760e+00
1.102686849231367283e+00
1.096992040250881040e+00
1.091271179158452398e+00
1.085545809938741613e+00
1.079801639486425602e+00
1.074028747176765997e+00
1.068256703341133207e+00
1.062496512047196084e+00
1.056734348201048723e+00
1.050978364828437650e+00
1.045265626278029991e+00
1.039591257757215725e+00
1.033944829818555622e+00
1.028364457253189812e+00
1.022873274812196920e+00
1.017464799660311447e+00
1.012158900663460148e+00
1.007006492716554291e+00
1.002005650954215898e+00
9.971597341062752307e-01
9.925337101650092420e-01
9.881385078780980935e-01
9.839721537259744633e-01
9.800943390733798388e-01
9.765289900362732478e-01
9.732723599136472448e-01
9.703727594202714579e-01
9.678551288079441095e-01
9.657057180428557652e-01
9.639592274592120313e-01
9.626284796948804123e-01
9.616846468921764757e-01
9.611491864928873863e-01
9.610071662126737913e-01
9.612077901126614421e-01
9.617586675401910146e-01
9.626022576148883791e-01
9.636518563342783006e-01
9.648577035240667454e-01
9.660433244352804039e-01
9.668839819141841208e-01
9.666154734792433700e-01
9.624458472949841692e-01
9.488272226106801988e-01
9.911216535533122762e-01
9.989736893823479846e-01
9.989171122927897883e-01
1.037772277840686597e+00
9.396625391208104361e-01
