1.000000000000000000e+00
1.000000940178737974e+00
1.000002312141839100e+00
9.999984076893204676e-01
9.999786307895977000e-01
9.999276126880740634e-01
9.998258217014325266e-01
9.996510606039460400e-01
9.993804892517246241e-01
9.989930861312609212e-01
9.984749762368216874e-01
9.978275374322350677e-01
9.970666718608716117e-01
9.962244453927413534e-01
9.953727203161087944e-01
9.946415505354609943e-01
9.942105905807748778e-01
9.942283272974188346e-01
9.948591098070926897e-01
9.964044397552425103e-01
9.992713639698930228e-01
1.003837131598100729e+00
1.010001864466907096e+00
1.017518620183216038e+00
1.026533207577388973e+00
1.037309519402251690e+00
1.050381794279124481e+00
1.064453188177384657e+00
1.077086564867571150e+00
1.087855036887927396e+00
1.096965130746053507e+00
1.105421954938012208e+00
1.114053904614107360e+00
1.119278348131815370e+00
1.117630875164265847e+00
1.111058524268569103e+00
1.102000104351442467e+00
1.094142671437476677e+00
1.088550481635863765e+00
1.079460399296902517e+00
1.064388778757051846e+00
1.047099107303866905e+00
1.030789371086413109e+00
1.019542713281418100e+00
1.014063114974760094e+00
1.006468690663465670e+00
9.935375507346047019e-01
9.793472174932789098e-01
9.667256360585896324e-01
9.594875383597515350e-01
9.593128830682032815e-01
9.571491997671631724e-01
9.489384361795611955e-01
9.395800518504209276e-01
9.315878986410510709e-01
9.283737303958324860e-01
9.327755449211247996e-01
9.361489132270989222e-01
9.342107437186412122e-01
9.323092825316869892e-01
9.325341626118239802e-01
9.374092183985217597e-01
9.485488273252671299e-01
9.593111953759172472e-01
9.669353272837269975e-01
9.750568633217669978e-01
9.847648214263053923e-01
9.969472107972074948e-01
1.011449293694978602e+00
1.025275531142094021e+00
1.037306426664535763e+00
1.048886717058354012e+00
1.060560426446223614e+00
1.072703543409857740e+00
1.085072544406194828e+00
1.096529972715493795e+00
1.106722761177482139e+00
1.116179455774617191e+00
1.125218329510776494e+00
1.134081385298066236e+00
1.142568592716337150e+00
1.150198129709864014e+00
1.156950406604154935e+00
1.163085538345860259e+00
1.168794060066764784e+00
1.174234580499147862e+00
1.179205258236146081e+00
1.183472852551424204e+00
1.187155934022047443e+00
1.190399092679430337e+00
1.193321014438213590e+00
1.195959760591687848e+00
1.198173359891601564e+00
1.199898076857034868e+00
1.201241341349746028e+00
1.202290994244613165e+00
1.203124675603180149e+00
1.203683239438577246e+00
1.203884881903652504e+00
1.203778264361420103e+00
1.203428860773275932e+00
1.202894583410544227e+00
1.202172806397352467e+00
1.201209022022581285e+00
1.200005307988702308e+00
1.198610884023673329e+00
1.197069455417009154e+00
1.195395033933567719e+00
1.193550383999340880e+00
1.191525077224641516e+00
1.189356390128776697e+00
1.187077862686822805e+00
1.184703246223506312e+00
1.182206063231806992e+00
1.179577396081568974e+00
1.176845975667127453e+00
1.174038135390265802e+00
1.171160606530332382e+00
1.168193514611575612e+00
1.165134861758781115e+00
1.162007360566182701e+00
1.158832275172747561e+00
1.155606947962540598e+00
1.152315887109254033e+00
1.148966228132751510e+00
1.145576490726575747e+00
1.142163793360167601e+00
1.138715658091270067e+00
1.135219888347859252e+00
1.131693005008218345e+00
1.128150749505546946e+00
1.124595150195531135e+00
1.121015798923814977e+00
1.117415321772186054e+00
1.113808065725971019e+00
1.110204514312103541e+00
1.106595622485573083e+00
1.102975585723259044e+00
1.099357766199402286e+00
1.095755269519009145e+00
1.092162070345542135e+00
1.088570009597863653e+00
1.084989929123968855e+00
1.081434420218534864e+00
1.077900421569656153e+00
1.074380488626385466e+00
1.070882831331406493e+00
1.067419861322440378e+00
1.063989362956752949e+00
1.060584975910680905e+00
1.057215128205113208e+00
1.053892360424742103e+00
1.050612636390314547e+00
1.047369905424390124e+00
1.044175069082929008e+00
1.041038765996920690e+00
1.037955372189762748e+00
1.034921519379768284e+00
1.031950618503858497e+00
1.029047471907564626e+00
1.026206508565974840e+00
1.023431153526709325e+00
1.020735644702195133e+00
1.018117174201800923e+00
1.015570942617911587e+00
1.013109938669273680e+00
1.010740601978438624e+00
1.008458388211780132e+00
1.006267767594207774e+00
1.004182943292974972e+00
1.002199562790458964e+00
1.000314976704356651e+00
9.985458105816408247e-01
9.968906502676623260e-01
9.953441070697364168e-01
9.939193736695056680e-01
9.926183119235859609e-01
9.914347615589832463e-01
9.903779317643698343e-01
9.894503158966981848e-01
9.886438827988275335e-01
9.879649204313324384e-01
9.874141212723923644e-01
9.869813046365487619e-01
9.866710995337731882e-01
9.864787372689247658e-01
9.863899882166867750e-01
9.864072108853405574e-01
9.865144148392540613e-01
9.866861099698928106e-01
9.869040786619316385e-01
9.871066101552642413e-01
9.871707645723251101e-01
9.867992993707485061e-01
9.849944868637749984e-01
9.785255059397223176e-01
9.973505156395104931e-01
9.990222575946728911e-01
9.978189427278377766e-01
1.015101067812259839e+00
9.816943697134217217e-01
