1.000000000000000000e+00
1.000001310754547568e+00
1.000001120690616085e+00
9.999847572286617581e-01
9.999259666505618815e-01
9.997875903076227644e-01
9.995237268441595768e-01
9.990846095931128490e-01
9.984230362506113510e-01
9.975020747699958612e-01
9.963116317269432587e-01
9.948931787254107206e-01
9.933357376849712983e-01
9.917778839389964629e-01
9.904740216453783441e-01
9.898370489189971533e-01
9.903932077288871705e-01
9.925228079881216470e-01
9.965874562403146397e-01
1.003269764754632476e+00
1.013461136454177458e+00
1.027858265576265362e+00
1.045594714291156135e+00
1.065163699313204315e+00
1.086111511441439470e+00
1.108221757477322544e+00
1.132613607044504311e+00
1.156103798136394856e+00
1.172270543155369271e+00
1.181314293664543547e+00
1.184285258965834364e+00
1.184882525937713149e+00
1.190249289288786816e+00
1.189706609067352927e+00
1.172123379905932294e+00
1.147707638476626046e+00
1.122382166579898533e+00
1.106438709486120997e+00
1.104209862508204187e+00
1.095498674074690371e+00
1.072913310881337345e+00
1.047544070040330899e+00
1.024861884535720025e+00
1.013918533955421086e+00
1.023541027278166204e+00
1.022865799843017065e+00
1.005830623185080430e+00
9.872575124130934521e-01
9.681580507530140878e-01
9.517466911166216903e-01
9.860492570211576435e-01
9.841415840998158915e-01
9.711381859984714593e-01
9.607203867905256267e-01
9.302253244089225825e-01
8.732086879171794269e-01
1.011767018576164912e+00
9.694783918968917780e-01
9.516184898570959616e-01
9.470114054312882557e-01
9.073307170750684048e-01
8.259566281975722069e-01
1.032488725530250395e+00
9.672026360994001593e-01
9.454723339994954845e-01
9.453347557691427205e-01
9.461768295719377164e-01
9.538419181287985937e-01
9.765410642842073941e-01
9.916166230090854850e-01
1.001699969755946107e+00
1.013426066497543632e+00
1.027507400317535291e+00
1.044922914468246589e+00
1.064508147551716633e+00
1.082468824489885906e+00
1.098035716785836335e+00
1.112809260714044512e+00
1.127521573374896002e+00
1.142593510451826333e+00
1.157373462410126397e+00
1.170681428705226290e+00
1.182504151747491683e+00
1.193420528379655288e+00
1.203802478079403215e+00
1.213923236503404723e+00
1.223335626182118219e+00
1.231578382373094582e+00
1.238891562071116059e+00
1.245545561008169599e+00
1.251746901460266237e+00
1.257548471440465887e+00
1.262686426659918926e+00
1.267049980700081457e+00
1.270828475957695547e+00
1.274169397485833688e+00
1.277198500321521157e+00
1.279809782095638448e+00
1.281865106002858079e+00
1.283445516045182977e+00
1.284656843709952145e+00
1.285590435776013729e+00
1.286238456543151054e+00
1.286510589789096048e+00
1.286409089469881195e+00
1.286011052868802684e+00
1.285383735595957422e+00
1.284546879714914214e+00
1.283439259584454595e+00
1.282042711980663663e+00
1.280414163223647872e+00
1.278604239066486015e+00
1.276632433656624821e+00
1.274454966739201112e+00
1.272055803918003880e+00
1.269477998287413589e+00
1.266760809971306800e+00
1.263912776446936004e+00
1.260900385043417948e+00
1.257718215510226445e+00
1.254399888378408212e+00
1.250976975256530954e+00
1.247443113108562152e+00
1.243771225136373504e+00
1.239970240119025791e+00
1.236067457447790785e+00
1.232088371385484216e+00
1.228010441376644835e+00
1.223811112528248479e+00
1.219514715179750519e+00
1.215144683994198171e+00
1.210702011182071658e+00
1.206166650915516225e+00
1.201540083114305268e+00
1.196843773308367442e+00
1.192093131574543774e+00
1.187269929325693640e+00
1.182360962554026118e+00
1.177386476631210988e+00
1.172366953100066889e+00
1.167288914211747741e+00
1.162134375840313316e+00
1.156919715266405913e+00
1.151665259945120923e+00
1.146362502065953359e+00
1.140994058788108667e+00
1.135572126620200351e+00
1.130117818147702735e+00
1.124624031532023949e+00
1.119074832771564276e+00
1.113483896174819687e+00
1.107874386537832656e+00
1.102235542904839383e+00
1.096551598019958051e+00
1.090843200437577876e+00
1.085131910597580962e+00
1.079403638077440997e+00
1.073648664756858162e+00
1.067896537497022402e+00
1.062158329415492597e+00
1.056420452364352780e+00
1.050691159086546200e+00
1.045007379284956128e+00
1.039364397348804481e+00
1.033752001412291621e+00
1.028208090945691433e+00
1.022755656843861605e+00
1.017388328171551226e+00
1.012125796912114017e+00
1.007018394325954080e+00
1.002064121952094045e+00
9.972661750105197287e-01
9.926885277146875186e-01
9.883416878221753521e-01
9.842233940857989527e-01
9.803921373943031981e-01
9.768710523285486502e-01
9.736559792613789233e-01
9.707940101147863876e-01
9.683091979804964167e-01
9.661875444638415855e-01
9.644627774702831946e-01
9.631471591923215225e-01
9.622120709895451984e-01
9.616784580088585388e-01
9.615315798057387786e-01
9.617215065639419525e-01
9.622558406990519009e-01
9.630781438507058922e-01
9.641032568824099425e-01
9.652822878586164723e-01
9.664413646762657351e-01
9.672600823932655523e-01
9.669847367539069483e-01
9.628640819484647340e-01
9.493359291527175836e-01
9.911926858987060163e-01
9.990434286683587128e-01
9.985589377399808342e-01
1.037076399153624928e+00
9.416708717543416096e-01
