1.000000000000000000e+00
1.000000109379246105e+00
9.999993156077902068e-01
9.999938942175701229e-01
9.999773099916303698e-01
9.999403342694926922e-01
9.998714980094315363e-01
9.997581376636234252e-01
9.995878013577121912e-01
9.993499625926884899e-01
9.990396224259541214e-01
9.986627459044236099e-01
9.982359710213598580e-01
9.977878548628473787e-01
9.973744387887938379e-01
9.970914308572800255e-01
9.970688092238454425e-01
9.974182000454948627e-01
9.982635465388415286e-01
9.998204403629382675e-01
1.002375362559020378e+00
1.006196558972055177e+00
1.011240801839817793e+00
1.017369596881150695e+00
1.024700290961935378e+00
1.033423818172140241e+00
1.043894119629158457e+00
1.055255344713112331e+00
1.065906508342713721e+00
1.075513663829848587e+00
1.084132584769722074e+00
1.092294227085889080e+00
1.100294279069979453e+00
1.105679094428065889e+00
1.106188958461206573e+00
1.102877193930721367e+00
1.097263542091263089e+00
1.091578072752438011e+00
1.086284678478151910e+00
1.078039965515632526e+00
1.065472401321656770e+00
1.050912687161961845e+00
1.036663752419451745e+00
1.025288395971800659e+00
1.016896804245301711e+00
1.007355121974563561e+00
9.949438901771950894e-01
9.819105715879734575e-01
9.703591903599179114e-01
9.625624900651934546e-01
9.587375392847542477e-01
9.546320150827291018e-01
9.481230018455162334e-01
9.414185899013335357e-01
9.364264404600588509e-01
9.350837966923952749e-01
9.378709339132785816e-01
9.411065037203748540e-01
9.426845844854206957e-01
9.445586023001795173e-01
9.481395024170279351e-01
9.546041608454657323e-01
9.640798554318953384e-01
9.738531241128720595e-01
9.823947946301686551e-01
9.909185378951511636e-01
1.000144025599109865e+00
1.010556733427141474e+00
1.022026850903497985e+00
1.033086968604810529e+00
1.042999659303409432e+00
1.052378071401024240e+00
1.061604724517277942e+00
1.070948152236612660e+00
1.080290385994454150e+00
1.088952069267284051e+00
1.096682708789172400e+00
1.103804668370440112e+00
1.110546789407076185e+00
1.117087024010949170e+00
1.123303950846478383e+00
1.128872283307248425e+00
1.133771638508471957e+00
1.138183604603326238e+00
1.142249464919881330e+00
1.146087677006935701e+00
1.149557761729346206e+00
1.152490633429285261e+00
1.154970553549142798e+00
1.157105201361068092e+00
1.158984748482568383e+00
1.160639462396269250e+00
1.161964807869131366e+00
1.162912832385881501e+00
1.163564269985271071e+00
1.163986667254071738e+00
1.164239899467881534e+00
1.164280119194154306e+00
1.164045483946507753e+00
1.163573245124283506e+00
1.162914170903875943e+00
1.162113382695697972e+00
1.161169571636785580e+00
1.160041467624951306e+00
1.158731066879544302e+00
1.157276769964442176e+00
1.155712853171626087e+00
1.154050649017060559e+00
1.152262026764290903e+00
1.150339431870500029e+00
1.148312082687360292e+00
1.146206357504146567e+00
1.144033299395776915e+00
1.141773022787033076e+00
1.139419148927095060e+00
1.136994232280970740e+00
1.134518950123001302e+00
1.131998858470270486e+00
1.129419160931247168e+00
1.126778769108296663e+00
1.124095465150409368e+00
1.121385833754214190e+00
1.118648185696494268e+00
1.115871116077341796e+00
1.113060418877074076e+00
1.110230476070234396e+00
1.107394480197858577e+00
1.104543288374689514e+00
1.101668041576362889e+00
1.098781446100969061e+00
1.095895531813642743e+00
1.093012000175865417e+00
1.090123308751375308e+00
1.087231638285338642e+00
1.084347807864273650e+00
1.081479668136298811e+00
1.078620660948296450e+00
1.075766668364821488e+00
1.072927596952662821e+00
1.070113044419743753e+00
1.067318633971349184e+00
1.064538496294356706e+00
1.061780504451424134e+00
1.059053680356236704e+00
1.056355739068721711e+00
1.053681297426225516e+00
1.051036144708628495e+00
1.048428953073282877e+00
1.045857967069743211e+00
1.043318537474793084e+00
1.040816410465084330e+00
1.038360103539932133e+00
1.035946503627747983e+00
1.033571137891883929e+00
1.031241262985954865e+00
1.028963839667807800e+00
1.026734604687073560e+00
1.024550880565288757e+00
1.022421403712491239e+00
1.020348958537765416e+00
1.018329295854518479e+00
1.016364255004229777e+00
1.014462875548091558e+00
1.012622710797858927e+00
1.010840019634559273e+00
1.009122885606845044e+00
1.007474966557367901e+00
1.005892654033413880e+00
1.004378299214496284e+00
1.002940601764935602e+00
1.001576076322698849e+00
1.000282397044717664e+00
9.990697913155521803e-01
9.979367325083952078e-01
9.968791703514183755e-01
9.959051017588903543e-01
9.950152052553817850e-01
9.942050439899352554e-01
9.934801161761128707e-01
9.928416346241936141e-01
9.922841227999290581e-01
9.918113390335802082e-01
9.914235055019194887e-01
9.911139483199751243e-01
9.908855093561166338e-01
9.907350557395324664e-01
9.906534165834476324e-01
9.906419696837940325e-01
9.906902308130004497e-01
9.907812989597249986e-01
9.909021397385093799e-01
9.910100984012641945e-01
9.910187519391189248e-01
9.907169925448583436e-01
9.894078394599283843e-01
9.847428081953415457e-01
9.983092896221893442e-01
9.991514691750088550e-01
1.000287746885160978e+00
1.014279910173665478e+00
9.815157670079754926e-01
