1.000000000000000000e+00
1.000002712831605578e+00
1.000008878845038085e+00
1.000009111442302201e+00
9.999851124662032520e-01
9.999097699434269515e-01
9.997480427787827084e-01
9.994592767274229628e-01
9.990003388980398524e-01
9.983294115194354390e-01
9.974144478079625120e-01
9.962461331089708105e-01
9.948361792966770034e-01
9.932195769474728708e-01
9.914931839044811568e-01
9.898455095423902561e-01
9.885418538598103044e-01
9.877912305082728883e-01
9.878237130125133714e-01
9.890884557164919544e-01
9.922015905258093627e-01
9.977269724559346686e-01
1.005446896355011610e+00
1.014897760648755254e+00
1.026257788108225100e+00
1.039904168940541940e+00
1.056707675936077839e+00
1.074590607129739972e+00
1.089575872048462957e+00
1.101156010670438778e+00
1.109881507616969465e+00
1.117724991797925282e+00
1.127054106113430265e+00
1.132182263070662609e+00
1.126777277554604106e+00
1.114947123645055882e+00
1.100497260177890180e+00
1.089905924199083387e+00
1.086885536957801657e+00
1.078927439229141694e+00
1.060695772040269658e+00
1.040075801666084709e+00
1.020623257800037376e+00
1.008864471684926434e+00
1.013814054032961431e+00
1.011587571992417223e+00
9.960597287580756909e-01
9.799533831803644013e-01
9.643301074803654060e-01
9.514167033078220204e-01
9.713128372646663289e-01
9.738705536552322295e-01
9.588351113395408021e-01
9.467085052793401401e-01
9.341865877465697077e-01
9.171254839253569768e-01
9.464833694096426164e-01
9.507325654506061374e-01
9.367071705745025900e-01
9.292798899144049107e-01
9.217473833534870487e-01
9.115645522552134894e-01
9.437200911766117084e-01
9.523717276713328239e-01
9.491750802109250040e-01
9.535620100886174066e-01
9.602154600070295087e-01
9.725511299451967684e-01
9.932803733847891392e-01
1.009366006648674263e+00
1.021548111549153370e+00
1.034677473642731105e+00
1.048703843142250181e+00
1.064237519463459458e+00
1.080682937319829673e+00
1.095664462261347172e+00
1.108809311644291862e+00
1.121185466065761638e+00
1.133214400544157563e+00
1.145230349677277548e+00
1.156852057861692762e+00
1.167300427144262853e+00
1.176580183630147047e+00
1.185091091745659408e+00
1.193094895388859822e+00
1.200808410793341885e+00
1.207922556887941035e+00
1.214103477670473774e+00
1.219527957871579193e+00
1.224395536738180690e+00
1.228864869436382401e+00
1.232983157632553395e+00
1.236552512476777332e+00
1.239487518735032046e+00
1.241934397813968527e+00
1.244008724618882900e+00
1.245811935082632660e+00
1.247262996490146492e+00
1.248252987772633160e+00
1.248846466573393599e+00
1.249128464778598957e+00
1.249173525382357708e+00
1.248976859677753071e+00
1.248466370518087398e+00
1.247644307075745695e+00
1.246573872526357096e+00
1.245310702906072819e+00
1.243871969477736927e+00
1.242208486451300331e+00
1.240306015463335632e+00
1.238211947488950138e+00
1.235968662150251252e+00
1.233593069346277327e+00
1.231050030590167932e+00
1.228327154665115328e+00
1.225460715485411578e+00
1.222483881635545666e+00
1.219404550130889442e+00
1.216196069536565449e+00
1.212854936639786718e+00
1.209409740953890422e+00
1.205887315764695877e+00
1.202283390363226623e+00
1.198576846023901243e+00
1.194776091996138101e+00
1.190904491686147537e+00
1.186983793904484719e+00
1.182996774948669172e+00
1.178926416291779633e+00
1.174793671887180757e+00
1.170618621452993890e+00
1.166403238596238179e+00
1.162132812279131899e+00
1.157809983665085030e+00
1.153453225097204049e+00
1.149076027071803230e+00
1.144665455534528142e+00
1.140212810085493578e+00
1.135735543876423836e+00
1.131251028322750818e+00
1.126750413806200779e+00
1.122221732267116412e+00
1.117679351596652104e+00
1.113140349704651699e+00
1.108600027823142709e+00
1.104047384564388778e+00
1.099493524055857874e+00
1.094955803713690168e+00
1.090430857427655331e+00
1.085909254903661747e+00
1.081402928165108301e+00
1.076930122047012661e+00
1.072485052187449828e+00
1.068058839451177855e+00
1.063667718264022621e+00
1.059327934894271017e+00
1.055031568239254147e+00
1.050773969136268970e+00
1.046576068003421955e+00
1.042446077505932545e+00
1.038376367524629140e+00
1.034373174055124966e+00
1.030459867794502715e+00
1.026633501193775277e+00
1.022887916843719935e+00
1.019245233274351792e+00
1.015717579082575650e+00
1.012299602768410134e+00
1.009000481704972696e+00
1.005845470918091733e+00
1.002829834105632534e+00
9.999515038365501818e-01
9.972402661512912436e-01
9.946963124598292572e-01
9.923130631148058267e-01
9.901149077509602270e-01
9.881073484500090265e-01
9.862821964138327457e-01
9.846570193972824514e-01
9.832379269145807843e-01
9.820128932896605711e-01
9.809939677105112832e-01
9.801834456868235845e-01
9.795647688834456801e-01
9.791464126249633804e-01
9.789205850852651380e-01
9.788632007268227575e-01
9.789786181363193673e-01
9.792402093198996349e-01
9.796062291310072556e-01
9.800499184894639892e-01
9.804763010037355064e-01
9.807012845097650144e-01
9.802870173181222890e-01
9.777198626179489649e-01
9.684491820784277838e-01
9.954396300396507469e-01
9.991267524210588613e-01
9.923539569588341047e-01
1.013879629617517431e+00
9.861339424076216442e-01
