1.000000000000000000e+00
1.000003087848201133e+00
1.000010244101174894e+00
1.000011226437419909e+00
9.999859732910014731e-01
9.999047021572355920e-01
9.997288649433372365e-01
9.994136641728766923e-01
9.989114577248906501e-01
9.981758752423071090e-01
9.971710217481729588e-01
9.958855948082230292e-01
9.943309604893335596e-01
9.925435733882430611e-01
9.906271005743476632e-01
9.887848270232968417e-01
9.873031741208637690e-01
9.864062813715840372e-01
9.863402849232926206e-01
9.875887104314968745e-01
9.908151718777291617e-01
9.966248504912477157e-01
1.004770490907960223e+00
1.014734292214926947e+00
1.026695127164816590e+00
1.041045427846119642e+00
1.058726675760407243e+00
1.077486327366184993e+00
1.092997070465132836e+00
1.104755076044423578e+00
1.113389747676758024e+00
1.121086111590417600e+00
1.130689492659503470e+00
1.136018830658248602e+00
1.129902006592604424e+00
1.117092534005231119e+00
1.101598260796556428e+00
1.090482235662157962e+00
1.088566311558503585e+00
1.081182299619328768e+00
1.062233238054353546e+00
1.041006191195629427e+00
1.020754010060795247e+00
1.007809097104124252e+00
1.016587564872151184e+00
1.015396558245561520e+00
9.983842147027399694e-01
9.819138033369857466e-01
9.654408261889458887e-01
9.454053229997876340e-01
9.792283265288582728e-01
9.794510844598062205e-01
9.614043099194273800e-01
9.495126917758283103e-01
9.360054569677422887e-01
9.040795815256312817e-01
9.614579897382456997e-01
9.565926206792604303e-01
9.386896926280016151e-01
9.314990731305733407e-01
9.224925230362267525e-01
8.970051587470670995e-01
9.554799922004932888e-01
9.545647846618895427e-01
9.469613574245386856e-01
9.510765606315314535e-01
9.563479765729712145e-01
9.677890234677574144e-01
9.913150910069931099e-01
1.007039007259167951e+00
1.018484795952197874e+00
1.031667379239239679e+00
1.045910281301064115e+00
1.061955834454250569e+00
1.079115375821362743e+00
1.094636120832330306e+00
1.108200294446648027e+00
1.121026923546195597e+00
1.133543706706481968e+00
1.146101908975263539e+00
1.158273112665465066e+00
1.169209680961170728e+00
1.178925434195662980e+00
1.187850624410038636e+00
1.196260241315113770e+00
1.204381883499602734e+00
1.211882996139828084e+00
1.218409255808524883e+00
1.224149640036571007e+00
1.229314337064933094e+00
1.234069387908828697e+00
1.238463327095488120e+00
1.242287278153750618e+00
1.245451770919380641e+00
1.248110386322987209e+00
1.250383760382288045e+00
1.252377568963408683e+00
1.254006603968751854e+00
1.255156976023099613e+00
1.255896155521222912e+00
1.256312669291574480e+00
1.256483972908380320e+00
1.256404815992085311e+00
1.255999943235495797e+00
1.255271630941115379e+00
1.254285524355132520e+00
1.253099309886133605e+00
1.251730662776010083e+00
1.250128280733916908e+00
1.248277245190111406e+00
1.246226673597838897e+00
1.244020436193995272e+00
1.241675947524967016e+00
1.239156541262500522e+00
1.236449197755499219e+00
1.233591450424834646e+00
1.230617599834952003e+00
1.227535701153276593e+00
1.224317898417905726e+00
1.220960386425668842e+00
1.217492715063347886e+00
1.213942625334277547e+00
1.210305520260893664e+00
1.206559260165683600e+00
1.202712416004953822e+00
1.198789126832566554e+00
1.194811885349495562e+00
1.190762585207662871e+00
1.186623301584541990e+00
1.182415687368938206e+00
1.178160508976189957e+00
1.173859660188866672e+00
1.169497595316682181e+00
1.165076872508685080e+00
1.160616609090319384e+00
1.156130749659031620e+00
1.151605577861001484e+00
1.147031774013204108e+00
1.142427427963058406e+00
1.137810591280976835e+00
1.133171801901083686e+00
1.128498281544530579e+00
1.123804933407162920e+00
1.119109562228634447e+00
1.114407056410656960e+00
1.109685624864414022e+00
1.104956794579214474e+00
1.100238752553760246e+00
1.095527799943914582e+00
1.090813787754371988e+00
1.086109204936828387e+00
1.081433308717139496e+00
1.076779863275846072e+00
1.072139306089559874e+00
1.067528831513287368e+00
1.062965735367819686e+00
1.058441541369189220e+00
1.053951241467818489e+00
1.049517254918868492e+00
1.045148460995486639e+00
1.040836745704101229e+00
1.036588903457640765e+00
1.032430267380354483e+00
1.028357875899343910e+00
1.024365289165509951e+00
1.020476688730078685e+00
1.016705558842727841e+00
1.013046466319699634e+00
1.009509774058558795e+00
1.006123427091069722e+00
1.002882787652877639e+00
9.997861143236619341e-01
9.968664957369757218e-01
9.941247535903723342e-01
9.915542722739533188e-01
9.891823714383353172e-01
9.870157001810936359e-01
9.850458388430852752e-01
9.832926277547653360e-01
9.817632939357618937e-01
9.804450440890597473e-01
9.793515140389773554e-01
9.784855389010262972e-01
9.778291000840189096e-01
9.773916874912552677e-01
9.771647978175865834e-01
9.771219246150272264e-01
9.772679053467495658e-01
9.775734843175152289e-01
9.779929599600952761e-01
9.784976355849688279e-01
9.789848503282356784e-01
9.792567961585396663e-01
9.788445654972054433e-01
9.761158704556900378e-01
9.662620497870667569e-01
9.949598633779311863e-01
9.992051650589650613e-01
9.911871759645211055e-01
1.013681473017593149e+00
9.869619857753210157e-01
