1.000000000000000000e+00
1.000003185401877159e+00
1.000010217082553998e+00
1.000009404032966565e+00
9.999781099014116714e-01
9.998829109720288599e-01
9.996807538581041763e-01
9.993219347824801035e-01
9.987541201694974946e-01
9.979272110992650768e-01
9.968041628005107624e-01
9.953775454179196736e-01
9.936674196311663376e-01
9.917242599442015472e-01
9.896777814589950983e-01
9.877736823011669109e-01
9.863528121754618905e-01
9.856811730392004423e-01
9.860457084872297218e-01
9.879995637795053742e-01
9.922924501467956793e-01
9.995957026750142971e-01
1.009587366296895050e+00
1.021615181014440266e+00
1.035806625291471050e+00
1.052498634703663116e+00
1.072680484884031227e+00
1.093763763316511817e+00
1.110830622769305220e+00
1.123448701574498054e+00
1.132339569948771052e+00
1.139978877827455328e+00
1.150123432840129967e+00
1.155666675689146050e+00
1.148007061118188288e+00
1.133146563087000569e+00
1.115437296427252534e+00
1.102888442581852146e+00
1.101599342775317236e+00
1.093977396449469008e+00
1.073203001151617153e+00
1.050302757167001388e+00
1.028345842270897981e+00
1.013337155861488315e+00
1.025584607462550091e+00
1.024375004823543822e+00
1.005298409057661990e+00
9.880422518622716810e-01
9.698043081120433229e-01
9.384312669088942238e-01
9.944967603185543847e-01
9.861882186702364272e-01
9.660116408360311935e-01
9.549544498531682413e-01
9.350802810850044056e-01
8.679169314953519843e-01
1.003832891756398116e+00
9.629937555235112967e-01
9.420055937694995496e-01
9.360378265981408319e-01
9.198350023780113016e-01
8.575914926692287388e-01
9.928351491313338606e-01
9.566245449701529235e-01
9.438776801047208398e-01
9.476553674003481698e-01
9.507769028353032503e-01
9.602174999048016524e-01
9.871979811469969723e-01
1.001982684077344921e+00
1.012551589625114490e+00
1.025745133707882450e+00
1.040259856519677895e+00
1.057031606548786140e+00
1.075235332378139841e+00
1.091646149606058103e+00
1.105948888555772891e+00
1.119532426531806291e+00
1.132864120223557425e+00
1.146319468208125025e+00
1.159401687462258579e+00
1.171161213270236034e+00
1.181614321199811579e+00
1.191236610459250667e+00
1.200328518689495638e+00
1.209133664335941383e+00
1.217284217762056642e+00
1.224393445017921245e+00
1.230667520298374784e+00
1.236334637407881187e+00
1.241573402222065692e+00
1.246434389615835414e+00
1.250691526549092103e+00
1.254248738436305244e+00
1.257271187222364972e+00
1.259888037717451059e+00
1.262211742741389697e+00
1.264150521165866570e+00
1.265582606805560451e+00
1.266580019062475859e+00
1.267236995073687034e+00
1.267635695293917175e+00
1.267770138572580585e+00
1.267560071206460748e+00
1.267007796117466611e+00
1.266182859691976637e+00
1.265146242838035562e+00
1.263916410039611860e+00
1.262438706538881128e+00
1.260697125402265195e+00
1.258743510653753672e+00
1.256624105109584999e+00
1.254357106141712475e+00
1.251903418024236769e+00
1.249249007245446519e+00
1.246433379761081817e+00
1.243492617628975561e+00
1.240435003333561825e+00
1.237230749816596198e+00
1.233875541827800904e+00
1.230400421292268121e+00
1.226834540676012386e+00
1.223172752607781577e+00
1.219391258003357459e+00
1.215498839242891593e+00
1.211520830087607692e+00
1.207480865089469724e+00
1.203359383732060195e+00
1.199136957497651146e+00
1.194836295987404373e+00
1.190479212388671826e+00
1.186067414415429733e+00
1.181583947023493231e+00
1.177031159625155476e+00
1.172429138851632358e+00
1.167792493025838541e+00
1.163106156626024346e+00
1.158359710167028878e+00
1.153572188906936358e+00
1.148762669961465477e+00
1.143920591388813301e+00
1.139031730611255844e+00
1.134111760856908679e+00
1.129179585319372459e+00
1.124229293798887142e+00
1.119247648432068365e+00
1.114246751466191787e+00
1.109246061497637381e+00
1.104241189929995315e+00
1.099220624398251633e+00
1.094197655906575362e+00
1.089193141215651250e+00
1.084199932755323781e+00
1.079207134611767760e+00
1.074233457161290151e+00
1.069297897957458332e+00
1.064390877191539575e+00
1.059506611406826115e+00
1.054670026471081101e+00
1.049891085453534156e+00
1.045160704626059811e+00
1.040486583550483735e+00
1.035897537074309094e+00
1.031390539117142957e+00
1.026958595047508416e+00
1.022629664043740227e+00
1.018419775823502738e+00
1.014323409101208995e+00
1.010353227381361574e+00
1.006542357201518412e+00
1.002886529869151611e+00
9.993848207657335392e-01
9.960768294647535104e-01
9.929648703365803186e-01
9.900425550709361922e-01
9.873431459692387779e-01
9.848758486651412181e-01
9.826321349363275059e-01
9.806365733649182737e-01
9.788988769999530382e-01
9.774050428766984933e-01
9.761720340395843021e-01
9.752039306290455345e-01
9.744800095530145034e-01
9.740118144260501154e-01
9.737894697007702938e-01
9.737817266616274336e-01
9.739942697076356959e-01
9.743926185570077614e-01
9.749232859691402409e-01
9.755537387981504382e-01
9.761664935487158745e-01
9.765375316782638482e-01
9.761382408437919711e-01
9.731047225473361539e-01
9.622622211964418915e-01
9.939977945937775727e-01
9.993635081110815443e-01
9.911538044458018115e-01
1.017012823648683728e+00
9.822009576643866424e-01
