1.000000000000000000e+00
1.000003100193074701e+00
1.000009759910903462e+00
1.000008011622723458e+00
9.999748085198927328e-01
9.998762080944030295e-01
9.996685889498561073e-01
9.993017503326607764e-01
9.987230898421514125e-01
9.978826587294989947e-01
9.967443777032909402e-01
9.953031852631804011e-01
9.935828775538718682e-01
9.916391328693741070e-01
9.896097973388376934e-01
9.877524151276888542e-01
9.864220946818634816e-01
9.858956155742436556e-01
9.864695214592136274e-01
9.887117674822234470e-01
9.933890049362374963e-01
1.001183326143037178e+00
1.011749276882744741e+00
1.024394314164724262e+00
1.039221578646288835e+00
1.056538815288572408e+00
1.077332063546933449e+00
1.098935074728836669e+00
1.116305200317980972e+00
1.129036580101750786e+00
1.137867232343467094e+00
1.145332597365352090e+00
1.155382844302398571e+00
1.160697523486871274e+00
1.152432679274869587e+00
1.136865571658171037e+00
1.118458118056137707e+00
1.105419220827676963e+00
1.103868198282702773e+00
1.095901744002292455e+00
1.074662915793874518e+00
1.051300911951950523e+00
1.028989814836535510e+00
1.013895180760781223e+00
1.026026232000269545e+00
1.024712185379415663e+00
1.005560520986623851e+00
9.881635023038448651e-01
9.696796983163710193e-01
9.383914609185263211e-01
9.947964894001500857e-01
9.861999791588774711e-01
9.663077535194455336e-01
9.553974747684372826e-01
9.342852831614898435e-01
8.649373418252290779e-01
1.007582653312688148e+00
9.636098267837993614e-01
9.425300043352026202e-01
9.367221117022002108e-01
9.188712934228510099e-01
8.537236951705857724e-01
9.967953502229799367e-01
9.568725097697273752e-01
9.434708061232227605e-01
9.469780886190940494e-01
9.498031801175247368e-01
9.590009998037021255e-01
9.859813524623038949e-01
1.000723953790600529e+00
1.011245685955423301e+00
1.024408752262110811e+00
1.038965227975598538e+00
1.055859396025119468e+00
1.074242620136448556e+00
1.090837028671239439e+00
1.105300768094645614e+00
1.119039616827701922e+00
1.132537256940724379e+00
1.146173431845485258e+00
1.159439731429388942e+00
1.171368206606616891e+00
1.181972924241650125e+00
1.191737752648793558e+00
1.200969061104019575e+00
1.209913418057140921e+00
1.218196501998727532e+00
1.225425228445768955e+00
1.231808719506946925e+00
1.237578910219258033e+00
1.242917027953118980e+00
1.247874033642001335e+00
1.252220521204908010e+00
1.255859084496987244e+00
1.258957138233880002e+00
1.261645607065796204e+00
1.264038279860923542e+00
1.266042092224499482e+00
1.267533731202002301e+00
1.268586094657886409e+00
1.269294566897766208e+00
1.269742243794001357e+00
1.269922999410276088e+00
1.269755600791398376e+00
1.269242352513522576e+00
1.268453569382920643e+00
1.267450883979986953e+00
1.266252912648348383e+00
1.264804344094876631e+00
1.263088956317332645e+00
1.261159124809929866e+00
1.259061557698075262e+00
1.256814602024889149e+00
1.254378685282837136e+00
1.251739572566803238e+00
1.248937151268012746e+00
1.246007849230245768e+00
1.242959989090099526e+00
1.239763402511369517e+00
1.236413669163436424e+00
1.232942117197960208e+00
1.229378169928155184e+00
1.225716566574520661e+00
1.221933176766662577e+00
1.218036816337901396e+00
1.214053046167662409e+00
1.210005717076023446e+00
1.205874974852821468e+00
1.201641085549337573e+00
1.197326955874997045e+00
1.192954595713985544e+00
1.188525665653520358e+00
1.184022920005138424e+00
1.179448653376475198e+00
1.174823131612365401e+00
1.170161081975314543e+00
1.165447155571603721e+00
1.160670696423353299e+00
1.155850911857457808e+00
1.151007068560431668e+00
1.146128365590250553e+00
1.141200268324474854e+00
1.136238584371801696e+00
1.131262419680414855e+00
1.126265680038628147e+00
1.121234807461921168e+00
1.116181996390988251e+00
1.111126942678193785e+00
1.106065090181409971e+00
1.100984615610605788e+00
1.095898947510841381e+00
1.090829249561050096e+00
1.085768155221809250e+00
1.080704456492626031e+00
1.075657152963318985e+00
1.070645575773039981e+00
1.065659881454755764e+00
1.060694089318630073e+00
1.055773635467171623e+00
1.050908692854353843e+00
1.046089942281534180e+00
1.041325256334965088e+00
1.036644194329669810e+00
1.032043702579800604e+00
1.027516650249845398e+00
1.023091827361095385e+00
1.018785833822895670e+00
1.014593134980630973e+00
1.010526924072878252e+00
1.006621521369378547e+00
1.002872773201690881e+00
9.992799763619096831e-01
9.958842636241875823e-01
9.926883470162869427e-01
9.896859476400152733e-01
9.869117626255962117e-01
9.843756590247136895e-01
9.820691516300180668e-01
9.800179763138560096e-01
9.782324912323459021e-01
9.766984697930681802e-01
9.754337029287253324e-01
9.744426028930641692e-01
9.737038436316111101e-01
9.732294656139002242e-01
9.730092752374474019e-01
9.730109086484550751e-01
9.732402296216118298e-01
9.736615122275983358e-01
9.742194287871726033e-01
9.748805303083422080e-01
9.755238846526911312e-01
9.759194190864705076e-01
9.755246306471114792e-01
9.724213188979587974e-01
9.613740972303358445e-01
9.937762653441591931e-01
9.993918548774461952e-01
9.915179410413742511e-01
1.018368632772792548e+00
9.800221821779830922e-01
