1.000000000000000000e+00
1.000002044204852059e+00
1.000006395929287306e+00
1.000005037101720395e+00
9.999825416882963669e-01
9.999161795859595747e-01
9.997766982738348629e-01
9.995303329140122761e-01
9.991415266005972962e-01
9.985762300689957627e-01
9.978091963347761606e-01
9.968351399142828528e-01
9.956674078979894649e-01
9.943400078950949128e-01
9.929406202544313054e-01
9.916361627715147842e-01
9.906603283331154586e-01
9.901999963988789011e-01
9.904613395294529221e-01
9.918395603993893639e-01
9.948745503670962664e-01
1.000062554100116241e+00
1.007231024277466025e+00
1.015998894321364698e+00
1.026535592569982391e+00
1.039180559530091363e+00
1.054680348641369392e+00
1.071241629483986824e+00
1.085457909363102713e+00
1.096837841031016003e+00
1.105799555064032713e+00
1.113953936246933285e+00
1.123005844708572232e+00
1.128057130300750943e+00
1.123969304106709144e+00
1.113947374647461519e+00
1.101365384829068317e+00
1.091684606725487505e+00
1.087280254251018041e+00
1.078602996454548935e+00
1.061498398181959013e+00
1.041989570090462225e+00
1.023788315288546746e+00
1.012821404174403250e+00
1.012956734195734843e+00
1.008699795802084909e+00
9.947756190913736862e-01
9.794343201014176215e-01
9.651975063206006400e-01
9.570273017394524961e-01
9.654652667054406390e-01
9.668850165993192469e-01
9.555713257274621730e-01
9.439946708457346292e-01
9.328777633260807445e-01
9.252314387300460963e-01
9.377816738075623881e-01
9.430138834976754536e-01
9.347864928811538965e-01
9.285522499129447160e-01
9.236634938916645776e-01
9.233467282446295998e-01
9.405658895495002669e-01
9.517589323573157900e-01
9.544037585842738425e-01
9.601206156456429941e-01
9.684111864597614305e-01
9.811615959801159859e-01
9.989195594265884992e-01
1.014637508054370807e+00
1.027365023620558704e+00
1.040208535129326206e+00
1.053627754529819827e+00
1.068116669658928375e+00
1.083225747004367578e+00
1.097116422145801184e+00
1.109380112981756206e+00
1.120855857291813917e+00
1.131940034203961165e+00
1.142935978815768028e+00
1.153535263152979828e+00
1.163070503321390836e+00
1.171533541728254857e+00
1.179272919044235035e+00
1.186526648930828820e+00
1.193491980910170280e+00
1.199898906996783587e+00
1.205448657555515224e+00
1.210297086887832663e+00
1.214625016937221025e+00
1.218577841211375024e+00
1.222200015595009903e+00
1.225312781157836151e+00
1.227837886206883500e+00
1.229908463280649178e+00
1.231630969532309772e+00
1.233099093423975834e+00
1.234239155168246560e+00
1.234951140304346939e+00
1.235294340378776168e+00
1.235347429293937482e+00
1.235179600075718032e+00
1.234786828801644809e+00
1.234102733042839128e+00
1.233129496417147974e+00
1.231925832221476336e+00
1.230543581979321122e+00
1.228998945304303980e+00
1.227246590899124357e+00
1.225273510226814855e+00
1.223123888118148983e+00
1.220837323162762722e+00
1.218429756678932385e+00
1.215868838568890720e+00
1.213143309761097299e+00
1.210287082678365378e+00
1.207331196817510444e+00
1.204283219578869080e+00
1.201118691053551180e+00
1.197834628095632237e+00
1.194457802217241849e+00
1.191013326502417424e+00
1.187497490888888230e+00
1.183891017137020052e+00
1.180201965841532363e+00
1.176452218074164779e+00
1.172662102432449949e+00
1.168815968464494759e+00
1.164898405152619887e+00
1.160929019049129041e+00
1.156926568999190330e+00
1.152893113904504219e+00
1.148815401314136730e+00
1.144696149314682332e+00
1.140552580157867757e+00
1.136397287586123239e+00
1.132218680763650953e+00
1.128009093507824856e+00
1.123784739355283779e+00
1.119561681075676773e+00
1.115332083467516666e+00
1.111085331849723801e+00
1.106834734481054294e+00
1.102595978572491697e+00
1.098365002503674859e+00
1.094132094921939080e+00
1.089907500220554937e+00
1.085707012257641324e+00
1.081527745462856238e+00
1.077361410772925465e+00
1.073218854139534439e+00
1.069116462361613173e+00
1.065049130857728787e+00
1.061009044276960189e+00
1.057010683053298372e+00
1.053068413397180381e+00
1.049175171985088362e+00
1.045326822619840668e+00
1.041541705367332149e+00
1.037826855760088041e+00
1.034175395313022161e+00
1.030592577937817778e+00
1.027098499451113867e+00
1.023690230918693933e+00
1.020362073653594992e+00
1.017132790160604427e+00
1.014012355555464540e+00
1.010995616608730163e+00
1.008089917763161703e+00
1.005316307002878329e+00
1.002670030384993582e+00
1.000148645133423386e+00
9.977768601405857529e-01
9.955540658854398206e-01
9.934739337716380625e-01
9.915564478946560234e-01
9.898055294846629382e-01
9.882135587907465712e-01
9.867947550975372240e-01
9.855536792392942669e-01
9.844796679000193951e-01
9.835824492517460937e-01
9.828636002569380858e-01
9.823089128205020337e-01
9.819253444049526047e-01
9.817062288630360456e-01
9.816312307184322794e-01
9.817039473678312866e-01
9.819017998162116179e-01
9.821891834870710714e-01
9.825424239444278118e-01
9.828787528953109032e-01
9.830361596751560072e-01
9.826270800728065247e-01
9.803262814435711459e-01
9.720342761335490911e-01
9.961725919248127781e-01
9.990416617337128935e-01
9.944417350136661726e-01
1.014546966701215469e+00
9.841864574254948206e-01
