1.000000000000000000e+00
1.000001635357862684e+00
1.000002629666553178e+00
9.999886127586762319e-01
9.999335818594320413e-01
9.998004871054588794e-01
9.995432336194151057e-01
9.991112708736054060e-01
9.984556650461674510e-01
9.975363956774984109e-01
9.963381217063406181e-01
9.948938283251175241e-01
9.932812997623539086e-01
9.916256218117172061e-01
9.901635487124027524e-01
9.892860463249922853e-01
9.894971139238932789e-01
9.911673126120631450e-01
9.946566866608191892e-01
1.000640864097473326e+00
1.010004860214133826e+00
1.023459635331275708e+00
1.040244305761224286e+00
1.059008149435419988e+00
1.079400728602007531e+00
1.101280831066611121e+00
1.125693290767795673e+00
1.149426675165090783e+00
1.166233942514603550e+00
1.176209269552054515e+00
1.180365669065574830e+00
1.182201888338115348e+00
1.188252572700095877e+00
1.188457819580485575e+00
1.171993963461601451e+00
1.148445505800274491e+00
1.123602373031575175e+00
1.107520756567288434e+00
1.104954300082297447e+00
1.095959009743636026e+00
1.073223547465363970e+00
1.047936306706375831e+00
1.025133541942837123e+00
1.013374644053590012e+00
1.023648187865207504e+00
1.022961386491844760e+00
1.005615256279380088e+00
9.874290612478293649e-01
9.683061267420902674e-01
9.487782139116675006e-01
9.885448837603144634e-01
9.849118499648582548e-01
9.706876276420974836e-01
9.605079618148530951e-01
9.302202962075839521e-01
8.672873317281141192e-01
1.016093727246598188e+00
9.692738131363527465e-01
9.501506871341244276e-01
9.456113862485214794e-01
9.097929511832775207e-01
8.318461996153077020e-01
1.026427088393417231e+00
9.650921190532785188e-01
9.448870838542029471e-01
9.452617954979384285e-01
9.461201431106250892e-01
9.537800279504158318e-01
9.773939143699950094e-01
9.922672522578257492e-01
1.002344249009455401e+00
1.014346515907070589e+00
1.028570704483806386e+00
1.045988743736116611e+00
1.065490443392085318e+00
1.083348161974491353e+00
1.098855096570646284e+00
1.113579411075929171e+00
1.128214250479901759e+00
1.143175979329211334e+00
1.157832970870619427e+00
1.171032426000890858e+00
1.182763529653158674e+00
1.193592590145873489e+00
1.203883678996305440e+00
1.213907422328937002e+00
1.223225658213367373e+00
1.231385037228134305e+00
1.238621865427959268e+00
1.245202262651085467e+00
1.251330167813280214e+00
1.257058490977260634e+00
1.262127238214406422e+00
1.266427044073261676e+00
1.270144945076758791e+00
1.273426795373760800e+00
1.276397235160208421e+00
1.278951663097597224e+00
1.280953448808149764e+00
1.282482830624311898e+00
1.283644650364474726e+00
1.284529506947518662e+00
1.285129776809368130e+00
1.285356026215353387e+00
1.285210517329469004e+00
1.284769729102570368e+00
1.284100423398643942e+00
1.283222265929541139e+00
1.282074579372719292e+00
1.280639376787432004e+00
1.278973186557055941e+00
1.277126302251241574e+00
1.275118133472805448e+00
1.272905274612959881e+00
1.270471850245989964e+00
1.267860649265664108e+00
1.265110701506449331e+00
1.262230538677159730e+00
1.259186939356551349e+00
1.255974575752524025e+00
1.252626888152253093e+00
1.249175283077295306e+00
1.245613503730374161e+00
1.241914732322787929e+00
1.238087905247460041e+00
1.234160197104472001e+00
1.230156986831200117e+00
1.226055978979303740e+00
1.221834878910290634e+00
1.217517928152857198e+00
1.213128473141755093e+00
1.208667595038481979e+00
1.204115522121216086e+00
1.199473847147265682e+00
1.194763979681647825e+00
1.190001318466834546e+00
1.185167938120952336e+00
1.180250920841969586e+00
1.175270488588980200e+00
1.170247082776590730e+00
1.165167542447368421e+00
1.160014287650134479e+00
1.154803740077555485e+00
1.149556210306263759e+00
1.144263525144612270e+00
1.138908793316634194e+00
1.133504345809764446e+00
1.128071290195739040e+00
1.122602926569528314e+00
1.117083909741382719e+00
1.111528069537922381e+00
1.105958538607120678e+00
1.100365115034940722e+00
1.094732754301382727e+00
1.089082155346471570e+00
1.083434854498788402e+00
1.077777500857390436e+00
1.072101096880790916e+00
1.066434976909346632e+00
1.060790378536929035e+00
1.055154544360853874e+00
1.049535992596162925e+00
1.043970986582128502e+00
1.038455312065441838e+00
1.032979474446024337e+00
1.027580397984901861e+00
1.022280398467460660e+00
1.017073425122569263e+00
1.011978390707801490e+00
1.007043331926469554e+00
1.002265927192315331e+00
9.976487296836348273e-01
9.932520066554282323e-01
9.890847595406836446e-01
9.851437496005548411e-01
9.814831713822983472e-01
9.781234326358065889e-01
9.750590670851317920e-01
9.723329522944965664e-01
9.699661635138938642e-01
9.679440403319341524e-01
9.662970142898821280e-01
9.650355147239432219e-01
9.641318223902142215e-01
9.636051245989587510e-01
9.634414003729793174e-01
9.635938174655754862e-01
9.640698724222166449e-01
9.648169846268901395e-01
9.657554369095041613e-01
9.668393172066245267e-01
9.679040258427643595e-01
9.686446610303022231e-01
9.683446700366582505e-01
9.643982281162009063e-01
9.512174568167889310e-01
9.914987359728334448e-01
9.992418373988722902e-01
9.972795230489934770e-01
1.034393161032138186e+00
9.487256508154747747e-01
