1.000000000000000000e+00
1.000002620405115561e+00
1.000007341720090093e+00
1.000001141924873105e+00
9.999595373127511122e-01
9.998468982314980824e-01
9.996179431504126356e-01
9.992213812230333891e-01
9.986047900505601316e-01
9.977205117038079329e-01
9.965385978898287922e-01
9.950664855761512939e-01
9.933465416305672369e-01
9.914592715912016185e-01
9.895795279598612604e-01
9.880167714854252159e-01
9.871864788438911020e-01
9.874079537487319147e-01
9.890120264776810499e-01
9.926205384624531280e-01
9.990605993875274482e-01
1.009044799273659310e+00
1.022101175064510370e+00
1.037328671126402480e+00
1.054691361133765160e+00
1.074341534887607752e+00
1.097249410932154223e+00
1.120441919303996059e+00
1.138363907637027328e+00
1.150761430072580138e+00
1.158467568987209040e+00
1.164329136917333196e+00
1.173166986326519279e+00
1.176703383019825910e+00
1.165231657215908490e+00
1.146251899477880754e+00
1.124772359094002416e+00
1.109808668893782047e+00
1.107200663183590228e+00
1.098105677821304527e+00
1.075527222066186450e+00
1.050804253654866294e+00
1.027728622897936095e+00
1.013321260078158037e+00
1.024854250626180852e+00
1.023660142151478381e+00
1.005005733307518412e+00
9.874059259890739515e-01
9.684943161533291489e-01
9.403864965256734099e-01
9.935325218198369779e-01
9.858268107110100820e-01
9.678631330428281165e-01
9.575687596386721623e-01
9.321551982952486215e-01
8.609611161226167209e-01
1.016162338909269103e+00
9.664295594858955951e-01
9.455650506980808334e-01
9.404079856371759805e-01
9.159498945941623171e-01
8.448836151479670598e-01
1.008995812051880492e+00
9.592773626407981036e-01
9.433589155802886150e-01
9.455893295645053653e-01
9.473466536947009464e-01
9.557005089964971667e-01
9.818141043566162018e-01
9.964690740329055219e-01
1.006789015555537681e+00
1.019635203547321511e+00
1.034199545596885761e+00
1.051438163959080851e+00
1.070405616039264540e+00
1.087636495937524650e+00
1.102653098580762769e+00
1.116921347762795724e+00
1.131001264875802992e+00
1.145288528837844932e+00
1.159226623039315562e+00
1.171772627574951375e+00
1.182929752407110735e+00
1.193215128598595909e+00
1.202959316273066293e+00
1.212419881962419677e+00
1.221196179053692932e+00
1.228869574968467493e+00
1.235660638016088608e+00
1.241816103226550894e+00
1.247527361695820458e+00
1.252846591297388068e+00
1.257531175145173652e+00
1.261478439412345942e+00
1.264864507563920659e+00
1.267827076426367938e+00
1.270484969423321120e+00
1.272740070138926205e+00
1.274463079130513821e+00
1.275730232753303106e+00
1.276641274003709414e+00
1.277282812489278108e+00
1.277648111428204558e+00
1.277652188968734892e+00
1.277297338563462947e+00
1.276656759891239945e+00
1.275794515628623227e+00
1.274729757801223107e+00
1.273404684067037440e+00
1.271802251200082390e+00
1.269976808561314341e+00
1.267976784483738184e+00
1.265821059629587131e+00
1.263468262114253005e+00
1.260903389781278916e+00
1.258167731507473963e+00
1.255298981209532982e+00
1.252305587786445296e+00
1.249155944063077950e+00
1.245845217100274294e+00
1.242405774355918258e+00
1.238868020282256621e+00
1.235226246686948137e+00
1.231455064568367508e+00
1.227563383432356714e+00
1.223577577376840253e+00
1.219522270336160119e+00
1.215376480421731964e+00
1.211119296228869935e+00
1.206774317766752258e+00
1.202364248601516028e+00
1.197890530378189045e+00
1.193334780072838663e+00
1.188699032748452566e+00
1.184004173318855324e+00
1.179265323267294940e+00
1.174466004193854163e+00
1.169594596313522805e+00
1.164670887768166851e+00
1.159714796975811035e+00
1.154714537112659922e+00
1.149654293565265384e+00
1.144550297594469468e+00
1.139422346551210330e+00
1.134263542499027055e+00
1.129058980293538683e+00
1.123821098492571391e+00
1.118570408093030766e+00
1.113301582063179085e+00
1.108001444636270483e+00
1.102683830627845252e+00
1.097370990962161397e+00
1.092054553348679180e+00
1.086721909943989983e+00
1.081393067115898443e+00
1.076088559910026721e+00
1.070797328687516092e+00
1.065512425934165952e+00
1.060261219944726108e+00
1.055054607372573727e+00
1.049882150109665790e+00
1.044752292486528900e+00
1.039697582799850917e+00
1.034714749597468897e+00
1.029795981431513185e+00
1.024973511019854788e+00
1.020266334343190362e+00
1.015668843369324392e+00
1.011196521939647708e+00
1.006888922510043471e+00
1.002742499919187402e+00
9.987576474506978386e-01
9.949824091172777552e-01
9.914214884095047253e-01
9.880693446771345867e-01
9.849673389137476587e-01
9.821286174589637374e-01
9.795452187186116655e-01
9.772484476459630809e-01
9.752518955899812658e-01
9.735406294215760425e-01
9.721364389007856044e-01
9.710454555702024981e-01
9.702437868862401338e-01
9.697458165411625419e-01
9.695399416879150190e-01
9.695887316297185921e-01
9.698987843120302488e-01
9.704286342985202207e-01
9.711145406659006385e-01
9.719188486077473543e-01
9.727051462804751081e-01
9.732164520511258354e-01
9.728482893415149046e-01
9.694385004615616586e-01
9.575412338226111375e-01
9.928416227655413318e-01
9.994587234040090973e-01
9.934418854048373548e-01
1.024532940468528608e+00
9.693855714064838480e-01
