1.000000000000000000e+00
1.000002447155317276e+00
1.000006493995034385e+00
9.999988200980046704e-01
9.999545672727191414e-01
9.998377029553894291e-01
9.996026083215735492e-01
9.991979002135353838e-01
9.985715373851761223e-01
9.976769875099674723e-01
9.964867254943867714e-01
9.950127047430146199e-01
9.933037521393823788e-01
9.914487422639005620e-01
9.896345639471000322e-01
9.881870450302927544e-01
9.875400712123534319e-01
9.880247974678412204e-01
9.899803673317502106e-01
9.940424439914428145e-01
1.001053428413918978e+00
1.011730701074867511e+00
1.025553960746091287e+00
1.041544768698211110e+00
1.059613266603169235e+00
1.079855926461477766e+00
1.103243518250551114e+00
1.126723282718192998e+00
1.144588359037793213e+00
1.156645166488023957e+00
1.163763782676376035e+00
1.168908473917511737e+00
1.177200685382171264e+00
1.180041478853265602e+00
1.167487291562802065e+00
1.147440510403601843e+00
1.125086848293771702e+00
1.109674717102943742e+00
1.106886999079653933e+00
1.097632648877924888e+00
1.074856903851492795e+00
1.049904221384284853e+00
1.026787005336320169e+00
1.012806898700475688e+00
1.024189286650018849e+00
1.023125699315263093e+00
1.004728225138334707e+00
9.870838194509095054e-01
9.681106095074237805e-01
9.413261747890193654e-01
9.927562436808627933e-01
9.855600366496044540e-01
9.682709447203592390e-01
9.580999110925292328e-01
9.313852264069432119e-01
8.601229237091142510e-01
1.017984324759438897e+00
9.670716411195112716e-01
9.463442681447539195e-01
9.413739732202156540e-01
9.146869011609543021e-01
8.416094891300779368e-01
1.012939364771760387e+00
9.601566555933704894e-01
9.434027589457851803e-01
9.452548547025934056e-01
9.467435320497304962e-01
9.548835690138085530e-01
9.806362499578656911e-01
9.952923282354929624e-01
1.005549740698554073e+00
1.018262389156679104e+00
1.032795712379614761e+00
1.050109775633494058e+00
1.069227301953527887e+00
1.086624933032519724e+00
1.101780819558895397e+00
1.116181275795490091e+00
1.130411725559776537e+00
1.144872536749076852e+00
1.158991839697061099e+00
1.171703536859791672e+00
1.183007762042732169e+00
1.193431990780859042e+00
1.203314050526752554e+00
1.212914603710531614e+00
1.221824995903080913e+00
1.229619016580287605e+00
1.236520680462870336e+00
1.242781056219389946e+00
1.248594430035385283e+00
1.254013250922698886e+00
1.258791048254956246e+00
1.262823644738910067e+00
1.266289658812854713e+00
1.269328690682619998e+00
1.272060951445958432e+00
1.274386870918777781e+00
1.276175465958931277e+00
1.277503909628967094e+00
1.278473151352694570e+00
1.279170759523180712e+00
1.279589812032086549e+00
1.279644287939802005e+00
1.279336477774896563e+00
1.278740367832642999e+00
1.277920676135750666e+00
1.276896690825668923e+00
1.275609928056841147e+00
1.274043120914519989e+00
1.272251148954709477e+00
1.270282898645708425e+00
1.268157387360431265e+00
1.265832755273699650e+00
1.263293791453738324e+00
1.260582155439351482e+00
1.257735873774989965e+00
1.254763422703313980e+00
1.251632805704015361e+00
1.248339074270301996e+00
1.244914865983902885e+00
1.241390839128074131e+00
1.237761158800032568e+00
1.234000093091765837e+00
1.230116567466301714e+00
1.226137162889552989e+00
1.222086699405019461e+00
1.217943883968524821e+00
1.213687478895703942e+00
1.209341256027190337e+00
1.204928091075146979e+00
1.200449353147633014e+00
1.195886338245196745e+00
1.191240993911222956e+00
1.186534353521238927e+00
1.181781626854981226e+00
1.176966009532400825e+00
1.172075596692557342e+00
1.167130309933102517e+00
1.162150221657912930e+00
1.157123248942025784e+00
1.152033194917177594e+00
1.146896375449301564e+00
1.141732747848155816e+00
1.136535157206983504e+00
1.131288283629478197e+00
1.126004592875464061e+00
1.120704785278851423e+00
1.115383273354067839e+00
1.110026448601651117e+00
1.104648211156690429e+00
1.099271075608252435e+00
1.093886328234477734e+00
1.088480896783584173e+00
1.083075022030021817e+00
1.077689536831164530e+00
1.072312964126888479e+00
1.066938004352600444e+00
1.061592540070449564e+00
1.056287627564576947e+00
1.051012429523452196e+00
1.045775501849504963e+00
1.040610254719294359e+00
1.035513302333319618e+00
1.030476572773419752e+00
1.025533331600259723e+00
1.020703302649986099e+00
1.015980837419643068e+00
1.011382139483456788e+00
1.006948447116108980e+00
1.002676441286229680e+00
9.985669088930566595e-01
9.946702005709333605e-01
9.909917542133868107e-01
9.875263630306030382e-01
9.843176923318402993e-01
9.813800992424795977e-01
9.787059233848371953e-01
9.763284568475796288e-01
9.742625034077646573e-01
9.724930125999644570e-01
9.710432229073610033e-01
9.699199325005696259e-01
9.690984491206867668e-01
9.685939849852831518e-01
9.683944745668915388e-01
9.684607703616844310e-01
9.687996862965487788e-01
9.693677797222094439e-01
9.700984368866852892e-01
9.709525565753328591e-01
9.717885490274448257e-01
9.723405335889264700e-01
9.719834432883031061e-01
9.684735891536536689e-01
9.563151052704734756e-01
9.925559128724590341e-01
9.994556289257106041e-01
9.941209873864675917e-01
1.026493833184771276e+00
9.657131343959917125e-01
