1.000000000000000000e+00
1.000001230618443815e+00
1.000000751133422572e+00
9.999838239452615296e-01
9.999241504149667392e-01
9.997845697040027568e-01
9.995192602291163020e-01
9.990786868046825919e-01
9.984161163163188801e-01
9.974954211839153206e-01
9.963078369287095004e-01
9.948969384380046410e-01
9.933544929698984172e-01
9.918223183714833802e-01
9.905589747030983938e-01
9.899824182144647544e-01
9.906238890983258827e-01
9.928655982295014892e-01
9.970689720426638702e-01
1.003917603822912064e+00
1.014303571732732667e+00
1.028918993083815181e+00
1.046870447783031066e+00
1.066612116667218002e+00
1.087665581482497146e+00
1.109798703773147155e+00
1.134153718617193940e+00
1.157562039999402215e+00
1.173560084879702092e+00
1.182373013864644884e+00
1.185057918230038032e+00
1.185360611953104382e+00
1.190580830737024698e+00
1.189880227017211745e+00
1.172053871566950622e+00
1.147461199889812544e+00
1.122047324595801809e+00
1.106156794583083913e+00
1.104014688214760120e+00
1.095370957713781568e+00
1.072817736752404771e+00
1.047418294710217745e+00
1.024755505073797091e+00
1.014001943421541041e+00
1.023443755434845226e+00
1.022760823751530657e+00
1.005794465775851521e+00
9.871108910091384026e-01
9.680293247957678648e-01
9.524026623943894210e-01
9.853040755988439203e-01
9.838445103833804994e-01
9.711396796975989565e-01
9.606351366576554307e-01
9.302444853440051675e-01
8.749834147426782671e-01
1.010273425859109730e+00
9.694190356792464769e-01
9.519642304131282762e-01
9.473066814614201636e-01
9.065979919552821231e-01
8.240196363046292660e-01
1.034202804454308566e+00
9.677101233771708833e-01
9.455674608543337412e-01
9.453032889781871617e-01
9.461618959363341519e-01
9.538469288564576098e-01
9.763189680931748660e-01
9.914588407352344923e-01
1.001554997122282797e+00
1.013217692953188642e+00
1.027266600776528316e+00
1.044682670924478085e+00
1.064287344020862669e+00
1.082270731920676132e+00
1.097849325091307504e+00
1.112631660932430933e+00
1.127359122668829983e+00
1.142453534736691756e+00
1.157258684906697033e+00
1.170588484745638702e+00
1.182429270914048924e+00
1.193362832866938117e+00
1.203762829159032544e+00
1.213903053003968724e+00
1.223334336484525053e+00
1.231593702890150022e+00
1.238922054472052725e+00
1.245590714550525391e+00
1.251806753450372067e+00
1.257623047084555523e+00
1.262774925045646146e+00
1.267151303420797515e+00
1.270942017866790952e+00
1.274294894706542669e+00
1.277335919872520709e+00
1.279958793575927123e+00
1.282025064233736300e+00
1.283615945861902752e+00
1.284837474886467490e+00
1.285781151259507205e+00
1.286439093743284134e+00
1.286720804009753305e+00
1.286628535195610157e+00
1.286239511430264937e+00
1.285621088494813380e+00
1.284793023222162045e+00
1.283693978551001535e+00
1.282305756247760442e+00
1.280685363411612654e+00
1.278883492574214298e+00
1.276919654576083474e+00
1.274749994255166552e+00
1.272358446011947697e+00
1.269788115939981088e+00
1.267078309953651782e+00
1.264237566560987736e+00
1.261232315585962160e+00
1.258057118773210137e+00
1.254745632229301577e+00
1.251329459842345670e+00
1.247802217441443817e+00
1.244136777220834267e+00
1.240342066143812927e+00
1.236445407506435279e+00
1.232472317402254935e+00
1.228400206534968175e+00
1.224206468140125459e+00
1.219915448643061895e+00
1.215550598519563597e+00
1.211112890933255581e+00
1.206582224382089841e+00
1.201960054272168898e+00
1.197267854487738870e+00
1.192521034528723378e+00
1.187701302726370312e+00
1.182795394505280484e+00
1.177823555498322294e+00
1.172806270719905397e+00
1.167729994103058111e+00
1.162576654425994560e+00
1.157362613271817331e+00
1.152108194555601983e+00
1.146804814940367789e+00
1.141434982382648844e+00
1.136010855873532899e+00
1.130553538786771339e+00
1.125055834989721282e+00
1.119501675069473734e+00
1.113904686666415733e+00
1.108288026988466957e+00
1.102640801215754252e+00
1.096947070251093725e+00
1.091227452542588017e+00
1.085503494323519114e+00
1.079760923774472747e+00
1.073989841653513855e+00
1.068219816624619511e+00
1.062461860562352145e+00
1.056702173483751395e+00
1.050948919520573455e+00
1.045239150004078299e+00
1.039568007390732962e+00
1.033925085604908922e+00
1.028348478059620374e+00
1.022861305389806574e+00
1.017457097122910437e+00
1.012155704440781179e+00
1.007007982026892234e+00
1.002011997675559485e+00
9.971710932584678666e-01
9.925501328975854243e-01
9.881600009114460681e-01
9.839986930524011743e-01
9.801257739499356081e-01
9.765650854124126035e-01
9.733128359281919550e-01
9.704172064831738664e-01
9.679030422527846733e-01
9.657565653347393031e-01
9.640123720709373734e-01
9.626832246783673108e-01
9.617403162739910361e-01
9.612050496872478478e-01
9.610625126689338327e-01
9.612620007455051629e-01
9.618111232226798091e-01
9.626524563715078697e-01
9.636994601186097409e-01
9.649024673576864775e-01
9.660852793193900334e-01
9.669236184489626851e-01
9.666544002004114899e-01
9.624899925497585329e-01
9.488808025400039536e-01
9.911288655950813986e-01
9.989814156881654528e-01
9.988782360246490910e-01
1.037698142713531224e+00
9.398797425780037740e-01
