1.000000000000000000e+00
1.000001176992190155e+00
1.000000504619587893e+00
9.999832042831614531e-01
9.999229515631559151e-01
9.997825899962713425e-01
9.995163582831075866e-01
9.990748830337340403e-01
9.984117506510149509e-01
9.974913745115364661e-01
9.963058752786905226e-01
9.949002180661665751e-01
9.933679772729833157e-01
9.918530961518484679e-01
9.906168390870019325e-01
9.900804286343030114e-01
9.907783068431852413e-01
9.930938620719998999e-01
9.973883264292978668e-01
1.004345814735638998e+00
1.014858673945311374e+00
1.029615789421834515e+00
1.047705864300174206e+00
1.067557423347961443e+00
1.088676061213204704e+00
1.110819893535932579e+00
1.135147175075589709e+00
1.158501055846418160e+00
1.174391483001905101e+00
1.183059671416948788e+00
1.185566136163591189e+00
1.185685797663492691e+00
1.190823298128726559e+00
1.190033870989941400e+00
1.172064145809388114e+00
1.147372374714554777e+00
1.121915338501397352e+00
1.106071585976293958e+00
1.103992863368464583e+00
1.095398693757771325e+00
1.072872970027879846e+00
1.047458973347202393e+00
1.024814517175282713e+00
1.014191798016411905e+00
1.023506957011069751e+00
1.022818620397398792e+00
1.005903087359884207e+00
9.871490850530725281e-01
9.680875858612816298e-01
9.530034816407786380e-01
9.849236898064077650e-01
9.837751070940219389e-01
9.712696294392656471e-01
9.607023983390301503e-01
9.304441810052230810e-01
8.766481675897563886e-01
1.009092429377890010e+00
9.694799641658831124e-01
9.523260201069387865e-01
9.476297199868601862e-01
9.062993487537747139e-01
8.233774624624041749e-01
1.035028132403934320e+00
9.681181361847206457e-01
9.457226087084259492e-01
9.453689003900731525e-01
9.462402309962870683e-01
9.539395772214839253e-01
9.762396245553982554e-01
9.914189025284527723e-01
1.001522978300501965e+00
1.013139871273322390e+00
1.027162724810656291e+00
1.044573388627272115e+00
1.064184482100019036e+00
1.082177850977647848e+00
1.097760256103960996e+00
1.112544692129308954e+00
1.127278521385586041e+00
1.142384100628396570e+00
1.157202396529012356e+00
1.170543600245969929e+00
1.182393700215912613e+00
1.193336217594334725e+00
1.203745871517937216e+00
1.213896764695640895e+00
1.223338504852149455e+00
1.231607055251139782e+00
1.238943811534099826e+00
1.245620654286508255e+00
1.251844978877583170e+00
1.257669643736330167e+00
1.262829468714783410e+00
1.267213181844146330e+00
1.271010912667882353e+00
1.274370691010792589e+00
1.277418638447356036e+00
1.280048270718601167e+00
1.282120941902950451e+00
1.283717966236842756e+00
1.284945502317263122e+00
1.285895140843682061e+00
1.286558970934535528e+00
1.286846382282245793e+00
1.286759626102454090e+00
1.286376002123019724e+00
1.285762925668669343e+00
1.284940161421258775e+00
1.283846304118297699e+00
1.282463133671863931e+00
1.280847705325792285e+00
1.279050751362962979e+00
1.277091792110785606e+00
1.274926926804638816e+00
1.272540070683762625e+00
1.269974361414089925e+00
1.267269132159725364e+00
1.264432921720377134e+00
1.261432125090037548e+00
1.258261292963059441e+00
1.254954102591035570e+00
1.251542177009208112e+00
1.248019119121571263e+00
1.244357770292309207e+00
1.240567056149654457e+00
1.236674314087772508e+00
1.232705073010615493e+00
1.228636714092721460e+00
1.224446599114580536e+00
1.220159083758643792e+00
1.215797627595167407e+00
1.211363191907584014e+00
1.206835641227173461e+00
1.202216415611483402e+00
1.197526993315254806e+00
1.192782782798502250e+00
1.187965453583011533e+00
1.183061703596596903e+00
1.178091777578421651e+00
1.173076161566225073e+00
1.168001266917933156e+00
1.162848968145504536e+00
1.157635615693559217e+00
1.152381529680000849e+00
1.147078078937865175e+00
1.141707702629912724e+00
1.136282534440655967e+00
1.130823669670918630e+00
1.125323851654915552e+00
1.119766924607092928e+00
1.114166484037383054e+00
1.108545679040027432e+00
1.102893528190898031e+00
1.097193981456975997e+00
1.091467633930904402e+00
1.085736018314632290e+00
1.079984744367237015e+00
1.074203793643513594e+00
1.068422742451329510e+00
1.062652558048900353e+00
1.056879300218166451e+00
1.051111069906909501e+00
1.045384988450291264e+00
1.039696101094928826e+00
1.034033870479353467e+00
1.028436506200314016e+00
1.022927205130419015e+00
1.017499426474980595e+00
1.012173117637645392e+00
1.006999465760518575e+00
1.001976578333124035e+00
9.971078900008317758e-01
9.924588415035999756e-01
9.880405644942128474e-01
9.838512264341806590e-01
9.799510983347020643e-01
9.763644933901306500e-01
9.730878722345022158e-01
9.701701413195182866e-01
9.676366788467187785e-01
9.654738656013496234e-01
9.637168806046921832e-01
9.623788256153490428e-01
9.614307789629417123e-01
9.608944492063876686e-01
9.607548128390530628e-01
9.609606551682454700e-01
9.615195846448268968e-01
9.623735230240395566e-01
9.634350150880468533e-01
9.646538739441907762e-01
9.658523633893495441e-01
9.667036484943561936e-01
9.664384210425802646e-01
9.622450153904157366e-01
9.485836821039999034e-01
9.910896289053097163e-01
9.989375773351910626e-01
9.990917094897689976e-01
1.038102585607343364e+00
9.386793344839996500e-01
