1.000000000000000000e+00
1.000001735836251404e+00
1.000003099754500413e+00
9.999898250481532580e-01
9.999360044139439241e-01
9.998046483119318317e-01
9.995496382007629244e-01
9.991202271424143300e-01
9.984670012450048704e-01
9.975490478972292019e-01
9.963494682707469963e-01
9.948986776109346453e-01
9.932710079354654109e-01
9.915873324051833748e-01
9.900787906961082685e-01
9.891292449141004806e-01
9.892353167556490190e-01
9.907639119771578518e-01
9.940737966594936914e-01
9.998374864119817795e-01
1.008936913119156564e+00
1.022086041586777849e+00
1.038554588957487645e+00
1.057038001335779853e+00
1.077217590170134409e+00
1.098978043824132333e+00
1.123347874887315800e+00
1.147116353293315738e+00
1.164090276331379181e+00
1.174329860608037901e+00
1.178835315561450825e+00
1.181044065151493516e+00
1.187314190357668942e+00
1.187765431976580244e+00
1.171669046605877229e+00
1.148419163417443212e+00
1.123753673466947323e+00
1.107649757588465178e+00
1.104989726605334788e+00
1.095907774968013948e+00
1.073117275406554327e+00
1.047838400161601458e+00
1.024979159856937772e+00
1.012946408288811329e+00
1.023412289067873182e+00
1.022709379955264009e+00
1.005246440456289747e+00
9.871531548407194157e-01
9.680290376779540074e-01
9.475045618351226606e-01
9.890119141377322620e-01
9.848361707010063748e-01
9.702318993583366469e-01
9.600964083997663989e-01
9.299594593806481679e-01
8.649136792522721384e-01
1.017395264503826002e+00
9.689488158317344224e-01
9.495040101031166913e-01
9.449551301994905117e-01
9.100949470002748232e-01
8.318464006850577741e-01
1.025533408153530113e+00
9.643559544699485953e-01
9.445205878286050405e-01
9.450660152618670651e-01
9.459545611046232816e-01
9.536330673615521780e-01
9.775663044061135842e-01
9.923986341793872290e-01
1.002486537134910538e+00
1.014583221218625653e+00
1.028859225338410122e+00
1.046286048423038295e+00
1.065768194200592989e+00
1.083595656975928856e+00
1.099083129848497542e+00
1.113790875529050872e+00
1.128399795985081777e+00
1.143324828653390357e+00
1.157940501050274129e+00
1.171102694468915795e+00
1.182801790109812234e+00
1.193600232082543622e+00
1.203859518308663556e+00
1.213849427595892427e+00
1.223134732927638080e+00
1.231264740477129527e+00
1.238474596112969950e+00
1.245029001534271762e+00
1.251131020749848277e+00
1.256833568395680167e+00
1.261877952078970244e+00
1.266155305645707330e+00
1.269851893965391110e+00
1.273113009635111981e+00
1.276062907524472712e+00
1.278597466900624591e+00
1.280580582587718563e+00
1.282092220240773850e+00
1.283236877380194985e+00
1.284104890266800636e+00
1.284688708625701281e+00
1.284899210063482400e+00
1.284738662703664547e+00
1.284283328271976110e+00
1.283599793183511029e+00
1.282707695592493868e+00
1.281546554358237389e+00
1.280098447452037824e+00
1.278419761828730739e+00
1.276560671765250232e+00
1.274540556322394824e+00
1.272316145785752362e+00
1.269871623505485436e+00
1.267249683255206705e+00
1.264489271198242504e+00
1.261598916882439747e+00
1.258545505551875054e+00
1.255323743719626961e+00
1.251967005692481649e+00
1.248506637043568235e+00
1.244936419573585917e+00
1.241229630437837406e+00
1.237395208269917779e+00
1.233460280729468339e+00
1.229450183001412622e+00
1.225342708689342253e+00
1.221115657529039833e+00
1.216793236203000061e+00
1.212398756238242115e+00
1.207933328950178353e+00
1.203377280425909968e+00
1.198732241197017823e+00
1.194019596136840056e+00
1.189254735493339155e+00
1.184419839899676363e+00
1.179502090117752422e+00
1.174521692972948284e+00
1.169499068549884724e+00
1.164421163236680767e+00
1.159270534207525793e+00
1.154063609298454862e+00
1.148820682973956009e+00
1.143533690810745629e+00
1.138185903905551521e+00
1.132789686889623226e+00
1.127366131218388023e+00
1.121908663002703976e+00
1.116402125545234991e+00
1.110860383570756449e+00
1.105306539145780143e+00
1.099730562540457202e+00
1.094117633595279138e+00
1.088488442965857894e+00
1.082864493469353429e+00
1.077232657104231883e+00
1.071584148033059902e+00
1.065948197971529954e+00
1.060336068062972759e+00
1.054735242121898731e+00
1.049154289825477093e+00
1.043629222207134166e+00
1.038155954431829064e+00
1.032725187791274868e+00
1.027373498308837396e+00
1.022122956391818605e+00
1.016967585326852053e+00
1.011926026657554267e+00
1.007045579126321755e+00
1.002323811270930287e+00
9.977630724619500624e-01
9.934224888654353824e-01
9.893106173808577930e-01
9.854239459951836810e-01
9.818153942198694084e-01
9.785045901493688580e-01
9.754857271668151419e-01
9.728004705923961604e-01
9.704690639248811923e-01
9.684767108874614561e-01
9.668529117637782999e-01
9.656075966533095301e-01
9.647133533544963724e-01
9.641888663462141462e-01
9.640203373147429033e-01
9.641618546945588397e-01
9.646208630002883755e-01
9.653459068152027145e-01
9.662588666749143407e-01
9.673146880488771027e-01
9.683515279854369995e-01
9.690691209081896407e-01
9.687619268111645754e-01
9.648674929864833327e-01
9.517971743660753603e-01
9.916046139250954683e-01
9.992871061040627945e-01
9.968889807822862714e-01
1.033519733431182974e+00
9.508320584597085290e-01
