1.000000000000000000e+00
1.000002508557953584e+00
1.000006792720920634e+00
9.999996323134046072e-01
9.999562923843016149e-01
9.998408700293857088e-01
9.996078500607662454e-01
9.992058653089391784e-01
9.985827244088891774e-01
9.976914857690684091e-01
9.965037665641426345e-01
9.950299425127574482e-01
9.933165954049452129e-01
9.914497026889607101e-01
9.896120117327664722e-01
9.881237500851505207e-01
9.874125361341580254e-01
9.878055274084148740e-01
9.896391157531203575e-01
9.935443783795957495e-01
1.000358675300235811e+00
1.010797991528689543e+00
1.024358887342261326e+00
1.040089841164854922e+00
1.057919900676328906e+00
1.077964989508607641e+00
1.101195467029222330e+00
1.124584168202346746e+00
1.142474428970356781e+00
1.154651187793273692e+00
1.161972099799323033e+00
1.167361213282438470e+00
1.175835819674326155e+00
1.178907465822606637e+00
1.166711923973740461e+00
1.147014447028819495e+00
1.124941305544110648e+00
1.109662763648567418e+00
1.106921043524846882e+00
1.097704818028732765e+00
1.074978265887017281e+00
1.050088498219548860e+00
1.026971144429531302e+00
1.012828059168934258e+00
1.024273325365195220e+00
1.023164037759346723e+00
1.004670443677129210e+00
9.870402666501234545e-01
9.680831956105081515e-01
9.407789691568146928e-01
9.929447103293186361e-01
9.855234339809694211e-01
9.679949559870185682e-01
9.577879325752677309e-01
9.314734378359136313e-01
8.598913984465039739e-01
1.017607378341888413e+00
9.667608050801252961e-01
9.459663181463262571e-01
9.409396265041435337e-01
9.149720371865129875e-01
8.422331919253834842e-01
1.011823318780985748e+00
9.597722454259540736e-01
9.432864830279900081e-01
9.452749681951762017e-01
9.468516547342200607e-01
9.550606895162421228e-01
9.809688636178249821e-01
9.956245630094363586e-01
1.005904530013896681e+00
1.018669464069766439e+00
1.033219840850759130e+00
1.050515320755615711e+00
1.069589076044479947e+00
1.086935623890157521e+00
1.102048884847204979e+00
1.116408954832622369e+00
1.130592504693943567e+00
1.144998403299698264e+00
1.159059890855212771e+00
1.171718585852961514e+00
1.182975761902617329e+00
1.193355492801674966e+00
1.203193186204740917e+00
1.212748507951438848e+00
1.221615477187617538e+00
1.229370419581173435e+00
1.236236228495835476e+00
1.242462539554453738e+00
1.248242685880074365e+00
1.253629037847254102e+00
1.258376411116050475e+00
1.262381134293880214e+00
1.265821004509458669e+00
1.268834994542531680e+00
1.271542860860005453e+00
1.273845519100259116e+00
1.275612546902001876e+00
1.276920810296328312e+00
1.277870861565749472e+00
1.278549954291693380e+00
1.278951230040007214e+00
1.278989013184508527e+00
1.278665596762734502e+00
1.278054708497815106e+00
1.277220851213583197e+00
1.276183269485696048e+00
1.274883705527514843e+00
1.273304967160178380e+00
1.271501759872805781e+00
1.269522819801784719e+00
1.267387120112485777e+00
1.265052962622313926e+00
1.262505205902872518e+00
1.259785387975512982e+00
1.256931426377352112e+00
1.253951789007546003e+00
1.250814608282212470e+00
1.247514974410171007e+00
1.244085436586433779e+00
1.240556570065721287e+00
1.236922582341278831e+00
1.233157855186055807e+00
1.229271309520477029e+00
1.225289458813020094e+00
1.221237059153055027e+00
1.217092920855120441e+00
1.212835914706498652e+00
1.208489756759761002e+00
1.204077266778935007e+00
1.199599838720579736e+00
1.195038875606371009e+00
1.190396355023211061e+00
1.185693262415133287e+00
1.180944779491108987e+00
1.176134210961544246e+00
1.171249747764574689e+00
1.166311268799474776e+00
1.161338796894462844e+00
1.156320348870986336e+00
1.151239856511155679e+00
1.146113609530287958e+00
1.140961513981421760e+00
1.135776502390644316e+00
1.130543395153779107e+00
1.125274651433242123e+00
1.119990910874271606e+00
1.114686675373332214e+00
1.109348483733845647e+00
1.103990217297768917e+00
1.098634305408828338e+00
1.093272151667867620e+00
1.087890842862399010e+00
1.082510544746597914e+00
1.077151993592665669e+00
1.071803856110630448e+00
1.066458955059273350e+00
1.061145003738208858e+00
1.055873008212828479e+00
1.050632269598333224e+00
1.045431309995222824e+00
1.040303251623480252e+00
1.035244750429449745e+00
1.030247825923121141e+00
1.025345396162953504e+00
1.020556939674997832e+00
1.015876823078651014e+00
1.011321005943905504e+00
1.006930152106029430e+00
1.002700864018248206e+00
9.986337922951294965e-01
9.947784966985339095e-01
9.911401594381787916e-01
9.877134543063356142e-01
9.845412516850726714e-01
9.816374866472167282e-01
9.789943880338370930e-01
9.766445587250184301e-01
9.746023786531444744e-01
9.728528303949151024e-01
9.714186486362523798e-01
9.703063972674766946e-01
9.694916547814750318e-01
9.689893464884477003e-01
9.687875651783233177e-01
9.688477538147890478e-01
9.691766544521728255e-01
9.697315068652703207e-01
9.704466875079595933e-01
9.712835960279535552e-01
9.721024234856888713e-01
9.726403466493790395e-01
9.722793844268038388e-01
9.688039113954713955e-01
9.567340263424432001e-01
9.926526564276677567e-01
9.994582291180142963e-01
9.938816512001777959e-01
1.025818182083815922e+00
9.669958852314703979e-01
