1.000000000000000000e+00
1.000001660800805992e+00
1.000004972726475039e+00
1.000002703973644769e+00
9.999810782343420135e-01
9.999198826890394187e-01
9.997931914192037528e-01
9.995712012439164074e-01
9.992227152475702256e-01
9.987181589957146999e-01
9.980362083958037589e-01
9.971739136453499075e-01
9.961455814267615727e-01
9.949846742968843083e-01
9.937736290203018630e-01
9.926669876516998059e-01
9.918802722391620863e-01
9.915875685690929142e-01
9.919811484890049824e-01
9.934248022956205793e-01
9.964138656669175864e-01
1.001404808213454567e+00
1.008250332636003499e+00
1.016615709174413240e+00
1.026663410567472567e+00
1.038708490198433365e+00
1.053425254432142522e+00
1.069187037626828651e+00
1.082916496940867113e+00
1.094139142269530351e+00
1.103198527989992739e+00
1.111496486653512417e+00
1.120407392432749116e+00
1.125482832992694471e+00
1.122195970273087706e+00
1.113292388560292334e+00
1.101852193623003684e+00
1.092732511026063058e+00
1.087757823128855383e+00
1.078812009994405186e+00
1.062355672156219955e+00
1.043543177409220313e+00
1.026002285673748959e+00
1.015070400445990506e+00
1.013026910548134651e+00
1.007589290081932321e+00
9.941851760425310935e-01
9.792742461420526068e-01
9.657124467149079683e-01
9.583850734224892420e-01
9.630687411719685009e-01
9.632239208604970182e-01
9.532887192328834969e-01
9.423419782915080090e-01
9.322270021466236845e-01
9.267975219110531349e-01
9.351900182221565272e-01
9.396438103422817267e-01
9.339402678782132705e-01
9.289835995773347843e-01
9.258535486453275398e-01
9.280257033092931263e-01
9.419714801668367388e-01
9.531159673416759182e-01
9.580333319939823289e-01
9.646774521172684080e-01
9.736424051496661569e-01
9.863465123698736958e-01
1.002897412743145811e+00
1.018117611127353106e+00
1.030822091276142549e+00
1.043365268647286737e+00
1.056302080604659022e+00
1.070083533899136796e+00
1.084336878163581597e+00
1.097487078674668437e+00
1.109132236295697682e+00
1.119995599478714077e+00
1.130451071576300537e+00
1.140782525188181795e+00
1.150720493076532458e+00
1.159661215705886761e+00
1.167591251662668306e+00
1.174829316786459632e+00
1.181598342701063231e+00
1.188083265584119363e+00
1.194036955648557941e+00
1.199182003587971446e+00
1.203661852281198819e+00
1.207645686313018496e+00
1.211270465195493973e+00
1.214578736980367335e+00
1.217403579752379894e+00
1.219671305434934183e+00
1.221506844022442140e+00
1.223010812059681651e+00
1.224271893042430337e+00
1.225221027778016225e+00
1.225763907337917846e+00
1.225956470631719197e+00
1.225873280957008316e+00
1.225580041569733325e+00
1.225073188450165551e+00
1.224290034531021920e+00
1.223232725829612511e+00
1.221957042924779246e+00
1.220512329217483538e+00
1.218914126187871094e+00
1.217119611189870110e+00
1.215116575987969405e+00
1.212947089004481338e+00
1.210648901697295665e+00
1.208237298352322409e+00
1.205681747444899088e+00
1.202971721487789303e+00
1.200139558123385353e+00
1.197214871120607649e+00
1.194204989154096896e+00
1.191086877194762916e+00
1.187857873290322663e+00
1.184543524571952888e+00
1.181167784007600252e+00
1.177727285875850516e+00
1.174203937893340433e+00
1.170605541162008656e+00
1.166952969226341619e+00
1.163265586867096024e+00
1.159528746273606359e+00
1.155728056242560253e+00
1.151882201713630982e+00
1.148009039168098377e+00
1.144110646823945698e+00
1.140174684530312454e+00
1.136203876295655668e+00
1.132214586064063999e+00
1.128218783156740068e+00
1.124205703183674521e+00
1.120168298641087024e+00
1.116121930638779736e+00
1.112081771031724342e+00
1.108040587553738021e+00
1.103988577288104622e+00
1.099938312945601959e+00
1.095904541651451236e+00
1.091883554088731723e+00
1.087866397586810363e+00
1.083862711484326669e+00
1.079887248667729116e+00
1.075937371496616723e+00
1.072005445771631926e+00
1.068101579243354582e+00
1.064240951722450701e+00
1.060418830769898291e+00
1.056628002856429216e+00
1.052881816808701299e+00
1.049193446168912303e+00
1.045556313549363292e+00
1.041966552872674034e+00
1.038440901026890684e+00
1.034985662408919538e+00
1.031594391166348768e+00
1.028271736324455565e+00
1.025035839915187541e+00
1.021883794056071437e+00
1.018810181088129374e+00
1.015831806926619230e+00
1.012957422606272750e+00
1.010182036958343410e+00
1.007511979552103920e+00
1.004965928071714698e+00
1.002539200292974941e+00
1.000229219768687505e+00
9.980578746380098787e-01
9.960242036740343252e-01
9.941221252777301398e-01
9.923692236865145899e-01
9.907686359590658354e-01
9.893131709435698529e-01
9.880152568191247209e-01
9.868786777763023377e-01
9.858936218240629268e-01
9.850685831782057811e-01
9.844047943452440830e-01
9.838894097188616295e-01
9.835285632369938913e-01
9.833162341895865799e-01
9.832341935279512724e-01
9.832856088674422068e-01
9.834501722318014227e-01
9.836957475259184847e-01
9.840004704226723575e-01
9.842886498748426582e-01
9.844112641008325726e-01
9.840105763415353257e-01
9.818709888412099351e-01
9.741725144971518091e-01
9.965812673879139716e-01
9.990167275987579254e-01
9.956249969571883129e-01
1.014848817232137268e+00
9.831733300011422649e-01
