1.000000000000000000e+00
9.912352180354169207e-01
9.847301512246855459e-01
9.769613882083585388e-01
9.682837467595389880e-01
9.588062563685149087e-01
9.468714054080865639e-01
9.263028614855580711e-01
8.822415590941781183e-01
7.905721860045296090e-01
6.379052888814251698e-01
4.786187355284496903e-01
4.377758731801525971e-01
5.486967529866103588e-01
7.402470185073489750e-01
9.391079553123469204e-01
1.103668692351461145e+00
1.221129563839834065e+00
1.293677087945309889e+00
1.328723553455260387e+00
1.334375416341224030e+00
1.317794495265058208e+00
1.284812712546773206e+00
1.240012484832486050e+00
1.186942359213864373e+00
1.128342398853015016e+00
1.066338342278969842e+00
1.002596253007158378e+00
9.384407289860506873e-01
8.749426654033640727e-01
8.129824752062974058e-01
7.532936359912859592e-01
6.964903337278343098e-01
6.430819483605135778e-01
5.934757640257973810e-01
5.479729903767633914e-01
5.067631755456968312e-01
4.699189017435452254e-01
4.373947202682788027e-01
4.090337341696118068e-01
3.845830766037835469e-01
3.635582307441031502e-01
3.455079449930997804e-01
3.301617415497068442e-01
3.172427577784845409e-01
3.064734312691120288e-01
2.976001728919435152e-01
2.904082101169488395e-01
2.847632949932993873e-01
2.807415410274968770e-01
2.790163340859458385e-01
2.797292944498108724e-01
2.819251470544308358e-01
2.850267172795847292e-01
2.890039573395463135e-01
2.938384139588560151e-01
2.995192336356361507e-01
3.060397832741184043e-01
3.133948932249818187e-01
3.215787026871269050e-01
3.305828666869938814e-01
3.403952390655675675e-01
3.509990951257385694e-01
3.623726829939119543e-01
3.744891648513624660e-01
3.873169204218721018e-01
4.008200392899887166e-01
4.149590147659809047e-01
4.296915201029580245e-01
4.449732132844837484e-01
4.607585758864863323e-01
4.770016618329387947e-01
4.936567818024563126e-01
5.106790699252050647e-01
5.280249327864077191e-01
5.456524093583737800e-01
5.635214138722683952e-01
5.815939014516864347e-01
5.998339452911448655e-01
6.182077588545756841e-01
6.366836622633655907e-01
6.552320113744063423e-01
6.738250999686274945e-01
6.924370468157912129e-01
7.110436754077851251e-01
7.296223869976919962e-01
7.481520357815848454e-01
7.666127998085793260e-01
7.849860553956452547e-01
8.032542560197228898e-01
8.214008287453861135e-01
8.394100761552463208e-01
8.572670940463960054e-01
8.749576967316226028e-01
8.924683497962714318e-01
9.097861078286267889e-01
9.268985528082410719e-01
9.437937483676740458e-01
9.604601965867795021e-01
9.768868040130491703e-01
9.930628550230833351e-01
1.008977993205786516e+00
1.024622215918328472e+00
1.039985861075450657e+00
1.055059592636846011e+00
1.069834392498517639e+00
1.084301545422899471e+00
1.098452626033800117e+00
1.112279494520822754e+00
1.125774293613763355e+00
1.138929447132578154e+00
1.151737659356047327e+00
1.164191909655959645e+00
1.176285449215011658e+00
1.188011803708725056e+00
1.199364773031937004e+00
1.210338430819814404e+00
1.220927128360957958e+00
1.231125498748442126e+00
1.240928457710478217e+00
1.250331205551891811e+00
1.259329232525548070e+00
1.267918324042907496e+00
1.276094564586675029e+00
1.283854342066802934e+00
1.291194355832528951e+00
1.298111627677575708e+00
1.304603512708326196e+00
1.310667711116321188e+00
1.316302283338126378e+00
1.321505666175636584e+00
1.326276689095136518e+00
1.330614588601397141e+00
1.334519020249951504e+00
1.337990070680620480e+00
1.341028271521422788e+00
1.343634615393257459e+00
1.345810571704042724e+00
1.347558102947451486e+00
1.348879683727591150e+00
1.349778320984443170e+00
1.350257573859006133e+00
1.350321573129656505e+00
1.349975037420825474e+00
1.349223286594070315e+00
1.348072254808607040e+00
1.346528502917316628e+00
1.344599229163998766e+00
1.342292278902097902e+00
1.339616154769590173e+00
1.336580026890159756e+00
1.333193742142997129e+00
1.329467831883229589e+00
1.325413518894896114e+00
1.321042724574115645e+00
1.316368075624742673e+00
1.311402907962622599e+00
1.306161266870501381e+00
1.300657904267383369e+00
1.294908272745266986e+00
1.288928516929441548e+00
1.282735462540190774e+00
1.276346600587613844e+00
1.269780065185649898e+00
1.263054605768431315e+00
1.256189554373450701e+00
1.249204788130953592e+00
1.242120685552861037e+00
1.234958074508710313e+00
1.227738172214136947e+00
1.220482518506858405e+00
1.213212903119771369e+00
1.205951287392795113e+00
1.198719719705376496e+00
1.191540244921044378e+00
1.184434809366745167e+00
1.177425162078479470e+00
1.170532754052935331e+00
1.163778637960884765e+00
1.157183370170053793e+00
1.150766917208967621e+00
1.144548568965793711e+00
1.138546861019649858e+00
1.132779508399371471e+00
1.127263353213633801e+00
1.122014328915188042e+00
1.117047443528190076e+00
1.112376783833336491e+00
1.108015542527650998e+00
1.103976069833362494e+00
1.100269949920798185e+00
1.096908101476498087e+00
1.093900900843545188e+00
1.091258325524310013e+00
1.088990114786514196e+00
1.087105942675233639e+00
1.085615597901400609e+00
1.084529164331709650e+00
1.083857195183215438e+00
1.125621633870059313e+00
1.000000000000000000e+00
