1.000000000000000000e+00
9.895039092354591670e-01
9.817028797360430881e-01
9.723789983905796186e-01
9.620031645694616662e-01
9.511097384439701763e-01
9.397433860666358774e-01
9.274813825961850666e-01
9.140880487729943216e-01
9.022611891655702987e-01
9.030255977998724592e-01
9.359201411749353827e-01
1.011277702189281813e+00
1.113486479092314907e+00
1.214485403497079563e+00
1.294780103052468156e+00
1.347881072766710986e+00
1.375190915317419105e+00
1.381064898425133913e+00
1.370259158397144628e+00
1.346982665641613508e+00
1.314678902060428589e+00
1.276073772045414723e+00
1.233296270885417600e+00
1.188001919927957450e+00
1.141477882039585667e+00
1.094726365536333068e+00
1.048528672882736990e+00
1.003493593947464069e+00
9.600936643699468087e-01
9.186922318455318370e-01
8.795636510084567927e-01
8.429083951833922228e-01
8.088643512758433296e-01
7.775147647171345433e-01
7.488946909113659567e-01
7.229973538011780221e-01
6.997799226432654951e-01
6.791689282320768628e-01
6.610654516562102234e-01
6.453499361349926966e-01
6.315522790475744941e-01
6.192298953808329509e-01
6.083160283123250078e-01
5.987658125663951614e-01
5.905327606172176003e-01
5.836036369755243092e-01
5.780331153657624066e-01
5.741162762502814987e-01
5.720768820763285634e-01
5.717192305084737303e-01
5.727755674120259544e-01
5.750956107520499572e-01
5.785431835860710414e-01
5.829951312247539930e-01
5.883402719192761809e-01
5.944783687109513881e-01
6.013190804861980876e-01
6.087809831171561159e-01
6.167906997029384275e-01
6.252820489554401506e-01
6.341952763640140711e-01
6.434764029008444020e-01
6.530766056364214478e-01
6.629516704283825446e-01
6.730615237769743686e-01
6.833697947710630771e-01
6.938434367895643939e-01
7.044523854262776386e-01
7.151692517280280326e-01
7.259690688661162294e-01
7.368290564185075997e-01
7.477284181254275630e-01
7.586481563048728116e-01
7.695709017980877364e-01
7.804807668035739221e-01
7.913632057694922617e-01
8.022048928885261443e-01
8.129936064480105529e-01
8.237181258606801615e-01
8.343681358275564230e-01
8.449341390401564622e-01
8.554073768333895211e-01
8.657797580622065281e-01
8.760437958840039396e-01
8.861925500860402538e-01
8.962195759542178619e-01
9.061188758847872338e-01
9.158848550928636589e-01
9.255122807466633628e-01
9.349962481557997362e-01
9.443321495021815837e-01
9.535156481102161630e-01
9.625426553236473559e-01
9.714093097322545889e-01
9.801119578458640236e-01
9.886471347000370669e-01
9.970115494303536385e-01
1.005202071419989629e+00
1.013215719258455216e+00
1.021049651941820846e+00
1.028701162582947193e+00
1.036167676409673000e+00
1.043446746131409864e+00
1.050536046841651805e+00
1.057433373069409210e+00
1.064136633544555677e+00
1.070643846712586500e+00
1.076953139258671976e+00
1.083062745172382435e+00
1.088971005471213394e+00
1.094676368340383066e+00
1.100177387819000430e+00
1.105472723337164176e+00
1.110561141424309284e+00
1.115441516565162772e+00
1.120112832132683645e+00
1.124574182959797497e+00
1.128824778129379425e+00
1.132863942757780684e+00
1.136691120278942702e+00
1.140305876014634956e+00
1.143707900787664045e+00
1.146897014174800722e+00
1.149873167987268241e+00
1.152636451074589008e+00
1.155187095208587200e+00
1.157525480948434327e+00
1.159652143833607152e+00
1.161567781749255568e+00
1.163273262600801772e+00
1.164769632006727340e+00
1.166058120255909936e+00
1.167140148358807084e+00
1.168017334004404661e+00
1.168691498046003030e+00
1.169164671568915237e+00
1.169439102703474287e+00
1.169517263409139529e+00
1.169401856980244903e+00
1.169095825704783431e+00
1.168602358098341343e+00
1.167924895660409135e+00
1.167067138142523275e+00
1.166033047452001314e+00
1.164826851041022238e+00
1.163453044634548128e+00
1.161916393907430844e+00
1.160221935340978616e+00
1.158374976737158946e+00
1.156381097211837572e+00
1.154246146307934318e+00
1.151976241995046335e+00
1.149577767816599705e+00
1.147057369519548953e+00
1.144421950903327323e+00
1.141678668083160764e+00
1.138834921850210957e+00
1.135898348455034235e+00
1.132876808724954110e+00
1.129778375749688646e+00
1.126611321313812919e+00
1.123384100251964224e+00
1.120105332296230438e+00
1.116783781795105623e+00
1.113428335650463730e+00
1.110047979648931760e+00
1.106651772852478954e+00
1.103248819499939026e+00
1.099848238723514893e+00
1.096459132710466244e+00
1.093090553747357863e+00
1.089751470493160124e+00
1.086450733438859562e+00
1.083197039850017473e+00
1.079998898886230796e+00
1.076864597304239002e+00
1.073802166459659313e+00
1.070819351520618357e+00
1.067923583561578793e+00
1.065121955254868302e+00
1.062421200883255423e+00
1.059827681381947384e+00
1.057347375037113402e+00
1.054985874471841667e+00
1.052748390612949780e+00
1.050639764156519496e+00
1.048664484917551487e+00
1.046826719443330500e+00
1.045130347094147316e+00
1.043579004450259973e+00
1.042176137597092822e+00
1.040925061586842393e+00
1.039829026216172458e+00
1.038891286974100492e+00
1.038115179603631866e+00
1.037504196503643339e+00
1.037062063001474188e+00
1.036792811360016442e+00
1.055140403815216343e+00
1.000000000000000000e+00
