1.000000000000000000e+00
9.904595132711684347e-01
9.833742330601645820e-01
9.749089393829247774e-01
9.654587107535276269e-01
9.552239074743911207e-01
9.428091589787197524e-01
9.228915322876393157e-01
8.828290791799604520e-01
8.028344163365290775e-01
6.741137541042637737e-01
5.452501382922451123e-01
5.198057891318232926e-01
6.282976660306545114e-01
8.085519022993832294e-01
9.931871138375779617e-01
1.144615695747089656e+00
1.251501137083835591e+00
1.316108672598130136e+00
1.345470841525077565e+00
1.347233789018930983e+00
1.328143877108375337e+00
1.293694193815322580e+00
1.248203156106322265e+00
1.195017700285382567e+00
1.136724492270409170e+00
1.075331420643314218e+00
1.012411976674735481e+00
9.492155809722090387e-01
8.867495738437642938e-01
8.258384825302027554e-01
7.671652180889219075e-01
7.112978382583626802e-01
6.587045390923427224e-01
6.097581872833629513e-01
5.647350093792516956e-01
5.238118399539715142e-01
4.870631263587528736e-01
4.544607016836396118e-01
4.258789783566789278e-01
4.011066681411460388e-01
3.796807805907510547e-01
3.611701524838289989e-01
3.453488651709229473e-01
3.319814983869354141e-01
3.208239476854858330e-01
3.116493950185265649e-01
3.042657112250398144e-01
2.985705739378902157e-01
2.947271742195788913e-01
2.936863724723761115e-01
2.951526904415746611e-01
2.978899433672667074e-01
3.016343762267614803e-01
3.063380403215371639e-01
3.119650444887434038e-01
3.184873152651357398e-01
3.258811339461353818e-01
3.341244504481305500e-01
3.431949263772161585e-01
3.530684376176070338e-01
3.637180958565855993e-01
3.751137988364644515e-01
3.872220679817895417e-01
4.000061973555457673e-01
4.134266673704424799e-01
4.274416547735009897e-01
4.420076537481946732e-01
4.570801092728518089e-01
4.726140284902385913e-01
4.885645914411524959e-01
5.048876631910554913e-01
5.215402437929634871e-01
5.384808176455103679e-01
5.556696090535178101e-01
5.730687740673141573e-01
5.906425050839999580e-01
6.083570843790169214e-01
6.261808754946770472e-01
6.440842809933439161e-01
6.620396638691052882e-01
6.800212471466878794e-01
6.980049990506570490e-01
7.159685124359861375e-01
7.338908838759897746e-01
7.517525915541263259e-01
7.695353787396834733e-01
7.872221361172597742e-01
8.047967891807876750e-01
8.222441909483583222e-01
8.395500312494936779e-01
8.567007514526475687e-01
8.736834735668568275e-01
8.904859362291260849e-01
9.070964373002616821e-01
9.235037807663611931e-01
9.396972240089020989e-01
9.556664390678782928e-01
9.714014759333825522e-01
9.868927338709104768e-01
1.002130939112079844e+00
1.017107129541317434e+00
1.031812651034590189e+00
1.046239146679388332e+00
1.060378544686816138e+00
1.074223051940034868e+00
1.087765141193407725e+00
1.100997540042848666e+00
1.113913227661643024e+00
1.126505432635672266e+00
1.138767632185956558e+00
1.150693552109797402e+00
1.162277162451949231e+00
1.173512675045708553e+00
1.184394546426848160e+00
1.194917478097446306e+00
1.205076416617880453e+00
1.214866557673036418e+00
1.224283350374050672e+00
1.233322498588767857e+00
1.241979963295226863e+00
1.250251968051113272e+00
1.258135004341162766e+00
1.265625835775381569e+00
1.272721502708004770e+00
1.279419330176845060e+00
1.285716938564353207e+00
1.291612254151891070e+00
1.297103520505784591e+00
1.302189312936673726e+00
1.306868553836174174e+00
1.311140528180787745e+00
1.315004897296445874e+00
1.318461710483862959e+00
1.321511416655364091e+00
1.324154877651380735e+00
1.326393383439742335e+00
1.328228667100201488e+00
1.329662920235784584e+00
1.330698810815887700e+00
1.331339502062725666e+00
1.331588670960186294e+00
1.331450526315396399e+00
1.330929823829641645e+00
1.330031878542953239e+00
1.328762576897662528e+00
1.327128388109230839e+00
1.325136373898145203e+00
1.322794197226925261e+00
1.320110131332845382e+00
1.317093068656345123e+00
1.313752528787092144e+00
1.310098664858093676e+00
1.306142269087283925e+00
1.301894778360717320e+00
1.297368279196564833e+00
1.292575509993579841e+00
1.287529859690580647e+00
1.282245363615744260e+00
1.276736696208409683e+00
1.271019161116543117e+00
1.265108679012779458e+00
1.259021770807813079e+00
1.252775534902088150e+00
1.246387619201886787e+00
1.239876188521886746e+00
1.233259887525259169e+00
1.226557797959960450e+00
1.219789388321061319e+00
1.212974456283266722e+00
1.206133065111190561e+00
1.199285474747876501e+00
1.192452068044292046e+00
1.185653271550021648e+00
1.178909471202162162e+00
1.172240924362187631e+00
1.165667668934413648e+00
1.159209431205838969e+00
1.152885534685069491e+00
1.146714811659099942e+00
1.140715519430357983e+00
1.134905263328451763e+00
1.129300928667598791e+00
1.123918623710700171e+00
1.118773635816731060e+00
1.113880403216591430e+00
1.109252504454585564e+00
1.104902667216815626e+00
1.100842798276028267e+00
1.097084035786555445e+00
1.093636824162347754e+00
1.090511010843522310e+00
1.087715963450556877e+00
1.085260705263473291e+00
1.083154066033683138e+00
1.081404843857902920e+00
1.080021973110674827e+00
1.079014692775156714e+00
1.078392708963434421e+00
1.117441107187917115e+00
1.000000000000000000e+00
