1.000000000000000000e+00
9.913349314144817015e-01
9.849044842910341657e-01
9.772247290570234002e-01
9.686352091359430316e-01
9.591489940368485012e-01
9.466530370367514102e-01
9.234151393583087675e-01
8.706120515459641052e-01
7.566561577490377166e-01
5.613075617381828586e-01
3.558987097858324344e-01
3.065891196679285668e-01
4.253115848709170810e-01
6.339066132735396986e-01
8.550732764632763550e-01
1.039898337428923458e+00
1.173222467304152028e+00
1.257382749648590536e+00
1.300550954775070434e+00
1.311610891645008659e+00
1.298381790781460987e+00
1.267216659630268083e+00
1.223099064568312855e+00
1.169882875740873907e+00
1.110541079821477206e+00
1.047379873090601876e+00
9.822091712434302124e-01
9.164728650870499482e-01
8.513452755957199303e-01
7.878001061724068110e-01
7.266569893505702149e-01
6.686094771114126090e-01
6.142372304364832614e-01
5.640038562097641206e-01
5.182464945026034053e-01
4.771638742455807658e-01
4.408065527770670955e-01
4.090755715761032474e-01
3.817344112118611910e-01
3.584350596181308246e-01
3.386336461191707947e-01
3.218262768143980157e-01
3.076599262005412783e-01
2.957898126088132629e-01
2.858909108098510177e-01
2.776782880366757689e-01
2.709160073721035289e-01
2.654395515807008721e-01
2.612272317952093470e-01
2.586180961376535747e-01
2.582266077039387375e-01
2.594482997874047459e-01
2.613897912344728680e-01
2.640430889949224036e-01
2.674115235829604420e-01
2.715066383138198813e-01
2.763453830017461033e-01
2.819476113098472458e-01
2.883338677354728152e-01
2.955232250372691882e-01
3.035313550282234818e-01
3.123689856361314132e-01
3.220406038859782161e-01
3.325435775513553294e-01
3.438677593304804159e-01
3.559954482742097026e-01
3.689017689311512305e-01
3.825553458195256051e-01
3.969192007882190176e-01
4.119518515495054767e-01
4.276084264860633422e-01
4.438417847851735543e-01
4.606035399302150779e-01
4.778449547932627772e-01
4.955177183510788286e-01
5.135745545278826985e-01
5.319697015581096311e-01
5.506592444687435917e-01
5.696013409500837454e-01
5.887563420249799506e-01
6.080868338514915372e-01
6.275576177517854237e-01
6.471356474447589324e-01
6.667899372636594268e-01
6.864914461976264759e-01
7.062129518847960474e-01
7.259289097791797873e-01
7.456153093322847036e-01
7.652495303561481776e-01
7.848102169052698640e-01
8.042771552788569034e-01
8.236311695128289978e-01
8.428540251235003833e-01
8.619283414668681420e-01
8.808375100498020416e-01
8.995656138630669929e-01
9.180973662860516527e-01
9.364180534938277845e-01
9.545134885146786541e-01
9.723699746428675628e-01
9.899742790115100277e-01
1.007313622483153814e+00
1.024375660538535016e+00
1.041148462970027611e+00
1.057620501621656439e+00
1.073780630022737270e+00
1.089618065769836885e+00
1.105122383599066893e+00
1.120283510138039507e+00
1.135091720671604687e+00
1.149537636979413247e+00
1.163612219553298965e+00
1.177306762371368221e+00
1.190612894856186044e+00
1.203522580292172295e+00
1.216028113994167104e+00
1.228122126722774876e+00
1.239797588354611957e+00
1.251047807544170665e+00
1.261866432679880079e+00
1.272247456900664764e+00
1.282185222874354658e+00
1.291674425980541940e+00
1.300710117979192448e+00
1.309287714998554675e+00
1.317403009048278895e+00
1.325052179325912016e+00
1.332231804561551991e+00
1.338938879361960765e+00
1.345170831667428457e+00
1.350925540397248881e+00
1.356201350790115834e+00
1.360997086930414657e+00
1.365312064304680106e+00
1.369146104595455382e+00
1.372499552996662153e+00
1.375373295316973499e+00
1.377768775732330031e+00
1.379688017836669944e+00
1.381133647196242542e+00
1.382108913571218789e+00
1.382617712740108251e+00
1.382664604626707705e+00
1.382254828232275301e+00
1.381394316338378170e+00
1.380089709604888082e+00
1.378348368858438366e+00
1.376178386444280477e+00
1.373588598362482260e+00
1.370588596703314677e+00
1.367188741271633479e+00
1.363400169691530550e+00
1.359234806939812135e+00
1.354705375514399623e+00
1.349825405414092572e+00
1.344609241225123597e+00
1.339072045197527983e+00
1.333229797348878698e+00
1.327099292197351676e+00
1.320698132792138768e+00
1.314044722495311790e+00
1.307158251470404542e+00
1.300058676066831120e+00
1.292766692000925310e+00
1.285303702086145083e+00
1.277691778632523256e+00
1.269953618785774951e+00
1.262112490216137806e+00
1.254192167440115524e+00
1.246216860173110064e+00
1.238211134427549931e+00
1.230199826739302615e+00
1.222207950510393992e+00
1.214260594641947799e+00
1.206382816091227550e+00
1.198599527043796131e+00
1.190935378597357763e+00
1.183414643722110249e+00
1.176061101557456468e+00
1.168897925468808774e+00
1.161947577514072183e+00
1.155231712130597055e+00
1.148771091772792463e+00
1.142585517453366784e+00
1.136693777569671937e+00
1.131113617922808734e+00
1.125861735477694747e+00
1.120953798472773322e+00
1.116404494862963004e+00
1.112227609762659108e+00
1.108436131316800743e+00
1.105042383332988321e+00
1.102058182222591887e+00
1.099495014510736501e+00
1.097364229416347925e+00
1.095677239970541006e+00
1.094445725215378751e+00
1.093681825254678053e+00
1.140327488044145854e+00
1.000000000000000000e+00
