1.000000000000000000e+00
9.903443428643962099e-01
9.831732145602807282e-01
9.746036236862968272e-01
9.650113073651473972e-01
9.543985792489516617e-01
9.403491955808331859e-01
9.140352445099831913e-01
8.539149733496657069e-01
7.235704213366813686e-01
4.998969025242526176e-01
2.759361095867266522e-01
2.417015540516986860e-01
3.615284254452318380e-01
5.755173157108389725e-01
8.081469580451686729e-01
1.003676323919714175e+00
1.145073173962888324e+00
1.234881979556443410e+00
1.281809342838317711e+00
1.295210000115217808e+00
1.283269564382290229e+00
1.252619646820434696e+00
1.208455107001243034e+00
1.154791043861269184e+00
1.094725444617757448e+00
1.030664160110633887e+00
9.644997843438786189e-01
8.977481324798868290e-01
8.316490235778905005e-01
7.672377867512856220e-01
7.053925680907907614e-01
6.468611662736388768e-01
5.922700248831080927e-01
5.421168538960724481e-01
4.967539620270512435e-01
4.563707343083275303e-01
4.209809746206366610e-01
3.904235005027356653e-01
3.643817099239757828e-01
3.424214176816745558e-01
3.239414057077069087e-01
3.083912349657853547e-01
2.953619732567733802e-01
2.844700958952380843e-01
2.753696896937183336e-01
2.677675327894186719e-01
2.614266404570836921e-01
2.561779208247704220e-01
2.519641506603545467e-01
2.489813746841404163e-01
2.477342451801965439e-01
2.480827412083323746e-01
2.492943637382660782e-01
2.510897629715515555e-01
2.534816792538153729e-01
2.564915786384502350e-01
2.601474690460874317e-01
2.644818685888791765e-01
2.695298882047605926e-01
2.753271409285953930e-01
2.819076551842739087e-01
2.893019569540437597e-01
2.975351922161124096e-01
3.066255318495405557e-01
3.165830051278068491e-01
3.274087096437360289e-01
3.390945465338497944e-01
3.516234100069224322e-01
3.649697903042923297e-01
3.791007787708046139e-01
3.939772570316480427e-01
4.095552307530875291e-01
4.257871572490423140e-01
4.426231942400699615e-01
4.600123478736654059e-01
4.779034374264476415e-01
4.962459011332014946e-01
5.149904111851908439e-01
5.340893373399944188e-01
5.534970585580756275e-01
5.731701535532160996e-01
5.930674922641162583e-01
6.131502534412287542e-01
6.333818877927339663e-01
6.537280359681528763e-01
6.741564208699475369e-01
6.946367118604614976e-01
7.151403769267571375e-01
7.356405285424252316e-01
7.561117846916224350e-01
7.765301310714671779e-01
7.968728008057945900e-01
8.171181618940134284e-01
8.372456134612403789e-01
8.572354882126094200e-01
8.770689558444538791e-01
8.967279487821784301e-01
9.161950920563161072e-01
9.354536467136335132e-01
9.544874641806122550e-01
9.732809525196102207e-01
9.918190615615760652e-01
1.010087258087931428e+00
1.028071499973700398e+00
1.045758219771144804e+00
1.063134299345727118e+00
1.080187047891373764e+00
1.096904192297096126e+00
1.113273869586079767e+00
1.129284621779511610e+00
1.144925392089385152e+00
1.160185514835350595e+00
1.175054708344587473e+00
1.189523076048501604e+00
1.203581103605453340e+00
1.217219655770900966e+00
1.230429979219222814e+00
1.243203705653134428e+00
1.255532850374809328e+00
1.267409812311304895e+00
1.278827378610754462e+00
1.289778728945609299e+00
1.300257437989077003e+00
1.310257478413821897e+00
1.319773228734757220e+00
1.328799485094710464e+00
1.337331472783686248e+00
1.345364858896148430e+00
1.352895769463229758e+00
1.359920807808980836e+00
1.366437073093743404e+00
1.372442176244040857e+00
1.377934252704033469e+00
1.382911975216074341e+00
1.387374569118797307e+00
1.391321830488505107e+00
1.394754144058953038e+00
1.397672501895439234e+00
1.400078525807807672e+00
1.401974491496517761e+00
1.403363352380664120e+00
1.404248763047615034e+00
1.404635098633204793e+00
1.404527470709483250e+00
1.403931743020954581e+00
1.402854546662945401e+00
1.401303293366125580e+00
1.399286187881332300e+00
1.396812241411007571e+00
1.393891285561283722e+00
1.390533985588314758e+00
1.386751852162432463e+00
1.382557252731921871e+00
1.377963423858642900e+00
1.372984483623846508e+00
1.367635441092531545e+00
1.361932201600790870e+00
1.355891569044441525e+00
1.349531244737326219e+00
1.342869823600573831e+00
1.335926788202986604e+00
1.328722497244052114e+00
1.321278166443989877e+00
1.313615842838983472e+00
1.305758373307982279e+00
1.297729367440754400e+00
1.289553152769560951e+00
1.281254719403898124e+00
1.272859654316600420e+00
1.264394066770528680e+00
1.255884505596915224e+00
1.247357868651484791e+00
1.238841303192298016e+00
1.230362097242062580e+00
1.221947563631618161e+00
1.213624917356400434e+00
1.205421148233632112e+00
1.197362891832945087e+00
1.189476300871181946e+00
1.181786919688456505e+00
1.174319564699344731e+00
1.167098213922551864e+00
1.160145908633655187e+00
1.153484670472550988e+00
1.147135437859551299e+00
1.141118025077989317e+00
1.135451107011514527e+00
1.130152232624240582e+00
1.125237869590945072e+00
1.120723481012423584e+00
1.116623633756828493e+00
1.112952136726524932e+00
1.109722206449744730e+00
1.106946655920030054e+00
1.104638100593852590e+00
1.102809174262801895e+00
1.101472746445055551e+00
1.100642132050406730e+00
1.150744390950764195e+00
1.000000000000000000e+00
