1.000000000000000000e+00
9.907928136656305451e-01
9.839569234337354198e-01
9.757911185587162528e-01
9.666735282323835055e-01
9.567680031029431875e-01
9.445801935849768016e-01
9.244672478400933757e-01
8.829537390274804221e-01
7.986193459242967307e-01
6.609154981707983101e-01
5.204399182492016607e-01
4.886401512935146796e-01
5.977678416249767590e-01
7.822890585931091545e-01
9.723631567821888755e-01
1.128846873419368624e+00
1.239826707629372970e+00
1.307521300424133948e+00
1.339100911295193930e+00
1.342385992169717435e+00
1.324282370158123667e+00
1.290413908468337478e+00
1.245201162591197175e+00
1.192069147295071962e+00
1.133663942424603555e+00
1.072039050832386264e+00
1.008803735482847852e+00
9.452363884817346351e-01
8.823687539211324538e-01
8.210467318099694545e-01
7.619725029152839557e-01
7.057316674068602191e-01
6.528080964264284525e-01
6.035878381044860186e-01
5.583568658211880420e-01
5.172973118409381899e-01
4.804836243018689168e-01
4.478819919788324944e-01
4.193559640804700450e-01
3.946794423278010555e-01
3.733822833494495064e-01
3.550266077513982155e-01
3.393699490917545525e-01
3.261610989238282743e-01
3.151428518110091503e-01
3.060775505743970060e-01
2.987635732976185454e-01
2.930851343581184487e-01
2.891694030565534201e-01
2.878537204834349383e-01
2.890255062908090866e-01
2.915626782181499066e-01
2.950688972884514261e-01
2.995034753443751030e-01
3.048375611084273573e-01
3.110499652126560433e-01
3.181237076264618602e-01
3.260432906303075695e-01
3.347926611729533097e-01
3.443536046142807172e-01
3.547046495380458686e-01
3.658205122285730915e-01
3.776718487380084088e-01
3.902253496989019355e-01
4.034441357978708620e-01
4.172882815340775431e-01
4.317154798868981791e-01
4.466817408586532534e-01
4.621420824051331588e-01
4.780512296880469747e-01
4.943642157393959291e-01
5.110369168324039313e-01
5.280264793970093073e-01
5.452916434399995849e-01
5.627929925202251882e-01
5.804931054925435152e-01
5.983566477706241393e-01
6.163503911281182912e-01
6.344431924338903572e-01
6.526059293209924839e-01
6.708114087562847550e-01
6.890342569719698496e-01
7.072508005317922342e-01
7.254389447597724416e-01
7.435780491787233881e-01
7.616488074511347239e-01
7.796331251715017396e-01
7.975140022632534187e-01
8.152754204729408816e-01
8.329022478545060615e-01
8.503801487650148871e-01
8.676955087793375432e-01
8.848353667787604016e-01
9.017873539747061074e-01
9.185396374929571950e-01
9.350808644374052347e-01
9.514001206380866549e-01
9.674868916121263096e-01
9.833310319936205968e-01
9.989227416839711049e-01
1.014252549371067014e+00
1.029311308255186797e+00
1.044090184414688371e+00
1.058580643861859016e+00
1.072774445513141162e+00
1.086663627581617497e+00
1.100240495844944544e+00
1.113497620022546819e+00
1.126427831312385663e+00
1.139024221382020974e+00
1.151280142113199512e+00
1.163189200903988363e+00
1.174745257917921615e+00
1.185942428922279301e+00
1.196775085363084301e+00
1.207237854255145182e+00
1.217325622199546320e+00
1.227033539637260473e+00
1.236357022002758654e+00
1.245291751932819713e+00
1.253833684706911367e+00
1.261979053551360197e+00
1.269724373739734125e+00
1.277066447122519044e+00
1.284002370101147594e+00
1.290529544424171782e+00
1.296645687865984220e+00
1.302348845764518925e+00
1.307637405748576898e+00
1.312510113373665632e+00
1.316966087929897222e+00
1.321004836442596364e+00
1.324626265452095497e+00
1.327830692809032431e+00
1.330618861220128402e+00
1.332991953757588277e+00
1.334951609155691887e+00
1.336499937563253804e+00
1.337639538836745245e+00
1.338373521935145583e+00
1.338705523943798825e+00
1.338639728657943007e+00
1.338180882088091161e+00
1.337334305268361945e+00
1.336105906702251822e+00
1.334502194125792629e+00
1.332530284609264815e+00
1.330197913669503240e+00
1.327513444736492243e+00
1.324485878563042895e+00
1.321124861669900286e+00
1.317440693238606020e+00
1.313444331181798930e+00
1.309147398323109890e+00
1.304562188004559475e+00
1.299701666948098744e+00
1.294579474466333924e+00
1.289209918832330271e+00
1.283607970479878180e+00
1.277789252556651434e+00
1.271770029185748552e+00
1.265567189022762662e+00
1.259198222691805480e+00
1.252681194847474977e+00
1.246034711500347392e+00
1.239277882752671811e+00
1.232430279641818505e+00
1.225511883131917612e+00
1.218543025591299456e+00
1.211544325988715975e+00
1.204536619512856177e+00
1.197540882070940560e+00
1.190578149036574107e+00
1.183669428568291160e+00
1.176835610976971092e+00
1.170097374876585938e+00
1.163475091796696947e+00
1.156988731601933162e+00
1.150657770486591458e+00
1.144501103570874090e+00
1.138536964268422658e+00
1.132782852681010199e+00
1.127255475168738030e+00
1.121970697371641457e+00
1.116943513245262531e+00
1.112188032254772141e+00
1.107717486549103736e+00
1.103544259949506889e+00
1.099679940073483353e+00
1.096135393873984842e+00
1.092920865906828354e+00
1.090046097796802949e+00
1.087520466783499451e+00
1.085353140254226911e+00
1.083553241834253278e+00
1.082130023835384813e+00
1.081093040174460507e+00
1.080452313298122746e+00
1.120524496285339344e+00
1.000000000000000000e+00
