1.000000000000000000e+00
9.876603492169110377e-01
9.784754429670801112e-01
9.674842931445183369e-01
9.552316409261216723e-01
9.422972384603569562e-01
9.284877195016230100e-01
9.124513144305819168e-01
8.917471446444072969e-01
8.656770970250901032e-01
8.437664897169036005e-01
8.525827635468713472e-01
9.170909085474359124e-01
1.028787525852225881e+00
1.153295388145122446e+00
1.260896788003638358e+00
1.338334102567297013e+00
1.384363548315039383e+00
1.403103719953855633e+00
1.400048094417688294e+00
1.380374075220984986e+00
1.348427926740942473e+00
1.307686285769170453e+00
1.260873598123984696e+00
1.210109270426181549e+00
1.157041314440630631e+00
1.102955385644842190e+00
1.048859550390216056e+00
9.955485218181654439e-01
9.436515508053342494e-01
8.936676779733936371e-01
8.459913499040606633e-01
8.009307559422634837e-01
7.587205927164203390e-01
7.195299477653367415e-01
6.834678706152507166e-01
6.505887007289526958e-01
6.208967641515711344e-01
5.943509824323000013e-01
5.708697982459719489e-01
5.503363782400726434e-01
5.322828990722090481e-01
5.162681374284707747e-01
5.022097574819192056e-01
4.900389739983407877e-01
4.796788705873209491e-01
4.710775492131527575e-01
4.642390420519877936e-01
4.593752122061432464e-01
4.572178556580768771e-01
4.575287146845992137e-01
4.594828760574032889e-01
4.629003308151986573e-01
4.676202807314671639e-01
4.734993570153195330e-01
4.804098054010683683e-01
4.882377138370462277e-01
4.968812797891267174e-01
5.062492630901662682e-01
5.162596776364777318e-01
5.268385892785781843e-01
5.379190933298434452e-01
5.494405012224331530e-01
5.613476044881773319e-01
5.735900578749355549e-01
5.861218799479800401e-01
5.989009962638282003e-01
6.118888598882546992e-01
6.250501129724348459e-01
6.383522860007486699e-01
6.517655581396838427e-01
6.652625292960322456e-01
6.788180261201773869e-01
6.924089194716580575e-01
7.060139529291309390e-01
7.196135934319413119e-01
7.331898847852641454e-01
7.467263168684302732e-01
7.602076981097543040e-01
7.736200402149754352e-01
7.869504482817921698e-01
8.001870190097331026e-01
8.133187467936340287e-01
8.263354386471633006e-01
8.392276379467813463e-01
8.519865541373418116e-01
8.646040000849106733e-01
8.770723320939873835e-01
8.893843946777970633e-01
9.015334693330943061e-01
9.135132324808462601e-01
9.253177164205567129e-01
9.369412775461507525e-01
9.483785678134984964e-01
9.596245091660718929e-01
9.706742697011516707e-01
9.815232395154543932e-01
9.921670132313095136e-01
1.002601373124157424e+00
1.012822275967814711e+00
1.022825842813334996e+00
1.032608352081492820e+00
1.042166238432533421e+00
1.051496087837780147e+00
1.060594631864447468e+00
1.069458744792652238e+00
1.078085437434841420e+00
1.086471851862029325e+00
1.094615260163745774e+00
1.102513063833611584e+00
1.110162793948727522e+00
1.117562111813146908e+00
1.124708807490086393e+00
1.131600799409095304e+00
1.138236136875221627e+00
1.144613001316568957e+00
1.150729707557255566e+00
1.156584707274543433e+00
1.162176592689832422e+00
1.167504098813321178e+00
1.172566106322992852e+00
1.177361646166529940e+00
1.181889904183077489e+00
1.186150225196898056e+00
1.190142117397745558e+00
1.193865258522183170e+00
1.197319503510510863e+00
1.200504892137713719e+00
1.203421657102186071e+00
1.206070233741421971e+00
1.208451270199429883e+00
1.210565637655362403e+00
1.212414439587532033e+00
1.213999019845707572e+00
1.215320970654080179e+00
1.216382141410138562e+00
1.217184648364432631e+00
1.217730884044720074e+00
1.218023526744245633e+00
1.218065551115687484e+00
1.217860239104136655e+00
1.217411190437236446e+00
1.216722332610048252e+00
1.215797928985971055e+00
1.214642585188227430e+00
1.213261254954705048e+00
1.211659245262961759e+00
1.209842220196359674e+00
1.207816203871629801e+00
1.205587583089807735e+00
1.203163109470197334e+00
1.200549900576007412e+00
1.197755439709327074e+00
1.194787574731210889e+00
1.191654516364489380e+00
1.188364835611820158e+00
1.184927459169184738e+00
1.181351662378681500e+00
1.177647060148389491e+00
1.173823595691143806e+00
1.169891527377139306e+00
1.165861413916251976e+00
1.161744096693866135e+00
1.157550678617441653e+00
1.153292499946548366e+00
1.148981111532624055e+00
1.144628245657766552e+00
1.140245783948349967e+00
1.135845721536132169e+00
1.131440127819124175e+00
1.127041104631258950e+00
1.122660742367063147e+00
1.118311074485851542e+00
1.114004030282465640e+00
1.109751386289007158e+00
1.105564717236815708e+00
1.101455347119213890e+00
1.097434301339511364e+00
1.093512261222767012e+00
1.089699521843437990e+00
1.086005954205538471e+00
1.082440972835505999e+00
1.079013509841229901e+00
1.075731996389213130e+00
1.072604352567628982e+00
1.069637986699175647e+00
1.066839804925966639e+00
1.064216231703415394e+00
1.061773241829337966e+00
1.059516404380035137e+00
1.057450938428473819e+00
1.055581779972669665e+00
1.053913659127261315e+00
1.052451186388407178e+00
1.051198946359130248e+00
1.050161596723724555e+00
1.049343969935394139e+00
1.048751174789210650e+00
1.048388694805514332e+00
1.072510983950349939e+00
1.000000000000000000e+00
