1.000000000000000000e+00
9.915230450102683335e-01
9.852330637767626742e-01
9.777250153169781965e-01
9.693838627871971259e-01
9.606615499521469204e-01
9.516984446120396735e-01
9.425185189332955238e-01
9.338642943498614013e-01
9.296135723693045305e-01
9.403190837477906072e-01
9.806746595221668139e-01
1.053883040091535994e+00
1.142594797019905073e+00
1.223870045052789290e+00
1.284445267037964911e+00
1.321468059264678141e+00
1.337458771501184529e+00
1.336547469239626196e+00
1.322783585873910761e+00
1.299602846912988330e+00
1.269761882662177266e+00
1.235422139741072511e+00
1.198262874506134779e+00
1.159584350891576410e+00
1.120391953148098141e+00
1.081461666398412236e+00
1.043390061904794663e+00
1.006632192593754027e+00
9.715303290557850691e-01
9.383358694084527052e-01
9.072262049398233108e-01
8.783178746257659375e-01
8.516769170442846093e-01
8.273267086054767461e-01
8.052546011215000465e-01
7.854182972240378868e-01
7.677515030956348907e-01
7.521689605265472478e-01
7.385709251402439168e-01
7.268469853545862502e-01
7.165499925037398521e-01
7.072598564409665611e-01
6.989270586328270030e-01
6.915268344063070227e-01
6.850356453737901363e-01
6.794660150879736626e-01
6.749025399290404792e-01
6.715913205639351125e-01
6.696510937640473005e-01
6.689705699342487488e-01
6.694204135292615154e-01
6.708834663587420755e-01
6.732536111820840441e-01
6.764347192733790592e-01
6.803397334886576164e-01
6.848898419735610643e-01
6.900136834666705798e-01
6.956466296462862076e-01
7.017301598257780215e-01
7.082112526030375221e-01
7.150418360102168691e-01
7.221783195910577158e-01
7.295811448188780357e-01
7.372143830579281909e-01
7.450453872266405986e-01
7.530444620050593674e-01
7.611845752137340604e-01
7.694410940775142649e-01
7.777915463682670838e-01
7.862154204935047908e-01
7.946939786950503182e-01
8.032100952958184381e-01
8.117481079023747270e-01
8.202936807855603085e-01
8.288336859726743722e-01
8.373560911384532179e-01
8.458498605706307183e-01
8.543048619970690094e-01
8.627117835023996317e-01
8.710620564016769984e-01
8.793477850305515542e-01
8.875616829688568465e-01
8.956970158319887965e-01
9.037475503535433718e-01
9.117075079599253895e-01
9.195715235307473367e-01
9.273346064961618396e-01
9.349921052320194770e-01
9.425396742231322289e-01
9.499732466489250182e-01
9.572890090441963373e-01
9.644833802249085375e-01
9.715529923025644221e-01
9.784946735788616623e-01
9.853054326436002652e-01
9.919824425413158453e-01
9.985230287209583278e-01
1.004924657515767317e+00
1.011184926800094530e+00
1.017301558398588934e+00
1.023272392441481049e+00
1.029095384978891303e+00
1.034768603729699255e+00
1.040290223561561422e+00
1.045658523633167025e+00
1.050871882910459076e+00
1.055928776300776084e+00
1.060827773077054115e+00
1.065567535759906814e+00
1.070146819541809569e+00
1.074564472070227650e+00
1.078819432199180639e+00
1.082910729415795581e+00
1.086837484918610208e+00
1.090598912099780771e+00
1.094194317118199811e+00
1.097623100720089839e+00
1.100884760248315164e+00
1.103978890927271861e+00
1.106905187540396573e+00
1.109663447080444953e+00
1.112253571444658640e+00
1.114675569871674821e+00
1.116929561554233841e+00
1.119015779238808017e+00
1.120934573626718445e+00
1.122686417754788391e+00
1.124271911609997510e+00
1.125691787602007388e+00
1.126946916246228447e+00
1.128038311836590424e+00
1.128967137543158250e+00
1.129734709804553816e+00
1.130342502615995448e+00
1.130792152172257925e+00
1.131085461899635991e+00
1.131224407249485697e+00
1.131211140417369254e+00
1.131047995541360374e+00
1.130737493951022632e+00
1.130282349032962097e+00
1.129685470670423131e+00
1.128949968503190737e+00
1.128079154099562498e+00
1.127076542671049397e+00
1.125945854219317255e+00
1.124691013825360741e+00
1.123316151252533812e+00
1.121825600218803842e+00
1.120223897205935959e+00
1.118515779540967259e+00
1.116706182580387008e+00
1.114800236195285343e+00
1.112803260810522943e+00
1.110720762808230511e+00
1.108558428707831167e+00
1.106322117899118718e+00
1.104017854183003244e+00
1.101651816067723777e+00
1.099230326008829861e+00
1.096759838740494430e+00
1.094246928107671435e+00
1.091698272103156730e+00
1.089120636412414633e+00
1.086520856744114250e+00
1.083905820098611805e+00
1.081282444750718774e+00
1.078657658568433542e+00
1.076038375916491985e+00
1.073431473630513278e+00
1.070843766402493902e+00
1.068281981848398177e+00
1.065752735241032978e+00
1.063262504136869069e+00
1.060817603411823518e+00
1.058424161005411479e+00
1.056088094892788209e+00
1.053815091942536419e+00
1.051610589133059825e+00
1.049479757630943144e+00
1.047427490233854952e+00
1.045458392665356229e+00
1.043576779146171196e+00
1.041786672666842994e+00
1.040091810430540109e+00
1.038495654806689927e+00
1.037001410040838012e+00
1.035612044964405509e+00
1.034330321823928145e+00
1.033158831104139530e+00
1.032100032002669421e+00
1.031156298037094521e+00
1.030329967157811000e+00
1.029623395540909980e+00
1.029039013944708980e+00
1.028579385363075804e+00
1.028247262572438148e+00
1.028045644052983043e+00
1.042034757475046591e+00
1.000000000000000000e+00
