1.000000000000000000e+00
9.913795072267589381e-01
9.849823570404910855e-01
9.773425884363240446e-01
9.687983718710615477e-01
9.593654584608355407e-01
9.469554644808728661e-01
9.239233271710983741e-01
8.716645840159957803e-01
7.589914641282102803e-01
5.659701775366076104e-01
3.626352217336318295e-01
3.129015733681964062e-01
4.312571057320834789e-01
6.391411460662610455e-01
8.592303750986413080e-01
1.043071380556081618e+00
1.175640572811584850e+00
1.259260387260674463e+00
1.302059352537925374e+00
1.312880773413370505e+00
1.299511116987325687e+00
1.268277972192886516e+00
1.224145501830679272e+00
1.170952814599038216e+00
1.111661572927228558e+00
1.048569099564707674e+00
9.834781150599737343e-01
9.178264125836215204e-01
8.527829002871575304e-01
7.893162930277630718e-01
7.282415449288411891e-01
6.702478744876941841e-01
6.159111428167336477e-01
5.656920312213162827e-01
5.199260556949603096e-01
4.788120251216116396e-01
4.424025304941129888e-01
4.106025474251258633e-01
3.831809544471594942e-01
3.597958445780251036e-01
3.399073653957487284e-01
3.230150474063905319e-01
3.087704552377991685e-01
2.968322729421004613e-01
2.868776237030234433e-01
2.786227372988145379e-01
2.718322376147466746e-01
2.663425098515732614e-01
2.621357065436744627e-01
2.595650251044900880e-01
2.592263900838648882e-01
2.605000221341844946e-01
2.625040412189174055e-01
2.652295141584508076e-01
2.686788431014867085e-01
2.728625962056724918e-01
2.777966575076069033e-01
2.834996961090059386e-01
2.899909419448544190e-01
2.972880312343123554e-01
3.054051029396072647e-01
3.143512958944273961e-01
3.241295032219996264e-01
3.347355501073728812e-01
3.461578521863225566e-01
3.583774244896971162e-01
3.713682963402770154e-01
3.850982079680321801e-01
3.995295160030066794e-01
4.146202868964877775e-01
4.303253967869424268e-01
4.465976293200517033e-01
4.633886729266289972e-01
4.806499883824231212e-01
4.983335584479559044e-01
5.163924719539303432e-01
5.347813812482989926e-01
5.534568162885626919e-01
5.723773954340752868e-01
5.915039343233250424e-01
6.107994787424028127e-01
6.302292781779091912e-01
6.497607185732052759e-01
6.693632276722817354e-01
6.890081574951025800e-01
7.086686577115262065e-01
7.283195349987142686e-01
7.479371099432835512e-01
7.674990744931030617e-01
7.869843670139180514e-01
8.063730516153234662e-01
8.256462149118923843e-01
8.447858710340124810e-01
8.637748752109125627e-01
8.825968432653102935e-01
9.012360721200209923e-01
9.196774796612359193e-01
9.379065480502188912e-01
9.559092785414261551e-01
9.736721555349951984e-01
9.911821206598041556e-01
1.008426562983795405e+00
1.025393300294453969e+00
1.042070559174502309e+00
1.058446963022504850e+00
1.074511512032553684e+00
1.090253565877977948e+00
1.105662836963805962e+00
1.120729385331822092e+00
1.135443615550834728e+00
1.149796274661535334e+00
1.163778444552167723e+00
1.177381536860806932e+00
1.190597294987369104e+00
1.203417792598581393e+00
1.215835431885594176e+00
1.227842947016496877e+00
1.239433407842074786e+00
1.250600219633630106e+00
1.261337124103597107e+00
1.271638204448784171e+00
1.281497890159897013e+00
1.290910960253127682e+00
1.299872546984927490e+00
1.308378143846699926e+00
1.316423617053246398e+00
1.324005216828981313e+00
1.331119589724632624e+00
1.337763794897398828e+00
1.343935321495213886e+00
1.349632106229436079e+00
1.354852548665417267e+00
1.359595523726143673e+00
1.363860394225860251e+00
1.367647025619709300e+00
1.370955803250305083e+00
1.373787649382755216e+00
1.376144040880602493e+00
1.378027030146431242e+00
1.379439267548452808e+00
1.380384023513031133e+00
1.380865210218362726e+00
1.380887399618624611e+00
1.380455838295716164e+00
1.379576462075723153e+00
1.378255910036941811e+00
1.376501536714779039e+00
1.374321423367353301e+00
1.371724390005754080e+00
1.368720007706963226e+00
1.365318610108129826e+00
1.361531303378692437e+00
1.357369975608923474e+00
1.352847306808540040e+00
1.347976778697874689e+00
1.342772681610443941e+00
1.337250117399096494e+00
1.331424999372810003e+00
1.325314048868853289e+00
1.318934789121473772e+00
1.312305536876442247e+00
1.305445388734514989e+00
1.298374200430180592e+00
1.291112559939306959e+00
1.283681755162839888e+00
1.276103736307598213e+00
1.268401071253502099e+00
1.260596891345443060e+00
1.252714827895587080e+00
1.244778940787060639e+00
1.236813639893693528e+00
1.228843599702577949e+00
1.220893666145463685e+00
1.212988755820708642e+00
1.205153749234130212e+00
1.197413378753360735e+00
1.189792113164317655e+00
1.182314041577786190e+00
1.175002758734867925e+00
1.167881254119211842e+00
1.160971807505973175e+00
1.154295893735088896e+00
1.147874099414362581e+00
1.141726054475981966e+00
1.135870381931775919e+00
1.130324668700687152e+00
1.125105460023594128e+00
1.120228280038415791e+00
1.115707680467910912e+00
1.111557318067764921e+00
1.107790060255699149e+00
1.104418117258481491e+00
1.101453198337419614e+00
1.098906688379049701e+00
1.096789839398117250e+00
1.095113970479095089e+00
1.093890668767075747e+00
1.093131983357473080e+00
1.139504532502104039e+00
1.000000000000000000e+00
