1.000000000000000000e+00
9.873943589832663292e-01
9.780094467705823247e-01
9.667768983511290104e-01
9.542502045090250906e-01
9.410004480477086597e-01
9.267230886310316995e-01
9.096672730711792276e-01
8.864081550428845047e-01
8.545837858247178342e-01
8.225538542682373500e-01
8.193973364210810351e-01
8.765913994520861952e-01
9.893287807870082551e-01
1.121070274424202928e+00
1.238093604076271115e+00
1.324383204651867540e+00
1.377531253867453565e+00
1.401454095801270450e+00
1.401849621709199134e+00
1.384210966342269256e+00
1.353189495265611386e+00
1.312518093806037678e+00
1.265124317686028732e+00
1.213284749289633035e+00
1.158768342715645661e+00
1.102954448990589809e+00
1.046924949909203928e+00
9.915341819180616412e-01
9.374610426088363369e-01
8.852472406737048605e-01
8.353249216425023826e-01
7.880362140802954496e-01
7.436465480701769382e-01
7.023525161234750458e-01
6.642870801218292431e-01
6.295244233449651672e-01
5.980841250691785183e-01
5.699353464361160970e-01
5.450015650193027472e-01
5.231658942750354591e-01
5.039668673333880244e-01
4.869698298192901564e-01
4.720860001051315202e-01
4.592363491517196805e-01
4.483312565980374642e-01
4.393025871632953994e-01
4.321328171481610414e-01
4.269962795764699615e-01
4.247644037109662984e-01
4.252386803446037145e-01
4.274300720743026694e-01
4.311025538673282642e-01
4.360951442923664545e-01
4.422655269429932590e-01
4.494876925408075041e-01
4.576497384044390659e-01
4.666518169984033015e-01
4.764043753454568764e-01
4.868267232975255210e-01
4.978457685729602011e-01
5.093949812716193071e-01
5.214136059164434789e-01
5.338459676614830673e-01
5.466409102985246848e-01
5.597513587458745610e-01
5.731339210939327966e-01
5.867485660025054672e-01
6.005583348676319932e-01
6.145290849157198920e-01
6.286292890854151549e-01
6.428298393999000160e-01
6.571038790350677283e-01
6.714266393739116712e-01
6.857752825934091412e-01
7.001287628181590561e-01
7.144676855919736003e-01
7.287741805275834706e-01
7.430317741743623916e-01
7.572252735880403707e-01
7.713406535665205954e-01
7.853649509854335742e-01
7.992861663609672762e-01
8.130931740008044972e-01
8.267756409751917390e-01
8.403239519758469722e-01
8.537291420764343552e-01
8.669828320428245583e-01
8.800771685927418764e-01
8.930047688613848011e-01
9.057586748170080027e-01
9.183323108897438747e-01
9.307194495294836001e-01
9.429141802925723459e-01
9.549108821529922464e-01
9.667041977032706512e-01
9.782890069826457591e-01
9.896604086502441833e-01
1.000813701802740985e+00
1.011744371871424075e+00
1.022448079731385517e+00
1.032920654440023345e+00
1.043158092315754404e+00
1.053156551803955177e+00
1.062912347448206507e+00
1.072421946951700455e+00
1.081681964575653909e+00
1.090689155505694563e+00
1.099440414628809259e+00
1.107932775967209515e+00
1.116163412954430667e+00
1.124129639191026708e+00
1.131828906845915972e+00
1.139258806211425501e+00
1.146417068423711827e+00
1.153301566768254460e+00
1.159910317987870032e+00
1.166241485969679692e+00
1.172293385667434240e+00
1.178064485413060858e+00
1.183553409907224241e+00
1.188758945087967200e+00
1.193680043007121938e+00
1.198315826114126237e+00
1.202665591844874315e+00
1.206728819182108836e+00
1.210505176832443741e+00
1.213994531372622587e+00
1.217196955898735666e+00
1.220112740465727930e+00
1.222742403029277725e+00
1.225086700463933642e+00
1.227146638533703538e+00
1.228923480568124615e+00
1.230418756079239673e+00
1.231634270273041842e+00
1.232572114552731968e+00
1.233234676769737526e+00
1.233624651577065690e+00
1.233745052032618306e+00
1.233599221615450769e+00
1.233190845800610003e+00
1.232523963127773792e+00
1.231602974253445781e+00
1.230432649180645877e+00
1.229018133956707892e+00
1.227364956630651260e+00
1.225479031892267479e+00
1.223366664747129073e+00
1.221034553957284663e+00
1.218489794986717722e+00
1.215739881914130738e+00
1.212792707960167471e+00
1.209656565020413854e+00
1.206340142707491125e+00
1.202852526498617181e+00
1.199203193756344987e+00
1.195402007116888488e+00
1.191459205710639679e+00
1.187385394045470166e+00
1.183191528869185882e+00
1.178888904239688395e+00
1.174489133497885529e+00
1.170004127421262696e+00
1.165446069061129242e+00
1.160827385714631621e+00
1.156160718220769823e+00
1.151458886982076990e+00
1.146734853776503416e+00
1.142001679721239560e+00
1.137272480253820328e+00
1.132560377707233279e+00
1.127878451922689429e+00
1.123239688751742404e+00
1.118656926827092279e+00
1.114142803607522270e+00
1.109709701277415972e+00
1.105369693575875667e+00
1.101134494960860355e+00
1.097015413159568631e+00
1.093023306255621163e+00
1.089168545495784013e+00
1.085460984997544731e+00
1.081909939432184276e+00
1.078524170780390534e+00
1.075311885367930431e+00
1.072280742124759767e+00
1.069437872807637246e+00
1.066789914914583859e+00
1.064343057736578002e+00
1.062103101439139774e+00
1.060075528567102410e+00
1.058265586944837189e+00
1.056678382668613470e+00
1.055318981412238566e+00
1.054192515597515589e+00
1.053304294615183601e+00
1.052659914952905895e+00
1.052265366809191693e+00
1.078317431722830344e+00
1.000000000000000000e+00
