1.000000000000000000e+00
9.903392587417715331e-01
9.831639667126014226e-01
9.745905448434258878e-01
9.650201197548308185e-01
9.546657319230726912e-01
9.421652676915914792e-01
9.223028251786955511e-01
8.827157486037430223e-01
8.041646147925978205e-01
6.784470447182640029e-01
5.535034481455348709e-01
5.303090125499845264e-01
6.386629642855616851e-01
8.174908043945520175e-01
1.000283622668839412e+00
1.149989439419286219e+00
1.255473432362270048e+00
1.319021194184371915e+00
1.347620516671103053e+00
1.348858847396339655e+00
1.329428283647142051e+00
1.294777224880259148e+00
1.249189120385711282e+00
1.195984153533893091e+00
1.137728627679313487e+00
1.076414803118135533e+00
1.013603926893663187e+00
9.505355201404884768e-01
8.882086047464874401e-01
8.274404430936862509e-01
7.689074130227021575e-01
7.131716338535005750e-01
6.606959927030205959e-01
6.118488723124174689e-01
5.669031402330375613e-01
5.260337239234936790e-01
4.893148937497954765e-01
4.567201596238458228e-01
4.281273443394695843e-01
4.033299117300643277e-01
3.818670154965153052e-01
3.633095087927207811e-01
3.474369511523476839e-01
3.340192559499414737e-01
3.228168403974246425e-01
3.136067262826318092e-01
3.062002396065081067e-01
3.004999922517960220e-01
2.966822116912038454e-01
2.957384985039286929e-01
2.973064903659397573e-01
3.001093107709815744e-01
3.039320970680063350e-01
3.087243211212282734e-01
3.144476010223742346e-01
3.210714476226697034e-01
3.285698037290767926e-01
3.369183748055585848e-01
3.460926996988008542e-01
3.560666878397857893e-01
3.668116759052046927e-01
3.782960080035233652e-01
3.904848956069204569e-01
4.033405781774134780e-01
4.168227370450508507e-01
4.308889957978276897e-01
4.454955230287236390e-01
4.605976413573656392e-01
4.761504108086486720e-01
4.921092095327490590e-01
5.084302166392598021e-01
5.250708344197394517e-01
5.419900128840012821e-01
5.591484838718698835e-01
5.765089347083357518e-01
5.940360982211213559e-01
6.116967947171195741e-01
6.294599147849778698e-01
6.472963707991502558e-01
6.651790141865263628e-01
6.830825325184057828e-01
7.009833334666970561e-01
7.188594239720244028e-01
7.366902897583023080e-01
7.544567741873193789e-01
7.721409630093838405e-01
7.897260682630680151e-01
8.071963173641588662e-01
8.245368475687545606e-01
8.417336168563455123e-01
8.587733202185964254e-01
8.756433201352639140e-01
8.923315838356348229e-01
9.088266270575862116e-01
9.251174620265149029e-01
9.411935457656560589e-01
9.570447421719446846e-01
9.726612860600726274e-01
9.880337550978345318e-01
1.003153047990979374e+00
1.018010369542330817e+00
1.032597227181314192e+00
1.046905420455297442e+00
1.060927029214829398e+00
1.074654407344673324e+00
1.088080170221800813e+00
1.101197183911190924e+00
1.113998562014575144e+00
1.126477663599414480e+00
1.138628092493666699e+00
1.150443697288125788e+00
1.161918567126089652e+00
1.173047029337898284e+00
1.183823652377254287e+00
1.194243246144977899e+00
1.204300862145438300e+00
1.213991797566751574e+00
1.223311599596378807e+00
1.232256066807975614e+00
1.240821251560667804e+00
1.249003465476117736e+00
1.256799284798171934e+00
1.264205554621300021e+00
1.271219393536884956e+00
1.277838201558866071e+00
1.284059670737798475e+00
1.289881795671529163e+00
1.295302884838529067e+00
1.300321574965940030e+00
1.304936846264471706e+00
1.309148037828810285e+00
1.312954861320971389e+00
1.316357412541333094e+00
1.319356183009686712e+00
1.321952073202439459e+00
1.324146407645770074e+00
1.325940949793274815e+00
1.327337917320752680e+00
1.328339999816617434e+00
1.328950377496301405e+00
1.329172739536821357e+00
1.329011301961739555e+00
1.328470822564438603e+00
1.327556613228502158e+00
1.326274551861012840e+00
1.324631093629874634e+00
1.322633280569785130e+00
1.320288750191673577e+00
1.317605744368667287e+00
1.314593118102317604e+00
1.311260347300890583e+00
1.307617535006172282e+00
1.303675416758245165e+00
1.299445365979842837e+00
1.294939398726606239e+00
1.290170175732488156e+00
1.285151000887372996e+00
1.279895816915481266e+00
1.274419197941095927e+00
1.268736339438453653e+00
1.262863045904646375e+00
1.256815713964722914e+00
1.250611309569066520e+00
1.244267340002265021e+00
1.237801821320451579e+00
1.231233241369654285e+00
1.224580517164025384e+00
1.217862944783347778e+00
1.211100142136032343e+00
1.204311985786607364e+00
1.197518542546668563e+00
1.190739996294080782e+00
1.183996569456926773e+00
1.177308439504009874e+00
1.170695651881881627e+00
1.164178030131297170e+00
1.157775084809650634e+00
1.151505923474258841e+00
1.145389163428477630e+00
1.139442849171413030e+00
1.133684376620388123e+00
1.128130426248730833e+00
1.122796907170711123e+00
1.117698914317318826e+00
1.112850701109176832e+00
1.108265669628319516e+00
1.103956379977196756e+00
1.099934580520096405e+00
1.096211260212151650e+00
1.092796723233922407e+00
1.089700685235005295e+00
1.086932389695821399e+00
1.084500742364074011e+00
1.082414460807214374e+00
1.080682234863384439e+00
1.079312893052413846e+00
1.078315569362263471e+00
1.077699864286734810e+00
1.116403840380061796e+00
1.000000000000000000e+00
