1.000000000000000000e+00
9.874535661234162820e-01
9.781131723559345348e-01
9.669340066837095460e-01
9.544617822135814666e-01
9.412206488916811109e-01
9.266841405466812454e-01
9.083398383507397256e-01
8.808448550077407901e-01
8.384286628705999167e-01
7.866333229576747410e-01
7.589091657369093635e-01
7.998299619754380974e-01
9.122582749207864827e-01
1.055628005915136614e+00
1.188774343822463608e+00
1.290581657497226198e+00
1.356450751174006042e+00
1.389859450304263833e+00
1.396816627821661605e+00
1.383340817142411527e+00
1.354600039823678603e+00
1.314763333214310270e+00
1.267104095819575393e+00
1.214165973681084809e+00
1.157922654735592749e+00
1.099911338872780586e+00
1.041337597576348140e+00
9.831551468637029778e-01
9.261252598371139122e-01
8.708602062252132070e-01
8.178543337449443174e-01
7.675056467783183400e-01
7.201299729787956627e-01
6.759686298388056791e-01
6.351928004804399119e-01
5.979073282667507483e-01
5.641537814563843956e-01
5.339137944295335725e-01
5.071135200778537078e-01
4.836294095938477033e-01
4.630110757305382352e-01
4.448361119571552225e-01
4.289983203539983192e-01
4.153942289748590588e-01
4.039061563240727848e-01
3.944322807896950556e-01
3.869125225358105435e-01
3.814484561667746965e-01
3.787251205424103095e-01
3.790264363023246319e-01
3.814688069085671041e-01
3.853586388827963671e-01
3.905470965947961393e-01
3.969051350940167588e-01
4.043199815740749492e-01
4.126921149223108931e-01
4.219326782806288589e-01
4.319614198215251943e-01
4.427051478968357934e-01
4.540964740620312967e-01
4.660728760162252127e-01
4.785760718310785866e-01
4.915515126470216267e-01
5.049480208127692382e-01
5.187175548642388723e-01
5.328149989461139491e-01
5.471980135762953834e-01
5.618269001211182445e-01
5.766644748048620484e-01
5.916759829417658212e-01
6.068289943542058973e-01
6.220933111620126077e-01
6.374408630535735032e-01
6.528455931530737777e-01
6.682833517314711314e-01
6.837317765907242606e-01
6.991701791877680261e-01
7.145794232214216501e-01
7.299418093079714787e-01
7.452409588413327901e-01
7.604617021100248397e-01
7.755899716855927384e-01
7.906127034164157630e-01
8.055177458688582703e-01
8.202937752991346088e-01
8.349302188586842366e-01
8.494171801054629656e-01
8.637453698305580518e-01
8.779060415068689061e-01
8.918909381705187878e-01
9.056922429689300280e-01
9.193025389366717981e-01
9.327147729006624033e-01
9.459222231898205546e-01
9.589184695977638340e-01
9.716973629696492587e-01
9.842530034057310750e-01
9.965797192594556542e-01
1.008672050927311936e+00
1.020524738405351295e+00
1.032132713088423248e+00
1.043491096957791742e+00
1.054595196846572991e+00
1.065440497645394391e+00
1.076022659082707111e+00
1.086337508206481006e+00
1.096381032958312574e+00
1.106149380843602925e+00
1.115638858322837823e+00
1.124845931137536947e+00
1.133767225147298108e+00
1.142399524380532050e+00
1.150739770380724059e+00
1.158785065188272956e+00
1.166532672632725420e+00
1.173980019585153522e+00
1.181124699934707589e+00
1.187964478800543233e+00
1.194497294837078449e+00
1.200721263294902030e+00
1.206634681233034856e+00
1.212236032714261391e+00
1.217523993290070772e+00
1.222497434820206896e+00
1.227155432564229098e+00
1.231497274137532738e+00
1.235522468425487075e+00
1.239230755078290169e+00
1.242622116083935691e+00
1.245696787931543703e+00
1.248455273876140081e+00
1.250898355007785900e+00
1.253027099843416758e+00
1.254842873877853648e+00
1.256347350204703339e+00
1.257542521327101426e+00
1.258430710724524282e+00
1.259014584592681008e+00
1.259297165092828408e+00
1.259281844149982010e+00
1.258972396818451855e+00
1.258372994146999657e+00
1.257488213801952082e+00
1.256323048677830734e+00
1.254882914995873122e+00
1.253173659656388494e+00
1.251201566182396085e+00
1.248973359670394023e+00
1.246496211599669390e+00
1.243777744204826341e+00
1.240826033794674599e+00
1.237649612612576888e+00
1.234257469694359122e+00
1.230659051309941354e+00
1.226864260523323535e+00
1.222883454441762385e+00
1.218727438562674292e+00
1.214407458749129587e+00
1.209935190627968282e+00
1.205322726765426067e+00
1.200582561871454512e+00
1.195727574499696910e+00
1.190771004379141296e+00
1.185726425931494354e+00
1.180607718466051503e+00
1.175429033237017862e+00
1.170204756628368425e+00
1.164949468332458604e+00
1.159677894892499284e+00
1.154404859564695407e+00
1.149145229120833056e+00
1.143913858058039024e+00
1.138725529993022345e+00
1.133594896634221083e+00
1.128536415460235531e+00
1.123564286743941487e+00
1.118692391146938414e+00
1.113934229505599616e+00
1.109302866028133883e+00
1.104810876249980200e+00
1.100470301144828467e+00
1.096292608799312118e+00
1.092288664946479804e+00
1.088468713690082357e+00
1.084842369890699931e+00
1.081418624383039040e+00
1.078205862960350592e+00
1.075211900050085490e+00
1.072444027671971112e+00
1.069909079617006764e+00
1.067613510192508386e+00
1.065563486374072388e+00
1.063764991869491139e+00
1.062223941028185514e+00
1.060946299730771036e+00
1.059938209951265975e+00
1.059206114287276179e+00
1.058756876419337800e+00
1.088039513572507166e+00
1.000000000000000000e+00
