1.000000000000000000e+00
9.919022602144998979e-01
9.858955350624610814e-01
9.787273591988229215e-01
9.707662447098549530e-01
9.624471167196182453e-01
9.539205202945495454e-01
9.452671441355716686e-01
9.373441696368373099e-01
9.341267124041384706e-01
9.459648808332657977e-01
9.867427089578646449e-01
1.058714069196275753e+00
1.144525984534923380e+00
1.222185002995315850e+00
1.279400156627673146e+00
1.313828528577889010e+00
1.328107817247924372e+00
1.326291549703746631e+00
1.312290520466416588e+00
1.289399714902248917e+00
1.260253535227956689e+00
1.226913480115880972e+00
1.190978918058364977e+00
1.153686548395896683e+00
1.115990899902720601e+00
1.078626817644493530e+00
1.042157141435285705e+00
1.007008901815803492e+00
9.735008485507181675e-01
9.418645325283955261e-01
9.122606253364330398e-01
8.847917283405191125e-01
8.595125177453641907e-01
8.364374866186411461e-01
8.155475085926370271e-01
7.967960928958119915e-01
7.801148888462174913e-01
7.654185344508922517e-01
7.526089160388969024e-01
7.415787488791076854e-01
7.318870102691635848e-01
7.231193777114984789e-01
7.152300079363564933e-01
7.081980240103490365e-01
7.020040682328564374e-01
6.966650551552612258e-01
6.922703267840085717e-01
6.890602616019707582e-01
6.871510898866247663e-01
6.864398122623045495e-01
6.868036956249100600e-01
6.881316880724810403e-01
6.903232696594346907e-01
6.932874072155723599e-01
6.969416552059400916e-01
7.012113555534251752e-01
7.060288769184571711e-01
7.113329328078374925e-01
7.170679906391029812e-01
7.231836993637168476e-01
7.296343733645337393e-01
7.363785539331230146e-01
7.433785881840824228e-01
7.506002524732188208e-01
7.580124260053565655e-01
7.655867815600285731e-01
7.732975145626559410e-01
7.811210952542748664e-01
7.890360439821523242e-01
7.970227428983716056e-01
8.050632598476055168e-01
8.131411956917982131e-01
8.212415437515874217e-01
8.293505606472878489e-01
8.374556537702597669e-01
8.455452751413610191e-01
8.536088275683170190e-01
8.616365763303268643e-01
8.696195703696905088e-01
8.775495691114416630e-01
8.854189758135529997e-01
8.932207769970293976e-01
9.009484880819628172e-01
9.085961049718070948e-01
9.161580598917882234e-01
9.236291821341187092e-01
9.310046610278186474e-01
9.382800120355404561e-01
9.454510454772762085e-01
9.525138403780922802e-01
9.594647202901579464e-01
9.663002331484901175e-01
9.730171331122469125e-01
9.796123641938788706e-01
9.860830450383062384e-01
9.924264537826652521e-01
9.986400164923638911e-01
1.004721296111397155e+00
1.010667983476354559e+00
1.016477889994267247e+00
1.022148942166220209e+00
1.027679179192782399e+00
1.033066748835590909e+00
1.038309903037197390e+00
1.043406995117171610e+00
1.048356475447205671e+00
1.053156887717785262e+00
1.057806867371030579e+00
1.062305140473634335e+00
1.066650523108721105e+00
1.070841921113540485e+00
1.074878328852534315e+00
1.078758828632913502e+00
1.082482591682456974e+00
1.086048878571181264e+00
1.089457039723654486e+00
1.092706517111122766e+00
1.095796846125240087e+00
1.098727656772396033e+00
1.101498675240766945e+00
1.104109726386151902e+00
1.106560736261532840e+00
1.108851734404113332e+00
1.110982856288354803e+00
1.112954346708768583e+00
1.114766563916909980e+00
1.116419983737155119e+00
1.117915203900448295e+00
1.119252949183236590e+00
1.120434076740599361e+00
1.121459581424701035e+00
1.122330600555527136e+00
1.123048418020843098e+00
1.123614468271113109e+00
1.124030340641521075e+00
1.124297784032336489e+00
1.124418711355527956e+00
1.124395203901577212e+00
1.124229516147428054e+00
1.123924080600901210e+00
1.123481512271898852e+00
1.122904612729872076e+00
1.122196373037131378e+00
1.121359975644582008e+00
1.120398795844154582e+00
1.119316402673766087e+00
1.118116559001727905e+00
1.116803220952653275e+00
1.115380537009893924e+00
1.113852846670234209e+00
1.112224678402153666e+00
1.110500746748869672e+00
1.108685948763947771e+00
1.106785360018863740e+00
1.104804230005107524e+00
1.102747976379108152e+00
1.100622177841851901e+00
1.098432565895330226e+00
1.096185015429274934e+00
1.093885534318125963e+00
1.091540252169865610e+00
1.089155407674229137e+00
1.086737334275555744e+00
1.084292444459042493e+00
1.081827212915516201e+00
1.079348158731442187e+00
1.076861826397419009e+00
1.074374765283233168e+00
1.071893507817221369e+00
1.069424546829865985e+00
1.066974312384562751e+00
1.064549148352087693e+00
1.062155288714604184e+00
1.059798833815165819e+00
1.057485727036914902e+00
1.055221732192739292e+00
1.053012412112016793e+00
1.050863109039980703e+00
1.048778927290572538e+00
1.046764718621478574e+00
1.044825070798602429e+00
1.042964299802353167e+00
1.041186446068710802e+00
1.039495275158134557e+00
1.037894283286373120e+00
1.036386708031116877e+00
1.034975544439315165e+00
1.033663566758879826e+00
1.032453355902785308e+00
1.031347332524421123e+00
1.030347795380972764e+00
1.029456964496714644e+00
1.028677028538807603e+00
1.028010195632529600e+00
1.027458746571590531e+00
1.027025089239116395e+00
1.026711812928093881e+00
1.026521741141623867e+00
1.039751315245840635e+00
1.000000000000000000e+00
