1.000000000000000000e+00
9.875166716338134032e-01
9.782237299494497273e-01
9.671017497899591087e-01
9.546928836584732680e-01
9.415108948784453036e-01
9.269928908902400622e-01
9.085046562927929781e-01
8.803926154140820914e-01
8.363175791790454783e-01
7.813100889335615751e-01
7.494845948134862823e-01
7.876057033368688565e-01
8.998160753697961312e-01
1.044880409678704325e+00
1.180453094162262628e+00
1.284621913501823087e+00
1.352445032889175947e+00
1.387328582071082561e+00
1.395325602169036783e+00
1.382532422683293793e+00
1.354194138341108244e+00
1.314544984599383071e+00
1.266910057085148145e+00
1.213872877554312169e+00
1.157437647905568578e+00
1.099165043321943092e+00
1.040278990101490608e+00
9.817479242605881007e-01
9.243453057558123076e-01
8.686938385749479741e-01
8.152970675083079932e-01
7.645612520182449856e-01
7.168096422168139803e-01
6.722900906854115677e-01
6.311792712349829637e-01
5.935862790035265624e-01
5.595554974969420003e-01
5.290697968084211444e-01
5.020549520195269899e-01
4.783855314298344763e-01
4.576124918566380484e-01
4.393149975993076439e-01
4.233833308166917719e-01
4.097094414057695366e-01
3.981706522811591098e-01
3.886594416900198135e-01
3.811088488909191718e-01
3.756089872312659561e-01
3.728155918163815752e-01
3.730797797839374152e-01
3.755359295393980168e-01
3.794286634564388860e-01
3.846121843035004151e-01
3.909605316192618640e-01
3.983638831544399350e-01
4.067254143318179138e-01
4.159586375773888234e-01
4.259853069088414546e-01
4.367338650142570389e-01
4.481381965658416400e-01
4.601367149461949024e-01
4.726717697225253922e-01
4.856891762527723033e-01
4.991378925998526395e-01
5.129698233116442019e-01
5.271396449409512242e-01
5.416046901923335932e-01
5.563248419139866785e-01
5.712624326401132269e-01
5.863821810730759365e-01
6.016511056276474534e-01
6.170384471606553678e-01
6.325155758764759995e-01
6.480558859810628958e-01
6.636346960457906174e-01
6.792291338446594384e-01
6.948180254431257641e-01
7.103817752768732952e-01
7.259022513851299818e-01
7.413626689632315525e-01
7.567474776008368265e-01
7.720422533912246754e-01
7.872335984244828166e-01
8.023090486229037532e-01
8.172569870222994304e-01
8.320665653219063707e-01
8.467276276962711901e-01
8.612306399802416301e-01
8.755666235468848591e-01
8.897271008580390772e-01
9.037040447636057738e-01
9.174898372432550575e-01
9.310772323837791520e-01
9.444593232639635350e-01
9.576295111611791144e-01
9.705814743931709954e-01
9.833091459848741778e-01
9.958066921625789991e-01
1.008068495759130601e+00
1.020089143479454119e+00
1.031863417510642478e+00
1.043386294688880112e+00
1.054652940638523884e+00
1.065658702829775706e+00
1.076399107289673029e+00
1.086869850918475766e+00
1.097066794920188437e+00
1.106985963437512321e+00
1.116623542919351841e+00
1.125975882438476683e+00
1.135039494526049797e+00
1.143811053153468871e+00
1.152287393032258800e+00
1.160465512622779194e+00
1.168342575410914685e+00
1.175915911138419867e+00
1.183183019810934544e+00
1.190141575941269902e+00
1.196789430840059509e+00
1.203124615673754505e+00
1.209145346716072211e+00
1.214850030578453532e+00
1.220237268711653833e+00
1.225305862246271138e+00
1.230054819151489953e+00
1.234483363296336345e+00
1.238590943467054339e+00
1.242377242976971274e+00
1.245842191398685239e+00
1.248985976899982697e+00
1.251809058684903109e+00
1.254312178216145268e+00
1.256496368931874663e+00
1.258362965924484378e+00
1.259913616716315410e+00
1.261150293255845378e+00
1.262075303671376991e+00
1.262691304208948928e+00
1.263001312719966407e+00
1.263008722719104471e+00
1.262717317011397444e+00
1.262131280820499857e+00
1.261255212640922441e+00
1.260094133049430187e+00
1.258653493008421664e+00
1.256939181423456509e+00
1.254957531279522698e+00
1.252715324781541462e+00
1.250219798369443192e+00
1.247478647307394439e+00
1.244500029218314596e+00
1.241292566150987486e+00
1.237865345646057325e+00
1.234227921400042449e+00
1.230390313052747375e+00
1.226363003638835991e+00
1.222156934099084769e+00
1.217783495392531501e+00
1.213254517998080040e+00
1.208582259166497197e+00
1.203779388177541598e+00
1.198858968034100192e+00
1.193834432707413074e+00
1.188719560495081984e+00
1.183528443989653844e+00
1.178275456841682445e+00
1.172975216560858902e+00
1.167642542190171495e+00
1.162292407223700419e+00
1.156939888736837396e+00
1.151600113355478294e+00
1.146288200533334356e+00
1.141019202901939478e+00
1.135808044087626811e+00
1.130669455141446011e+00
1.125617910229177898e+00
1.120667562827903252e+00
1.115832184082574674e+00
1.111125104566993649e+00
1.106559160826136701e+00
1.102146648129761930e+00
1.097899280880141104e+00
1.093828162003200211e+00
1.089943762691810925e+00
1.086255914013735557e+00
1.082773811589498703e+00
1.079506034307710527e+00
1.076460578033672677e+00
1.073644904926610577e+00
1.071066008312706597e+00
1.068730492453170866e+00
1.066644666029310740e+00
1.064814647821209936e+00
1.063246482470089349e+00
1.061946263395167289e+00
1.060920259481700434e+00
1.060175041748928404e+00
1.059717605863596201e+00
1.089478272455048247e+00
1.000000000000000000e+00
