1.000000000000000000e+00
9.900872516729549710e-01
9.827232740883515838e-01
9.739231338133645943e-01
9.641005520169717569e-01
9.534945935819114649e-01
9.408101138193911694e-01
9.210462013876486997e-01
8.824016944169563725e-01
8.067391463764437276e-01
6.870466690640864016e-01
5.700123725027839150e-01
5.514950222068465413e-01
6.596819686950609052e-01
8.356531853835559298e-01
1.014715202076358125e+00
1.160916149403402153e+00
1.263540096983600813e+00
1.324920818701608383e+00
1.351958259110688898e+00
1.352121437030640916e+00
1.331992127447986896e+00
1.296927602617005570e+00
1.251139911248028147e+00
1.197894575202091971e+00
1.139716283499550453e+00
1.078565361740505546e+00
1.015978051826446071e+00
9.531736808109716463e-01
8.911343293808235977e-01
8.306624928507950756e-01
7.724212930716580772e-01
7.169608136171558010e-01
6.647331782278609325e-01
6.160976510274028817e-01
5.713202065670655028e-01
5.305717429606413571e-01
4.939259150358665806e-01
4.613592885021537970e-01
4.327562028576816822e-01
4.079193610357561006e-01
3.863918409871741622e-01
3.677481825397718729e-01
3.517788407937982309e-01
3.382644999862986501e-01
3.269748542643637901e-01
3.176949562150692130e-01
3.102435027680776058e-01
3.045336965695928932e-01
3.007695218740673582e-01
3.000288050009152219e-01
3.018055949952844763e-01
3.047373268212752451e-01
3.087147387129850484e-01
3.136818953945192390e-01
3.195952101745786478e-01
3.264191771144437371e-01
3.341229229074340057e-01
3.426775754188034484e-01
3.520543898070610522e-01
3.622233513020466367e-01
3.731522954759044497e-01
3.848065395916834275e-01
3.971487774734168141e-01
4.101392539023054895e-01
4.237361702220098780e-01
4.378961584592871992e-01
4.525748420896861246e-01
4.677273929248175199e-01
4.833090566748124983e-01
4.992756731446681973e-01
5.155841009744899228e-01
5.321925855429178176e-01
5.490610354038714114e-01
5.661512152065565351e-01
5.834268846927977981e-01
6.008538611490730208e-01
6.184000397086915068e-01
6.360353602189063871e-01
6.537317472821594366e-01
6.714630200737574661e-01
6.892047850868682213e-01
7.069343181777033580e-01
7.246304435961242740e-01
7.422734146357742313e-01
7.598447946111006601e-01
7.773273442881597495e-01
7.947049090020679163e-01
8.119623111738136778e-01
8.290852482790872502e-01
8.460602069138244419e-01
8.628743821819065962e-01
8.795156108884845114e-01
8.959723113129398619e-01
9.122334292553588853e-01
9.282883881304451190e-01
9.441270393184594267e-01
9.597396258305045391e-01
9.751167478234459285e-01
9.902493357248502992e-01
1.005128629378947425e+00
1.019746163826968921e+00
1.034093766198793229e+00
1.048163545728090007e+00
1.061947882466703241e+00
1.075439421366501724e+00
1.088631060241243675e+00
1.101515939401293220e+00
1.114087438718856182e+00
1.126339175736293274e+00
1.138265005098294980e+00
1.149859018670391642e+00
1.161115541559345710e+00
1.172029129929177182e+00
1.182594573978035912e+00
1.192806898377473335e+00
1.202661362553618662e+00
1.212153464791927426e+00
1.221278946577155411e+00
1.230033794089252508e+00
1.238414240690635548e+00
1.246416772415229302e+00
1.254038133349249406e+00
1.261275329916444532e+00
1.268125635575357402e+00
1.274586598714081642e+00
1.280656053166999930e+00
1.286332128634708472e+00
1.291613261908231891e+00
1.296498211050917337e+00
1.300986070426106256e+00
1.305076285886648479e+00
1.308768668291594661e+00
1.312063404963903723e+00
1.314961071155114070e+00
1.317462643119141852e+00
1.319569512988394644e+00
1.321283503432758799e+00
1.322606882716298005e+00
1.323542382077505408e+00
1.324093214094844928e+00
1.324263090667961107e+00
1.324056240544624563e+00
1.323477423943753450e+00
1.322531944622341138e+00
1.321225661543350860e+00
1.319564999841304598e+00
1.317556960171889946e+00
1.315209127062004324e+00
1.312529677498424752e+00
1.309527389366371253e+00
1.306211648889490151e+00
1.302592456519859443e+00
1.298680431947675240e+00
1.294486819087356411e+00
1.290023490400710848e+00
1.285302948537558887e+00
1.280338324451973486e+00
1.275143372742439052e+00
1.269732463910256515e+00
1.264120574020568100e+00
1.258323272096858680e+00
1.252356703018930650e+00
1.246237564622631355e+00
1.239983079706936442e+00
1.233610963555212381e+00
1.227139387126152448e+00
1.220586934733550066e+00
1.213972554433148110e+00
1.207315501466709406e+00
1.200635275945005409e+00
1.193951555465349923e+00
1.187284123132204439e+00
1.180652790449341349e+00
1.174077315434405078e+00
1.167577317375683377e+00
1.161172188961923313e+00
1.154881007384598313e+00
1.148722446621345483e+00
1.142714692568345791e+00
1.136875362918632781e+00
1.131221433804533660e+00
1.125769175289708546e+00
1.120534097684208197e+00
1.115530910760329952e+00
1.110773498198141862e+00
1.106274909191930611e+00
1.102047368840718633e+00
1.098102308950048345e+00
1.094450420394174062e+00
1.091101727227440144e+00
1.088065681845199251e+00
1.085351279724200424e+00
1.082967191737858714e+00
1.080921911155567683e+00
1.079223911214871823e+00
1.077881808458210244e+00
1.076904526400965789e+00
1.076301453575497113e+00
1.114310224914407454e+00
1.000000000000000000e+00
