1.000000000000000000e+00
9.905098518221584492e-01
9.834625623727450972e-01
9.750418121509526470e-01
9.656170317232600775e-01
9.551899981023753705e-01
9.413833932989247311e-01
9.155119751268250283e-01
8.563847754556536129e-01
7.281935377676599375e-01
5.081019315252207624e-01
2.856890971324514972e-01
2.485737967098826107e-01
3.687015037911285931e-01
5.823733139351434662e-01
8.137314616625647146e-01
1.008041312051987326e+00
1.148534009893406704e+00
1.237725470269033012e+00
1.284253951639361402e+00
1.297417029743158423e+00
1.285357445235471907e+00
1.254674847457301512e+00
1.210539996275472818e+00
1.156949515359831926e+00
1.096986884124700579e+00
1.033046161665365892e+00
9.670099217017650295e-01
9.003850372207841124e-01
8.344029931823914170e-01
7.700911396888224791e-01
7.083199763100862523e-01
6.498302215863303033e-01
5.952423194665771300e-01
5.450498505315375386e-01
4.996037814019898549e-01
4.590957224768987266e-01
4.235456044415171206e-01
3.928018515535603994e-01
3.665596925006644469e-01
3.443971993652760744e-01
3.257212990075725179e-01
3.099878886640841102e-01
2.967950288093769706e-01
2.857636452645416214e-01
2.765498419923603235e-01
2.688607844329529706e-01
2.624589947509140542e-01
2.571753005834584438e-01
2.529558837488228851e-01
2.500121127676680488e-01
2.488798830546932739e-01
2.493488622799108212e-01
2.506508137061029262e-01
2.525538272405984386e-01
2.550696376368623564e-01
2.582186522558926334e-01
2.620276809676255203e-01
2.665278327473926123e-01
2.717525445002325069e-01
2.777354623406618206e-01
2.845083558859473061e-01
2.920992320188240954e-01
3.005305213086489347e-01
3.098175726228362126e-01
3.199675923161406366e-01
3.309789656843151739e-01
3.428410957742504817e-01
3.555346787950691700e-01
3.690323679159170367e-01
3.832998100508427375e-01
3.982968403138179014e-01
4.139787976462774299e-01
4.302978175138558181e-01
4.472040351319659934e-01
4.646466825511820220e-01
4.825750024839622898e-01
5.009390060609781870e-01
5.196900452264788806e-01
5.387812398041726958e-01
5.581677592340624772e-01
5.778069894131332429e-01
5.976586060465551853e-01
6.176845788573283036e-01
6.378491252909372911e-01
6.581186223337306407e-01
6.784614951409920769e-01
6.988480796634534142e-01
7.192504747014366595e-01
7.396423887262031371e-01
7.599990023273744955e-01
7.802968323528262085e-01
8.005136136400891056e-01
8.206281886174935369e-01
8.406204057278358066e-01
8.604710240557109646e-01
8.801616189443050020e-01
8.996745095760725341e-01
9.189926906150186481e-01
9.380997771312005185e-01
9.569799602614785794e-01
9.756179745258837244e-01
9.939990836687753184e-01
1.012109056677942487e+00
1.029934142740293934e+00
1.047461055443164923e+00
1.064676948139470891e+00
1.081569392601305690e+00
1.098126369793171797e+00
1.114336262660263976e+00
1.130187851281762246e+00
1.145670309314706925e+00
1.160773194248723383e+00
1.175486440582481196e+00
1.189800361055909583e+00
1.203705643965623073e+00
1.217193350226313475e+00
1.230254916285741684e+00
1.242882157321511860e+00
1.255067265970801538e+00
1.266802812491450325e+00
1.278081749423265912e+00
1.288897415963259130e+00
1.299243540545173659e+00
1.309114243935903810e+00
1.318504047104132493e+00
1.327407882974796838e+00
1.335821107925364570e+00
1.343739514406642854e+00
1.351159347973892366e+00
1.358077325527121682e+00
1.364490653739059534e+00
1.370397044912046169e+00
1.375794729706471875e+00
1.380682469898798059e+00
1.385059573619321194e+00
1.388925913389793321e+00
1.392281943941153788e+00
1.395128720771628528e+00
1.397467922384172168e+00
1.399301874226129616e+00
1.400633572309225139e+00
1.401466706448939670e+00
1.401805679485278233e+00
1.401655623051776489e+00
1.401022413182535509e+00
1.399912685355075181e+00
1.398333847650783168e+00
1.396294093010564952e+00
1.393802412501299548e+00
1.390868609072584361e+00
1.387503310593046324e+00
1.383717981398854269e+00
1.379524933417995536e+00
1.374937338219823779e+00
1.369969239098642211e+00
1.364635560221136412e+00
1.358952111617972580e+00
1.352935591178494379e+00
1.346603583221197109e+00
1.339974554388295047e+00
1.333067847375282833e+00
1.325903669136017538e+00
1.318503071557909356e+00
1.310887925591850411e+00
1.303080889652977969e+00
1.295105372403070998e+00
1.286985487970423891e+00
1.278746000696829421e+00
1.270412259664692289e+00
1.262010124481255824e+00
1.253565883031718453e+00
1.245106161535482370e+00
1.236657825683215250e+00
1.228247872933387885e+00
1.219903317657498709e+00
1.211651069775059986e+00
1.203517808855125715e+00
1.195529856630359822e+00
1.187713050098266887e+00
1.180092617802065424e+00
1.172693062153527643e+00
1.165538050862918951e+00
1.158650320479241325e+00
1.152051595322006294e+00
1.145762525594955950e+00
1.139802647978655381e+00
1.134190371630154459e+00
1.128942992612032681e+00
1.124076739099349798e+00
1.119606848261679222e+00
1.115547674343975615e+00
1.111912826248481201e+00
1.108715332035166368e+00
1.105967826307575841e+00
1.103682754472996130e+00
1.101872586693925848e+00
1.100550033296141095e+00
1.099728252524689864e+00
1.149376735416441697e+00
1.000000000000000000e+00
