1.000000000000000000e+00
9.909017256223729975e-01
9.841475174283157434e-01
9.760789101677549429e-01
9.670506386790745923e-01
9.570654474706328241e-01
9.438494680555874483e-01
9.190942511334080356e-01
8.625396221471710589e-01
7.400138696842540886e-01
5.295401898302379839e-01
3.125223068651777902e-01
2.690058241711615339e-01
3.892454018518659575e-01
6.015226723249377239e-01
8.292051828573667738e-01
1.020045402109286625e+00
1.157941119033229604e+00
1.245334551205773410e+00
1.290681375569883382e+00
1.303122150667372026e+00
1.290679413884685323e+00
1.259862197978357301e+00
1.215772728586326679e+00
1.162355252185431231e+00
1.102652438856503547e+00
1.039025558609488531e+00
9.733297094452098008e-01
9.070476003564478251e-01
8.413884859918147052e-01
7.773586343405282095e-01
7.158084369904318400e-01
6.574599692821475605e-01
6.029177043506190881e-01
5.526638401016449320e-01
5.070448149603878907e-01
4.662565498172592804e-01
4.303330853489092944e-01
3.991459170214680108e-01
3.724194061443588111e-01
3.497624761319075293e-01
3.306026337122009995e-01
3.144121998679259011e-01
3.008082065397784111e-01
2.894242677582553602e-01
2.799228802725417520e-01
2.720132548361127167e-01
2.654575201529720263e-01
2.600872404290470730e-01
2.558592617206382758e-01
2.530298922795078953e-01
2.522257179419031270e-01
2.530316327579983926e-01
2.545766377070898256e-01
2.567676363657864780e-01
2.596133993530490569e-01
2.631312062942326446e-01
2.673443534420218426e-01
2.722798741009824219e-01
2.779664463610904135e-01
2.844322273610234708e-01
2.917027997576766007e-01
2.997993965092046742e-01
3.087372767263242279e-01
3.185244664276157267e-01
3.291609726945065040e-01
3.406383823407972966e-01
3.529399467145578617e-01
3.660410505312802765e-01
3.799100021205233380e-01
3.945091233499543604e-01
4.097959338611457114e-01
4.257244025253071884e-01
4.422461393721333067e-01
4.593114766018641104e-01
4.768704342319651235e-01
4.948735059107011724e-01
5.132722978662379587e-01
5.320199975052891661e-01
5.510717124552326762e-01
5.703846810515676991e-01
5.899183832576887498e-01
6.096345717542512865e-01
6.294972453532320378e-01
6.494725813403073866e-01
6.695288337431641867e-01
6.896362142695322550e-01
7.097667522162556253e-01
7.298941472347053594e-01
7.499936193369698412e-01
7.700417755066006897e-01
7.900164791540634779e-01
8.098967372441231438e-01
8.296625955420932064e-01
8.492950426664974684e-01
8.687759202924222324e-01
8.880878343918391371e-01
9.072140874843471758e-01
9.261386147367471899e-01
9.448459326876278430e-01
9.633210981492309477e-01
9.815496781559372996e-01
9.995177375365030814e-01
1.017211816996437479e+00
1.034618910078397569e+00
1.051726448873953945e+00
1.068522281190938950e+00
1.084994650782732384e+00
1.101132189108872117e+00
1.116923908968880497e+00
1.132359200353080908e+00
1.147427827490350438e+00
1.162119919934104795e+00
1.176425966417235180e+00
1.190336816404449660e+00
1.203843677877928231e+00
1.216938114868309384e+00
1.229612050590036754e+00
1.241857770845701259e+00
1.253667923148318541e+00
1.265035517217732774e+00
1.275953929797307040e+00
1.286416909203287107e+00
1.296418578159203250e+00
1.305953437134063311e+00
1.315016372268438705e+00
1.323602667039860847e+00
1.331708013691168979e+00
1.339328525748601395e+00
1.346460754783713298e+00
1.353101708345869181e+00
1.359248868083398731e+00
1.364900205402290068e+00
1.370054194124638913e+00
1.374709823177468815e+00
1.378866611663524422e+00
1.382524626619575203e+00
1.385684500558670429e+00
1.388347449716358373e+00
1.390515295822258413e+00
1.392190489493865480e+00
1.393376133305989084e+00
1.394076004473334462e+00
1.394294573645112889e+00
1.394037020352376199e+00
1.393309248266255684e+00
1.392117899875625620e+00
1.390470369311850085e+00
1.388374814255670220e+00
1.385840168762815905e+00
1.382876156501999798e+00
1.379493303235120649e+00
1.375702947795882425e+00
1.371517252583538848e+00
1.366949214862944961e+00
1.362012678006772282e+00
1.356722339816962108e+00
1.351093756746978292e+00
1.345143345134213630e+00
1.338888379026669018e+00
1.332346985319217803e+00
1.325538136686873480e+00
1.318481639082533130e+00
1.311198111872078576e+00
1.303708961557047852e+00
1.296036349874796212e+00
1.288203156390291149e+00
1.280232933721991539e+00
1.272149852621073274e+00
1.263978637169267838e+00
1.255744491540511376e+00
1.247473019039765152e+00
1.239190133773570235e+00
1.230921963816215214e+00
1.222694745990105414e+00
1.214534713928750786e+00
1.206467980085638159e+00
1.198520413635500992e+00
1.190717517142964033e+00
1.183084304129263797e+00
1.175645180063726647e+00
1.168423829558673077e+00
1.161443112732120309e+00
1.154724973632911489e+00
1.148290363878007314e+00
1.142159185127604282e+00
1.136350253537558475e+00
1.130881288962921394e+00
1.125768931766111036e+00
1.121028789428564876e+00
1.116675513767341199e+00
1.112722908238900299e+00
1.109184063641794227e+00
1.106071519685569493e+00
1.103397448508575573e+00
1.101173854338507230e+00
1.099412782374254327e+00
1.098126528967072080e+00
1.097327844347442127e+00
1.145784332272422379e+00
1.000000000000000000e+00
