1.000000000000000000e+00
9.906715336729126076e-01
9.837451882956840254e-01
9.754697728446404259e-01
9.662086036630517238e-01
9.559633859211127405e-01
9.423971121121406114e-01
9.169718204489235580e-01
8.588595952161408587e-01
7.328871833678578529e-01
5.165280689575948436e-01
2.960026479399703314e-01
2.561634628306025951e-01
3.764513760059517988e-01
5.896749640233054368e-01
8.196515545658826785e-01
1.012648483724797766e+00
1.152162492061900911e+00
1.240680368385624455e+00
1.286769352914358677e+00
1.299666690293271198e+00
1.287469342029103903e+00
1.256742611434624735e+00
1.212631317621306382e+00
1.159112235075210329e+00
1.099253328174298217e+00
1.035436129979756315e+00
9.695326555027631299e-01
9.030404332045254279e-01
8.371823024792600654e-01
7.729773798062430368e-01
7.112882943844127670e-01
6.528484707348514160e-01
5.982721322410216036e-01
5.480484895876335250e-01
5.025269022521045015e-01
4.619009252515904884e-01
4.261963493395294900e-01
3.952710022420250491e-01
3.688318573554711932e-01
3.464693072968935694e-01
3.275984892145928362e-01
3.116817824206463139e-01
2.983245848499080366e-01
2.871526278777227770e-01
2.778243349998555933e-01
2.700474965955429463e-01
2.635843239399031090e-01
2.582657662329764792e-01
2.540418774563747983e-01
2.511407972231187724e-01
2.501324181445889194e-01
2.507297831588724546e-01
2.521259715773584431e-01
2.541409104267679520e-01
2.567852303652974899e-01
2.600781744753912772e-01
2.640452401421583550e-01
2.687160043272592835e-01
2.741221013118188554e-01
2.802950809228133555e-01
2.872643303964294570e-01
2.950552269945086459e-01
3.036873952609764338e-01
3.131732966201535295e-01
3.235172771079022902e-01
3.347150004252540390e-01
3.467533877783448015e-01
3.596109746323267187e-01
3.732586296984073959e-01
3.876606175569887736e-01
4.027757930461856595e-01
4.185588943918185922e-01
4.349617978150764341e-01
4.519346732005637968e-01
4.694270292025430891e-01
4.873885759123417483e-01
5.057699347755992836e-01
5.245231689393130559e-01
5.436021744853650750e-01
5.629629330287776456e-01
5.825636555861162247e-01
6.023648384797102295e-01
6.223292547600147717e-01
6.424218989706164118e-01
6.626098932202520997e-01
6.828623724702189701e-01
7.031503458602594847e-01
7.234465488771646413e-01
7.437252913157262890e-01
7.639623212888114745e-01
7.841346914141308355e-01
8.042206426454442392e-01
8.241994960883187726e-01
8.440515536438810695e-01
8.637580048439049696e-01
8.833008347001760630e-01
9.026627531440734042e-01
9.218271284462027371e-01
9.407779336594812580e-01
9.594997035778954908e-01
9.779775031098962845e-01
9.961969138196287155e-01
1.014144010777243698e+00
1.031805338321773791e+00
1.049167894872986784e+00
1.066219109021572464e+00
1.082946818816978851e+00
1.099339262940944639e+00
1.115385073839005203e+00
1.131073273157522596e+00
1.146393268433401502e+00
1.161334843683854867e+00
1.175888152856676916e+00
1.190043721193826176e+00
1.203792442737048551e+00
1.217125577578701545e+00
1.230034754867123770e+00
1.242511976088367831e+00
1.254549613953741538e+00
1.266140412695784256e+00
1.277277492793062574e+00
1.287954355416138563e+00
1.298164885109632793e+00
1.307903352985876122e+00
1.317164424617827123e+00
1.325943171759849770e+00
1.334235083818667178e+00
1.342036080435115242e+00
1.349342528410431230e+00
1.356151259826528621e+00
1.362459590354420769e+00
1.368265335034585251e+00
1.373566820979634118e+00
1.378362900106954614e+00
1.382652964312542920e+00
1.386436963400375699e+00
1.389715422793515565e+00
1.392489461971289533e+00
1.394760816525052016e+00
1.396531861884663606e+00
1.397805636723529199e+00
1.398585865980634724e+00
1.398876979915658181e+00
1.398684129753644312e+00
1.398013203157025375e+00
1.396870839127001940e+00
1.395264441034172354e+00
1.393202188739173231e+00
1.390693051687727388e+00
1.387746802465131157e+00
1.384374029615470958e+00
1.380586148967469340e+00
1.376395414511980331e+00
1.371814930157582824e+00
1.366858661483674853e+00
1.361541444563191039e+00
1.355878990651500748e+00
1.349887887880766302e+00
1.343585599536895270e+00
1.336990459654298746e+00
1.330121666429999960e+00
1.322999270147670048e+00
1.315644153637019809e+00
1.308078006239506319e+00
1.300323292086039029e+00
1.292403212798748813e+00
1.284341662706804277e+00
1.276163173717061339e+00
1.267892850097418034e+00
1.259556294637314888e+00
1.251179526897858496e+00
1.242788893893919333e+00
1.234410972020086650e+00
1.226072460315100532e+00
1.217800066746023591e+00
1.209620388162283344e+00
1.201559785884767084e+00
1.193644259848286371e+00
1.185899323455108068e+00
1.178349881706437063e+00
1.171020115441555154e+00
1.163933374710323321e+00
1.157112084239698246e+00
1.150577664223808139e+00
1.144350470163109312e+00
1.138449754987402640e+00
1.132893656329893251e+00
1.127699211907752908e+00
1.122882405298324171e+00
1.118458242969955441e+00
1.114440862074411731e+00
1.110843667306344873e+00
1.107679494266503806e+00
1.104960795340846458e+00
1.102699842164961863e+00
1.100908937593730430e+00
1.099600629064700463e+00
1.098787914386462283e+00
1.147969461555433446e+00
1.000000000000000000e+00
