1.000000000000000000e+00
9.874555175872808954e-01
9.781166003907743045e-01
9.669395901119097747e-01
9.544762416448774323e-01
9.413019264871134162e-01
9.271492563693166655e-01
9.103991029687550363e-01
8.879532605685951374e-01
8.580095650790774409e-01
8.293391973642213477e-01
8.302135957336976846e-01
8.899376332114501409e-01
1.002454011051461924e+00
1.131923237308523733e+00
1.245932220570840521e+00
1.329368654839817809e+00
1.380208780369142074e+00
1.402439127098814797e+00
1.401694438362392381e+00
1.383367643729575436e+00
1.352012748371194339e+00
1.311280735621317861e+00
1.264034235446299892e+00
1.212499621606841327e+00
1.158407260628578017e+00
1.103106656684793130e+00
1.047656220351094181e+00
9.928913647452236590e-01
9.394752566461416210e-01
8.879361023050486024e-01
8.386941272668517744e-01
7.920807350233957100e-01
7.483516503167478851e-01
7.076947916546328932e-01
6.702356014289769792e-01
6.360420587623535349e-01
6.051290291891903150e-01
5.774625908805024466e-01
5.529648296538162144e-01
5.315191126512771591e-01
5.126618158637886724e-01
4.959560153362443380e-01
4.813152101091193735e-01
4.686639051729509786e-01
4.579167908433977030e-01
4.490111803319785100e-01
4.419367261552450410e-01
4.368802561079301872e-01
4.347072153614467971e-01
4.351662515784354701e-01
4.372859915961592181e-01
4.408844197894727368e-01
4.458000187051351371e-01
4.518895785265254483e-01
4.590260280139487059e-01
4.670963783765335608e-01
4.759997755341962011e-01
4.856458058410488277e-01
4.959530996205998576e-01
5.068480807776535313e-01
5.182639294288461373e-01
5.301397797727717132e-01
5.424200069648290601e-01
5.550536421842328094e-01
5.679939104869009547e-01
5.811978097390926301e-01
5.946257661159601859e-01
6.082413269265315447e-01
6.220108870298639570e-01
6.359034738781877971e-01
6.498905390826815731e-01
6.639457807055815231e-01
6.780449729120041624e-01
6.921658031721639182e-01
7.062877293819801450e-01
7.203918369307042990e-01
7.344607098943785051e-01
7.484783035359011683e-01
7.624298280905811298e-01
7.763016368364412667e-01
7.900811216334853171e-01
8.037566159374726071e-01
8.173173065048933150e-01
8.307531539353041339e-01
8.440548191361111341e-01
8.572135976129769963e-01
8.702213563497476212e-01
8.830704755745959478e-01
8.957537946655141914e-01
9.082645677495855274e-01
9.205964224476196334e-01
9.327433263282176590e-01
9.446995567972137353e-01
9.564596741216762066e-01
9.680184962918599867e-01
9.793710735239954390e-01
9.905126698901195459e-01
1.001438745575784939e+00
1.012144943097828431e+00
1.022627076642155686e+00
1.032881124926994021e+00
1.042903230222824273e+00
1.052689693292578887e+00
1.062236967471140270e+00
1.071541655750826161e+00
1.080600504321545419e+00
1.089410397058725666e+00
1.097968354299595051e+00
1.106271532266095869e+00
1.114317223314269301e+00
1.122102856658214298e+00
1.129625996818337530e+00
1.136884343197914093e+00
1.143875732739978668e+00
1.150598141219001835e+00
1.157049684542639900e+00
1.163228622369652632e+00
1.169133361962877649e+00
1.174762460484763960e+00
1.180114627957670193e+00
1.185188732052280258e+00
1.189983802887881748e+00
1.194499037261055552e+00
1.198733803173644086e+00
1.202687646277307731e+00
1.206360297889314648e+00
1.209751682979233633e+00
1.212861928644123566e+00
1.215691374321370866e+00
1.218240582487632340e+00
1.220510349429241526e+00
1.222501714991875099e+00
1.224215971068895792e+00
1.225654670027275905e+00
1.226819633996122816e+00
1.227712965111128263e+00
1.228337055505552389e+00
1.228694597391039034e+00
1.228788594341610141e+00
1.228622372966481802e+00
1.228199594140665152e+00
1.227524263729275367e+00
1.226600741337685374e+00
1.225433747275134655e+00
1.224028368984333648e+00
1.222390066733396452e+00
1.220524678007917085e+00
1.218438420946382328e+00
1.216137897526719858e+00
1.213630096249608492e+00
1.210922393795879737e+00
1.208022555314890667e+00
1.204938733723648570e+00
1.201679468505169268e+00
1.198253683614006304e+00
1.194670683292867963e+00
1.190940145310613874e+00
1.187072112074325059e+00
1.183076979452849509e+00
1.178965483621269517e+00
1.174748686150760113e+00
1.170437956080461195e+00
1.166044948274960191e+00
1.161581578560767047e+00
1.157059996085044951e+00
1.152492553086061911e+00
1.147891771501223790e+00
1.143270305512465113e+00
1.138640900388087296e+00
1.134016348468659618e+00
1.129409442864327096e+00
1.124832929301515128e+00
1.120299455982664893e+00
1.115821521834097441e+00
1.111411424123392555e+00
1.107081206014372654e+00
1.102842605105956109e+00
1.098707004319707137e+00
1.094685386155623164e+00
1.090788291430120793e+00
1.087025783639490983e+00
1.083407420088787321e+00
1.079942230821024252e+00
1.076638706401670031e+00
1.073504795719151472e+00
1.070547914705092030e+00
1.067774966680447024e+00
1.065192375022217197e+00
1.062806128571663455e+00
1.060621839670342181e+00
1.058644814227897690e+00
1.056880132819420393e+00
1.055332741545279784e+00
1.054007550927885006e+00
1.052909540473339067e+00
1.052043866173575148e+00
1.051415967907531446e+00
1.051031673432252900e+00
1.076469657563078108e+00
1.000000000000000000e+00
