1.000000000000000000e+00
9.969256019389433066e-01
9.946553246370224421e-01
9.919555332559716332e-01
9.889696403183023676e-01
9.858754720984891362e-01
9.827950890279105733e-01
9.799806146488918568e-01
9.782953217082057673e-01
9.801375636246474343e-01
9.900485532853245951e-01
1.012052349130749596e+00
1.043580325631287664e+00
1.075616404849569552e+00
1.100575633516024165e+00
1.116057514334717782e+00
1.122970957139537429e+00
1.123221042080516430e+00
1.118643756818510360e+00
1.110722982703812756e+00
1.100589987352166954e+00
1.089089976701322238e+00
1.076849466403919875e+00
1.064330249845545584e+00
1.051870067449497848e+00
1.039712867395014007e+00
1.028031397695417626e+00
1.016944220315577407e+00
1.006528650776474354e+00
9.968306862052596085e-01
9.878726776493153006e-01
9.796592877906414865e-01
9.721821266418813057e-01
9.654233375261991323e-01
9.593582552693931120e-01
9.539574813672893061e-01
9.491886242050873168e-01
9.450176449903789910e-01
9.414098808776310001e-01
9.383308074497953566e-01
9.357465620621793212e-01
9.333322425830985480e-01
9.307773277799332723e-01
9.280934879197361154e-01
9.254063629464640561e-01
9.230303521891470853e-01
9.211491559471791657e-01
9.197089719276964059e-01
9.186629884344592600e-01
9.179701957045560690e-01
9.175944379029263853e-01
9.175036624748227343e-01
9.176693262290006592e-01
9.180659029555313655e-01
9.186704724749777951e-01
9.194623878217108581e-01
9.204229997292899812e-01
9.215354163113879116e-01
9.227843001892164221e-01
9.241557010594670940e-01
9.256369030634589157e-01
9.272162924437807874e-01
9.288832484730528138e-01
9.306280420697915501e-01
9.324417470445799383e-01
9.343161645943859339e-01
9.362437526756206552e-01
9.382175647694356302e-01
9.402311942251794230e-01
9.422787239568659601e-01
9.443546846026449337e-01
9.464540153688799640e-01
9.485720301704505530e-01
9.507043863857956856e-01
9.528470560128829980e-01
9.549963005137527272e-01
9.571486469026472266e-01
9.593008665173150540e-01
9.614499548676208596e-01
9.635931135402621139e-01
9.657277332542689718e-01
9.678513783026094774e-01
9.699617723009384962e-01
9.720567852950824372e-01
9.741344221941085069e-01
9.761928121322579477e-01
9.782301989394794894e-01
9.802449320756332352e-01
9.822354582606759310e-01
9.842003136882749859e-01
9.861381174518285553e-01
9.880475654211282599e-01
9.899274250858379753e-01
9.917765308711664618e-01
9.935937798805780652e-01
9.953781279131992399e-01
9.971285854916239755e-01
9.988442147733640475e-01
1.000524126590773166e+00
1.002167478007455648e+00
1.003773470295982850e+00
1.005341347384941741e+00
1.006870395087948067e+00
1.008359939908499259e+00
1.009809347793472201e+00
1.011218023291335033e+00
1.012585408337796311e+00
1.013910981198004491e+00
1.015194255962140302e+00
1.016434782160761996e+00
1.017632144519055482e+00
1.018785962805528911e+00
1.019895891443294511e+00
1.020961619288350386e+00
1.021982869806434158e+00
1.022959401111852351e+00
1.023891006030403616e+00
1.024777512460680828e+00
1.025618783779381094e+00
1.026414719070869896e+00
1.027165253446197024e+00
1.027870358588155897e+00
1.028530043298481411e+00
1.029144353972800241e+00
1.029713375105341333e+00
1.030237230015193406e+00
1.030716081746920754e+00
1.031150133946238778e+00
1.031539631769461840e+00
1.031884862973294181e+00
1.032186159027016492e+00
1.032443896191785004e+00
1.032658496429950112e+00
1.032830428112115007e+00
1.032960206664367719e+00
1.033048395263505226e+00
1.033095605585927279e+00
1.033102498458368323e+00
1.033069784448464867e+00
1.032998224525574882e+00
1.032888630687712972e+00
1.032741866450472168e+00
1.032558847187881268e+00
1.032340540147135499e+00
1.032087964161773286e+00
1.031802189215466070e+00
1.031484335832232313e+00
1.031135574227279861e+00
1.030757123262879160e+00
1.030350249296789089e+00
1.029916264895514466e+00
1.029456527354539963e+00
1.028972436991294037e+00
1.028465435263772765e+00
1.027937002780302533e+00
1.027388657162226382e+00
1.026821950629738911e+00
1.026238467268387744e+00
1.025639820045904704e+00
1.025027647577330336e+00
1.024403610692495858e+00
1.023769388849961492e+00
1.023126676271076674e+00
1.022477177737838971e+00
1.021822604136654045e+00
1.021164667822917815e+00
1.020505077851132869e+00
1.019845535028391925e+00
1.019187726714002817e+00
1.018533321431158045e+00
1.017883963408281911e+00
1.017241267131843374e+00
1.016606811974128943e+00
1.015982136892288779e+00
1.015368735248980192e+00
1.014768049867091015e+00
1.014181468379518058e+00
1.013610318982055114e+00
1.013055866725666831e+00
1.012519310440282094e+00
1.012001780387073335e+00
1.011504336734505793e+00
1.011027968948813527e+00
1.010573596174934696e+00
1.010142068683943295e+00
1.009734170473150838e+00
1.009350623077468034e+00
1.008992090631014804e+00
1.008659186219788895e+00
1.008352479541436919e+00
1.008072505837007915e+00
1.007819776015373092e+00
1.007594787855792706e+00
1.007398038154655229e+00
1.007230035642554311e+00
1.007091314437476903e+00
1.006982447770283562e+00
1.006904061691723751e+00
1.006856848447005959e+00
1.010279092419816838e+00
1.000000000000000000e+00
