1.000000000000000000e+00
1.000000000000000000e+00
1.000000000000000000e+00
1.000000000000000000e+00
1.000000000000000000e+00
1.000000000000000000e+00
1.000000000000000000e+00
9.999999999999041878e-01
9.999999999990841770e-01
9.999999999917330573e-01
9.999999999419688645e-01
9.999999996653606837e-01
9.999999983605307730e-01
9.999999929957998912e-01
9.999999733742220842e-01
9.999999084954165340e-01
9.999997120572293730e-01
9.999991617660151100e-01
9.999977234519481506e-01
9.999941916507428807e-01
9.999859982436917205e-01
9.999679578791856871e-01
9.999301189052389738e-01
9.998542924259747888e-01
9.997087854779138638e-01
9.994409716846999192e-01
9.989677219817874043e-01
9.981644617165794653e-01
9.968547772823885822e-01
9.948040078009174891e-01
9.917224285855452681e-01
9.872840089520040774e-01
9.811627895786496634e-01
9.730819886264436835e-01
9.628709574334074484e-01
9.505238270924059041e-01
9.362316540413113675e-01
9.203587210984506273e-01
9.033527139442411036e-01
8.856860445556173911e-01
8.678453372606416139e-01
8.502582256522794868e-01
8.331878857609892330e-01
8.167137674216753407e-01
8.008945426087152875e-01
7.858776750785451126e-01
7.718338051498626617e-01
7.588123883516989521e-01
7.468955654803718369e-01
7.364455830039987605e-01
7.279698532045746351e-01
7.219071996236706701e-01
7.185392411861548645e-01
7.181608753366809372e-01
7.211312231568623998e-01
7.276841353769362142e-01
7.377759576191160740e-01
7.511989765050340884e-01
7.677608429103677246e-01
7.872253665585082771e-01
8.092347264337049761e-01
8.333138537761375364e-01
8.589985905105810282e-01
8.858987331011900501e-01
9.136408705704357480e-01
9.418316712938484825e-01
9.701028003507408126e-01
9.981679634753589658e-01
1.025798885648360637e+00
1.052790899443244443e+00
1.078952997335977049e+00
1.104135419489723713e+00
1.128238656529143125e+00
1.151187697986300718e+00
1.172913871554742027e+00
1.193363207858233022e+00
1.212509438234073311e+00
1.230343633336249187e+00
1.246861926157725620e+00
1.262062065775637176e+00
1.275951464524935242e+00
1.288520827461663076e+00
1.299769367564602707e+00
1.309734492854815135e+00
1.318592107134882507e+00
1.326868636053891048e+00
1.334904006429088241e+00
1.342448869065288042e+00
1.349139480332427032e+00
1.354773099779786882e+00
1.359311186589642118e+00
1.362794910122508973e+00
1.365262281419709511e+00
1.366750435668095065e+00
1.367297497979572229e+00
1.366940888132128329e+00
1.365715990579442929e+00
1.363656923941987564e+00
1.360798058121973853e+00
1.357173628567975854e+00
1.352816773812268725e+00
1.347759414991851257e+00
1.342033316401462617e+00
1.335670453836838245e+00
1.328702304442606286e+00
1.321159327388397919e+00
1.313071722377394446e+00
1.304470109216725904e+00
1.295384990189628827e+00
1.285846297643525649e+00
1.275883718803985101e+00
1.265527247106701836e+00
1.254807000712577780e+00
1.243752858871995937e+00
1.232394503553173370e+00
1.220761829535862875e+00
1.208884982079473147e+00
1.196794051005174664e+00
1.184518951632609784e+00
1.172089733827227365e+00
1.159536726735206580e+00
1.146890266675116621e+00
1.134180481021382914e+00
1.121437512613160825e+00
1.108691702730941975e+00
1.095973335979209651e+00
1.083312402442555555e+00
1.070738720841045044e+00
1.058282091328055285e+00
1.045972085298457088e+00
1.033837807989948621e+00
1.021907926003990719e+00
1.010210765306283287e+00
9.987741415178257309e-01
9.876251196932140930e-01
9.767899800673771615e-01
9.662942766211748413e-01
9.561626884544691674e-01
9.464187793872416155e-01
9.370849240760975585e-01
9.281823343446181651e-01
9.197309228720853547e-01
9.117490729267895277e-01
9.042535585816499077e-01
8.972595664845066654e-01
8.907805778056707702e-01
8.848281620046168916e-01
8.794119170284308007e-01
8.745395043478662034e-01
8.702165562717361080e-01
8.664465099852758367e-01
8.632305938198370221e-01
8.605678944902914740e-01
8.584552980401495281e-01
8.568873783585317927e-01
8.558564440584669475e-01
8.553526432443574468e-01
8.553639418092844338e-01
8.558760776508030910e-01
8.568726849420859049e-01
8.583354479807893123e-01
8.602441190039302743e-01
8.625765463912413722e-01
8.653088725551859595e-01
8.684157286874728543e-01
8.718702926718949753e-01
8.756444115247871141e-01
8.797088437945880246e-01
8.840334647891705533e-01
8.885873786271056840e-01
8.933391185272425705e-01
8.982569108248245060e-01
9.033088700013361949e-01
9.084631468770910656e-01
9.136881815280674113e-01
9.189529634477116016e-01
9.242271928523903002e-01
9.294814492730182343e-01
9.346874326638511254e-01
9.398181629241807444e-01
9.448480928146492097e-01
9.497532613318800943e-01
9.545114500163797144e-01
9.591022647018354608e-01
9.635071727460475799e-01
9.677095676245340838e-01
9.716947845433037134e-01
9.754500316895349243e-01
9.789643145192129525e-01
9.822283321406923839e-01
9.852343131058559633e-01
9.879758090395882597e-01
9.904474719668782123e-01
9.926447922355937648e-01
9.945637993769442797e-01
9.962007541011561607e-01
9.975518292865139802e-01
9.986127863057341347e-01
9.993786629648403474e-01
9.997657625510492085e-01
1.000000000000000000e+00
