1.000000000000000000e+00
1.000000000000000000e+00
1.000000000000000000e+00
1.000000000000000000e+00
1.000000000000000000e+00
1.000000000000000000e+00
1.000000000000000000e+00
9.999999999998975264e-01
9.999999999990308863e-01
9.999999999912561055e-01
9.999999999386519622e-01
9.999999996464590257e-01
9.999999982691379907e-01
9.999999926110357817e-01
9.999999719353901417e-01
9.999999036407225539e-01
9.999996970930919993e-01
9.999991192059497491e-01
9.999976108643017225e-01
9.999939128371205799e-01
9.999853485611127635e-01
9.999665277152374188e-01
9.999271358634276297e-01
9.998483848132955210e-01
9.996976641231040128e-01
9.994210654185776699e-01
9.989338765396844622e-01
9.981099227955969599e-01
9.967718067151059014e-01
9.946855805735028699e-01
9.915655089804619182e-01
9.870947310197667468e-01
9.809632120015469026e-01
9.729170039754452270e-01
9.628134596404296364e-01
9.506766300589805097e-01
9.367240910297091050e-01
9.213356022024802305e-01
9.049542174581736154e-01
8.880260004423096154e-01
8.709957934202552376e-01
8.542366719633213146e-01
8.379441366234599009e-01
8.221221538113004934e-01
8.067644470056983819e-01
7.919753135830629454e-01
7.778985212737790089e-01
7.645597812597599852e-01
7.520324873941270916e-01
7.407050027060551045e-01
7.311335411495043513e-01
7.238097143552464363e-01
7.190638184583303394e-01
7.172494219218746858e-01
7.187977129660547693e-01
7.240096581994340807e-01
7.328876862499713596e-01
7.452564146522594468e-01
7.609555980425540822e-01
7.797734611675382066e-01
8.013602126325863884e-01
8.252318616827175601e-01
8.509097697519709680e-01
8.779896962190603116e-01
9.060800536660954529e-01
9.347627316154821786e-01
9.636429575335007103e-01
9.924122616265772523e-01
1.020823010052617219e+00
1.048651581242454167e+00
1.075688086073034455e+00
1.101766729753755447e+00
1.126775840071877921e+00
1.150630100920398968e+00
1.173251019855884536e+00
1.194576095731508802e+00
1.214572940551345459e+00
1.233228079206671879e+00
1.250533686930768829e+00
1.266483877267509772e+00
1.281083390595513904e+00
1.294321355795345685e+00
1.306195857185552089e+00
1.316743155148250466e+00
1.326138294298818243e+00
1.334907496534051496e+00
1.343390827552027877e+00
1.351339119936844080e+00
1.358426816546161042e+00
1.364448748683143808e+00
1.369329854408009028e+00
1.373112172930711639e+00
1.375834453663692392e+00
1.377534599544092409e+00
1.378251662920383369e+00
1.378024013011363458e+00
1.376887897949566231e+00
1.374878265503404862e+00
1.372030388545543822e+00
1.368379445296362684e+00
1.363959480120604306e+00
1.358803270271983221e+00
1.352943463463978979e+00
1.346412971734290531e+00
1.339244205726056958e+00
1.331468514278769000e+00
1.323116999402884186e+00
1.314221247059389031e+00
1.304812748411340317e+00
1.294922412633277231e+00
1.284580916865719180e+00
1.273819300751284356e+00
1.262668772057345068e+00
1.251160315930935907e+00
1.239324740992672869e+00
1.227193123161578026e+00
1.214796848290715880e+00
1.202167284133901726e+00
1.189335653775613899e+00
1.176333371542337636e+00
1.163192201850532737e+00
1.149943967746337004e+00
1.136620319558828252e+00
1.123252979964621145e+00
1.109873944490061159e+00
1.096515207939666503e+00
1.083208508963392047e+00
1.069985465467637509e+00
1.056877742196109304e+00
1.043916824694707479e+00
1.031133763122944913e+00
1.018559203123635903e+00
1.006223493027059268e+00
9.941565000363536964e-01
9.823873490991380519e-01
9.709443851207266718e-01
9.598552357975683735e-01
9.491466486426557436e-01
9.388442274163283363e-01
9.289723492939082616e-01
9.195541908541430276e-01
9.106115764211438757e-01
9.021647233608833805e-01
8.942321510605367729e-01
8.868307005083810868e-01
8.799754009979452452e-01
8.736792401541799702e-01
8.679530937393237222e-01
8.628057591333501142e-01
8.582438491796362534e-01
8.542716058037078675e-01
8.508908803000814203e-01
8.481012025155835188e-01
8.458997120040852025e-01
8.442810319296255583e-01
8.432373167925361068e-01
8.427583640111715457e-01
8.428315872225646821e-01
8.434419634507380747e-01
8.445721671675515685e-01
8.462027371874623061e-01
8.483120945880354702e-01
8.508765722297340073e-01
8.538706307900350012e-01
8.572670715446344403e-01
8.610370989869834402e-01
8.651504543320166496e-01
8.695756807991238402e-01
8.742803480188420240e-01
8.792311739524354408e-01
8.843942436123323203e-01
8.897352976519627976e-01
8.952199449579077983e-01
9.008138235596068188e-01
9.064828764588515053e-01
9.121936352687585181e-01
9.179133950552653687e-01
9.236103970993411183e-01
9.292540913630115140e-01
9.348153532883672900e-01
9.402666055013273461e-01
9.455819842052823887e-01
9.507375090992169486e-01
9.557111716960126069e-01
9.604829751477493849e-01
9.650350046991207353e-01
9.693514448834190667e-01
9.734185045943817283e-01
9.772243351833621583e-01
9.807589185664020714e-01
9.840138893770663531e-01
9.869823113984241836e-01
9.896584366580727377e-01
9.920374216907937859e-01
9.941150034337182806e-01
9.958871656397465522e-01
9.973497933019379591e-01
9.984983218990108877e-01
9.993273991853093285e-01
9.997464336496624249e-01
1.000000000000000000e+00
