1.000000000000000000e+00
1.000000000000000000e+00
1.000000000000000000e+00
1.000000000000000000e+00
1.000000000000000000e+00
1.000000000000000000e+00
1.000000000000000000e+00
9.999999999999731326e-01
9.999999999996666000e-01
9.999999999969674258e-01
9.999999999783383275e-01
9.999999998727967521e-01
9.999999993644113072e-01
9.999999972263790005e-01
9.999999892128728085e-01
9.999999620078952045e-01
9.999998772645756207e-01
9.999996325117722629e-01
9.999989715028826387e-01
9.999972905093348352e-01
9.999932421639725622e-01
9.999839662754533842e-01
9.999636699327864031e-01
9.999211363118315488e-01
9.998355804329974728e-01
9.996701468572500859e-01
9.993623762579826320e-01
9.988113476533290180e-01
9.978621823870313934e-01
9.962903784276204711e-01
9.937909763982563094e-01
9.899800775694457267e-01
9.844171753057587848e-01
9.766542425001115690e-01
9.663106743071347982e-01
9.531627061839192949e-01
9.372252155006783880e-01
9.188004173842804212e-01
8.984753642573467536e-01
8.770689063594471202e-01
8.555412934244738254e-01
8.348846322148479882e-01
8.160187497623012653e-01
7.997131554243593898e-01
7.865450695624633948e-01
7.768840655273874241e-01
7.708941712635747345e-01
7.685503243614949520e-01
7.696745030969016632e-01
7.739790438056257660e-01
7.810985875617197927e-01
7.906179926569604222e-01
8.021002059021185016e-01
8.151164016264269563e-01
8.292664552470468964e-01
8.441864750896586056e-01
8.595519984979778094e-01
8.750843964312841061e-01
8.905555995936421665e-01
9.057831699001188674e-01
9.206230610541670245e-01
9.349639678369445761e-01
9.487254891925092082e-01
9.618545902566379979e-01
9.743186407316659636e-01
9.860995947275673634e-01
9.971917085326589270e-01
1.007600490181709718e+00
1.017339397524383848e+00
1.026426580106684971e+00
1.034882931730222388e+00
1.042732036715577237e+00
1.049999733280207792e+00
1.056712481600727394e+00
1.062896157640006667e+00
1.068576123734568339e+00
1.073777641140020611e+00
1.078525339084008605e+00
1.082842622498796592e+00
1.086751508004227151e+00
1.090273036210503754e+00
1.093399189954396222e+00
1.096125783941198195e+00
1.098487779648225082e+00
1.100655735310817729e+00
1.103029357407346867e+00
1.105471779371929975e+00
1.107626578701677467e+00
1.109510865379238487e+00
1.111140620240688603e+00
1.112530823839816163e+00
1.113695427276240935e+00
1.114647357778970616e+00
1.115398716192830486e+00
1.115960945416364813e+00
1.116344804080929620e+00
1.116560352139825740e+00
1.116617041555830747e+00
1.116523841536249062e+00
1.116289258425117170e+00
1.115921320922859783e+00
1.115427606279243866e+00
1.114815325529500800e+00
1.114091369102355289e+00
1.113262293058705943e+00
1.112334313436250444e+00
1.111313365367579742e+00
1.110205155913837061e+00
1.109015151761946427e+00
1.107748570360439500e+00
1.106410409926421368e+00
1.105005489652483908e+00
1.103538451188158742e+00
1.102013750260868452e+00
1.100435668205718365e+00
1.098808341134579925e+00
1.097135769611381928e+00
1.095421810835464083e+00
1.093670179888616367e+00
1.091884471478286711e+00
1.090068173079534297e+00
1.088224657593118927e+00
1.086357178805014811e+00
1.084468887637579426e+00
1.082562846053478189e+00
1.080642020126081349e+00
1.078709274155168263e+00
1.076767381467695461e+00
1.074819036358882318e+00
1.072866849313173443e+00
1.070913341228427074e+00
1.068960949612616895e+00
1.067012037804963454e+00
1.065068892238010267e+00
1.063133716771160309e+00
1.061208636087106250e+00
1.059295703006251976e+00
1.057396896774186468e+00
1.055514117504623206e+00
1.053649187699599032e+00
1.051803857841853596e+00
1.049979805007641431e+00
1.048178627525119477e+00
1.046401845742114478e+00
1.044650906709044369e+00
1.042927182882395165e+00
1.041231967066169162e+00
1.039566473011082293e+00
1.037931839450539906e+00
1.036329128669902566e+00
1.034759321865391657e+00
1.033223320145157276e+00
1.031721948263282451e+00
1.030255952984068690e+00
1.028825999036963923e+00
1.027432670784967694e+00
1.026076475668714183e+00
1.024757842367296279e+00
1.023477117676158343e+00
1.022234569474394394e+00
1.021030390424672918e+00
1.019864696178457875e+00
1.018737523698799663e+00
1.017648835690201148e+00
1.016598524660490277e+00
1.015586411664989530e+00
1.014612247338127160e+00
1.013675717298933243e+00
1.012776446119735274e+00
1.011913997842770030e+00
1.011087879847575088e+00
1.010297549203079015e+00
1.009542416645109686e+00
1.008821849070971499e+00
1.008135176220751994e+00
1.007481698002187009e+00
1.006860688607142951e+00
1.006271401415911759e+00
1.005713077167793124e+00
1.005184951258455639e+00
1.004686258577275337e+00
1.004216240651881975e+00
1.003774153789841472e+00
1.003359275429686504e+00
1.002970909879325800e+00
1.002608396160323823e+00
1.002271115194441675e+00
1.001958495067468480e+00
1.001670017257886069e+00
1.001405223066718309e+00
1.001163719026940901e+00
1.000945181934226991e+00
1.000749364387675255e+00
1.000576099886788750e+00
1.000425307439033240e+00
1.000296996557212381e+00
1.000191272372560336e+00
1.000108340876283641e+00
1.000048514648444575e+00
1.000018472937035163e+00
1.000000000000000000e+00
