1.000000000000000000e+00
1.000000000000000000e+00
1.000000000000000000e+00
1.000000000000000000e+00
1.000000000000000000e+00
1.000000000000000000e+00
1.000000000000000000e+00
9.999999999999047429e-01
9.999999999990886179e-01
9.999999999917719151e-01
9.999999999422372055e-01
9.999999996668892388e-01
9.999999983679173088e-01
9.999999930268774762e-01
9.999999734903491921e-01
9.999999088868988251e-01
9.999997132627524987e-01
9.999991651908327617e-01
9.999977325001525585e-01
9.999942140241311339e-01
9.999860502857693678e-01
9.999680722033164049e-01
9.999303567741190113e-01
9.998547620992520590e-01
9.997096664457116866e-01
9.994425414250212025e-01
9.989703756468537588e-01
9.981687060086817942e-01
9.968611694337571327e-01
9.948130030215216468e-01
9.917340962432289464e-01
9.872975935098299294e-01
9.811761478922998991e-01
9.730910260290122071e-01
9.628692237781504293e-01
9.505023992095671392e-01
9.361794729348050792e-01
9.202635679465573926e-01
9.032029313680765004e-01
8.854723763501555212e-01
8.675622264329201361e-01
8.499048654913735623e-01
8.327692728508485631e-01
8.162412951715841691e-01
8.003850648779241572e-01
7.853516315395493441e-01
7.713137973471968500e-01
7.583228475533000390e-01
7.464614486962724005e-01
7.360894401197392023e-01
7.277099192247642456e-01
7.217570545143444649e-01
7.185081621504820770e-01
7.182530468966800141e-01
7.213446858104767268e-01
7.280112611308323656e-01
7.382052545382744579e-01
7.517162883763395254e-01
7.683494245998396810e-01
7.878665599094325511e-01
8.099093356367946805e-01
8.340035519014624699e-01
8.596863768929721150e-01
8.865688886918487999e-01
9.142792847617970953e-01
9.424263688782454906e-01
9.706440616511463615e-01
9.986479584056582315e-01
1.026211428260674241e+00
1.053131403072085082e+00
1.079218459311480194e+00
1.104324179140932172e+00
1.128350070096176827e+00
1.151221980903173847e+00
1.172872055070558694e+00
1.193247030238303585e+00
1.212321143673474433e+00
1.230085840578234002e+00
1.246537578961694814e+00
1.261674405678720579e+00
1.275503950701011524e+00
1.288017045724535015e+00
1.299212993142068839e+00
1.309129291912267901e+00
1.317941912855222109e+00
1.326177294266594808e+00
1.334175347147898316e+00
1.341686702895056316e+00
1.348344378574641400e+00
1.353945838167850635e+00
1.358455634610248985e+00
1.361914860540670569e+00
1.364361461309054002e+00
1.365832504055797925e+00
1.366366032657004626e+00
1.365999383857339655e+00
1.364767866240727212e+00
1.362705525448609123e+00
1.359846652272171719e+00
1.356225399733172798e+00
1.351874826991671830e+00
1.346826779919781503e+00
1.341112945241798027e+00
1.334765216748119876e+00
1.327814989757428732e+00
1.320292645203053006e+00
1.312228303442981581e+00
1.303652499571129164e+00
1.294595649207104904e+00
1.285087598974375744e+00
1.275157949226139564e+00
1.264836601791062387e+00
1.254153579565006282e+00
1.243138665133110221e+00
1.231821442034567227e+00
1.220231702065673218e+00
1.208399482547966475e+00
1.196354762259114857e+00
1.184127343006595501e+00
1.171747156463593509e+00
1.159244407753048600e+00
1.146649304964417526e+00
1.133991844320180409e+00
1.121302032896557277e+00
1.108610070174039119e+00
1.095946094474590682e+00
1.083339946599385151e+00
1.070821291997255953e+00
1.058419772368305090e+00
1.046164796810719055e+00
1.034085306002029636e+00
1.022209799469976810e+00
1.010566432859363539e+00
9.991828494128456306e-01
9.880859414967038123e-01
9.773018166591127542e-01
9.668558558621477284e-01
9.567725660530145282e-01
9.470753416854614803e-01
9.377863915809404594e-01
9.289267652917359008e-01
9.205162180534787186e-01
9.125729825245960658e-01
9.051136899177638639e-01
8.981533919389386167e-01
8.917054439724299009e-01
8.857813007782433523e-01
8.803904575213357120e-01
8.755404849106985798e-01
8.712369375917998759e-01
8.674831898300894295e-01
8.642804222403067671e-01
8.616276888331005912e-01
8.595218587306201474e-01
8.579575058482872274e-01
8.569269556721085257e-01
8.564203894379868176e-01
8.564258228088057479e-01
8.569290606386861242e-01
8.579138204170021487e-01
8.593618850259729935e-01
8.612531205242179855e-01
8.635655042211374255e-01
8.662753210643147073e-01
8.693573568941237451e-01
8.727849559549571978e-01
8.765301424155198529e-01
8.805638608835286707e-01
8.848561800513657927e-01
8.893764039262880283e-01
8.940932705996550434e-01
8.989752142410482039e-01
9.039905586784137137e-01
9.091076645361702013e-01
9.142951802649754711e-01
9.195223003703281162e-01
9.247589255964053789e-01
9.299758303445908592e-01
9.351449020233204568e-01
9.402393391450262206e-01
9.452337635122212145e-01
9.501043725186835154e-01
9.548290943383872520e-01
9.593876691337075435e-01
9.637616860733720925e-01
9.679346474508931930e-01
9.718919841758705269e-01
9.756209875415973176e-01
9.791107340358320421e-01
9.823519824230724229e-01
9.853370106772005865e-01
9.880594110478904124e-01
9.905138689137145125e-01
9.926959025146591120e-01
9.946015658952493954e-01
9.962271430355507107e-01
9.975688310569014172e-01
9.986224188070623731e-01
9.993829769804731811e-01
9.997673892811851371e-01
1.000000000000000000e+00
