1.000000000000000000e+00
1.000000000000000000e+00
1.000000000000000000e+00
1.000000000000000000e+00
1.000000000000000000e+00
1.000000000000000000e+00
1.000000000000000000e+00
9.999999999999441558e-01
9.999999999993703925e-01
9.999999999943277595e-01
9.999999999598978562e-01
9.999999997670808716e-01
9.999999988498554648e-01
9.999999950438732688e-01
9.999999809822904817e-01
9.999999339710998747e-01
9.999997899008674640e-01
9.999993809402283329e-01
9.999982964776654715e-01
9.999955912654431289e-01
9.999892067463513889e-01
9.999748839986322135e-01
9.999442262544601112e-01
9.998814233113652028e-01
9.997580105513050874e-01
9.995249852587801964e-01
9.991017798499921554e-01
9.983621643790369093e-01
9.971183269664891657e-01
9.951062900281798518e-01
9.919785685401467656e-01
9.873120017083218958e-01
9.806378248623676130e-01
9.714964915545303281e-01
9.595150448417359978e-01
9.444968782411939934e-01
9.264965833927575334e-01
9.058492260408886887e-01
8.831361672585450462e-01
8.591283055657956691e-01
8.347224167237365933e-01
8.108354217925760610e-01
7.882862649133310917e-01
7.677307141549536418e-01
7.496980551388622294e-01
7.346224361733502128e-01
7.228096987975772825e-01
7.143788908039708785e-01
7.093450566826313697e-01
7.077474314688102508e-01
7.096054284514144994e-01
7.148402771829026614e-01
7.232540843089613203e-01
7.346248283609052576e-01
7.487470625268999314e-01
7.653649785570766362e-01
7.841210852258927444e-01
8.046186978834733994e-01
8.265087798702674959e-01
8.494679293093293504e-01
8.731648090246783012e-01
8.972594611949241683e-01
9.214547048546475327e-01
9.455180565431084982e-01
9.692506711000513642e-01
9.924652071354060912e-01
1.015000462470530884e+00
1.036742495572761547e+00
1.057610610053616007e+00
1.077539199750201515e+00
1.096471109678736289e+00
1.114368745434024532e+00
1.131217319117673537e+00
1.147012455759128136e+00
1.161751339544963235e+00
1.175436367153856354e+00
1.188081190240892981e+00
1.199705924661422562e+00
1.210331417148723610e+00
1.219977675423179919e+00
1.228667819782885084e+00
1.236400886689099199e+00
1.243181328617295245e+00
1.249051819556509457e+00
1.254191550563618973e+00
1.259125817824060745e+00
1.264191053882658844e+00
1.268926041294272444e+00
1.272897017191406910e+00
1.276106373394341631e+00
1.278588359799031071e+00
1.280375611052939844e+00
1.281498472626545038e+00
1.281986201078415322e+00
1.281867951206953293e+00
1.281172000190426541e+00
1.279925142421980411e+00
1.278153112225503651e+00
1.275881369034151502e+00
1.273134939219722650e+00
1.269937969628563756e+00
1.266313692342799113e+00
1.262284966269426878e+00
1.257874474268287468e+00
1.253104388050244378e+00
1.247996126017631768e+00
1.242570734247812947e+00
1.236849225446777112e+00
1.230852321210693656e+00
1.224600236339834947e+00
1.218112840073125813e+00
1.211409924861380105e+00
1.204511118156228910e+00
1.197435706588867443e+00
1.190202655650058672e+00
1.182830805138465946e+00
1.175338884420345620e+00
1.167745363499851363e+00
1.160068394285353355e+00
1.152325954936211927e+00
1.144535915231054801e+00
1.136715904914822994e+00
1.128883210227421996e+00
1.121054877673894890e+00
1.113247797900691616e+00
1.105478585201279174e+00
1.097763467250605585e+00
1.090118343203909212e+00
1.082558855612008930e+00
1.075100295553419683e+00
1.067757497465966265e+00
1.060544856622171350e+00
1.053476379342344060e+00
1.046565612232680298e+00
1.039825541459711733e+00
1.033268586566317371e+00
1.026906636784276072e+00
1.020750995094997338e+00
1.014812282843164493e+00
1.009100419871302057e+00
1.003624649696796878e+00
9.983934930287109433e-01
9.934146607612058810e-01
9.886950339148687927e-01
9.842406881109050376e-01
9.800568566141724114e-01
9.761478550652065156e-01
9.725170698707568118e-01
9.691669870492759520e-01
9.660991648904614371e-01
9.633141744095311543e-01
9.608116046218321271e-01
9.585901013828856954e-01
9.566473507325213843e-01
9.549800388109164206e-01
9.535838783127796869e-01
9.524536582517627581e-01
9.515832385623653744e-01
9.509655335108281315e-01
9.505925662633692985e-01
9.504555349171477374e-01
9.505448200667805381e-01
9.508499962573799813e-01
9.513599145993979489e-01
9.520627836404255140e-01
9.529461923924446021e-01
9.539971606662154269e-01
9.552022400672766089e-01
9.565475996657508695e-01
9.580190730165912827e-01
9.596022428964376960e-01
9.612825534754635415e-01
9.630453942875188966e-01
9.648761653753900047e-01
9.667603871454917286e-01
9.686838139932614222e-01
9.706325071911940938e-01
9.725929114364637584e-01
9.745519622229067425e-01
9.764971760969750614e-01
9.784167048090054442e-01
9.802994063621005560e-01
9.821349170516074922e-01
9.839136918998840908e-01
9.856270258919916927e-01
9.872670859036852820e-01
9.888269212629914318e-01
9.903004380704881759e-01
9.916823695631967750e-01
9.929682337417834459e-01
9.941542646326900767e-01
9.952373249581747405e-01
9.962148111244838455e-01
9.970845410432861433e-01
9.978446259702091758e-01
9.984933383663712192e-01
9.990289751579389810e-01
9.994497193358435894e-01
9.997535069968312982e-01
9.999071762399145413e-01
1.000000000000000000e+00
