1.000000000000000000e+00
1.000000000000000000e+00
1.000000000000000000e+00
1.000000000000000000e+00
1.000000000000000000e+00
1.000000000000000000e+00
1.000000000000000000e+00
9.999999999999003020e-01
9.999999999990530908e-01
9.999999999914588322e-01
9.999999999400579487e-01
9.999999996544740588e-01
9.999999983079040922e-01
9.999999927742975192e-01
9.999999725461466982e-01
9.999999057023504223e-01
9.999997034510457183e-01
9.999991372991993144e-01
9.999976587594116006e-01
9.999940315357719323e-01
9.999856253950977214e-01
9.999671377552445950e-01
9.999284098687123423e-01
9.998509116168925459e-01
9.997024295788369264e-01
9.994296142831193830e-01
9.989484526758322103e-01
9.981334964817070166e-01
9.968078434061048432e-01
9.947373624042470386e-01
9.916347962103805314e-01
9.871796192739482612e-01
9.810553120036424879e-01
9.729985255355948492e-01
9.628549829531988236e-01
9.506361910848546426e-01
9.365484564725745642e-01
9.209647291462648155e-01
9.043295249924279133e-01
8.870993542067195925e-01
8.697359162459872284e-01
8.526345136599580155e-01
8.360184576862622619e-01
8.199229385209233500e-01
8.043686629616741968e-01
7.894779785698456953e-01
7.754060786499556990e-01
7.621889851564184193e-01
7.499042868141096996e-01
7.389300614993867811e-01
7.298028148169489748e-01
7.229928080184712114e-01
7.188106782800247618e-01
7.175860500719469792e-01
7.197204030516297646e-01
7.254868946662795803e-01
7.348687858717340982e-01
7.476771228810880077e-01
7.637380313062057668e-01
7.828292204620450612e-01
8.045971950959376340e-01
8.285613517481583701e-01
8.542487739671992264e-01
8.812607780889080145e-01
9.092131099466149724e-01
9.376978108999126649e-01
9.663310015553917554e-01
9.948133553591461675e-01
1.022905235116661204e+00
1.050390877286580205e+00
1.077068245682357039e+00
1.102778223265060475e+00
1.127414205893438881e+00
1.150895178362769666e+00
1.173146754439732931e+00
1.194110005309103162e+00
1.213755108433085095e+00
1.232070497982659774e+00
1.249050014449433421e+00
1.264689303156282918e+00
1.278994233582523510e+00
1.291954605403697220e+00
1.303568986714624955e+00
1.313874129724583062e+00
1.323045450118957689e+00
1.331609266559649507e+00
1.339905598208437132e+00
1.347685213228084322e+00
1.354606768836708941e+00
1.360466104325340986e+00
1.365203266451840980e+00
1.368859942637734362e+00
1.371474585174250915e+00
1.373084787345090430e+00
1.373729224980990038e+00
1.373445881357760578e+00
1.372270654407905965e+00
1.370238156067824065e+00
1.367383292498290714e+00
1.363740858582005222e+00
1.359344530822571784e+00
1.354226739455934636e+00
1.348419773858047455e+00
1.341956165764051967e+00
1.334867946790247784e+00
1.327186105213077116e+00
1.318941377355270728e+00
1.310164956967901029e+00
1.300887933673061880e+00
1.291140820314323978e+00
1.280953892399383731e+00
1.270357764564840286e+00
1.259383201575914990e+00
1.248060738902633471e+00
1.236420726928040281e+00
1.224493760639536077e+00
1.212310720154721411e+00
1.199902451905380918e+00
1.187299645171501883e+00
1.174533156706778936e+00
1.161634163628697536e+00
1.148633880003763874e+00
1.135563331821745958e+00
1.122453593349497680e+00
1.109335980225476748e+00
1.096241783546739734e+00
1.083202021735468534e+00
1.070247570741404530e+00
1.057409325350015639e+00
1.044717979710566125e+00
1.032203778951847672e+00
1.019896548574676709e+00
1.007825797722895045e+00
9.960205412165374916e-01
9.845090471341465532e-01
9.733188004527038029e-01
9.624765640377287435e-01
9.520082216483137794e-01
9.419385240654711833e-01
9.322910099954037078e-01
9.230880321863755844e-01
9.143506122147401216e-01
9.060981960608350816e-01
8.983485678314617751e-01
8.911178702890319991e-01
8.844204780049336190e-01
8.782687774224644528e-01
8.726731010943787892e-01
8.676417618833097700e-01
8.631809525483914447e-01
8.592945680395626118e-01
8.559841883867677081e-01
8.532491471484187073e-01
8.510864667758275548e-01
8.494907387603457538e-01
8.484541710884370147e-01
8.479666970349023503e-01
8.480159506494101551e-01
8.485872169728794212e-01
8.496635620439098036e-01
8.512259943604875145e-01
8.532534828187391396e-01
8.557229857367698589e-01
8.586096592909897574e-01
8.618870627408303786e-01
8.655272191101834878e-01
8.695007440693754974e-01
8.737771016073079267e-01
8.783248203881903748e-01
8.831116115490741381e-01
8.881045796853747065e-01
8.932705011137456186e-01
8.985760290963342722e-01
9.039878494281041732e-01
9.094729466419045893e-01
9.149988777848239163e-01
9.205339415922526580e-01
9.260473553139580982e-01
9.315095082087667677e-01
9.368921710909485778e-01
9.421686143602854280e-01
9.473137689301803777e-01
9.523043904233218226e-01
9.571191447307478839e-01
9.617386467454306365e-01
9.661455283340242284e-01
9.703244548435967509e-01
9.742620527471259617e-01
9.779468303050014022e-01
9.813690691024608004e-01
9.845206518818903074e-01
9.873948461430598345e-01
9.899860708305304735e-01
9.922896216248566770e-01
9.943013572527473753e-01
9.960173765696308523e-01
9.974336840646145230e-01
9.985458504045687800e-01
9.993486851329409504e-01
9.997544590955291799e-01
1.000000000000000000e+00
