1.000000000000000000e+00
1.000000000000000000e+00
1.000000000000000000e+00
1.000000000000000000e+00
1.000000000000000000e+00
1.000000000000000000e+00
1.000000000000000000e+00
9.999999999998742117e-01
9.999999999987873034e-01
9.999999999891584501e-01
9.999999999240390958e-01
9.999999995630148852e-01
9.999999978647589050e-01
9.999999909043125745e-01
9.999999655349206540e-01
9.999998819756408253e-01
9.999996300680759065e-01
9.999989277811557331e-01
9.999971020457451010e-01
9.999926458268338925e-01
9.999823772719957926e-01
9.999599378542836092e-01
9.999132690024660208e-01
9.998206331059102947e-01
9.996447558426410085e-01
9.993248928916241836e-01
9.987672023663698440e-01
9.978347548962257507e-01
9.963398035664782215e-01
9.940423739402626246e-01
9.906612585465933707e-01
9.859028251701532630e-01
9.795066725076531089e-01
9.712978917583823257e-01
9.612385286076988722e-01
9.494735311344815187e-01
9.363391876919130441e-01
9.223023792543854071e-01
9.078241959365747071e-01
8.932901920714092503e-01
8.790269573653068935e-01
8.652366381456862987e-01
8.518842348203018444e-01
8.387008301957290524e-01
8.254363582859364223e-01
8.120243301427956251e-01
7.984880752679143212e-01
7.847307784852002310e-01
7.707512189044188888e-01
7.569940899412800350e-01
7.441570556293534144e-01
7.328867051258520782e-01
7.236534203313610414e-01
7.169976579936045979e-01
7.136020924814011623e-01
7.140118505324117848e-01
7.184014698644261010e-01
7.267249698000033398e-01
7.389627040915953682e-01
7.550214778574788621e-01
7.746089811939133041e-01
7.972320232620139224e-01
8.223805266582081552e-01
8.496194402319394712e-01
8.785066824036307231e-01
9.085430662270949087e-01
9.392424281266427144e-01
9.702192008870524909e-01
1.001157260483425793e+00
1.031763570469989677e+00
1.061757008108140221e+00
1.090910537395217705e+00
1.119065772314384422e+00
1.146097240581608112e+00
1.171887514501607885e+00
1.196339851911286889e+00
1.219397023493833832e+00
1.241026801217260278e+00
1.261204790279258470e+00
1.279909714763688866e+00
1.297134734629209030e+00
1.312861761820044659e+00
1.327083439995817349e+00
1.339830514768513003e+00
1.351273682146833854e+00
1.361937445201726549e+00
1.372161523325709620e+00
1.381696579191375118e+00
1.390330826661203556e+00
1.397874416555799693e+00
1.404141341085636707e+00
1.409153898406956484e+00
1.412952924700723756e+00
1.415578549809087816e+00
1.417072703375387377e+00
1.417476734710886088e+00
1.416829544569895960e+00
1.415168605115114664e+00
1.412532010139509131e+00
1.408957917810661709e+00
1.404483205740273410e+00
1.399143284830617340e+00
1.392973538614570295e+00
1.386009815832124570e+00
1.378287443528638523e+00
1.369840502707166063e+00
1.360702864922695987e+00
1.350909124332192457e+00
1.340493855688048130e+00
1.329490988919371564e+00
1.317934258123329094e+00
1.305857967144352427e+00
1.293296744573716017e+00
1.280285046113998959e+00
1.266857219183911143e+00
1.253048081966183558e+00
1.238892987605172191e+00
1.224427410303422503e+00
1.209686791129669370e+00
1.194706983814073142e+00
1.179524473303417365e+00
1.164176010769313319e+00
1.148698325205001369e+00
1.133128455590795891e+00
1.117504026618026503e+00
1.101862906346180226e+00
1.086242885340495734e+00
1.070681867094777528e+00
1.055218101308027512e+00
1.039889900164440606e+00
1.024735312235104612e+00
1.009792173075072963e+00
9.950982560634111795e-01
9.806910374531641050e-01
9.666073558339156602e-01
9.528833653179329399e-01
9.395546209469712862e-01
9.266558616775817381e-01
9.142206556782930260e-01
9.022812838815879033e-01
8.908687670934356539e-01
8.800126528350430410e-01
8.697406604388696616e-01
8.600785433078703690e-01
8.510500984000911595e-01
8.426769677827995464e-01
8.349783070268991247e-01
8.279706679323581842e-01
8.216680210647133720e-01
8.160815882117812281e-01
8.112195646896952494e-01
8.070870681793664847e-01
8.036862094155176051e-01
8.010159752820874557e-01
7.990720340130883503e-01
7.978467792565753225e-01
7.973294633060274972e-01
7.975061423445501951e-01
7.983595869761922481e-01
7.998694512220890784e-01
8.020124885800871128e-01
8.047625646234527474e-01
8.080906866190838977e-01
8.119652915613138067e-01
8.163525309140340358e-01
8.212163488134570644e-01
8.265186584361086108e-01
8.322197007566557447e-01
8.382783468552117423e-01
8.446522581444370070e-01
8.512981799810203087e-01
8.581723314225698784e-01
8.652306890775177672e-01
8.724291985600349797e-01
8.797241444184780157e-01
8.870725303232166459e-01
8.944323080280947025e-01
9.017626170654096107e-01
9.090241350638248452e-01
9.161793652344648597e-01
9.231927928173211395e-01
9.300311047981277834e-01
9.366634162843424649e-01
9.430613858691845319e-01
9.491992663175680134e-01
9.550540007967220912e-01
9.606052485782696770e-01
9.658352864854634623e-01
9.707289044694541458e-01
9.752732634411992452e-01
9.794576653481315009e-01
9.832732633960468149e-01
9.867127515284472850e-01
9.897699972812382674e-01
9.924396208290144905e-01
9.947165624196562250e-01
9.965956338779266011e-01
9.980710627094007137e-01
9.991360524369375939e-01
9.996743165943502429e-01
1.000000000000000000e+00
