1.000000000000000000e+00
1.000000000000000000e+00
1.000000000000000000e+00
1.000000000000000000e+00
1.000000000000000000e+00
1.000000000000000000e+00
1.000000000000000000e+00
9.999999999999561462e-01
9.999999999994680921e-01
9.999999999951839635e-01
9.999999999657839256e-01
9.999999998002103707e-01
9.999999990077909073e-01
9.999999956980847315e-01
9.999999833834671836e-01
9.999999418995315636e-01
9.999998137310852631e-01
9.999994467360089345e-01
9.999984645031344543e-01
9.999959900789914258e-01
9.999900890861225244e-01
9.999767047783856277e-01
9.999477230620114065e-01
9.998876326685861571e-01
9.997680613750385969e-01
9.995393522658683194e-01
9.991184428471391321e-01
9.983728430800224984e-01
9.971017563796393812e-01
9.950175621280376026e-01
9.917339923763248688e-01
9.867701448278441978e-01
9.795798729398363935e-01
9.696123201043833628e-01
9.564022832140555153e-01
9.396777898445565214e-01
9.194566269598272168e-01
8.960992503213707217e-01
8.702962572586993018e-01
8.430080413247159621e-01
8.153725068062387393e-01
7.885783457302866228e-01
7.637346914402148856e-01
7.417809140804060286e-01
7.234654760585093047e-01
7.093403338099654176e-01
6.997390420929080479e-01
6.947546540785070057e-01
6.942953808566888485e-01
6.981680767609802496e-01
7.060817901402892671e-01
7.176374386776240843e-01
7.323458886209193164e-01
7.497000230862067571e-01
7.692166348439587464e-01
7.904214963108889824e-01
8.128362987223632929e-01
8.360146103294618936e-01
8.595845835692865755e-01
8.832356611104690280e-01
9.066971788762786533e-01
9.297314349608044592e-01
9.521517418193771176e-01
9.738266277550767791e-01
9.946589293834536827e-01
1.014569918905079859e+00
1.033502453830250856e+00
1.051428329564927155e+00
1.068339034187014480e+00
1.084234947982728681e+00
1.099120726441544127e+00
1.113010058673943092e+00
1.125926814559029099e+00
1.137898464108109575e+00
1.148951375729320157e+00
1.159112624978268391e+00
1.168413140531837424e+00
1.176885331217806918e+00
1.184560221603338848e+00
1.191466744400345501e+00
1.197633924314342124e+00
1.203063318682531690e+00
1.207760405209946875e+00
1.211768783860700527e+00
1.215267589189990893e+00
1.218779980910582372e+00
1.222516560623646553e+00
1.225989943064930365e+00
1.228886087582684583e+00
1.231234575180348401e+00
1.233063794095188070e+00
1.234400455478902758e+00
1.235269321131293285e+00
1.235693917146174270e+00
1.235697125614069414e+00
1.235300830208991396e+00
1.234525645005407846e+00
1.233391184076479075e+00
1.231916518523844983e+00
1.230120126642984202e+00
1.228019686723047066e+00
1.225632085162330576e+00
1.222973727816058398e+00
1.220060665238935194e+00
1.216908433004102230e+00
1.213531939823254913e+00
1.209945683971243469e+00
1.206163945383867730e+00
1.202200660476647531e+00
1.198069318641954206e+00
1.193783056736668069e+00
1.189354808989599332e+00
1.184797267872305770e+00
1.180122798659725136e+00
1.175343456368610262e+00
1.170471094159092784e+00
1.165517376709245712e+00
1.160493707625352311e+00
1.155411204080444731e+00
1.150280776969529573e+00
1.145113169552426369e+00
1.139918893689476187e+00
1.134708181096206747e+00
1.129491041820646302e+00
1.124277312200852919e+00
1.119076597356324587e+00
1.113898219434312331e+00
1.108751252504189599e+00
1.103644564425382057e+00
1.098586773266506889e+00
1.093586198869257453e+00
1.088650877173919618e+00
1.083788591161965131e+00
1.079006840231370612e+00
1.074312794622968470e+00
1.069713297885909409e+00
1.065214890742569587e+00
1.060823788229188658e+00
1.056545837030552493e+00
1.052386510842576284e+00
1.048350928176068564e+00
1.044443833948526024e+00
1.040669560665629767e+00
1.037032022941189346e+00
1.033534733928126670e+00
1.030180790709981586e+00
1.026972840324403391e+00
1.023913077144290362e+00
1.021003259903581206e+00
1.018244700339453246e+00
1.015638235469183304e+00
1.013184231541863545e+00
1.010882604073452429e+00
1.008732809927651131e+00
1.006733827399503900e+00
1.004884168677463219e+00
1.003181903305448985e+00
1.001624654016070037e+00
1.000209586693244113e+00
9.989334349609546582e-01
9.977925300388563734e-01
9.967828015712174583e-01
9.958997801503867153e-01
9.951386345506607611e-01
9.944942079381470235e-01
9.939610256268522903e-01
9.935333161983510575e-01
9.932050574466346760e-01
9.929700148808939808e-01
9.928217614408672009e-01
9.927537158608890078e-01
9.927591946874394502e-01
9.928314507848955417e-01
9.929637029757415467e-01
9.931491879265287315e-01
9.933812143015567919e-01
9.936531974716843463e-01
9.939586965269311403e-01
9.942914669052932419e-01
9.946455052448610612e-01
9.950150772193230297e-01
9.953947542954361127e-01
9.957794516733735612e-01
9.961644515175290815e-01
9.965454175731962572e-01
9.969184158040312882e-01
9.972799254120321422e-01
9.976268329929153245e-01
9.979564256136781442e-01
9.982663785244995092e-01
9.985547308361500951e-01
9.988198529350110766e-01
9.990604109226964846e-01
9.992753233830575788e-01
9.994637109708525147e-01
9.996248445819750916e-01
9.997580916734438716e-01
9.998628620254877974e-01
9.999385562546763140e-01
9.999770247423424019e-01
1.000000000000000000e+00
