1.000000000000000000e+00
1.000000000000000000e+00
1.000000000000000000e+00
1.000000000000000000e+00
1.000000000000000000e+00
1.000000000000000000e+00
1.000000000000000000e+00
9.999999999998692157e-01
9.999999999987152499e-01
9.999999999885330615e-01
9.999999999196886868e-01
9.999999995381398943e-01
9.999999977440086063e-01
9.999999903936971357e-01
9.999999636159193628e-01
9.999998754642523968e-01
9.999996098687892188e-01
9.999988699127619896e-01
9.999969476853747263e-01
9.999922599032401438e-01
9.999814680409890855e-01
9.999579105186757744e-01
9.999089763463528957e-01
9.998119794504264357e-01
9.996281152967885220e-01
9.992943334192487814e-01
9.987135818022503386e-01
9.977448824476935485e-01
9.961960314409817885e-01
9.938231608278534912e-01
9.903434202819774157e-01
9.854661513671213457e-01
9.789410074892459512e-01
9.706116340693026201e-01
9.604669057444483737e-01
9.486851729989893567e-01
9.356383873225073700e-01
9.218235897449276184e-01
9.077159452023114694e-01
8.936956572019996159e-01
8.800691710594285011e-01
8.670036770155464811e-01
8.544110995217758520e-01
8.419550067321323050e-01
8.293225417928083987e-01
8.164009683467365885e-01
8.031775478781391087e-01
7.895152551742827818e-01
7.753828934424283892e-01
7.612290891133159931e-01
7.477773964048177735e-01
7.357032749222355283e-01
7.255020369731742802e-01
7.177533190953171438e-01
7.131991406072270001e-01
7.124448059566379499e-01
7.157081016062577516e-01
7.229776267020043834e-01
7.342745448119021301e-01
7.495428395977429270e-01
7.685119830237595595e-01
7.906927932849896479e-01
8.155733165115008898e-01
8.427166756900391631e-01
8.716728600405089233e-01
9.019253241115317010e-01
9.329667685271595401e-01
9.643936873163205803e-01
9.958736593490564726e-01
1.027096394428555159e+00
1.057762425688533847e+00
1.087628720469683508e+00
1.116524609684734326e+00
1.144313889782962113e+00
1.170868531067023044e+00
1.196082347542423818e+00
1.219891177483497069e+00
1.242257476235788527e+00
1.263152086232860460e+00
1.282549264781012388e+00
1.300438741874519355e+00
1.316800196455623295e+00
1.331624526639139106e+00
1.344940715389915775e+00
1.356918023055942779e+00
1.368080245604990974e+00
1.378766776518623116e+00
1.388728005393733422e+00
1.397751905957443253e+00
1.405681927242032447e+00
1.412329974634619179e+00
1.417686223645327370e+00
1.421791893759586367e+00
1.424687542098410420e+00
1.426415707407443723e+00
1.427018379868273401e+00
1.426535015088109315e+00
1.425003607452722143e+00
1.422462854921664466e+00
1.418951563615326705e+00
1.414507219165458407e+00
1.409165785552188188e+00
1.402963225720632146e+00
1.395936020354992868e+00
1.388120120407085656e+00
1.379550177739717665e+00
1.370260641423016734e+00
1.360286744041529161e+00
1.349663715028220246e+00
1.338426117380103086e+00
1.326608323311683657e+00
1.314245326182220230e+00
1.301372481660923119e+00
1.288024980963607069e+00
1.274237920520017386e+00
1.260046918016055839e+00
1.245488182736051552e+00
1.230598078552900931e+00
1.215412962572118394e+00
1.199969661496334661e+00
1.184305707195609347e+00
1.168458952348295998e+00
1.152467267206711110e+00
1.136368896645231219e+00
1.120202757690884843e+00
1.104008079502736717e+00
1.087824065752116764e+00
1.071690101623109292e+00
1.055646006780443846e+00
1.039731737326001770e+00
1.023987041958666744e+00
1.008451519732514123e+00
9.931647847874897073e-01
9.781662189595399237e-01
9.634946108229734962e-01
9.491881080294150008e-01
9.352843106781976168e-01
9.218200407420916731e-01
9.088309631983055858e-01
8.963514613750103166e-01
8.844146654811956276e-01
8.730522230314549104e-01
8.622939163001325236e-01
8.521675117712833591e-01
8.426987669573581252e-01
8.339112134169983648e-01
8.258257959122347058e-01
8.184607411171275215e-01
8.118315762083270215e-01
8.059509427457489661e-01
8.008282915681308456e-01
7.964698211370575542e-01
7.928785470439536631e-01
7.900541695676519538e-01
7.879928572509412588e-01
7.866872879829591714e-01
7.861267865348974260e-01
7.862972597683641762e-01
7.871810946361497141e-01
7.887573353967537448e-01
7.910019121049387536e-01
7.938876499425031597e-01
7.973842972037181731e-01
8.014588326729886747e-01
8.060757698177265507e-01
8.111972381503296248e-01
8.167831707599589874e-01
8.227916890489068713e-01
8.291794265597413061e-01
8.359016992375986055e-01
8.429128197744294448e-01
8.501665157973934406e-01
8.576162334540257115e-01
8.652153625727658781e-01
8.729176330253684002e-01
8.806775220896917444e-01
8.884504982262821926e-01
8.961932764467317458e-01
9.038641933949991270e-01
9.114235146623210770e-01
9.188336006594246541e-01
9.260591413157778229e-01
9.330673985119551928e-01
9.398283290876825458e-01
9.463146386518073161e-01
9.525018855393033723e-01
9.583685094542857552e-01
9.638957267426515596e-01
9.690674204116163093e-01
9.738699904383628647e-01
9.782921102432046156e-01
9.823244194574981547e-01
9.859591952159465489e-01
9.891899630177444225e-01
9.920110500307283141e-01
9.944171262924155208e-01
9.964027288947102656e-01
9.979617781158955925e-01
9.990871107847136834e-01
9.996558793322456449e-01
1.000000000000000000e+00
