1.000000000000000000e+00
1.000000000000000000e+00
1.000000000000000000e+00
1.000000000000000000e+00
1.000000000000000000e+00
1.000000000000000000e+00
1.000000000000000000e+00
9.999999999999612532e-01
9.999999999995227151e-01
9.999999999956669106e-01
9.999999999691328023e-01
9.999999998192506956e-01
9.999999990996045751e-01
9.999999960834354829e-01
9.999999848195388896e-01
9.999999467261634356e-01
9.999998285437579071e-01
9.999994886569920638e-01
9.999985747769734035e-01
9.999962614110325942e-01
9.999907166832894267e-01
9.999780745906805546e-01
9.999505519935192321e-01
9.998931701265579841e-01
9.997783426551620778e-01
9.995574512972765779e-01
9.991485951033683977e-01
9.984202047892472009e-01
9.971714624440808361e-01
9.951126994853681795e-01
9.918521334437716552e-01
9.868983627432545980e-01
9.796889358951909044e-01
9.696519282300508635e-01
9.562995284140246577e-01
9.393402007980956592e-01
9.187813834167267713e-01
8.949901594327571708e-01
8.686890893085379428e-01
8.408948087343096622e-01
8.128151424999514596e-01
7.857161794255308473e-01
7.607899453539198609e-01
7.390562842492185425e-01
7.213185913691126938e-01
7.081438170115560427e-01
6.998472977673736439e-01
6.964883594267647915e-01
6.979151618216157260e-01
7.038292226324225354e-01
7.138106688471874683e-01
7.273378083737417343e-01
7.438211075592590094e-01
7.626628331294872387e-01
7.832965889226112255e-01
8.051921099493262179e-01
8.278559415487903861e-01
8.508534208684360722e-01
8.738306616037966323e-01
8.965044642167456779e-01
9.186463049082699284e-01
9.400732885433025210e-01
9.606525621237471668e-01
9.802987687905209135e-01
9.989585202457561541e-01
1.016598135098515598e+00
1.033202444949140597e+00
1.048776593422115155e+00
1.063339250661334168e+00
1.076915332128694835e+00
1.089532460261252389e+00
1.101222968277159042e+00
1.112024121689745959e+00
1.121974139537480264e+00
1.131109353404058826e+00
1.139465146085314018e+00
1.147077729250361555e+00
1.153982818985195946e+00
1.160214041055953604e+00
1.165802582701007672e+00
1.170778524623515171e+00
1.175143077888346488e+00
1.178900815669952529e+00
1.182094501292408006e+00
1.184902066894490735e+00
1.187844561321057979e+00
1.191012226612251146e+00
1.193925017129445543e+00
1.196382501718779245e+00
1.198410402573019784e+00
1.200033018218636949e+00
1.201273014909241876e+00
1.202151332732982025e+00
1.202687662426304760e+00
1.202900844488752341e+00
1.202808707260411003e+00
1.202427948302215333e+00
1.201774328742621911e+00
1.200862973787117483e+00
1.199708372011109248e+00
1.198324279101983469e+00
1.196723745360486868e+00
1.194919318822371235e+00
1.192923136923570882e+00
1.190746849074151292e+00
1.188401565794402481e+00
1.185897998909531070e+00
1.183246586073577911e+00
1.180457428191991509e+00
1.177540238744964274e+00
1.174504408136534561e+00
1.171359099572542917e+00
1.168113233674217710e+00
1.164775445574994350e+00
1.161354101328371913e+00
1.157857367116378988e+00
1.154293222581337375e+00
1.150669423806694347e+00
1.146993493582423307e+00
1.143272772677973892e+00
1.139514446674495085e+00
1.135725513178107215e+00
1.131912757695874072e+00
1.128082791415716546e+00
1.124242082670440901e+00
1.120396927293041411e+00
1.116553422313705024e+00
1.112717489531329651e+00
1.108894902937739069e+00
1.105091266826421892e+00
1.101311991123251399e+00
1.097562302707551174e+00
1.093847266136397156e+00
1.090171768949442566e+00
1.086540498391239229e+00
1.082957945556126678e+00
1.079428421631621227e+00
1.075956047320430153e+00
1.072544730896576093e+00
1.069198167847618341e+00
1.065919853142991647e+00
1.062713072733152853e+00
1.059580883330555778e+00
1.056526110993941225e+00
1.053551361958833255e+00
1.050659015666039364e+00
1.047851206653504397e+00
1.045129824025186727e+00
1.042496521812013910e+00
1.039952713056233380e+00
1.037499554452071315e+00
1.035137948657924634e+00
1.032868555439689473e+00
1.030691786807483190e+00
1.028607795177624462e+00
1.026616479545948923e+00
1.024717497611790762e+00
1.022910262123106095e+00
1.021193933716212143e+00
1.019567433007684709e+00
1.018029455432957642e+00
1.016578469586213229e+00
1.015212716347836608e+00
1.013930227329721934e+00
1.012728842597047541e+00
1.011606212306976449e+00
1.010559805751559681e+00
1.009586934244371959e+00
1.008684769790548774e+00
1.007850353219271744e+00
1.007080612793316510e+00
1.006372390530051453e+00
1.005722461058571549e+00
1.005127545663772937e+00
1.004584338989234826e+00
1.004089537262585541e+00
1.003639855939971959e+00
1.003232049008818461e+00
1.002862937465270443e+00
1.002529433932510594e+00
1.002228558310914286e+00
1.001957459053356425e+00
1.001713435799998830e+00
1.001493954536575304e+00
1.001296658750326474e+00
1.001119384837928505e+00
1.000960173053673241e+00
1.000817269972345880e+00
1.000689131334195459e+00
1.000574422876248537e+00
1.000472015398472303e+00
1.000380976141979072e+00
1.000300559382651500e+00
1.000230193520770916e+00
1.000169464830166666e+00
1.000118100957229528e+00
1.000075953764264503e+00
1.000042982056849050e+00
1.000019235848884414e+00
1.000007475057077544e+00
1.000000000000000000e+00
