1.000000000000000000e+00
1.000000000000000000e+00
1.000000000000000000e+00
1.000000000000000000e+00
1.000000000000000000e+00
1.000000000000000000e+00
1.000000000000000000e+00
9.999999999998897549e-01
9.999999999989607202e-01
9.999999999906519221e-01
9.999999999344514334e-01
9.999999996224981924e-01
9.999999981531556559e-01
9.999999921221516264e-01
9.999999701046657918e-01
9.999998974540454943e-01
9.999996779891014986e-01
9.999990647603405058e-01
9.999974664959273563e-01
9.999935543486156986e-01
9.999845105775716503e-01
9.999646761860169208e-01
9.999232569441535157e-01
9.998406625481751631e-01
9.996830338505913183e-01
9.993946731201009959e-01
9.988885625299506188e-01
9.980359839196258909e-01
9.966574544512157852e-01
9.945186502309936172e-01
9.913370677739716808e-01
9.868050642556481789e-01
9.806299109590195240e-01
9.725835742411483853e-01
9.625562719723657068e-01
9.506084358995863237e-01
9.369915048504932065e-01
9.221074981397593406e-01
9.063989833035563937e-01
8.902864206729977914e-01
8.741709272438887846e-01
8.583661727811081610e-01
8.429913925281405929e-01
8.279632888725945161e-01
8.131992418726379235e-01
7.987515696003676391e-01
7.847296767329640099e-01
7.711266263530448528e-01
7.579995853447277776e-01
7.457616467242315084e-01
7.350204080017604946e-01
7.263233788563124849e-01
7.200520576589745092e-01
7.166243378030212607e-01
7.165535605204558234e-01
7.202186706698274765e-01
7.276763623099882228e-01
7.387906063629726683e-01
7.534418962172509948e-01
7.714510590575247573e-01
7.924816405208922054e-01
8.160425769587927869e-01
8.416413802529355559e-01
8.688602989855599423e-01
8.972887724802521836e-01
9.264811454915842237e-01
9.560125868162409057e-01
9.855493487732792657e-01
1.014821569060456063e+00
1.043583547547067614e+00
1.071603124470587032e+00
1.098695494163597353e+00
1.124734531292490125e+00
1.149622598496239378e+00
1.173269374347544858e+00
1.195602026513753469e+00
1.216580720510432645e+00
1.236186410256636004e+00
1.254406388177399911e+00
1.271230259686667807e+00
1.286659415564759934e+00
1.300680956779996844e+00
1.313291478217128327e+00
1.324525727297815036e+00
1.334557585303871807e+00
1.343912903559471461e+00
1.352931790886249930e+00
1.361365174675135181e+00
1.368931502319381988e+00
1.375422762144178579e+00
1.380721684682794326e+00
1.384871230417788146e+00
1.387910915418007374e+00
1.389879447729810202e+00
1.390816879187828370e+00
1.390762607082897562e+00
1.389753805870478809e+00
1.387826309069130293e+00
1.385016364578897763e+00
1.381360173606351882e+00
1.376892758845162490e+00
1.371647815540315118e+00
1.365658941355456291e+00
1.358960060665072911e+00
1.351584591811512803e+00
1.343564837088987662e+00
1.334932865458649864e+00
1.325721304810747458e+00
1.315962713689722507e+00
1.305689052199015210e+00
1.294932062196852529e+00
1.283723913894520674e+00
1.272096996064627339e+00
1.260083492766050695e+00
1.247715434979860705e+00
1.235025185334043263e+00
1.222045487037173306e+00
1.208809109502122503e+00
1.195348713078311143e+00
1.181697217851341186e+00
1.167887980066094844e+00
1.153954477835246406e+00
1.139930061940684025e+00
1.125848226546346309e+00
1.111742831645079921e+00
1.097647807879861714e+00
1.083596880524879236e+00
1.069623720560759494e+00
1.055762131048017638e+00
1.042045802693903234e+00
1.028508035627869521e+00
1.015181775162439681e+00
1.002099731029286511e+00
9.892941771670270557e-01
9.767966658065753149e-01
9.646379860330863698e-01
9.528482324529785608e-01
9.414566252214615627e-01
9.304912185443945383e-01
9.199788072079870815e-01
9.099449523832039421e-01
9.004138112676403072e-01
8.914078523627033679e-01
8.829477505037511831e-01
8.750524035022561042e-01
8.677387797353408594e-01
8.610216584444954080e-01
8.549135461356139887e-01
8.494247074663118235e-01
8.445630417155217673e-01
8.403338703415366151e-01
8.367399089797612488e-01
8.337813381134679958e-01
8.314557211725136510e-01
8.297578593748019538e-01
8.286798395446817178e-01
8.282111532122993225e-01
8.283386628160901433e-01
8.290465392485285578e-01
8.303164072436757248e-01
8.321275277045999674e-01
8.344568150331561629e-01
8.372788676031794886e-01
8.405662057270049115e-01
8.442895062879555157e-01
8.484176706687073244e-01
8.529179715013452956e-01
8.577563459420733949e-01
8.628976434808592888e-01
8.683057596771718289e-01
8.739438773656861281e-01
8.797747853879676061e-01
8.857611125878482872e-01
8.918655040788103783e-01
8.980509251355778266e-01
9.042809736004479015e-01
9.105200711032380712e-01
9.167336630042384193e-01
9.228885070261345636e-01
9.289529111675497441e-01
9.348968659817702420e-01
9.406922268868203041e-01
9.463129008184865132e-01
9.517349425968856247e-01
9.569365979529418365e-01
9.618983813834823815e-01
9.666030955531114133e-01
9.710357490359159405e-01
9.751834672235818458e-01
9.790353707993433297e-01
9.825823817234782265e-01
9.858169792059340297e-01
9.887329371890063445e-01
9.913250148395446049e-01
9.935886026453505382e-01
9.955193583288733938e-01
9.971128295817557330e-01
9.983640709751608888e-01
9.992672745370632104e-01
9.997237678596051502e-01
1.000000000000000000e+00
