1.000000000000000000e+00
1.000000000000000000e+00
1.000000000000000000e+00
1.000000000000000000e+00
1.000000000000000000e+00
1.000000000000000000e+00
1.000000000000000000e+00
9.999999999998758771e-01
9.999999999988089527e-01
9.999999999893478542e-01
9.999999999253563754e-01
9.999999995705467493e-01
9.999999979013062257e-01
9.999999910587883400e-01
9.999999661151688368e-01
9.999998839433277276e-01
9.999996361680754120e-01
9.999989452437452186e-01
9.999971485863838883e-01
9.999927620721178467e-01
9.999826508394855651e-01
9.999605470530765761e-01
9.999145569985624649e-01
9.998232251127199266e-01
9.996497300215622106e-01
9.993340057565034407e-01
9.987831461383334108e-01
9.978613850715493117e-01
9.963822232159522674e-01
9.941067091382905785e-01
9.907539101930105119e-01
9.860289996659037381e-01
9.796681785623364558e-01
9.714905463872337554e-01
9.614496974134778551e-01
9.496802666295072193e-01
9.365077606939259391e-01
9.223902363518112768e-01
9.077851662824607537e-01
8.930806678820925049e-01
8.786105557971262137e-01
8.645887545874828550e-01
8.509975033726677740e-01
8.375893611673237427e-01
8.241340145663794692e-01
8.105793317990990232e-01
7.969595612499490445e-01
7.831898026765953258e-01
7.692773547490564523e-01
7.556647859705434289e-01
7.430407326161376780e-01
7.320417694253514851e-01
7.231294828708862976e-01
7.168312275245581899e-01
7.138105220837406284e-01
7.145932965384412805e-01
7.193403477825397463e-01
7.279948801040859729e-01
7.405247671697676726e-01
7.568256630249539096e-01
7.765989916076770916e-01
7.993508468441429260e-01
8.245722850322843023e-01
8.518293719668370567e-01
8.806829779286617921e-01
9.106397002128147067e-01
9.412202495874010255e-01
9.720448839468902591e-01
1.002802735469384032e+00
1.033206259223267365e+00
1.062980109814610108e+00
1.091902268193666981e+00
1.119818193013849994e+00
1.146605755066189003e+00
1.172150811670273463e+00
1.196359536138915658e+00
1.219176832164009960e+00
1.240572100383476428e+00
1.260522399544492078e+00
1.279007813405200311e+00
1.296022540417726354e+00
1.311549161049136769e+00
1.325580836904004300e+00
1.338148837217844500e+00
1.349424281257517233e+00
1.359931870850560331e+00
1.370011406824822586e+00
1.379413617452985186e+00
1.387926772593996771e+00
1.395350378777641120e+00
1.401499090178400353e+00
1.406405454897799778e+00
1.410110173013581880e+00
1.412653225543033297e+00
1.414076337736552169e+00
1.414420645304342194e+00
1.413724862589263997e+00
1.412026285887696631e+00
1.409362808057201155e+00
1.405772372995489183e+00
1.401291656583889100e+00
1.395955885113392636e+00
1.389800249351759165e+00
1.382860388929787465e+00
1.375171424160831712e+00
1.366767245593279334e+00
1.357681532040636130e+00
1.347948665762271903e+00
1.337603004263892004e+00
1.326678266580231691e+00
1.315207973968063992e+00
1.303226201093517611e+00
1.290767335301743257e+00
1.277865587992982332e+00
1.264555057648580005e+00
1.250870297417630006e+00
1.236846377420691256e+00
1.222518478017016630e+00
1.207921737850173427e+00
1.193091690212079836e+00
1.178064476376335046e+00
1.162876486651194252e+00
1.147564076620457563e+00
1.132163891684612400e+00
1.116713136127694961e+00
1.101249236332072945e+00
1.085809525190925662e+00
1.070431427521432388e+00
1.055152687385566557e+00
1.040011088923157745e+00
1.025044135860894601e+00
1.010289100042377042e+00
9.957831681362621090e-01
9.815632106735533435e-01
9.676654479498294492e-01
9.541254036215305323e-01
9.409779878119469698e-01
9.282572844132443990e-01
9.159962039471659656e-01
9.042263697606496287e-01
8.929781448112363851e-01
8.822804236479387940e-01
8.721602860678298041e-01
8.626428633615975672e-01
8.537513486548209407e-01
8.455068041622635366e-01
8.379278385324195888e-01
8.310304938349400983e-01
8.248282692553740025e-01
8.193319591658254630e-01
8.145493837214695665e-01
8.104853407936554177e-01
8.071416768957626608e-01
8.045171748881184692e-01
8.026073656316122795e-01
8.014045728035091853e-01
8.008980446538012110e-01
8.010739021472764732e-01
8.019150531500448542e-01
8.034013587570740800e-01
8.055098454055995560e-01
8.082147183178973737e-01
8.114873914698546020e-01
8.152967695946253812e-01
8.196095268718908144e-01
8.243901840460415853e-01
8.296012812791964119e-01
8.352037288930099779e-01
8.411571030239607394e-01
8.474198026978363441e-01
8.539493370380458748e-01
8.607027062816260399e-01
8.676366795365911821e-01
8.747080019801585227e-01
8.818737566620519219e-01
8.890917363447978783e-01
8.963206678788966375e-01
9.035204470541347010e-01
9.106524813154218689e-01
9.176799711538994320e-01
9.245680636292792354e-01
9.312840674839484301e-01
9.377976746026158716e-01
9.440810730321590460e-01
9.501089967143847570e-01
9.558588193840700242e-01
9.613105794143216309e-01
9.664468832002426346e-01
9.712528025076406779e-01
9.757157346993710068e-01
9.798251770782465675e-01
9.835724425683006755e-01
9.869503548975565588e-01
9.899528883314163696e-01
9.925747547516859948e-01
9.948109792838999432e-01
9.966564603289562729e-01
9.981055223932375764e-01
9.991514848410190108e-01
9.996801310393872431e-01
1.000000000000000000e+00
