1.000000000000000000e+00
1.000000000000000000e+00
1.000000000000000000e+00
1.000000000000000000e+00
1.000000000000000000e+00
1.000000000000000000e+00
1.000000000000000000e+00
9.999999999999014122e-01
9.999999999990619726e-01
9.999999999915382132e-01
9.999999999406100626e-01
9.999999996576206529e-01
9.999999983231185885e-01
9.999999928383506154e-01
9.999999727856737630e-01
9.999999065105275031e-01
9.999997059421734669e-01
9.999991443843057048e-01
9.999976775022161313e-01
9.999940779506827360e-01
9.999857335495486721e-01
9.999673758383489375e-01
9.999289064628404944e-01
9.998518950699458729e-01
9.997042809715634970e-01
9.994329281091954842e-01
9.989540869618015462e-01
9.981425755996388149e-01
9.968216554850644062e-01
9.947570768050257861e-01
9.916609181131778028e-01
9.872111272427818163e-01
9.810885334572837513e-01
9.730259865238227723e-01
9.628645479099374738e-01
9.506107434550647994e-01
9.364664648790061996e-01
9.208020857662035930e-01
9.040628932227214865e-01
8.867097839963308248e-01
8.692114134712062290e-01
8.519721669932320829e-01
8.352266222542471530e-01
8.190225356303380000e-01
8.033914262331116607e-01
7.884628277805328933e-01
7.743964073316637053e-01
7.612321399891386342e-01
7.490490711405922708e-01
7.382209316008155886e-01
7.292761034273231857e-01
7.226760604932872534e-01
7.187233365752255798e-01
7.177377885404264690e-01
7.201088978339894586e-01
7.260986475654730432e-01
7.356826256067531267e-01
7.486664945105303559e-01
7.648710343026289271e-01
7.840698890799260301e-01
8.059082265417977231e-01
8.299069285619692371e-01
8.555954896636857043e-01
8.825775635371321259e-01
9.104719225461647136e-01
9.388747336979836877e-01
9.674065193249173911e-01
9.957716449919392643e-01
1.023733696618895905e+00
1.051080066308530681e+00
1.077611861349252909e+00
1.103172634214202308e+00
1.127657805615382092e+00
1.150988075983112813e+00
1.173090693861988498e+00
1.193908150714533267e+00
1.213411642663505319e+00
1.231590360577211163e+00
1.248438803755260063e+00
1.263953222687151712e+00
1.278139931613367919e+00
1.290988992558615767e+00
1.302499161473769540e+00
1.312707381589741207e+00
1.321789211600916891e+00
1.330271004073227292e+00
1.338492755040020965e+00
1.346205202400287515e+00
1.353060645894321068e+00
1.358855329078426877e+00
1.363535378936200360e+00
1.367142338094931908e+00
1.369714535943797218e+00
1.371289437977873504e+00
1.371905565693023910e+00
1.371600744337206246e+00
1.370410728095150521e+00
1.368369990906639133e+00
1.365513288648719570e+00
1.361875259296499552e+00
1.357489428597062009e+00
1.352388084307521776e+00
1.346603368780967536e+00
1.340167657936701007e+00
1.333112828032267272e+00
1.325469719281752390e+00
1.317268917841474707e+00
1.308541456666699521e+00
1.299318260799498637e+00
1.289629680508641574e+00
1.279505826546647462e+00
1.268977139421811229e+00
1.258074202543837394e+00
1.246827367312714596e+00
1.235266796583187610e+00
1.223422888740354653e+00
1.211326317398207841e+00
1.199007716264981704e+00
1.186497556926580765e+00
1.173826468999603412e+00
1.161025390671686530e+00
1.148125288508167419e+00
1.135156934961623731e+00
1.122151141286880316e+00
1.109138947717843715e+00
1.096151360626674842e+00
1.083219107318475372e+00
1.070372764193553206e+00
1.057642915594717126e+00
1.045059936973124382e+00
1.032653749632394646e+00
1.020453849563991877e+00
1.008489409186459129e+00
9.967891017273513565e-01
9.853808522865770136e-01
9.742918020651801791e-01
9.635483686455920127e-01
9.531760913858909889e-01
9.431993814061456760e-01
9.336414439821567601e-01
9.245243047199455111e-01
9.158686668973213818e-01
9.076936711085463738e-01
9.000168108579617021e-01
8.928539534543187273e-01
8.862192157022517058e-01
8.801247479177833899e-01
8.745806698962648174e-01
8.695951053719764845e-01
8.651740838470586281e-01
8.613213662851548769e-01
8.580384289965304889e-01
8.553245317624429411e-01
8.531766548291803698e-01
8.515893814876984713e-01
8.505549453871971144e-01
8.500633381935611688e-01
8.501022859072545623e-01
8.506572002524328546e-01
8.517113070531943109e-01
8.532458055230499605e-01
8.552398861856143064e-01
8.576707596788275545e-01
8.605138621703950497e-01
8.637430575798547006e-01
8.673306974761014754e-01
8.712477481173107607e-01
8.754640423133600580e-01
8.799484925895005860e-01
8.846692073408521928e-01
8.895936987495218773e-01
8.946891569565113000e-01
8.999226523622088081e-01
9.052612890965410219e-01
9.106724674096562389e-01
9.161241535399399227e-01
9.215850466346344749e-01
9.270247532168556237e-01
9.324140371248829107e-01
9.377250261823454336e-01
9.429313287653929843e-01
9.480081925635085449e-01
9.529326665094749460e-01
9.576836852448951110e-01
9.622421074219080772e-01
9.665907826994983854e-01
9.707145679867321686e-01
9.746002561169188061e-01
9.782364975397412898e-01
9.816136932366118506e-01
9.847238248234913005e-01
9.875602410141628429e-01
9.901174273429311778e-01
9.923907350617969803e-01
9.943760716068189565e-01
9.960695819395950501e-01
9.974673184746855048e-01
9.985649061320889253e-01
9.993572193893022204e-01
9.997576769196367952e-01
1.000000000000000000e+00
