1.000000000000000000e+00
1.000000000000000000e+00
1.000000000000000000e+00
1.000000000000000000e+00
1.000000000000000000e+00
1.000000000000000000e+00
1.000000000000000000e+00
9.999999999998830935e-01
9.999999999988928856e-01
9.999999999900718306e-01
9.999999999304026721e-01
9.999999995993800184e-01
9.999999980411398148e-01
9.999999916494610730e-01
9.999999683323571587e-01
9.999998914562676644e-01
9.999996594385620607e-01
9.999990117949439927e-01
9.999973257572396523e-01
9.999932040277745848e-01
9.999836893933589099e-01
9.999628558525119892e-01
9.999194287483951227e-01
9.998330065794015509e-01
9.996684500746066959e-01
9.993681906397865466e-01
9.988427230195813245e-01
9.979604218894854162e-01
9.965390550827907257e-01
9.943428095179329684e-01
9.910906940866615056e-01
9.864818425052709339e-01
9.802376872122888773e-01
9.721525273948219414e-01
9.621459697555938551e-01
9.503121771173659305e-01
9.369354661394038164e-01
9.224416461936165712e-01
9.072775467271415595e-01
8.918457835407158640e-01
8.765134190173539119e-01
8.615453933601248115e-01
8.469957365666495042e-01
8.327043566898342242e-01
8.185202349066655891e-01
8.044479560663579942e-01
7.905635448615324634e-01
7.768263971271969215e-01
7.632736214813956588e-01
7.503349595198530730e-01
7.386585310405338056e-01
7.288362166434164680e-01
7.212897385982602882e-01
7.164901831231530460e-01
7.150219332234794001e-01
7.173327145483570089e-01
7.235276691001362170e-01
7.335070414605239231e-01
7.471904457684853673e-01
7.644314622756025468e-01
7.849092010356810700e-01
8.081294888032092283e-01
8.335904851004884986e-01
8.608652581709979046e-01
8.895286263928319226e-01
9.191118657034562656e-01
9.491642794971778541e-01
9.793303077316867222e-01
1.009320742930198245e+00
1.038870346307107839e+00
1.067726966801343602e+00
1.095688632962113385e+00
1.122616133467541077e+00
1.148400598257238059e+00
1.172940833276891581e+00
1.196154455744212752e+00
1.217994710076830911e+00
1.238437333097570203e+00
1.257465013340600457e+00
1.275063084213100106e+00
1.291229727962430740e+00
1.305950054428131279e+00
1.319219162792009348e+00
1.331070283589162351e+00
1.341676105756463233e+00
1.351562021195572560e+00
1.361068061623999403e+00
1.369945125914794781e+00
1.377950181804608931e+00
1.384872684981685476e+00
1.390558300674761272e+00
1.395050720891818141e+00
1.398390055408452515e+00
1.400615644915643943e+00
1.401768355342484451e+00
1.401888426667855958e+00
1.401013784508626125e+00
1.399180977695306360e+00
1.396427052260282187e+00
1.392789052014564710e+00
1.388302801388644703e+00
1.383002741766691690e+00
1.376923245684884112e+00
1.370099068741248427e+00
1.362564455119438911e+00
1.354352481826743837e+00
1.345496003349959668e+00
1.336028500171059008e+00
1.325983404928592124e+00
1.315393534750114002e+00
1.304291499138019006e+00
1.292710394360578885e+00
1.280683579540271344e+00
1.268244223544112925e+00
1.255425361800027950e+00
1.242260418782396458e+00
1.228783262958693001e+00
1.215027828424834144e+00
1.201027971907906000e+00
1.186817872211264335e+00
1.172432223261257844e+00
1.157905899238489633e+00
1.143273689396914872e+00
1.128570593011847700e+00
1.113832062729334549e+00
1.099093690098479570e+00
1.084390911193078066e+00
1.069759172914096723e+00
1.055234137553456186e+00
1.040851422126848558e+00
1.026646300505082321e+00
1.012653744517705734e+00
9.989085551861189849e-01
9.854451480824735210e-01
9.722972451106814962e-01
9.594978303811333431e-01
9.470792249945160224e-01
9.350728918443350635e-01
9.235091185762367427e-01
9.124169146108381812e-01
9.018240371264905075e-01
8.917568034590421799e-01
8.822397783895272738e-01
8.732956560980164040e-01
8.649452739444469795e-01
8.572074419011989077e-01
8.500986545774991132e-01
8.436329945513336703e-01
8.378221602640630872e-01
8.326753254930694403e-01
8.281989016219732935e-01
8.243965010183552655e-01
8.212690082627269739e-01
8.188144850446323897e-01
8.170280060828070123e-01
8.159017061065059195e-01
8.154249051545914284e-01
8.155840671716334533e-01
8.163627275679327111e-01
8.177416484975298383e-01
8.196990150205571979e-01
8.222104511300989405e-01
8.252490504222067536e-01
8.287856342120758502e-01
8.327890062939058424e-01
8.372260253364628424e-01
8.420617636656596572e-01
8.472598266102969733e-01
8.527826220515470901e-01
8.585915049039116731e-01
8.646470392141930583e-01
8.709093450733332853e-01
8.773383524880552509e-01
8.838939917743642294e-01
8.905365236579300126e-01
8.972268785655211909e-01
9.039268629536993949e-01
9.105993751368650635e-01
9.172087183770684105e-01
9.237208584851704929e-01
9.301035658049200405e-01
9.363266123716850187e-01
9.423619742692365131e-01
9.481839355230231581e-01
9.537691341437045667e-01
9.590966471156475714e-01
9.641480121165473260e-01
9.689071386373947492e-01
9.733602125481536360e-01
9.774955660505589838e-01
9.813034690673396732e-01
9.847758666716084353e-01
9.879060970574605749e-01
9.906885586729935467e-01
9.931183292119861727e-01
9.951907738199470277e-01
9.969011390212456636e-01
9.982441402063166880e-01
9.992135638163383016e-01
9.997035239697890097e-01
1.000000000000000000e+00
