1.000000000000000000e+00
1.000000000000000000e+00
1.000000000000000000e+00
1.000000000000000000e+00
1.000000000000000000e+00
1.000000000000000000e+00
1.000000000000000000e+00
9.999999999999158451e-01
9.999999999991722177e-01
9.999999999925170968e-01
9.999999999474028511e-01
9.999999996962882776e-01
9.999999985098384503e-01
9.999999936232597531e-01
9.999999757158508640e-01
9.999999163779376143e-01
9.999997362902064424e-01
9.999992304789550035e-01
9.999979045872777750e-01
9.999946383898830060e-01
9.999870342532521938e-01
9.999702256061439032e-01
9.999348170360752297e-01
9.998635206491336413e-01
9.997259839451814178e-01
9.994713700368998976e-01
9.990185794615117354e-01
9.982446891436157488e-01
9.969733232141320123e-01
9.949662533407804821e-01
9.919238062349147178e-01
9.875004397065368922e-01
9.813387450942925305e-01
9.731189134005170382e-01
9.626195771690423397e-01
9.497830557129753881e-01
9.347575331865871640e-01
9.178869860626095445e-01
8.996368441394781978e-01
8.805373136872165496e-01
8.611607605166466950e-01
8.420424256522367479e-01
8.235741323437333339e-01
8.059746996970643673e-01
7.894203435057374207e-01
7.741342657176004671e-01
7.603303718583410697e-01
7.480919097670329920e-01
7.375052642078959719e-01
7.288736729118885371e-01
7.226044394676359728e-01
7.190288371942910040e-01
7.183288325262165985e-01
7.206844364445713635e-01
7.263198339622439770e-01
7.353462296373501905e-01
7.476374282548451378e-01
7.629304410526888125e-01
7.809810726659268676e-01
8.015167353760647151e-01
8.241726690530311039e-01
8.484964614567268582e-01
8.740560695677209724e-01
9.004921567449533093e-01
9.274684977590433865e-01
9.546393655976235237e-01
9.816859881157505852e-01
1.008363514678694672e+00
1.034479559109486857e+00
1.059864037300219275e+00
1.084359909281878975e+00
1.107846095620909965e+00
1.130244790428201584e+00
1.151499245783824898e+00
1.171558039319446021e+00
1.190382096251728639e+00
1.207955770534372641e+00
1.224277956748099472e+00
1.239351542127600014e+00
1.253180438201565661e+00
1.265776521380341801e+00
1.277133036766773033e+00
1.287250947425060410e+00
1.296169440653186067e+00
1.304065693832549666e+00
1.311466257763924448e+00
1.318710581307179996e+00
1.325548759108324148e+00
1.331546414707993176e+00
1.336505212694077738e+00
1.340453925873973162e+00
1.343431947785568514e+00
1.345475749521791720e+00
1.346620878502605922e+00
1.346903594393498160e+00
1.346359414388364151e+00
1.345021972504725438e+00
1.342923698240532593e+00
1.340097142276359676e+00
1.336574650027177791e+00
1.332387533784608280e+00
1.327565974274202976e+00
1.322139945202411626e+00
1.316139536348074568e+00
1.309594340975704485e+00
1.302533008581472140e+00
1.294983903884500354e+00
1.286975696265717506e+00
1.278536894517859457e+00
1.269695455631272285e+00
1.260479065555657252e+00
1.250915614896837225e+00
1.241033040456690273e+00
1.230859009588129993e+00
1.220420954458685481e+00
1.209746423615722266e+00
1.198863111696173434e+00
1.187798593037629136e+00
1.176580216584586225e+00
1.165235368929924631e+00
1.153791595497283495e+00
1.142276363404615358e+00
1.130716873090988450e+00
1.119140248000178861e+00
1.107573688429377201e+00
1.096044249983332275e+00
1.084578637711837379e+00
1.073203309425468488e+00
1.061944604347553778e+00
1.050828561907749314e+00
1.039880718296870121e+00
1.029126129560328895e+00
1.018589455033967361e+00
1.008294813267649914e+00
9.982655789698884341e-01
9.885243558108676165e-01
9.790930285017608314e-01
9.699926395554374636e-01
9.612431891739046108e-01
9.528635769991662396e-01
9.448716291398749911e-01
9.372839880601124829e-01
9.301159237846124972e-01
9.233812727643280205e-01
9.170924626646859146e-01
9.112604194156038728e-01
9.058944003232752840e-01
9.010019506857690486e-01
8.965889400917997909e-01
8.926594911379327479e-01
8.892158465327645311e-01
8.862583638492603777e-01
8.837855777869624285e-01
8.817941560208858442e-01
8.802788107612637969e-01
8.792323425475788712e-01
8.786457319229864504e-01
8.785081246684379730e-01
8.788067964716876901e-01
8.795272593393431704e-01
8.806533922122550262e-01
8.821674574570487204e-01
8.840501257768164090e-01
8.862806425663514176e-01
8.888369913978627634e-01
8.916959431601393371e-01
8.948331590701844585e-01
8.982233938106938265e-01
9.018406677491321854e-01
9.056583616313871321e-01
9.096493851194837887e-01
9.137863987296256374e-01
9.180419785433243662e-01
9.223887421932049913e-01
9.267995624396656584e-01
9.312477870388444767e-01
9.357073764406887983e-01
9.401530477227196814e-01
9.445604790200493595e-01
9.489064792760485423e-01
9.531690857160751706e-01
9.573276947948134996e-01
9.613631952309843465e-01
9.652580384675769620e-01
9.689962714810076427e-01
9.725635917065948988e-01
9.759473604078191533e-01
9.791365449677517097e-01
9.821216545188722336e-01
9.848946514538474695e-01
9.874488116158157691e-01
9.897785485637672354e-01
9.918792235191826734e-01
9.937469218711211250e-01
9.953781983332838923e-01
9.967698143949754730e-01
9.979184664770770485e-01
9.988205102891902776e-01
9.994716951648423553e-01
9.998008476706561343e-01
1.000000000000000000e+00
