1.000000000000000000e+00
1.000000000000000000e+00
1.000000000000000000e+00
1.000000000000000000e+00
1.000000000000000000e+00
1.000000000000000000e+00
1.000000000000000000e+00
9.999999999999397149e-01
9.999999999993393063e-01
9.999999999940449857e-01
9.999999999579511911e-01
9.999999997560939935e-01
9.999999987973107185e-01
9.999999948254060245e-01
9.999999801769535734e-01
9.999999312983726130e-01
9.999997818188373078e-01
9.999993584631746701e-01
9.999982385685949327e-01
9.999954523087554170e-01
9.999888950505025909e-01
9.999742291799690319e-01
9.999429380616813301e-01
9.998790569164657249e-01
9.997539790004557059e-01
9.995187059163880283e-01
9.990931128638245173e-01
9.983523876865236790e-01
9.971119631083219526e-01
9.951140990429127031e-01
9.920219195367029341e-01
9.874285021074979962e-01
9.808873630926548959e-01
9.719658646278981351e-01
9.603190413116529101e-01
9.457743537852991711e-01
9.284002311558177123e-01
9.085282064697286497e-01
8.867119090780840596e-01
8.636709197645338065e-01
8.402351855315794982e-01
8.172449791675904240e-01
7.954358650841159006e-01
7.753805690200007428e-01
7.575427377455975497e-01
7.423190223330232707e-01
7.300021832354047779e-01
7.207115812887546769e-01
7.144845489010464012e-01
7.114188754180816865e-01
7.116156190111933011e-01
7.150815595115666001e-01
7.216977373314695798e-01
7.313224051969543504e-01
7.438318589028166672e-01
7.590375187803730661e-01
7.766222220762238893e-01
7.962099338906704071e-01
8.174652285612039604e-01
8.400677558844499293e-01
8.636742425577643711e-01
8.879192974224633383e-01
9.124769040318198021e-01
9.370877662748262615e-01
9.615251578299374158e-01
9.855709728409177695e-01
1.009034038157878621e+00
1.031775593646952816e+00
1.053693910905293407e+00
1.074703976647760628e+00
1.094730315375619378e+00
1.113720085034999085e+00
1.131646988609007476e+00
1.148497136235049343e+00
1.164258956269465850e+00
1.178927416058483946e+00
1.192510937350553135e+00
1.205025877671918710e+00
1.216489939226584216e+00
1.226920343686108916e+00
1.236338309681755732e+00
1.244741961791484774e+00
1.252135268531902046e+00
1.258560435041210956e+00
1.264196459660843042e+00
1.269569043787272200e+00
1.275015354921525290e+00
1.280116675768930845e+00
1.284436673351226244e+00
1.287937687782262142e+00
1.290655415004293038e+00
1.292623943309948231e+00
1.293874962593399847e+00
1.294439108264631821e+00
1.294347065222452242e+00
1.293628669414250254e+00
1.292312205790525859e+00
1.290424876895078121e+00
1.287993685251962006e+00
1.285045244494166461e+00
1.281605263748572865e+00
1.277698500645440660e+00
1.273349371527960683e+00
1.268582170789736674e+00
1.263420685281252842e+00
1.257887914773026194e+00
1.252006502410831779e+00
1.245799118055129995e+00
1.239288162561242634e+00
1.232495519948782592e+00
1.225442739374921430e+00
1.218151340175403385e+00
1.210642710209308914e+00
1.202937904208554620e+00
1.195057665220014886e+00
1.187022646960512073e+00
1.178853430649252410e+00
1.170570354207036479e+00
1.162193444353353255e+00
1.153742581005983148e+00
1.145237571486702022e+00
1.136697999194289821e+00
1.128143104221925208e+00
1.119591901327628758e+00
1.111063275168065134e+00
1.102575841143846880e+00
1.094147817603740247e+00
1.085797091134278025e+00
1.077541297698819678e+00
1.069397712097832853e+00
1.061383125245959125e+00
1.053513862282338565e+00
1.045805838284573630e+00
1.038274474658229529e+00
1.030934580750756169e+00
1.023800344205015644e+00
1.016885370251454423e+00
1.010202614581604985e+00
1.003764270541966708e+00
9.975817433810777457e-01
9.916656765239975080e-01
9.860258951052990328e-01
9.806713026221864915e-01
9.756098549891913940e-01
9.708485862167908209e-01
9.663935631529958492e-01
9.622497959579348059e-01
9.584212224079159403e-01
9.549107392717314235e-01
9.517201688125468406e-01
9.488501881346277367e-01
9.463003338924818042e-01
9.440690461986120940e-01
9.421536484170163206e-01
9.405502999808897924e-01
9.392540266743689692e-01
9.382587782368193574e-01
9.375574221455278412e-01
9.371417245776642035e-01
9.370024142254190780e-01
9.371292596144173981e-01
9.375110786221758641e-01
9.381357526000885239e-01
9.389903233055736376e-01
9.400610878695196959e-01
9.413336265187522978e-01
9.427928620261911696e-01
9.444231780434704238e-01
9.462085195400823379e-01
9.481324481801784998e-01
9.501782414498152196e-01
9.523290235652842606e-01
9.545678634137514385e-01
9.568778504175899924e-01
9.592422222485300631e-01
9.616444967553497980e-01
9.640685563086729415e-01
9.664987362319230613e-01
9.689199489460559311e-01
9.713177880469666681e-01
9.736785902262753423e-01
9.759895167400240990e-01
9.782386359295728306e-01
9.804149688705687815e-01
9.825085126031796179e-01
9.845102757520587389e-01
9.864122892307186641e-01
9.882075747214685846e-01
9.898901085179332426e-01
9.914547705118289533e-01
9.928972624570846506e-01
9.942140045556120409e-01
9.954020230604437858e-01
9.964588178462019386e-01
9.973822113159463987e-01
9.981701926133214053e-01
9.988207564038096287e-01
9.993317396424827859e-01
9.997006645890031962e-01
9.998872338164387363e-01
1.000000000000000000e+00
