1.000000000000000000e+00
1.000000000000000000e+00
1.000000000000000000e+00
1.000000000000000000e+00
1.000000000000000000e+00
1.000000000000000000e+00
1.000000000000000000e+00
9.999999999999347189e-01
9.999999999993043343e-01
9.999999999937295714e-01
9.999999999557731556e-01
9.999999997437786226e-01
9.999999987382930389e-01
9.999999945794664225e-01
9.999999792679424848e-01
9.999999282722495941e-01
9.999997726348794913e-01
9.999993328110172719e-01
9.999981721351730579e-01
9.999952918840062654e-01
9.999885323575851137e-01
9.999734595831224482e-01
9.999414042331107311e-01
9.998761892524831163e-01
9.997489698856781848e-01
9.995106018772084155e-01
9.990811828852032006e-01
9.983370185755020554e-01
9.970964129734343206e-01
9.951074507535347946e-01
9.920434885527751323e-01
9.875136260684195255e-01
9.810937587554899864e-01
9.723787046330780726e-01
9.610525696298916065e-01
9.469685154294016360e-01
9.302108766285914765e-01
9.111098285866782165e-01
8.901930338445944724e-01
8.681298693635928210e-01
8.456840027915277780e-01
8.236189076744986348e-01
8.025856423108491677e-01
7.830718355616039794e-01
7.654732391381824375e-01
7.501469307866378555e-01
7.373702897759700781e-01
7.272597802791157529e-01
7.198715898391677692e-01
7.153596210037171943e-01
7.139049005654400926e-01
7.155983736875958234e-01
7.203989598768459901e-01
7.282455380836341252e-01
7.390982904143336141e-01
7.528388723270302840e-01
7.691933135827324630e-01
7.878090860282503938e-01
8.083676801012927848e-01
8.305548987759096002e-01
8.540177530416399598e-01
8.783665884315581263e-01
9.032472228968103645e-01
9.283740202796714192e-01
9.534924025915032519e-01
9.783529780700580547e-01
1.002733830191921527e+00
1.026470704870516615e+00
1.049440211101055898e+00
1.071537238855050589e+00
1.092667247174706313e+00
1.112761503054454648e+00
1.131781718819261817e+00
1.149704073665867243e+00
1.166507827529403629e+00
1.182180152718399491e+00
1.196723978132877342e+00
1.210151702592150880e+00
1.222477700291039859e+00
1.233716229216115012e+00
1.243886464618551679e+00
1.252985519266061276e+00
1.261016790304104074e+00
1.268021918982352281e+00
1.274179622232201270e+00
1.280015940116024931e+00
1.285868716615772289e+00
1.291362781631926859e+00
1.296059134603077201e+00
1.299878979488809705e+00
1.302859409243326549e+00
1.305035913730972608e+00
1.306441466909729066e+00
1.307108021330535497e+00
1.307067734550326987e+00
1.306351942605235017e+00
1.304990356830874498e+00
1.303011580700331296e+00
1.300444094181580468e+00
1.297316033015736725e+00
1.293654601009379457e+00
1.289486011010908317e+00
1.284836167253638139e+00
1.279730908282093793e+00
1.274195568816557378e+00
1.268254661362374192e+00
1.261932358855427649e+00
1.255252924927364067e+00
1.248240378769765346e+00
1.240918213953795757e+00
1.233309602571614816e+00
1.225437738812890087e+00
1.217325723658605474e+00
1.208996336523266102e+00
1.200472058993608648e+00
1.191775325985550804e+00
1.182928544739164201e+00
1.173953901453814286e+00
1.164873284168986167e+00
1.155708468802163269e+00
1.146481203177723396e+00
1.137213035375056913e+00
1.127925177925396039e+00
1.118638641220776719e+00
1.109374341183535506e+00
1.100152940702238791e+00
1.090994703530167032e+00
1.081919567475635002e+00
1.072947235584553960e+00
1.064097049128157613e+00
1.055387846301490296e+00
1.046837981064455469e+00
1.038465384734015506e+00
1.030287468619864866e+00
1.022320986645864682e+00
1.014582021807370893e+00
1.007086028409339251e+00
9.998477526668546611e-01
9.928811008615561207e-01
9.861991068444061481e-01
9.798139590199030913e-01
9.737369326499537570e-01
9.679782683855144843e-01
9.625471393958108246e-01
9.574516777369023179e-01
9.526989195349805373e-01
9.482946994582631683e-01
9.442436299757996920e-01
9.405491348447226896e-01
9.372134083622277734e-01
9.342373321235520889e-01
9.316204785605992633e-01
9.293611598134393637e-01
9.274564032038302708e-01
9.259018959225994161e-01
9.246920190557600394e-01
9.238199133308496735e-01
9.232774716997010911e-01
9.230553173651457888e-01
9.231428773870723470e-01
9.235284720445553486e-01
9.241993262922409968e-01
9.251415866140222377e-01
9.263404333559681625e-01
9.277801908658671604e-01
9.294443601735160598e-01
9.313156881947031174e-01
9.333763047452016126e-01
9.356078388551828384e-01
9.379914830254869607e-01
9.405081077717013516e-01
9.431384126524854361e-01
9.458630391200826271e-01
9.486626577315316888e-01
9.515181149585305587e-01
9.544105846782058311e-01
9.573216646221011095e-01
9.602334773745836438e-01
9.631288124172803222e-01
9.659912449154477443e-01
9.688052057925471416e-01
9.715560742842287434e-01
9.742302716717093913e-01
9.768153124808723886e-01
9.792998298412562974e-01
9.816736151794345222e-01
9.839276292376604172e-01
9.860539644644465973e-01
9.880458021432499960e-01
9.898973524764892451e-01
9.916037593173194775e-01
9.931609799723530863e-01
9.945656547068126851e-01
9.958149531834262769e-01
9.969063993884000885e-01
9.978376911315769426e-01
9.986065132395094412e-01
9.992103483500321959e-01
9.996462948041573426e-01
9.998667170704113039e-01
1.000000000000000000e+00
