1.000000000000000000e+00
1.000000000000000000e+00
1.000000000000000000e+00
1.000000000000000000e+00
1.000000000000000000e+00
1.000000000000000000e+00
1.000000000000000000e+00
9.999999999999530376e-01
9.999999999994378941e-01
9.999999999949147345e-01
9.999999999639340720e-01
9.999999997898043613e-01
9.999999989582009086e-01
9.999999954927507595e-01
9.999999826301689820e-01
9.999999394135489217e-01
9.999998062637354135e-01
9.999994261338178703e-01
9.999984119374868419e-01
9.999958654491946097e-01
9.999898137300855527e-01
9.999761375559034215e-01
9.999466362668639752e-01
9.998857092193145224e-01
9.997649637904729714e-01
9.995349639302050226e-01
9.991134563167911598e-01
9.983699560881491575e-01
9.971077981638661880e-01
9.950468493138849846e-01
9.918130738165789051e-01
9.869437074556076661e-01
9.799167964826110966e-01
9.702098429490787490e-01
9.573859790208135712e-01
9.411958614444045912e-01
9.216673520901471628e-01
8.991510287582732408e-01
8.743009414865492435e-01
8.480156100609210768e-01
8.213550492124921387e-01
7.954208840766908706e-01
7.712299943935300162e-01
7.496323592135301084e-01
7.313084882451342805e-01
7.167757597143150639e-01
7.063629912017814760e-01
7.001766276161218716e-01
6.981648317979010088e-01
7.002148334245480443e-01
7.061405944405370061e-01
7.156500045175069324e-01
7.283499020190309370e-01
7.438251107231763637e-01
7.616799057143398555e-01
7.815067952223282433e-01
8.028618385561968607e-01
8.253096507754935640e-01
8.484806697052047486e-01
8.720555413125319344e-01
8.957401781216181025e-01
9.192609663863617886e-01
9.423934070272207419e-01
9.649718798996663738e-01
9.868654330772466121e-01
1.007959810422350388e+00
1.028164133199620522e+00
1.047422533671181988e+00
1.065703324769087246e+00
1.082985800162354240e+00
1.099254925201324173e+00
1.114508095169030710e+00
1.128756940638639739e+00
1.142018878966966966e+00
1.154311073439650448e+00
1.165652832097797909e+00
1.176069688283972958e+00
1.185590254052161230e+00
1.194242433260580327e+00
1.202052437095411985e+00
1.209047542330747849e+00
1.215228652984239766e+00
1.220601079070515960e+00
1.225208286607111896e+00
1.229229598072280938e+00
1.233189042299593474e+00
1.237352900168312564e+00
1.241230607810129394e+00
1.244455824442678438e+00
1.247060036939464656e+00
1.249073761151606732e+00
1.250525857450248246e+00
1.251443127543395706e+00
1.251851186682400696e+00
1.251775184148965936e+00
1.251239311154014322e+00
1.250266420401517253e+00
1.248878345210121088e+00
1.247096463060043181e+00
1.244941609913007285e+00
1.242433794508845057e+00
1.239592191843215341e+00
1.236435528935665440e+00
1.232982232852341209e+00
1.229250213316759321e+00
1.225256707909812226e+00
1.221018551409466690e+00
1.216552414967795981e+00
1.211874637230324847e+00
1.207001083866216185e+00
1.201947263143980260e+00
1.196728513764984125e+00
1.191359949231465709e+00
1.185856342627223725e+00
1.180232143954343504e+00
1.174501616152940686e+00
1.168678848579378426e+00
1.162777659353246840e+00
1.156811558879658586e+00
1.150793850312389122e+00
1.144737676447441732e+00
1.138655933858182534e+00
1.132561206402356468e+00
1.126465838070942693e+00
1.120381992325757858e+00
1.114321574363472234e+00
1.108296160700640076e+00
1.102317041573389389e+00
1.096395272523331466e+00
1.090541614658040226e+00
1.084766468444533061e+00
1.079079889389842561e+00
1.073491625499561231e+00
1.068011074355007528e+00
1.062647220576942164e+00
1.057408636131182522e+00
1.052303508741499805e+00
1.047339609210747646e+00
1.042524232796089745e+00
1.037864190492644667e+00
1.033365829895150245e+00
1.029035008683053087e+00
1.024877041391284216e+00
1.020896690102779614e+00
1.017098184140682093e+00
1.013485199150324645e+00
1.010060810859489955e+00
1.006827490301883898e+00
1.003787125157463045e+00
1.000941003952312558e+00
9.982897789002143085e-01
9.958334707378049266e-01
9.935714950438999660e-01
9.915026519412859507e-01
9.896251001877350850e-01
9.879363742535740567e-01
9.864334161815736524e-01
9.851125711855514000e-01
9.839695756875972421e-01
9.829995913254689910e-01
9.821972461229792062e-01
9.815566374494544277e-01
9.810713373501960266e-01
9.807344439218297349e-01
9.805386314411614901e-01
9.804761629150700042e-01
9.805389203524786934e-01
9.807184679170565245e-01
9.810061052189207320e-01
9.813928956862668640e-01
9.818697195502654740e-01
9.824273448039385626e-01
9.830564801270587072e-01
9.837478158918847582e-01
9.844920944225485915e-01
9.852801830141061368e-01
9.861031209147116394e-01
9.869521690405930192e-01
9.878188800224062538e-01
9.886951575574584039e-01
9.895732927894165254e-01
9.904460120374736221e-01
9.913065255852508972e-01
9.921485564402091617e-01
9.929663571036662084e-01
9.937547337062186958e-01
9.945090567657576264e-01
9.952252489480198916e-01
9.958997707287591261e-01
9.965295982746166237e-01
9.971121847183702647e-01
9.976454098482172572e-01
9.981275252521325525e-01
9.985570887506778348e-01
9.989328888455223376e-01
9.992538669024866316e-01
9.995190366033620544e-01
9.997274024990326913e-01
9.998778821790245130e-01
9.999541213821031560e-01
1.000000000000000000e+00
