1.000000000000000000e+00
1.000000000000000000e+00
1.000000000000000000e+00
1.000000000000000000e+00
1.000000000000000000e+00
1.000000000000000000e+00
1.000000000000000000e+00
9.999999999999036326e-01
9.999999999990797361e-01
9.999999999916944216e-01
9.999999999416993024e-01
9.999999996638260225e-01
9.999999983531140391e-01
9.999999929645928542e-01
9.999999732575970413e-01
9.999999081022020730e-01
9.999997108461831097e-01
9.999991583248891702e-01
9.999977143587769346e-01
9.999941691607617811e-01
9.999859459156907882e-01
9.999678428887447401e-01
9.999298795550805030e-01
9.998538196013549983e-01
9.997078980782196922e-01
9.994393893261741546e-01
9.989650444898700021e-01
9.981601740799755929e-01
9.968483091318315337e-01
9.947948841256202268e-01
9.917105516695715606e-01
9.872700959707461088e-01
9.811489349108254432e-01
9.730722291778145516e-01
9.628716804091029813e-01
9.505438939896483364e-01
9.362820720116843409e-01
9.204516762844759947e-01
9.034998585186843068e-01
8.858966629921167790e-01
8.681250511063577369e-01
8.506079411615509178e-01
8.336027355028200470e-01
8.171825084027767305e-01
8.014004829510196215e-01
7.864005380803201772e-01
7.723511419197599537e-01
7.592998986050355503e-01
7.473283921061545376e-01
7.368012384418189953e-01
7.282301230980720019e-01
7.220584815427568692e-01
7.185721942122212935e-01
7.180712161634241752e-01
7.209207868392872864e-01
7.273604099740343942e-01
7.373502890197842774e-01
7.506853779084043943e-01
7.671759281507023465e-01
7.865876800122324486e-01
8.085633700654764056e-01
8.326270805908294603e-01
8.583133465225026848e-01
8.852307007099490255e-01
9.130041391640907333e-01
9.412382071040988896e-01
9.695623236441879289e-01
9.976883125931250706e-01
1.025386260657121129e+00
1.052449905275208097e+00
1.078686657669624793e+00
1.103945417854755195e+00
1.128125660799833341e+00
1.151151517541015634e+00
1.172953500182772890e+00
1.193476932263354717e+00
1.212695038967529948e+00
1.230598516043789115e+00
1.247183170993181767e+00
1.262446454558812103e+00
1.276395560845568600e+00
1.289021067655484520e+00
1.300322097919543785e+00
1.310335968077159130e+00
1.319238514267133677e+00
1.327556148841016581e+00
1.335628813771128964e+00
1.343207178602703333e+00
1.349930727918287943e+00
1.355596517303923720e+00
1.360162922135681463e+00
1.363671187782653504e+00
1.366159390282382757e+00
1.367664732184141752e+00
1.368225419156059441e+00
1.367878953335470271e+00
1.366660794378657284e+00
1.364605133221189037e+00
1.361746418210053156e+00
1.358118966551375095e+00
1.353755995478392427e+00
1.348689500718789791e+00
1.342951323456775592e+00
1.336573520803819637e+00
1.329587651033272699e+00
1.322024250846762117e+00
1.313913598578988928e+00
1.305286398025512273e+00
1.296173237398526412e+00
1.286604134025833845e+00
1.276608861252544580e+00
1.266217503358952667e+00
1.255460273000229554e+00
1.244367145314461576e+00
1.232967899915735854e+00
1.221292533779694045e+00
1.209371299313603654e+00
1.197234396592038230e+00
1.184911853658931813e+00
1.172433837789029987e+00
1.159830801376814824e+00
1.147133208206239541e+00
1.134371316054276768e+00
1.121575402791876064e+00
1.108775950790940046e+00
1.096003390256147236e+00
1.083287859902960504e+00
1.070659331104467205e+00
1.058147761888334148e+00
1.045782885410091456e+00
1.033593970977761733e+00
1.021609851827039339e+00
1.009859023859864369e+00
9.983694747486552279e-01
9.871684419690373025e-01
9.762823782377130222e-01
9.657370104146111300e-01
9.555571896788421782e-01
9.457666492090718302e-01
9.363879295555264104e-01
9.274424049380318724e-01
9.189501456693285331e-01
9.109296858788380469e-01
9.033979428097678177e-01
8.963702384184946137e-01
8.898601800802986572e-01
8.838794524193427371e-01
8.784377566713951202e-01
8.735428456127642960e-01
8.692004297905602250e-01
8.654140099084065563e-01
8.621848626308739050e-01
8.595121080071566055e-01
8.573926496393591279e-01
8.558210620274440128e-01
8.547896375438747141e-01
8.542884917857872518e-01
8.543055414872914310e-01
8.548264581813661556e-01
8.558347932959144977e-01
8.573121330926031236e-01
8.592381165097081608e-01
8.615904634915195759e-01
8.643451743814253296e-01
8.674767261610372149e-01
8.709581307630055447e-01
8.747610584313367799e-01
8.788560820079017732e-01
8.832128837429036317e-01
8.878003681668578118e-01
8.925868639018490480e-01
8.975403897021636546e-01
9.026288509349322808e-01
9.078201888272665609e-01
9.130826352722243300e-01
9.183849749259735962e-01
9.236967076350326433e-01
9.289882182013384782e-01
9.342310192518941125e-01
9.393979521864769255e-01
9.444633008239631256e-01
9.494029458513756348e-01
9.541945222522650871e-01
9.588175015976673210e-01
9.632532294903494163e-01
9.674849906352434026e-01
9.714980245751937415e-01
9.752794564253881582e-01
9.788182206393437612e-01
9.821049566956315813e-01
9.851318437491288771e-01
9.878923928251742703e-01
9.903812226227843851e-01
9.925937956297119502e-01
9.945261169020863656e-01
9.961744239268325307e-01
9.975348653960730561e-01
9.986031752766619807e-01
9.993743585696075460e-01
9.997641394697753814e-01
1.000000000000000000e+00
