1.000000000000000000e+00
1.000000000000000000e+00
1.000000000000000000e+00
1.000000000000000000e+00
1.000000000000000000e+00
1.000000000000000000e+00
1.000000000000000000e+00
9.999999999999125144e-01
9.999999999991489030e-01
9.999999999922966065e-01
9.999999999458795141e-01
9.999999996876236530e-01
9.999999984680428833e-01
9.999999934477754593e-01
9.999999750616406224e-01
9.999999141783163514e-01
9.999997295372027306e-01
9.999992113608331401e-01
9.999978542816926330e-01
9.999945145847602967e-01
9.999867478665575016e-01
9.999696006154752403e-01
9.999335269141854665e-01
9.998609977980434937e-01
9.997213081493475650e-01
9.994631636796752483e-01
9.990049762515549325e-01
9.982234978402469983e-01
9.969425660406840972e-01
9.949252940044591709e-01
9.918752829598250775e-01
9.874530989248769819e-01
9.813109116597502624e-01
9.731417724200140951e-01
9.627392192262071990e-01
9.500604905911758102e-01
9.352657037507308146e-01
9.187038050906609632e-01
9.008338008069382008e-01
8.821676100714651581e-01
8.632510985787862356e-01
8.445867439980359048e-01
8.265277706767946153e-01
8.092516861526175553e-01
7.929001642142077255e-01
7.776744609146035714e-01
7.637764709182069955e-01
7.512807169667257146e-01
7.402738633012649894e-01
7.310780432431904785e-01
7.241315407144525151e-01
7.197988177013157074e-01
7.182926333163691668e-01
7.198278781534628301e-01
7.246689448403336176e-01
7.329631865056243090e-01
7.446084982914467076e-01
7.593576624736394498e-01
7.769808652351498646e-01
7.972151758756679252e-01
8.196968749447858249e-01
8.439660473861055889e-01
8.695804563357371064e-01
8.961710029730395322e-01
9.233899978745498949e-01
9.508773859160284392e-01
9.782996246311415067e-01
1.005399529069241460e+00
1.031974067241448578e+00
1.057842963782637868e+00
1.082839228117357999e+00
1.106833399218323466e+00
1.129741334318551838e+00
1.151500968798975899e+00
1.172055877441105398e+00
1.191362677228950728e+00
1.209402656929457587e+00
1.226172461968347172e+00
1.241673045485026883e+00
1.255906560027318930e+00
1.268883616488327704e+00
1.280596752542312533e+00
1.291046453672562322e+00
1.300271421932468474e+00
1.308448496245661952e+00
1.316104221891429837e+00
1.323578217540053892e+00
1.330620770949225262e+00
1.336818446919487036e+00
1.341971615149572861e+00
1.346089122307227548e+00
1.349210910785082040e+00
1.351373931650570848e+00
1.352614225826214822e+00
1.352968626828433329e+00
1.352473236355500097e+00
1.351162228722918579e+00
1.349068555960473592e+00
1.346225329153667438e+00
1.342665474850670115e+00
1.338420868182284895e+00
1.333522228070255666e+00
1.328000081296839330e+00
1.321885098760961830e+00
1.315207454591155400e+00
1.307996357993430836e+00
1.300280741130848128e+00
1.292089874707690988e+00
1.283452881698488035e+00
1.274398328361132204e+00
1.264954517743851481e+00
1.255149987264565725e+00
1.245013343509993264e+00
1.234572932612822527e+00
1.223856876573597097e+00
1.212893441686154761e+00
1.201711070439607898e+00
1.190338103565942607e+00
1.178802670780956019e+00
1.167132966996284660e+00
1.155357380156152081e+00
1.143504243824063682e+00
1.131601640628915995e+00
1.119677601804321521e+00
1.107760269258866614e+00
1.095877664143867891e+00
1.084057471577383636e+00
1.072327149491521192e+00
1.060714064048984051e+00
1.049245299889794980e+00
1.037947446729339473e+00
1.026846623556429527e+00
1.015968566095188264e+00
1.005338475203369164e+00
9.949808030049378527e-01
9.849192235572327148e-01
9.751766867002739092e-01
9.657752874580686209e-01
9.567360543275412743e-01
9.480788865336653437e-01
9.398225808665672254e-01
9.319847140996752044e-01
9.245814423877178889e-01
9.176274348908176615e-01
9.111358978168085931e-01
9.051184744322726683e-01
8.995850670937739491e-01
8.945437893581537070e-01
8.900010021177249264e-01
8.859612364158504505e-01
8.824270513371053060e-01
8.793990265670601492e-01
8.768758262989222452e-01
8.748541510582007463e-01
8.733286429200182166e-01
8.722919303974931982e-01
8.717347240486891247e-01
8.716457999292666070e-01
8.720119614707749767e-01
8.728181511439199181e-01
8.740475878379216912e-01
8.756817838715639235e-01
8.777005709739295058e-01
8.800822757258067730e-01
8.828038920423314506e-01
8.858411329115166710e-01
8.891685390285540835e-01
8.927596931855820150e-01
8.965874019641181247e-01
9.006237954578203420e-01
9.048405049290557667e-01
9.092088967999795157e-01
9.137002460810432769e-01
9.182858687752573079e-01
9.229373467400768805e-01
9.276267591127820289e-01
9.323268268299776951e-01
9.370110636793884673e-01
9.416539912546788571e-01
9.462313172622597301e-01
9.507200374734656734e-01
9.550985731169716608e-01
9.593469105787446605e-01
9.634466751031973697e-01
9.673811648671866159e-01
9.711354086274557318e-01
9.746961796706680170e-01
9.780519348798595303e-01
9.811927470152022046e-01
9.841102117625918355e-01
9.867973007927128837e-01
9.892481770890269033e-01
9.914579953602552509e-01
9.934226672902799482e-01
9.951385937952940131e-01
9.966023892291722142e-01
9.978105957994273245e-01
9.987593939394562303e-01
9.994443231322774901e-01
9.997905239311856151e-01
1.000000000000000000e+00
