1.000000000000000000e+00
1.000000000000000000e+00
1.000000000000000000e+00
1.000000000000000000e+00
1.000000000000000000e+00
1.000000000000000000e+00
1.000000000000000000e+00
9.999999999999469313e-01
9.999999999993898214e-01
9.999999999945045071e-01
9.999999999611147716e-01
9.999999997739401625e-01
9.999999988826063779e-01
9.999999951797781117e-01
9.999999814821423083e-01
9.999999356255938610e-01
9.999997948881647059e-01
9.999993947583518672e-01
9.999983319159119199e-01
9.999956758241883570e-01
9.999893950820176736e-01
9.999752760581065436e-01
9.999449881887296776e-01
9.998827994099193095e-01
9.997602967873185920e-01
9.995284039885109495e-01
9.991061481557915736e-01
9.983661925342356414e-01
9.971183398020307953e-01
9.950941702815053747e-01
9.919387972932259823e-01
9.872179014517784568e-01
9.804475946681330267e-01
9.711502713921816854e-01
9.589344352427329188e-01
9.435878818299449078e-01
9.251567844431257681e-01
9.039796784784771555e-01
8.806576891369934934e-01
8.559972390886024796e-01
8.309409239793786872e-01
8.064578381500375759e-01
7.834232199155207743e-01
7.625484558974475746e-01
7.444064771485228160e-01
7.294559523374096743e-01
7.180104556386350811e-01
7.101871646313716591e-01
7.059841280160222832e-01
7.053993051873864717e-01
7.083954606697652201e-01
7.148346937495970721e-01
7.244647194738511597e-01
7.370089616740660432e-01
7.522073475566861678e-01
7.697598085793797562e-01
7.892828974612124959e-01
8.103673904080307411e-01
8.326567057890131851e-01
8.558269683182809784e-01
8.795561314551708643e-01
9.035221975366650726e-01
9.274480002583469496e-01
9.511195777253791395e-01
9.743571109129799401e-01
9.969939813516809357e-01
1.018889046498344220e+00
1.039944956984250268e+00
1.060095049132353529e+00
1.079286615808240146e+00
1.097474636644633295e+00
1.114631607021334458e+00
1.130750357916129545e+00
1.145832805865702575e+00
1.159881911912617358e+00
1.172904967933662057e+00
1.184919069516438217e+00
1.195946802238568640e+00
1.206011071663180667e+00
1.215133702206512289e+00
1.223339043876170873e+00
1.230626706508420209e+00
1.237001429088877558e+00
1.242506157423235447e+00
1.247320168101633042e+00
1.251968444333680264e+00
1.256787181588683966e+00
1.261286292954654886e+00
1.265033456058324735e+00
1.268058207939371629e+00
1.270393779193384143e+00
1.272071778071554471e+00
1.273121593864181111e+00
1.273571502434890812e+00
1.273449576337152278e+00
1.272782990087826915e+00
1.271597479182343893e+00
1.269917732676856703e+00
1.267768114324889561e+00
1.265172524882137939e+00
1.262154001511372359e+00
1.258734690488033436e+00
1.254936343673488830e+00
1.250780501196584016e+00
1.246288189897992726e+00
1.241479706030192975e+00
1.236374963817596928e+00
1.230993805375289796e+00
1.225355768258031164e+00
1.219479891178965492e+00
1.213384861811316551e+00
1.207089261931286739e+00
1.200611488318168663e+00
1.193969594168183379e+00
1.187181307851612688e+00
1.180264210929801161e+00
1.173235752642218799e+00
1.166113115579527681e+00
1.158913163188814321e+00
1.151652571201404296e+00
1.144347887442732858e+00
1.137015413280821452e+00
1.129671110749772112e+00
1.122330697208894668e+00
1.115009721966733869e+00
1.107723458127017668e+00
1.100486803873522712e+00
1.093314335968155193e+00
1.086220375729083587e+00
1.079218904422351688e+00
1.072323469525498396e+00
1.065547201766627650e+00
1.058902861717359478e+00
1.052402777306015391e+00
1.046058754442079186e+00
1.039882072933157708e+00
1.033883520699669933e+00
1.028073344893244423e+00
1.022461167563652573e+00
1.017055969352531397e+00
1.011866113696360037e+00
1.006899306515993908e+00
1.002162519462963974e+00
9.976619733480192043e-01
9.934031615250200620e-01
9.893908179723274188e-01
9.856288508936350556e-01
9.821203334259883677e-01
9.788675305549902061e-01
9.758718754483673985e-01
9.731339167757477870e-01
9.706533240863328693e-01
9.684289231554278343e-01
9.664586813932428688e-01
9.647396721200408587e-01
9.632680983881938275e-01
9.620393375651931089e-01
9.610479363297875777e-01
9.602875955375164141e-01
9.597512187645731441e-01
9.594309710244075529e-01
9.593182850131800610e-01
9.594038707884592343e-01
9.596777891570632546e-01
9.601295234657266642e-01
9.607479995631685865e-01
9.615216302338819299e-01
9.624384050261938217e-01
9.634859663876330638e-01
9.646516512407095068e-01
9.659225664015722579e-01
9.672856886403138343e-01
9.687279395739267773e-01
9.702362438000330380e-01
9.717976271629555907e-01
9.733993184993771086e-01
9.750288150184914793e-01
9.766739510681406999e-01
9.783229946044391667e-01
9.799647284426991067e-01
9.815884992885932636e-01
9.831842819959156765e-01
9.847427448055814381e-01
9.862552863826153926e-01
9.877140557539153543e-01
9.891119819016369608e-01
9.904427843110716889e-01
9.917009511565203494e-01
9.928817140244016182e-01
9.939810113129614599e-01
9.949954281092072694e-01
9.959221195008095551e-01
9.967587270878776051e-01
9.975032802028421797e-01
9.981540828952760736e-01
9.987095974234018181e-01
9.991683236864818962e-01
9.995286772234865946e-01
9.997888721244684307e-01
9.999205238641353244e-01
1.000000000000000000e+00
