1.000000000000000000e+00
1.000000000000000000e+00
1.000000000000000000e+00
1.000000000000000000e+00
1.000000000000000000e+00
1.000000000000000000e+00
1.000000000000000000e+00
9.999999999999831246e-01
9.999999999997881694e-01
9.999999999980712095e-01
9.999999999862063671e-01
9.999999999188858846e-01
9.999999995941003528e-01
9.999999982259145659e-01
9.999999930887202293e-01
9.999999756156074948e-01
9.999999210784915604e-01
9.999997632354067356e-01
9.999993360047396695e-01
9.999982470162726012e-01
9.999956180819198348e-01
9.999895793954627354e-01
9.999763321743959654e-01
9.999484973940929722e-01
9.998923574074025655e-01
9.997835096297509327e-01
9.995804663542868784e-01
9.992159849705735120e-01
9.985865732398659933e-01
9.975418286690501679e-01
9.958769991676339473e-01
9.933338911785366543e-01
9.896159376903062022e-01
9.844215359558055045e-01
9.774949502198099216e-01
9.686867723968172195e-01
9.580088151522883066e-01
9.456661101133502223e-01
9.320538077878356420e-01
9.177186959057516136e-01
9.032949441346322939e-01
8.894287475203307425e-01
8.767089209153566820e-01
8.656164466412868963e-01
8.564984708676135483e-01
8.495623136860092073e-01
8.448835067063839022e-01
8.424234614783089325e-01
8.420554770253722010e-01
8.435924867364803514e-01
8.468089652529543487e-01
8.514589924956519340e-01
8.572917787183019778e-01
8.640657167177058229e-01
8.715574497583615798e-01
8.795653722769436467e-01
8.879108428914173068e-01
8.964399806079892397e-01
9.050246352400241889e-01
9.135599787700748875e-01
9.219612558772932731e-01
9.301610750534643479e-01
9.381080652856209623e-01
9.457650016770707824e-01
9.531057790122523521e-01
9.601128130991315457e-01
9.667757473911458010e-01
9.730906570909342301e-01
9.790584912669133555e-01
9.846835607314778915e-01
9.899725352291292024e-01
9.949341771446451599e-01
9.995789717827584520e-01
1.003918341663989855e+00
1.007964039343967277e+00
1.011728044089717615e+00
1.015222611624582161e+00
1.018459985093201237e+00
1.021452095123210002e+00
1.024210435433184907e+00
1.026746172520427880e+00
1.029041935602558633e+00
1.031084872623408977e+00
1.032902075843697087e+00
1.034656826263247620e+00
1.036469961817514829e+00
1.038218561978119014e+00
1.039806750694836746e+00
1.041243343459999693e+00
1.042536659571339897e+00
1.043694567031884013e+00
1.044724466508517802e+00
1.045633290228086487e+00
1.046427578349871546e+00
1.047113544915718952e+00
1.047697067071571286e+00
1.048183679491404119e+00
1.048578611212908962e+00
1.048886836719638227e+00
1.049113085260296119e+00
1.049261836482591859e+00
1.049337332600154715e+00
1.049343614330449537e+00
1.049284541058702613e+00
1.049163787258671210e+00
1.048984842168201315e+00
1.048751035425994793e+00
1.048465560177614497e+00
1.048131470044217251e+00
1.047751677432328554e+00
1.047328967377207931e+00
1.046866015419644080e+00
1.046365389910474120e+00
1.045829550315416245e+00
1.045260853438826132e+00
1.044661566645637807e+00
1.044033873219941677e+00
1.043379870674652876e+00
1.042701572637888763e+00
1.042000918871367254e+00
1.041279781794080872e+00
1.040539964779367610e+00
1.039783201532494816e+00
1.039011163708549512e+00
1.038225467542787328e+00
1.037427672139780155e+00
1.036619278149201406e+00
1.035801733036720629e+00
1.034976436763806129e+00
1.034144740788176753e+00
1.033307946643407860e+00
1.032467309234020858e+00
1.031624041291873128e+00
1.030779313062949898e+00
1.029934250812180929e+00
1.029089938884398814e+00
1.028247423280796768e+00
1.027407711640839771e+00
1.026571771685177437e+00
1.025740532423957907e+00
1.024914886939520153e+00
1.024095692392838375e+00
1.023283768451882292e+00
1.022479898096852802e+00
1.021684829933771077e+00
1.020899278132062937e+00
1.020123920862280764e+00
1.019359400925224257e+00
1.018606327696586433e+00
1.017865276901196436e+00
1.017136789104580163e+00
1.016421370381025646e+00
1.015719494016531943e+00
1.015031600082323626e+00
1.014358094038341651e+00
1.013699347532633022e+00
1.013055699857926983e+00
1.012427457315132617e+00
1.011814892044998304e+00
1.011218243194937916e+00
1.010637718334839841e+00
1.010073492700821918e+00
1.009525708451979531e+00
1.008994476265665963e+00
1.008479876756061655e+00
1.007981959795862137e+00
1.007500744697014561e+00
1.007036222060736952e+00
1.006588355044804484e+00
1.006157079270286747e+00
1.005742304010819987e+00
1.005343914332832211e+00
1.004961772308186507e+00
1.004595717651766806e+00
1.004245569989407727e+00
1.003911131391132194e+00
1.003592187685476977e+00
1.003288510114353160e+00
1.002999858300563263e+00
1.002725982935188442e+00
1.002466627581506842e+00
1.002221531457146764e+00
1.001990432700035516e+00
1.001773071049616437e+00
1.001569190412582744e+00
1.001378542380216841e+00
1.001200889635459390e+00
1.001036008766537311e+00
1.000883693614508463e+00
1.000743758861520449e+00
1.000616043384522147e+00
1.000500413618950590e+00
1.000396767268812104e+00
1.000305036978349271e+00
1.000225193928288681e+00
1.000157251674754999e+00
1.000101270095625328e+00
1.000057359416573144e+00
1.000025684420569716e+00
1.000009799352472140e+00
1.000000000000000000e+00
