1.000000000000000000e+00
1.000000000000000000e+00
1.000000000000000000e+00
1.000000000000000000e+00
1.000000000000000000e+00
1.000000000000000000e+00
1.000000000000000000e+00
9.999999999999219513e-01
9.999999999992149613e-01
9.999999999929138905e-01
9.999999999501557602e-01
9.999999997119332074e-01
9.999999985852278117e-01
9.999999939394127457e-01
9.999999768928840016e-01
9.999999203292853078e-01
9.999997483995108905e-01
9.999992646903119731e-01
9.999979943912381541e-01
9.999948587783800136e-01
9.999875423484435588e-01
9.999713299796241239e-01
9.999370855638148869e-01
9.998679299702009082e-01
9.997340938366072738e-01
9.994854635102278229e-01
9.990416351144428830e-01
9.982799504042005889e-01
9.970231244827917338e-01
9.950297073373596257e-01
9.919929738488821869e-01
9.875548517556044237e-01
9.813388419194197798e-01
9.730000289317323192e-01
9.622885011980032433e-01
9.491186912910914986e-01
9.336174122799473230e-01
9.161213387381079709e-01
8.971108834320493663e-01
8.771541598860891353e-01
8.568771701828915566e-01
8.368804297374240475e-01
8.176314479536213042e-01
7.994289607558424660e-01
7.825153526099627443e-01
7.671551776784396592e-01
7.535837777911246205e-01
7.418983987328422458e-01
7.321814334655902812e-01
7.246963936190077282e-01
7.197876958706486139e-01
7.177194695183973794e-01
7.186113339760675789e-01
7.225740514872101006e-01
7.297536681039208384e-01
7.401920591698070151e-01
7.537174130805645023e-01
7.700377295135968359e-01
7.888832835363346341e-01
8.099653744954056211e-01
8.329194949309367546e-01
8.573094658416685609e-01
8.827244064626503794e-01
9.088251554701899382e-01
9.352985720132096503e-01
9.618270602800194080e-01
9.881205373050482299e-01
1.013958074995416236e+00
1.039167861798101500e+00
1.063599370202742200e+00
1.087114532198399708e+00
1.109608208740944235e+00
1.131014636435228038e+00
1.151287140290509159e+00
1.170383736641321226e+00
1.188273455569216708e+00
1.204946403729863613e+00
1.220405680226870571e+00
1.234657771811773941e+00
1.247709851119813251e+00
1.259576122488111016e+00
1.270251105576687856e+00
1.279736602054366568e+00
1.288072649598009933e+00
1.295436997993106187e+00
1.302356142021545260e+00
1.309169142140634401e+00
1.315597636120587666e+00
1.321196558627256934e+00
1.325795307257423339e+00
1.329433789252204567e+00
1.332150311667298803e+00
1.333980385999814722e+00
1.334958571801166727e+00
1.335119986706233108e+00
1.334498983402432781e+00
1.333128112645127317e+00
1.331038752143792303e+00
1.328262327331499071e+00
1.324830017372977453e+00
1.320772001061825796e+00
1.316117370437894118e+00
1.310894980799951481e+00
1.305133749032763246e+00
1.298862094526065825e+00
1.292107531434859569e+00
1.284897273255023453e+00
1.277258773059275931e+00
1.269219298043284594e+00
1.260805571959733529e+00
1.252044032002171514e+00
1.242961263444902764e+00
1.233583854105883892e+00
1.223938105252722064e+00
1.214050062222324033e+00
1.203945834518789670e+00
1.193651621705722699e+00
1.183193469086480265e+00
1.172597170760870000e+00
1.161888508266939679e+00
1.151093359650972481e+00
1.140237482030566962e+00
1.129346338962965435e+00
1.118445272051052042e+00
1.107559639812595309e+00
1.096714615104674273e+00
1.085934997305339378e+00
1.075245305688774966e+00
1.064669895841483083e+00
1.054232794849164767e+00
1.043957516824951970e+00
1.033867084279993520e+00
1.023984104366223002e+00
1.014330639130800682e+00
1.004928022850197111e+00
9.957968389942563059e-01
9.869569691516184573e-01
9.784274835823679739e-01
9.702264627027316068e-01
9.623709471531980419e-01
9.548769650875277293e-01
9.477594357902980882e-01
9.410320025815321898e-01
9.347069811323525101e-01
9.287953853221750933e-01
9.233068469750611573e-01
9.182494690844835716e-01
9.136297903241921148e-01
9.094528211866982348e-01
9.057219831336646987e-01
9.024389922289774990e-01
8.996038574352063222e-01
8.972149393420525421e-01
8.952689129572514171e-01
8.937606904899414451e-01
8.926834626685450358e-01
8.920287827362690658e-01
8.917865545680583317e-01
8.919450021034860399e-01
8.924907657404758110e-01
8.934090201822874056e-01
8.946834896865254461e-01
8.962964707400903341e-01
8.982289814531255745e-01
9.004609082705560263e-01
9.029710501187337979e-01
9.057372108709365044e-01
9.087363815943537704e-01
9.119448951517942215e-01
9.153385114430185876e-01
9.188925689656750606e-01
9.225821843767832986e-01
9.263824009473888843e-01
9.302683025047526755e-01
9.342152060152959514e-01
9.381988599538142459e-01
9.421955692005857808e-01
9.461823256318588893e-01
9.501369929593279640e-01
9.540384605240049831e-01
9.578667323274659973e-01
9.616030459596405233e-01
9.652299932542109939e-01
9.687315847112137890e-01
9.720932799591199824e-01
9.753020377285824827e-01
9.783463282794512272e-01
9.812160818202908530e-01
9.839026305809427386e-01
9.863986288981068107e-01
9.886979269673026316e-01
9.907954120685991128e-01
9.926868366455693371e-01
9.943686161683205071e-01
9.958375987209965308e-01
9.970908275558828526e-01
9.981252952800719891e-01
9.989376946925860867e-01
9.995241787086922569e-01
9.998206446665146574e-01
1.000000000000000000e+00
