1.000000000000000000e+00
1.000000000000000000e+00
1.000000000000000000e+00
1.000000000000000000e+00
1.000000000000000000e+00
1.000000000000000000e+00
1.000000000000000000e+00
9.999999999999064082e-01
9.999999999991019406e-01
9.999999999918866012e-01
9.999999999430321251e-01
9.999999996714172834e-01
9.999999983897943645e-01
9.999999931188980895e-01
9.999999738341187605e-01
9.999999100454820544e-01
9.999997168293608407e-01
9.999991753197220445e-01
9.999977592491291478e-01
9.999942801342162069e-01
9.999862039759109811e-01
9.999684095995301503e-01
9.999310582205852560e-01
9.998561457769754579e-01
9.997122587532358828e-01
9.994471536901522457e-01
9.989781580758284596e-01
9.981811225338207416e-01
9.968798064983309670e-01
9.948391033863314137e-01
9.917677006470462242e-01
9.873362213548289024e-01
9.812131151880069124e-01
9.731137703612766643e-01
9.628581210358971854e-01
9.504304509025160996e-01
9.360133634916385503e-01
9.199666336300476033e-01
9.027403479848247203e-01
8.848166868683047248e-01
8.666972323948628487e-01
8.488287568225386659e-01
8.314977394288080026e-01
8.148092491417531225e-01
7.988437873492261199e-01
7.837631128184451290e-01
7.697464184438911339e-01
7.568503211115580331e-01
7.451588699021395312e-01
7.350244917816348700e-01
7.269371518166076740e-01
7.213168625850083782e-01
7.184278478965320236e-01
7.185444993903806754e-01
7.220012989025310635e-01
7.290094145089038857e-01
7.395097577468965344e-01
7.532840171987353894e-01
7.701295976462586568e-01
7.898027908621709781e-01
8.119437535667196615e-01
8.360810001081862008e-01
8.617557742160287804e-01
8.885830882600471714e-01
9.161960341778510042e-01
9.442098643614331710e-01
9.722652906280088159e-01
1.000083595543897141e+00
1.027443091858873725e+00
1.054145510899903826e+00
1.080006174594011936e+00
1.104880682732436892e+00
1.128673586344302482e+00
1.151313303447077052e+00
1.172734414526571234e+00
1.192885767613162562e+00
1.211743109079607361e+00
1.229299000176172774e+00
1.245550866373910770e+00
1.260497640189863100e+00
1.274147597765814988e+00
1.286491945159250028e+00
1.297530247864594699e+00
1.307300272432199817e+00
1.315978185844378201e+00
1.324090460197525410e+00
1.331976955257418993e+00
1.339388240410525288e+00
1.345947595668571584e+00
1.351453098054267388e+00
1.355878596050659857e+00
1.359264948916816929e+00
1.361649901661803108e+00
1.363070314118913107e+00
1.363563983503407018e+00
1.363167994564921770e+00
1.361917425320551489e+00
1.359846099494366634e+00
1.356988067637746598e+00
1.353377232614478842e+00
1.349046412534789630e+00
1.344027224466608939e+00
1.338351119406208545e+00
1.332049742123723846e+00
1.325154239408328660e+00
1.317694754339908014e+00
1.309701166057358979e+00
1.301203752343305764e+00
1.292232665625304699e+00
1.282817492088944133e+00
1.272987568167543104e+00
1.262772517578796494e+00
1.252202074138827337e+00
1.241305727134912829e+00
1.230112761512009545e+00
1.218652656851262339e+00
1.206955123456024515e+00
1.195049803816863987e+00
1.182966156101116439e+00
1.170733754402413451e+00
1.158382428907542394e+00
1.145942000284305262e+00
1.133442068697545047e+00
1.120912231513192525e+00
1.108382260616763926e+00
1.095881853514088622e+00
1.083440401413569898e+00
1.071087108475206939e+00
1.058851139877758030e+00
1.046761416984298254e+00
1.034846386259586914e+00
1.023134045818902438e+00
1.011652040530920837e+00
1.000427497067530425e+00
9.894867906578160843e-01
9.788555120918860375e-01
9.685585249739964153e-01
9.586198218767266743e-01
9.490622915924172842e-01
9.399076482179258285e-01
9.311764576178227504e-01
9.228880061398625489e-01
9.150600783231876978e-01
9.077088807476200172e-01
9.008490644630547939e-01
8.944936118432985639e-01
8.886536380111023092e-01
8.833383343182776848e-01
8.785550037677405388e-01
8.743089725881781904e-01
8.706034307845170739e-01
8.674394202057750247e-01
8.648159009952114396e-01
8.627296955684546909e-01
8.611753817300698000e-01
8.601453391218841782e-01
8.596298516259894829e-01
8.596170871448112205e-01
8.600930539707843936e-01
8.610417217479613416e-01
8.624451709639632258e-01
8.642836106203750646e-01
8.665354059049159563e-01
8.691772700955797681e-01
8.721844533653575482e-01
8.755307990849378053e-01
8.791888625940901258e-01
8.831301461014553489e-01
8.873252976167111949e-01
8.917442197275471383e-01
8.963562638376542102e-01
9.011304861389605181e-01
9.060358368700474063e-01
9.110413043064223837e-01
9.161161601684547628e-01
9.212302120910054182e-01
9.263539604595483201e-01
9.314587623282890583e-01
9.365170655297536673e-01
9.415026025254219499e-01
9.463905004103051466e-01
9.511574300149545635e-01
9.557817577624981853e-01
9.602436252647090775e-01
9.645249857060346210e-01
9.686096665531948036e-01
9.724833846927664061e-01
9.761336797461900305e-01
9.795498404512650303e-01
9.827228038417005207e-01
9.856449955972380605e-01
9.883101294098717293e-01
9.907129904056647396e-01
9.928491802925906162e-01
9.947148265327172556e-01
9.963062828608652000e-01
9.976198191208213162e-01
9.986513066059578003e-01
9.993959147038020685e-01
9.997722679668494816e-01
1.000000000000000000e+00
