1.000000000000000000e+00
1.000000000000000000e+00
1.000000000000000000e+00
1.000000000000000000e+00
1.000000000000000000e+00
1.000000000000000000e+00
1.000000000000000000e+00
9.999999999998574474e-01
9.999999999985661470e-01
9.999999999872325462e-01
9.999999999106321535e-01
9.999999994863119079e-01
9.999999974922101353e-01
9.999999893279388763e-01
9.999999596064268470e-01
9.999998618437482278e-01
9.999995675606074830e-01
9.999987485258619024e-01
9.999966233506071278e-01
9.999914474732737313e-01
9.999795498010974892e-01
9.999536226893923629e-01
9.998998711849996779e-01
9.997935627548180104e-01
9.995925625017120231e-01
9.992287423235339805e-01
9.985978650374742749e-01
9.975496598471949028e-01
9.958812396811078660e-01
9.933384869440506915e-01
9.896320739311426085e-01
9.844734982091284392e-01
9.776285002679733216e-01
9.689742228141503544e-01
9.585508798089331650e-01
9.466035911508957623e-01
9.335787214402996304e-01
9.200402367612640075e-01
9.065013287138204978e-01
8.933438787245963075e-01
8.808477487365936609e-01
8.691236904931916030e-01
8.579891331608900940e-01
8.469812620109120616e-01
8.356667060724355389e-01
8.238414482907926439e-01
8.114178496824904219e-01
7.981718513357082267e-01
7.840025259950155201e-01
7.693543009845149605e-01
7.549887824381380508e-01
7.416244466111919786e-01
7.297916138955341525e-01
7.201345394510436648e-01
7.135023922964164322e-01
7.106120582991657386e-01
7.117620036438255804e-01
7.170075080903376419e-01
7.264524730746513281e-01
7.401193134491261816e-01
7.577870567841199501e-01
7.789815250121207013e-01
8.031945792029482334e-01
8.299933767124819672e-01
8.589191232613408999e-01
8.894265582106366530e-01
9.209710638082726497e-01
9.531173573778669583e-01
9.855036519511256587e-01
1.017787514595138720e+00
1.049634416071673959e+00
1.080770443845290529e+00
1.111001110008545956e+00
1.140169169796922954e+00
1.168125543242473752e+00
1.194745136919541650e+00
1.219949807632259908e+00
1.243691185143630973e+00
1.265930334892449105e+00
1.286632293246956937e+00
1.305779630833442173e+00
1.323347259623436578e+00
1.339322286591957845e+00
1.353729875359856338e+00
1.366736131150453115e+00
1.378863161695002004e+00
1.390449442197629448e+00
1.401244557509983446e+00
1.411035751508137981e+00
1.419727959034450260e+00
1.427129164780953419e+00
1.433169977971457953e+00
1.437892144125865856e+00
1.441336847400746413e+00
1.443547626688211682e+00
1.444567545159369581e+00
1.444436968677257349e+00
1.443194743804407931e+00
1.440880588716560773e+00
1.437534420646491062e+00
1.433194759842711941e+00
1.427898497538033995e+00
1.421682576824820465e+00
1.414584562427978698e+00
1.406641472143817628e+00
1.397888917336944647e+00
1.388362316924584672e+00
1.378097990644203463e+00
1.367132283129521841e+00
1.355500824867739151e+00
1.343239060243163419e+00
1.330383151048594170e+00
1.316969689831994028e+00
1.303035114963644103e+00
1.288615790116554249e+00
1.273748693723133707e+00
1.258471501544667914e+00
1.242822103782217136e+00
1.226838429609749648e+00
1.210558984708938191e+00
1.194023121209477845e+00
1.177270615328960934e+00
1.160341335222889958e+00
1.143275648531073108e+00
1.126114764497042398e+00
1.108900339835637849e+00
1.091674108878458505e+00
1.074478125192517952e+00
1.057355055627046125e+00
1.040347855375742370e+00
1.023499390408307175e+00
1.006852511578890219e+00
9.904502493870558366e-01
9.743355437986852552e-01
9.585508443945627288e-01
9.431380632200497827e-01
9.281386864687440896e-01
9.135935187810382274e-01
8.995422576525237135e-01
8.860233541476978392e-01
8.730740461506182326e-01
8.607300972038841591e-01
8.490253592955534501e-01
8.379915974171440185e-01
8.276584918303958593e-01
8.180533839586233702e-01
8.092008562170833752e-01
8.011225720051373678e-01
7.938372857995916743e-01
7.873606183472843245e-01
7.817046944205803261e-01
7.768780582758338937e-01
7.728857390871799460e-01
7.697290847947975134e-01
7.674054992265726405e-01
7.659084747987202624e-01
7.652277365456843228e-01
7.653491542910612067e-01
7.662546123964111278e-01
7.679222014284489140e-01
7.703264698489116213e-01
7.734384242766978446e-01
7.772255518265656082e-01
7.816521652239122320e-01
7.866797450979046147e-01
7.922670259321488162e-01
7.983702048119282191e-01
8.049433781081911654e-01
8.119389081536473318e-01
8.193076126957606897e-01
8.269991206248031856e-01
8.349623475466727562e-01
8.431458388213883826e-01
8.514980217414037655e-01
8.599676553042566729e-01
8.685042925739294706e-01
8.770585539191324553e-01
8.855824136807762814e-01
8.940296254619944927e-01
9.023560695370415052e-01
9.105199373939393270e-01
9.184819967707698041e-01
9.262058668402559647e-01
9.336581567597331821e-01
9.408085259067293649e-01
9.476298040823213364e-01
9.540980267936335357e-01
9.601923186023550993e-01
9.658947728464152283e-01
9.711902879280284173e-01
9.760662975109549722e-01
9.805124293643115996e-01
9.845201415206671358e-01
9.880822903808066382e-01
9.911926337066733206e-01
9.938453206475080792e-01
9.960343625792712485e-01
9.977530945324947220e-01
9.989936558288856627e-01
9.996206838515168114e-01
1.000000000000000000e+00
