1.000000000000000000e+00
1.000000000000000000e+00
1.000000000000000000e+00
1.000000000000000000e+00
1.000000000000000000e+00
1.000000000000000000e+00
1.000000000000000000e+00
9.999999999999297229e-01
9.999999999992693622e-01
9.999999999934112704e-01
9.999999999535872375e-01
9.999999997314000799e-01
9.999999986788662421e-01
9.999999943313070405e-01
9.999999783485280513e-01
9.999999252029715402e-01
9.999997632896195920e-01
9.999993066080092863e-01
9.999981039641281377e-01
9.999951263519429867e-01
9.999881555780937292e-01
9.999726533182119459e-01
9.999397799016112032e-01
9.998731089991412802e-01
9.997434841476227074e-01
9.995014756545579360e-01
9.990671523805737531e-01
9.983175089113277556e-01
9.970730290475675606e-01
9.950865750352463346e-01
9.920402560440151341e-01
9.875572611938564505e-01
9.812335768098088273e-01
9.726891069112425514e-01
9.616350299477621766e-01
9.479491331748418625e-01
9.317320651167759760e-01
9.133149944369197692e-01
8.932041595624977681e-01
8.720251819516923186e-01
8.504830269757215344e-01
8.292723414635144730e-01
8.089674589208388777e-01
7.899777973571481260e-01
7.726360829582716860e-01
7.572619134549730679e-01
7.441166485452823665e-01
7.333110319759628126e-01
7.249148241341354382e-01
7.191298890103148267e-01
7.162073336727362571e-01
7.163121747074486789e-01
7.194720109252582541e-01
7.256981700999607376e-01
7.350279122412832766e-01
7.474085539683210655e-01
7.626074097152175657e-01
7.802956257281468133e-01
8.001729706246722973e-01
8.219337497035624773e-01
8.452184437106207149e-01
8.696168361325521401e-01
8.947502233898967372e-01
9.203099077902104908e-01
9.460164596834217399e-01
9.715920043144057328e-01
9.967863686324184291e-01
1.021411832228122707e+00
1.045325003931653951e+00
1.068402105753551989e+00
1.090530786767530902e+00
1.111627441975295616e+00
1.131642562420659415e+00
1.150543012282468025e+00
1.168299419300833808e+00
1.184891598856882444e+00
1.200317287999057569e+00
1.214585130929887846e+00
1.227706329469409940e+00
1.239692302099741017e+00
1.250560246476561721e+00
1.260306265638274414e+00
1.268933155718826367e+00
1.276481957382649135e+00
1.283131048044253930e+00
1.289406707929549256e+00
1.295647333666414713e+00
1.301517816951971218e+00
1.306576670872521939e+00
1.310707168024214830e+00
1.313947613807887382e+00
1.316334712571116894e+00
1.317902539970209119e+00
1.318684179344342677e+00
1.318713063438640143e+00
1.318021827389959766e+00
1.316641410491718123e+00
1.314601618564043894e+00
1.311932204401996538e+00
1.308662617233105951e+00
1.304821347321523106e+00
1.300435855776310268e+00
1.295533324983307422e+00
1.290140923959993691e+00
1.284285320970392164e+00
1.277992328741684780e+00
1.271287436529258796e+00
1.264196284901674128e+00
1.256744293759259445e+00
1.248956349987292880e+00
1.240857032829874251e+00
1.232470994207227832e+00
1.223822830911273529e+00
1.214936831389009653e+00
1.205837002033936844e+00
1.196547346011075375e+00
1.187091884751609205e+00
1.177494443661550205e+00
1.167778566692005304e+00
1.157967723347805622e+00
1.148085402510774733e+00
1.138154921949795728e+00
1.128199277330773409e+00
1.118241290731264215e+00
1.108303730573949375e+00
1.098409134986618740e+00
1.088579648597378879e+00
1.078837103584564305e+00
1.069203120754018688e+00
1.059698967061062369e+00
1.050345396740026915e+00
1.041162670991558015e+00
1.032170625314475121e+00
1.023388559019624777e+00
1.014835079611779767e+00
1.006528085422215613e+00
9.984848105458743461e-01
9.907217334564709654e-01
9.832544265820967189e-01
9.760975169891282777e-01
9.692647136836340938e-01
9.627687286747226292e-01
9.566211375474152900e-01
9.508323393911485288e-01
9.454115833016519810e-01
9.403669037667514718e-01
9.357049990698497188e-01
9.314312050699452561e-01
9.275495301491450961e-01
9.240626068598900567e-01
9.209715958989762585e-01
9.182761879587182374e-01
9.159746569014596274e-01
9.140638305505283112e-01
9.125390270153598271e-01
9.113940919393532791e-01
9.106214717923171165e-01
9.102122049476281118e-01
9.101558965435881943e-01
9.104408013577812708e-01
9.110539246710230854e-01
9.119810354042590106e-01
9.132066854438390946e-01
9.147143368220437276e-01
9.164864864965606150e-01
9.185047037087739064e-01
9.207497085423260730e-01
9.232015270018155695e-01
9.258396226424464581e-01
9.286429692931227331e-01
9.315901804318172941e-01
9.346596796195090207e-01
9.378298276458153504e-01
9.410790205328919411e-01
9.443858546919131625e-01
9.477292972052222542e-01
9.510887937703470518e-01
9.544443816460024266e-01
9.577768488659332835e-01
9.610678670962837788e-01
9.643000694038201814e-01
9.674571534118574512e-01
9.705239858151578636e-01
9.734866588911299523e-01
9.763325179030986067e-01
9.790502048278932890e-01
9.816296698300531753e-01
9.840621279490046058e-01
9.863400100214919641e-01
9.884568945281932972e-01
9.904073996676890923e-01
9.921870474242333593e-01
9.937921161459420949e-01
9.952194671709497786e-01
9.964663472190640192e-01
9.975301846892975499e-01
9.984083788179457519e-01
9.990980860617084680e-01
9.995960143836959411e-01
9.998477455380934131e-01
1.000000000000000000e+00
