1.000000000000000000e+00
1.000000000000000000e+00
1.000000000000000000e+00
1.000000000000000000e+00
1.000000000000000000e+00
1.000000000000000000e+00
1.000000000000000000e+00
9.999999999998914202e-01
9.999999999989760413e-01
9.999999999907878134e-01
9.999999999353925695e-01
9.999999996278677861e-01
9.999999981791577452e-01
9.999999922318072443e-01
9.999999705155127039e-01
9.999998988432885483e-01
9.999996822819386955e-01
9.999990770043811761e-01
9.999974989915874080e-01
9.999936351240674703e-01
9.999846996212730099e-01
9.999650944662780150e-01
9.999241346840694877e-01
9.998424134171319810e-01
9.996863588147976154e-01
9.994006884508542798e-01
9.988989272466753944e-01
9.980529719492857721e-01
9.966838801481600063e-01
9.945575239287895997e-01
9.913908348086682976e-01
9.868743142401019686e-01
9.807116069037136175e-01
9.726691368056101794e-01
9.626299872148542658e-01
9.506465733199144230e-01
9.369627254560862761e-01
9.219752459229119124e-01
9.061263429935119129e-01
8.898415356086900596e-01
8.735309341141994643e-01
8.575206703293732913e-01
8.419462398785098056e-01
8.267431664634234956e-01
8.118454160369068529e-01
7.973167145434297831e-01
7.832741896151459438e-01
7.697184366426222946e-01
7.567106978822045749e-01
7.446592432499266057e-01
7.341610570825004567e-01
7.257520733076742170e-01
7.198032263861945390e-01
7.167188713378496168e-01
7.169947482558931551e-01
7.209929585577090627e-01
7.287584130388455872e-01
7.401464219857635252e-01
7.550283598722841161e-01
7.732176142379374451e-01
7.943744728363327789e-01
8.180090898255589771e-01
8.436316865374017260e-01
8.708271620187767459e-01
8.991888476706949573e-01
9.282769186062680422e-01
9.576729735569646795e-01
9.870486782178530261e-01
1.016138946552697320e+00
1.044702853722619729e+00
1.072513083976113446e+00
1.099388976226726378e+00
1.125207559391398826e+00
1.149873892420247401e+00
1.173300250964860680e+00
1.195416076123045013e+00
1.216183175569332198e+00
1.235583735505928704e+00
1.253606131431809656e+00
1.270240970807166914e+00
1.285490392259194037e+00
1.299341954204452199e+00
1.311792590745402665e+00
1.322877393688575820e+00
1.332770511673168956e+00
1.341997888956888429e+00
1.350899636310127772e+00
1.359226671663856578e+00
1.366687968409692200e+00
1.373076131217622731e+00
1.378282989306557349e+00
1.382351312321407732e+00
1.385320459049177222e+00
1.387228971487586948e+00
1.388116692498572613e+00
1.388022803920230697e+00
1.386984286920702525e+00
1.385036790517324867e+00
1.382216358450445881e+00
1.378558977214565884e+00
1.374099464592494213e+00
1.368871324191786254e+00
1.362907955095058243e+00
1.356243069503838994e+00
1.348909874722191926e+00
1.340940474045479114e+00
1.332366734631870386e+00
1.323221066288316150e+00
1.313535804071820579e+00
1.303342688398471783e+00
1.292673238607420672e+00
1.281559388131408017e+00
1.270033278082311368e+00
1.258126841109835636e+00
1.245871851809549735e+00
1.233300402447963240e+00
1.220444950488585922e+00
1.207337969975196046e+00
1.194011818145317427e+00
1.180499096964868988e+00
1.166832825643521421e+00
1.153046131314067413e+00
1.139172003709837844e+00
1.125243560178859958e+00
1.111294263238472579e+00
1.097357630083712232e+00
1.083466961032671261e+00
1.069655487080120926e+00
1.055956552054224673e+00
1.042403372157332475e+00
1.029028762521302154e+00
1.015865171812646794e+00
1.002944798736495224e+00
9.902993953645666814e-01
9.779599866194903512e-01
9.659568295764913159e-01
9.543194807794105339e-01
9.430766199661447802e-01
9.322557646955852428e-01
9.218831791917552199e-01
9.119839001597744854e-01
9.025815705446328385e-01
8.936981614444183819e-01
8.853538702335977950e-01
8.775671378709316572e-01
8.703545007484301266e-01
8.637303376149462197e-01
8.577067889965570568e-01
8.522937887159502957e-01
8.474989442803162465e-01
8.433273302941292071e-01
8.397814623760199160e-01
8.368613675824659870e-01
8.345645054906954963e-01
8.328856273618120420e-01
8.318168240276644365e-01
8.313476434070720122e-01
8.314650583704242814e-01
8.321534065072224706e-01
8.333945330746097557e-01
8.351679699674247059e-01
8.374509532488914054e-01
8.402184534777753511e-01
8.434434088571181043e-01
8.470969550617850619e-01
8.511484920387425435e-01
8.555658278600364319e-01
8.603154658156597634e-01
8.653628470602311440e-01
8.706724817637323532e-01
8.762081853565198974e-01
8.819333905950880181e-01
8.878113768369905179e-01
8.938054429342293661e-01
8.998792049220183387e-01
9.059969020648604987e-01
9.121235844745342325e-01
9.182253092712525655e-01
9.242694234304171808e-01
9.302247970326182891e-01
9.360619532217764327e-01
9.417532469990996802e-01
9.472730481703121042e-01
9.525978359325649736e-01
9.577062411908712214e-01
9.625791227560044350e-01
9.671995862339404226e-01
9.715529033659824343e-01
9.756264244897866478e-01
9.794094590963008384e-01
9.828930853397571665e-01
9.860699104774262036e-01
9.889338130637728153e-01
9.914796390696348771e-01
9.937028544942962949e-01
9.955991879447709803e-01
9.971642602978260106e-01
9.983932086816754703e-01
9.992803238782522746e-01
9.997286868108158364e-01
1.000000000000000000e+00
