1.000000000000000000e+00
1.000000000000000000e+00
1.000000000000000000e+00
1.000000000000000000e+00
1.000000000000000000e+00
1.000000000000000000e+00
1.000000000000000000e+00
9.999999999999269473e-01
9.999999999992499333e-01
9.999999999932336348e-01
9.999999999523668803e-01
9.999999997244812810e-01
9.999999986456079570e-01
9.999999941922272928e-01
9.999999778324103472e-01
9.999999234767824596e-01
9.999997580222738103e-01
9.999992918011132437e-01
9.999980653247576567e-01
9.999950321870251235e-01
9.999879402964453323e-01
9.999721901322113915e-01
9.999388403565272476e-01
9.998713115696249432e-01
9.997402453499447672e-01
9.994959993396995701e-01
9.990585297211569404e-01
9.983050498148150487e-01
9.970569914775592180e-01
9.950694750262031318e-01
9.920289149569323506e-01
9.875656037218967231e-01
9.812858362310332705e-01
9.728225747841472426e-01
9.619013038104647917e-01
9.484131071572445837e-01
9.324678698209420968e-01
9.143982097433327461e-01
8.947001706732170545e-01
8.739774735865678545e-01
8.529052919961696011e-01
8.321429923862038169e-01
8.122251525428506591e-01
7.935202609555114250e-01
7.763278009547123215e-01
7.609473007277997025e-01
7.476309724354521791e-01
7.364853309926273628e-01
7.275857328462381757e-01
7.211577087365340644e-01
7.174876888525566487e-01
7.167781415299024905e-01
7.190914267933959936e-01
7.244760886432026759e-01
7.330096711609045412e-01
7.446742456844230862e-01
7.592593125172576451e-01
7.764491913889719488e-01
7.959542883249371981e-01
8.174744969304585940e-01
8.406478524645318862e-01
8.650540912661175419e-01
8.903022478060135247e-01
9.160720438489767803e-01
9.420713693668818500e-01
9.680075715828799776e-01
9.936157031516988924e-01
1.018695759585808602e+00
1.043093853818927608e+00
1.066676361634900205e+00
1.089321494707224502e+00
1.110937754574802705e+00
1.131469675421728605e+00
1.150879166528937958e+00
1.169132249667769186e+00
1.186204806617907614e+00
1.202091794423473248e+00
1.216799840979923664e+00
1.230338437803731644e+00
1.242717466759121869e+00
1.253953047185611513e+00
1.264040719210129504e+00
1.272982932146454305e+00
1.280820377848719271e+00
1.287731222705232659e+00
1.294241844011011056e+00
1.300690900408448814e+00
1.306764262462888571e+00
1.312019128289281689e+00
1.316318873315414084e+00
1.319702410755362321e+00
1.322207053272898891e+00
1.323867424089659961e+00
1.324717169064212774e+00
1.324790359918036176e+00
1.324120282943528792e+00
1.322738490085789476e+00
1.320675385617033681e+00
1.317961357853923987e+00
1.314626512739443198e+00
1.310699982379348816e+00
1.306209848928349126e+00
1.301183931387711157e+00
1.295650062983978446e+00
1.289635577570421354e+00
1.283166935479953086e+00
1.276270282040323112e+00
1.268971946217370750e+00
1.261298049060947557e+00
1.253274174805121932e+00
1.244925607690989589e+00
1.236277732044278821e+00
1.227355897927620454e+00
1.218185154763887557e+00
1.208790279131259693e+00
1.199196068552006222e+00
1.189427364495004857e+00
1.179508827043742381e+00
1.169464845176704015e+00
1.159319755195878709e+00
1.149097939991326145e+00
1.138823628628300888e+00
1.128520737375066973e+00
1.118213026509784491e+00
1.107924227027836439e+00
1.097677854458080526e+00
1.087497036609742507e+00
1.077404599002486751e+00
1.067423171418316663e+00
1.057575037220470859e+00
1.047881965112522407e+00
1.038365229369522025e+00
1.029045680342676850e+00
1.019943626939298076e+00
1.011078671168286647e+00
1.002469688702271711e+00
9.941348752548102574e-01
9.860916486626913890e-01
9.783564883198634377e-01
9.709448920639587310e-01
9.638714035300310901e-01
9.571495269740871725e-01
9.507915779290710967e-01
9.448086390360974640e-01
9.392105864219589817e-01
9.340060195489292560e-01
9.292021306532560754e-01
9.248046753127021624e-01
9.208180079593025757e-01
9.172450291541285328e-01
9.140870823628818309e-01
9.113439546621395770e-01
9.090139320477431673e-01
9.070937674680505935e-01
9.055786123905633644e-01
9.044620556299821645e-01
9.037362006004373560e-01
9.033916554222525264e-01
9.034175059173673583e-01
9.038014034306993683e-01
9.045296718783197853e-01
9.055873217084721150e-01
9.069580704914130820e-01
9.086244781462612385e-01
9.105680796605053473e-01
9.127694249378449642e-01
9.152081624065004917e-01
9.178632039170123713e-01
9.207128646825986085e-01
9.237349405561607885e-01
9.269068454393218914e-01
9.302057922495301501e-01
9.336089277914539908e-01
9.370934365597735072e-01
9.406367158280158902e-01
9.442165561026845122e-01
9.478112552378695765e-01
9.513997378001086691e-01
9.549617235674804361e-01
9.584778679818629632e-01
9.619298440279325790e-01
9.653004511107727836e-01
9.685737254123589768e-01
9.717349992715116347e-01
9.747709296942547175e-01
9.776695443139028496e-01
9.804202531732345571e-01
9.830138023824606108e-01
9.854422217785993032e-01
9.876987524378213479e-01
9.897777320328037254e-01
9.916744505361628770e-01
9.933849938172272243e-01
9.949060597358619917e-01
9.962347485346625398e-01
9.973683467887481946e-01
9.983041037691977593e-01
9.990390048250661348e-01
9.995695530999044731e-01
9.998377621650752500e-01
1.000000000000000000e+00
