1.000000000000000000e+00
1.000000000000000000e+00
1.000000000000000000e+00
1.000000000000000000e+00
1.000000000000000000e+00
1.000000000000000000e+00
1.000000000000000000e+00
9.999999999998641087e-01
9.999999999986306509e-01
9.999999999877972057e-01
9.999999999145662288e-01
9.999999995088308946e-01
9.999999976016455960e-01
9.999999897912777991e-01
9.999999613501669993e-01
9.999998677696766425e-01
9.999995859759369665e-01
9.999988013878202686e-01
9.999967646725017589e-01
9.999918016983102564e-01
9.999803867753429554e-01
9.999554951296666383e-01
9.999038510979935124e-01
9.998016216952012591e-01
9.996081400218773672e-01
9.992575244388478550e-01
9.986487330360729331e-01
9.976356593382894600e-01
9.960202644799652782e-01
9.935532003057250261e-01
9.899484054050575743e-01
9.849170388065031645e-01
9.782185721592469019e-01
9.697163606151466553e-01
9.594289917625097308e-01
9.475730010330833952e-01
9.345624157332659276e-01
9.209315305662384432e-01
9.071757378850804354e-01
8.936742990303523371e-01
8.807163498735158802e-01
8.684347322820095139e-01
8.566855406138629281e-01
8.450587439436563209e-01
8.331717895635405435e-01
8.208595474324248409e-01
8.080668595522008113e-01
7.946079362496314413e-01
7.804131933551132771e-01
7.659306825716202249e-01
7.519077965039228095e-01
7.390468344636815790e-01
7.278654053752631192e-01
7.189822173780261449e-01
7.132023562298600572e-01
7.111963184626429735e-01
7.132289744175249746e-01
7.193274937639226874e-01
7.295602297300119998e-01
7.439154245504946417e-01
7.621499884790129409e-01
7.837822546099175725e-01
8.083012806224174618e-01
8.352712939963913286e-01
8.642361466242193258e-01
8.946619239929080036e-01
9.260192012762750169e-01
9.578856478982264999e-01
9.899115342054970457e-01
1.021767811842229978e+00
1.053134705426243434e+00
1.083751347444494195e+00
1.113433329767836266e+00
1.142032350567630861e+00
1.169408320247731670e+00
1.195444246179880210e+00
1.220067991748834846e+00
1.243235853808309033e+00
1.264913125371022184e+00
1.285068838060876573e+00
1.303688676615790243e+00
1.320749642514956301e+00
1.336240514052341455e+00
1.350188137264371369e+00
1.362760013561309158e+00
1.374479016832202527e+00
1.385684057306469263e+00
1.396125104887598001e+00
1.405589754903417532e+00
1.413957417411346951e+00
1.421037715968414439e+00
1.426786029972607839e+00
1.431243916793535575e+00
1.434452327028870045e+00
1.436454404607087509e+00
1.437292784989545158e+00
1.437007474503610993e+00
1.435636983856206639e+00
1.433220622665514865e+00
1.429797860085737060e+00
1.425406800467520663e+00
1.420083964686337019e+00
1.413865902733864477e+00
1.406789741869450827e+00
1.398892069925453230e+00
1.390208114443032494e+00
1.380772906519513787e+00
1.370622328509977450e+00
1.359792276333644967e+00
1.348317952892346350e+00
1.336234373827401178e+00
1.323577231985395120e+00
1.310382622713301526e+00
1.296686483837431902e+00
1.282524670999799943e+00
1.267933615771128952e+00
1.252950403005103297e+00
1.237612307560352898e+00
1.221956624856258333e+00
1.206021182216381105e+00
1.189844594048556692e+00
1.173465855659808543e+00
1.156924023387644773e+00
1.140258600416625079e+00
1.123509859660676735e+00
1.106718464058021434e+00
1.089925110333014313e+00
1.073170755568403578e+00
1.056496893400407755e+00
1.039945240330713450e+00
1.023557372331826976e+00
1.007374791635704314e+00
9.914391082782320064e-01
9.757917793474030210e-01
9.604737254758189957e-01
9.455252831136691238e-01
9.309863079789889584e-01
9.168959297863928937e-01
9.032921463917455984e-01
8.902116904688105459e-01
8.776900604148829554e-01
8.657612724919034886e-01
8.544574468992528482e-01
8.438086428465383371e-01
8.338428626144590572e-01
8.245858133237993215e-01
8.160605122794090116e-01
8.082871393404190696e-01
8.012830507214738773e-01
7.950625709745331449e-01
7.896366555647147401e-01
7.850128164151652932e-01
7.811951893432680372e-01
7.781843827561619742e-01
7.759772351746395680e-01
7.745668519076854830e-01
7.739427466401263001e-01
7.740907639497601744e-01
7.749929616754899220e-01
7.766277967227568357e-01
7.789703670960649307e-01
7.819924164658007548e-01
7.856623593232251457e-01
7.899456101008255349e-01
7.948049092916454894e-01
8.002004077285594930e-01
8.060898664389943846e-01
8.124290710951824757e-01
8.191721803815563696e-01
8.262719073818092230e-01
8.336798576056134724e-01
8.413469799082103906e-01
8.492238926410923261e-01
8.572611243280854332e-01
8.654095404794339697e-01
8.736207822959164426e-01
8.818475273183555840e-01
8.900437626989511353e-01
8.981651888775230574e-01
9.061695497478747807e-01
9.140168092330308580e-01
9.216694032675687431e-01
9.290925008504665739e-01
9.362541358968322625e-01
9.431252646921755023e-01
9.496798790087674913e-01
9.558950384217732577e-01
9.617507586962247279e-01
9.672298957877207837e-01
9.723179879701807637e-01
9.770029971373410671e-01
9.812749820182067317e-01
9.851257491838427693e-01
9.885484392670447207e-01
9.915370513153518583e-01
9.940859545279939757e-01
9.961893817357043712e-01
9.978409140595537741e-01
9.990329839355921449e-01
9.996354931706867841e-01
1.000000000000000000e+00
