1.000000000000000000e+00
1.000000000000000000e+00
1.000000000000000000e+00
1.000000000000000000e+00
1.000000000000000000e+00
1.000000000000000000e+00
1.000000000000000000e+00
9.999999999999424904e-01
9.999999999993587352e-01
9.999999999942217332e-01
9.999999999591688837e-01
9.999999997629677173e-01
9.999999988301963016e-01
9.999999949621957152e-01
9.999999806814592329e-01
9.999999329737084830e-01
9.999997868884317187e-01
9.999993725741284090e-01
9.999982749603816279e-01
9.999955397417369385e-01
9.999890914768873040e-01
9.999746426554568801e-01
9.999437535948426659e-01
9.998805603960188026e-01
9.997565536529312569e-01
9.995227483916785394e-01
9.990987721011840295e-01
9.983589760664030033e-01
9.971168450397827066e-01
9.951108614819640374e-01
9.919976897060799326e-01
9.873604813754993659e-01
9.807390910514113269e-01
9.716843357263642567e-01
9.598339842830874158e-01
9.450005767112853450e-01
9.272438425445789223e-01
9.068972462639948162e-01
8.845312188909302265e-01
8.608966632469352565e-01
8.368644119445209917e-01
8.133217140399771061e-01
7.910553379058602452e-01
7.706891050158365397e-01
7.527271169900909831e-01
7.375892206816974106e-01
7.255764405147836493e-01
7.168082965885890223e-01
7.113088454488226686e-01
7.091402783756526329e-01
7.103538267770757031e-01
7.149040160927006005e-01
7.226236441013131895e-01
7.333217413425958675e-01
7.468242828482001272e-01
7.629011630911746167e-01
7.812101875982555566e-01
8.013623479894376178e-01
8.230135125789528328e-01
8.458411203177621518e-01
8.695089679890405376e-01
8.936671196851098120e-01
9.180071546315659026e-01
9.422861557462526294e-01
9.662944785105134216e-01
9.898329243621314388e-01
1.012728767795712859e+00
1.034858528747950368e+00
1.056133433585112469e+00
1.076480433950432580e+00
1.095835358862427000e+00
1.114154776829532567e+00
1.131419493328704950e+00
1.147621491948390693e+00
1.162754608871428452e+00
1.176818401463431973e+00
1.189824523019972213e+00
1.201791654398589149e+00
1.212739443331390943e+00
1.222686836839682378e+00
1.231656233370455711e+00
1.239646326610598592e+00
1.246661390814517212e+00
1.252743928533283757e+00
1.258073065804078627e+00
1.263174263192269109e+00
1.268384244632694502e+00
1.273258147936940476e+00
1.277361224800254158e+00
1.280680464917351546e+00
1.283250684451893608e+00
1.285105087661014833e+00
1.286274548261655104e+00
1.286788864599032189e+00
1.286677791448410879e+00
1.285970217245242742e+00
1.284693521833474517e+00
1.282874016692071573e+00
1.280537767256158643e+00
1.277710422967037074e+00
1.274416744324852191e+00
1.270680563119779505e+00
1.266525350221964663e+00
1.261974421158468473e+00
1.257050581662981115e+00
1.251775871187934097e+00
1.246171962755961093e+00
1.240260518830092806e+00
1.234062919009166093e+00
1.227600032013197229e+00
1.220892384793870633e+00
1.213960445109655284e+00
1.206824528124561535e+00
1.199504610671798588e+00
1.192020351556171809e+00
1.184391297219495431e+00
1.176636897544171445e+00
1.168776348524415587e+00
1.160828529985298729e+00
1.152812157527018933e+00
1.144745851211149468e+00
1.136647996358007839e+00
1.128536633968886260e+00
1.120429569866378650e+00
1.112344462857363103e+00
1.104298697094976855e+00
1.096309265110751330e+00
1.088392828627465336e+00
1.080565793964485932e+00
1.072844211191511743e+00
1.065243662277028047e+00
1.057779278805808687e+00
1.050465794288696353e+00
1.043317468528050851e+00
1.036347980201660191e+00
1.029570419390849034e+00
1.022997325057089402e+00
1.016640624892429345e+00
1.010511533365669568e+00
1.004620529673933449e+00
9.989773833911902434e-01
9.935911042561602624e-01
9.884698490318127861e-01
9.836208992812645047e-01
9.790506863660498604e-01
9.747647514105275413e-01
9.707676647002180248e-01
9.670630125929261522e-01
9.636534273893447855e-01
9.605405577241745707e-01
9.577250048760451717e-01
9.552063278863864859e-01
9.529830843714064414e-01
9.510528125712565117e-01
9.494119886249582363e-01
9.480560545132703520e-01
9.469794708243981507e-01
9.461757110766280121e-01
9.456372442300817749e-01
9.453555927753718446e-01
9.453214030527034017e-01
9.455244535735229938e-01
9.459536674983565208e-01
9.465972006788416770e-01
9.474425278718777710e-01
9.484764675558019498e-01
9.496852357258626087e-01
9.510545534598874307e-01
9.525697381892735960e-01
9.542157538993739641e-01
9.559773013297565569e-01
9.578389372547193581e-01
9.597851637639410738e-01
9.618004974924748707e-01
9.638695862606986298e-01
9.659773296539684306e-01
9.681089562793354641e-01
9.702501048431801944e-01
9.723869378995311230e-01
9.745062373649181486e-01
9.765954616384049380e-01
9.786428206155449727e-01
9.806373517096690362e-01
9.825689622706083037e-01
9.844284515787907752e-01
9.862075441624422734e-01
9.878989003960517712e-01
9.894960885850635490e-01
9.909935528241730074e-01
9.923865673055181080e-01
9.936711626030151345e-01
9.948440321867275671e-01
9.959024307529508180e-01
9.968440542953934669e-01
9.976669031731515425e-01
9.983691409250810000e-01
9.989489481661795178e-01
9.994043746904913705e-01
9.997331973227883140e-01
9.998995112575375099e-01
1.000000000000000000e+00
