1.000000000000000000e+00
1.000000000000000000e+00
1.000000000000000000e+00
1.000000000000000000e+00
1.000000000000000000e+00
1.000000000000000000e+00
1.000000000000000000e+00
9.999999999999119593e-01
9.999999999991450172e-01
9.999999999922598581e-01
9.999999999456239408e-01
9.999999996861697049e-01
9.999999984610266068e-01
9.999999934183034789e-01
9.999999749517121117e-01
9.999999138084939565e-01
9.999997284010624377e-01
9.999992081418819234e-01
9.999978458040763574e-01
9.999944936989680899e-01
9.999866994936212894e-01
9.999694948936439509e-01
9.999333082902407410e-01
9.998605693373349146e-01
9.997205118712387817e-01
9.994617612556511155e-01
9.990026408134861091e-01
9.982198367257887339e-01
9.969372040853695660e-01
9.949180531791754767e-01
9.918664948603116427e-01
9.874440676385519700e-01
9.813044858024821959e-01
9.731428927198941814e-01
9.627552706911933766e-01
9.501013287308895938e-01
9.353431928723061617e-01
9.188307022592068218e-01
9.010219039125325624e-01
8.824258196626481032e-01
8.635840710557507460e-01
8.449938519212661925e-01
8.270021188532481471e-01
8.097796327644571912e-01
7.934624032564082663e-01
7.782480634503702310e-01
7.643364834092449822e-01
7.518006605145527432e-01
7.407271847465594083e-01
7.314411653920654954e-01
7.243858434661237800e-01
7.199309988030142549e-01
7.182943219472968099e-01
7.196963363878544628e-01
7.244079862268355541e-01
7.325825460034680603e-01
7.441218764543091613e-01
7.587813850616739186e-01
7.763336847523010231e-01
7.965175106250661496e-01
8.189693922717906638e-01
8.432282501168930633e-01
8.688502341584060096e-01
8.954646978980949079e-01
9.227221129400756672e-01
9.502601001365177380e-01
9.777427101836307921e-01
1.004910746981289904e+00
1.031559440043059661e+00
1.057506844658991252e+00
1.082584335844269940e+00
1.106661074363470165e+00
1.129651875052209320e+00
1.151493797544224984e+00
1.172129591114908109e+00
1.191515160983356969e+00
1.209631288965592244e+00
1.226474247856489175e+00
1.242044669773157528e+00
1.256344414858141967e+00
1.269383882948441178e+00
1.281155492737580337e+00
1.291659648585872011e+00
1.300934970083728048e+00
1.309158237891379528e+00
1.316855993961381088e+00
1.324367882524168705e+00
1.331444220682086232e+00
1.337674993427473868e+00
1.342860358113776353e+00
1.347005904583217228e+00
1.350151663088162701e+00
1.352334661218723255e+00
1.353591018671838286e+00
1.353957661004775881e+00
1.353470783717948711e+00
1.352164647635430761e+00
1.350072288358060479e+00
1.347226906776903155e+00
1.343661522647806139e+00
1.339408101271470475e+00
1.334497447651348923e+00
1.328960177079533178e+00
1.322827053562711797e+00
1.316128344266036532e+00
1.308893347912727378e+00
1.301151087429259112e+00
1.292930929844210652e+00
1.284262096551422205e+00
1.275173251392764051e+00
1.265692796271367326e+00
1.255849372346886872e+00
1.245671693727838036e+00
1.235188215547407209e+00
1.224427170631700479e+00
1.213416940717101156e+00
1.202186088723718127e+00
1.190763078903067207e+00
1.179176166901058975e+00
1.167453678157513330e+00
1.155624136855343043e+00
1.143716016822191595e+00
1.131757543637329944e+00
1.119776895814593942e+00
1.107802368247345903e+00
1.095862139156493109e+00
1.083984053271765946e+00
1.072195731609209668e+00
1.060524708022552165e+00
1.048998238050078191e+00
1.037643083877596295e+00
1.026485538732309077e+00
1.015551515024000206e+00
1.004866391507832413e+00
9.944547976343055540e-01
9.843405838700253208e-01
9.745468758468734949e-01
9.650959425474598952e-01
9.560089826721568373e-01
9.473060611482067017e-01
9.390061359335433178e-01
9.311269391909873239e-01
9.236847747193988045e-01
9.166944506987336760e-01
9.101693035983179358e-01
9.041210970065828301e-01
8.985598418071372162e-01
8.934937475249854488e-01
8.889292584184813606e-01
8.848709752967449660e-01
8.813215118596445796e-01
8.782814868747720327e-01
8.757495883397853342e-01
8.737225246197931616e-01
8.721949285915968630e-01
8.711594026973938920e-01
8.706066151905582640e-01
8.705252832767322868e-01
8.709021345132187397e-01
8.717220193337739120e-01
8.729680495427394327e-01
8.746216154017298905e-01
8.766624117784621584e-01
8.790686150927895515e-01
8.818170572899759474e-01
8.848832780043144330e-01
8.882416341226491152e-01
8.918655160419386441e-01
8.957275309331419466e-01
8.997996032945473344e-01
9.040531541204305244e-01
9.084593368931458413e-01
9.129892124562803968e-01
9.176138824799459082e-01
9.223047161948133565e-01
9.270335837348769870e-01
9.317730017846641566e-01
9.364962858082995778e-01
9.411777667500128564e-01
9.457929707590266855e-01
9.503187218807899184e-01
9.547332805176160786e-01
9.590164842351575070e-01
9.631498220009637734e-01
9.671164684685618074e-01
9.709013420804895045e-01
9.744911191196206079e-01
9.778741722451916862e-01
9.810405022255320739e-01
9.839816442561281074e-01
9.866905198461386473e-01
9.891612506755654843e-01
9.913889574401120175e-01
9.933695232487966820e-01
9.950993237564103033e-01
9.965749491879013489e-01
9.977929164915989579e-01
9.987493774078712860e-01
9.994398370674567600e-01
9.997888320242347415e-01
1.000000000000000000e+00
