1.000000000000000000e+00
1.000000000000000000e+00
1.000000000000000000e+00
1.000000000000000000e+00
1.000000000000000000e+00
1.000000000000000000e+00
1.000000000000000000e+00
9.999999999999258371e-01
9.999999999992421618e-01
9.999999999931625805e-01
9.999999999518772720e-01
9.999999997217041692e-01
9.999999986322521961e-01
9.999999941363396649e-01
9.999999776248608141e-01
9.999999227820250969e-01
9.999997559001648773e-01
9.999992858287848341e-01
9.999980497183162953e-01
9.999949940917680635e-01
9.999878530309458391e-01
9.999720019250585290e-01
9.999384574425549399e-01
9.998705762157964472e-01
9.997389136540492105e-01
9.994937322495476284e-01
9.990549251458119562e-01
9.982997627648567684e-01
9.970500075823772734e-01
9.950616100830103061e-01
9.920226043487171408e-01
9.875659911789514966e-01
9.813020326004147087e-01
9.728687536353615162e-01
9.619972273174401955e-01
9.485837868638338222e-01
9.327420449813568215e-01
9.148053650454863739e-01
8.952660264078016183e-01
8.747194307691950055e-01
8.538293506433366487e-01
8.332415800973969056e-01
8.134753168629466069e-01
7.948831348166114363e-01
7.777515404299062407e-01
7.623721696916594404e-01
7.489935303901772423e-01
7.377202552892273557e-01
7.286295878476262144e-01
7.219559885631741114e-01
7.179993657789365269e-01
7.169764996804290913e-01
7.189630382965812583e-01
7.240218586155113822e-01
7.322461530877953928e-01
7.436315757178663111e-01
7.579763577208064040e-01
7.749700855649613862e-01
7.943275038867692039e-01
8.157508969834502688e-01
8.388775366161241864e-01
8.632833911823400985e-01
8.885728395826326675e-01
9.144211977686299564e-01
9.405314907424384696e-01
9.666053464645806281e-01
9.923720770693104098e-01
1.017626902295220015e+00
1.042211849214546682e+00
1.065989450669255323e+00
1.088834226125028559e+00
1.110651586256746759e+00
1.131383732352555516e+00
1.150990631110714757e+00
1.169436495630966633e+00
1.186695661385650524e+00
1.202761991713146017e+00
1.217641320046929376e+00
1.231342462706630947e+00
1.243874693828425526e+00
1.255253704712269824e+00
1.265474809675274370e+00
1.274540316741780144e+00
1.282490775322217003e+00
1.289504263227970293e+00
1.296107189980063135e+00
1.302638310927346055e+00
1.308791655906567319e+00
1.314123909120760603e+00
1.318490701057893677e+00
1.321931176364387728e+00
1.324482879260496127e+00
1.326180640594339044e+00
1.327058319645245676e+00
1.327150231491802224e+00
1.326489910478074741e+00
1.325109141396986656e+00
1.323038555706490760e+00
1.320308783374438466e+00
1.316950180229834011e+00
1.312992122342787393e+00
1.308462927589125968e+00
1.303390656730741615e+00
1.297803395522996395e+00
1.291728730832540251e+00
1.285193368894555377e+00
1.278223704226049584e+00
1.270846327653720520e+00
1.263087627088535392e+00
1.254973452138598233e+00
1.246529355447561604e+00
1.237781000558102029e+00
1.228754025016653539e+00
1.219473768847511685e+00
1.209965302963424305e+00
1.200253728866047975e+00
1.190364202272188088e+00
1.180321703469775940e+00
1.170150945940701570e+00
1.159876599316254753e+00
1.149523390818753432e+00
1.139115900977483831e+00
1.128678401546328036e+00
1.118235015611335870e+00
1.107809847002517500e+00
1.097426790384129269e+00
1.087109355466015614e+00
1.076880754191180456e+00
1.066764009476814934e+00
1.056781801325037851e+00
1.046956294907247287e+00
1.037309161029827731e+00
1.027861647909134479e+00
1.018634460887605675e+00
1.009647593101574259e+00
1.000920305228810037e+00
9.924711724348997954e-01
9.843179838683442373e-01
9.764775780731677068e-01
9.689657983576597244e-01
9.617975201494652904e-01
9.549865633260019582e-01
9.485455389157007033e-01
9.424858032739975577e-01
9.368174843763201753e-01
9.315494094368069744e-01
9.266889707531664744e-01
9.222420949580937277e-01
9.182132787129962948e-01
9.146055342055138260e-01
9.114202830260267341e-01
9.086573563764991368e-01
9.063150511842392731e-01
9.043900970012404006e-01
9.028775856439882341e-01
9.017710106133958181e-01
9.010623458869208013e-01
9.007420356102942005e-01
9.007989663243842759e-01
9.012205567271356355e-01
9.019928671568793188e-01
9.031006138611890055e-01
9.045271900711036039e-01
9.062548044093351463e-01
9.082646167504360157e-01
9.105367790435912045e-01
9.130505209136705602e-01
9.157843184478597909e-01
9.187160374248503070e-01
9.218230123861186343e-01
9.250821872216886677e-01
9.284703003067196203e-01
9.319640224247759397e-01
9.355400628549016551e-01
9.391753483874629715e-01
9.428472077998744094e-01
9.465334884010380145e-01
9.502126779248504240e-01
9.538640766987741548e-01
9.574679410947944946e-01
9.610055670235593261e-01
9.644594010709753862e-01
9.678131531653785258e-01
9.710518570905072311e-01
9.741618994337399862e-01
9.771310664381438471e-01
9.799485559181094763e-01
9.826049297307384300e-01
9.850920601634581830e-01
9.874030557564384969e-01
9.895321440301089178e-01
9.914745239107118913e-01
9.932262058105723046e-01
9.947838235943717855e-01
9.961444202648975788e-01
9.973052270712575718e-01
9.982634348547418934e-01
9.990159623311253290e-01
9.995592328772652246e-01
9.998338686946353082e-01
1.000000000000000000e+00
