1.000000000000000000e+00
1.000000000000000000e+00
1.000000000000000000e+00
1.000000000000000000e+00
1.000000000000000000e+00
1.000000000000000000e+00
1.000000000000000000e+00
9.999999999998736566e-01
9.999999999987796429e-01
9.999999999890931690e-01
9.999999999235852366e-01
9.999999995604199610e-01
9.999999978521657562e-01
9.999999908510770474e-01
9.999999653349210815e-01
9.999998812972894502e-01
9.999996279646741204e-01
9.999989217582350154e-01
9.999970859892294284e-01
9.999926057095364085e-01
9.999822828271714981e-01
9.999597274503041477e-01
9.999128239414917241e-01
9.998197369445733784e-01
9.996430349273826010e-01
9.993217376377035999e-01
9.987616767694288411e-01
9.978255151981252347e-01
9.963250648327544035e-01
9.940199814324458538e-01
9.906289380851671655e-01
9.858586814446578250e-01
9.794499416268669378e-01
9.712298328018814653e-01
9.611632763333961549e-01
9.493987519066140468e-01
9.362762651676206360e-01
9.222657725644185511e-01
9.078296833407459854e-01
8.933527748113352374e-01
8.791592736311976131e-01
8.654474016517530455e-01
8.521763502896104736e-01
8.390699181193307377e-01
8.258713156580342885e-01
8.125091458187121418e-01
7.990029744637241471e-01
7.852518505682731798e-01
7.712515538314552721e-01
7.574474031732436607e-01
7.445400378786090068e-01
7.331793531101601369e-01
7.238386201747999404e-01
7.170626704747943281e-01
7.135406451516609350e-01
7.138241762131838364e-01
7.180924645186915756e-01
7.263032186323575834e-01
7.384410801378448186e-01
7.544167097454409499e-01
7.739399949196751338e-01
7.965180484311278342e-01
8.216404666096132070e-01
8.488718773017567276e-01
8.777692440105528959e-01
9.078314463191251571e-01
9.385700054788698177e-01
9.695973913979758496e-01
1.000595705083443532e+00
1.031270047954548241e+00
1.061337331707829845e+00
1.090568811198469268e+00
1.118804789790210696e+00
1.145918653849294255e+00
1.171791852230942954e+00
1.196326644534942085e+00
1.219465070318859201e+00
1.241174342493483573e+00
1.261429566706782301e+00
1.280208999363415590e+00
1.297505442585862978e+00
1.313300577099239641e+00
1.327586866888448958e+00
1.340394875992626522e+00
1.351895153274073280e+00
1.362612131564462814e+00
1.372885500223486321e+00
1.382465897365306118e+00
1.391141515644575666e+00
1.398726110407547019e+00
1.405033449110725696e+00
1.410082356874819309e+00
1.413913714489167806e+00
1.416567700852732203e+00
1.418086313751165450e+00
1.418510973855673152e+00
1.417880644040902638e+00
1.416232855030811644e+00
1.413605767786739076e+00
1.410037612229342541e+00
1.405565333453028476e+00
1.400224403998600264e+00
1.394050271825884701e+00
1.387078855683060219e+00
1.379345551797972913e+00
1.370884504772194035e+00
1.361729650516402046e+00
1.351915654062870509e+00
1.341477162834207926e+00
1.330448177219907491e+00
1.318862502401497050e+00
1.306754518850043345e+00
1.294158935863904070e+00
1.281110290850252742e+00
1.267643014468910589e+00
1.253792013599986488e+00
1.239592736190502809e+00
1.225080754900318203e+00
1.210291612147180507e+00
1.195261269131876913e+00
1.180026326184948626e+00
1.164623655712888173e+00
1.149090112212427961e+00
1.133462867052927869e+00
1.117779686488040491e+00
1.102078587421351230e+00
1.086397514749400717e+00
1.070774533511746673e+00
1.055248064220421389e+00
1.039856597595613108e+00
1.024638366561937186e+00
1.009631397569008993e+00
9.948736628632723900e-01
9.804028441888388290e-01
9.662559900599818619e-01
9.524694688229262685e-01
9.390790548673824123e-01
9.261197101478757521e-01
9.136252269022271388e-01
9.016281103100310945e-01
8.901596057251471850e-01
8.792494837651287920e-01
8.689256824786615319e-01
8.592141682428455773e-01
8.501389449575280644e-01
8.417218536447582666e-01
8.339822377699835920e-01
8.269368245005581652e-01
8.205997468385985982e-01
8.149823741419293111e-01
8.100930315724941266e-01
8.059369478566819067e-01
8.025163258790060095e-01
7.998302241786802158e-01
7.978743599167498202e-01
7.966411526642018792e-01
7.961198581224255832e-01
7.962965123534938572e-01
7.971538410369310990e-01
7.986714293653788266e-01
8.008259394436946232e-01
8.035911225809757585e-01
8.069378487723486426e-01
8.108343967912661210e-01
8.152467409990157288e-01
8.201386299071972141e-01
8.254717637419543008e-01
8.312061559469577920e-01
8.373004377674835297e-01
8.437120195511451648e-01
8.503973865515381814e-01
8.573124916818799512e-01
8.644130414509658689e-01
8.716547088727749637e-01
8.789935061806731786e-01
8.863861678778111042e-01
8.937903812674619086e-01
9.011650278058092045e-01
9.084705360272632424e-01
9.156691711201881967e-01
9.227251923728804206e-01
9.296050744687418543e-01
9.362777355498788090e-01
9.427146533854163790e-01
9.488899163849923157e-01
9.547803206337215354e-01
9.603653958931662737e-01
9.656273063889004860e-01
9.705507457861651810e-01
9.751227942098414925e-01
9.793326868677657560e-01
9.831715224112522744e-01
9.866319504714571309e-01
9.897078021687328864e-01
9.923936664181161049e-01
9.946844545692523631e-01
9.965749490005511024e-01
9.980593442454553932e-01
9.991308044572951852e-01
9.996723394021397313e-01
1.000000000000000000e+00
