1.000000000000000000e+00
1.000000000000000000e+00
1.000000000000000000e+00
1.000000000000000000e+00
1.000000000000000000e+00
1.000000000000000000e+00
1.000000000000000000e+00
9.999999999999097389e-01
9.999999999991285859e-01
9.999999999921123095e-01
9.999999999445956522e-01
9.999999996803189406e-01
9.999999984327849756e-01
9.999999932996400664e-01
9.999999745089530601e-01
9.999999123183734850e-01
9.999997238211563166e-01
9.999991951591615802e-01
9.999978115913166210e-01
9.999944093513475352e-01
9.999865039755331253e-01
9.999690671523636665e-01
9.999324226951107342e-01
9.998588311925769023e-01
9.997172756901602231e-01
9.994560483760837055e-01
9.989930983600991965e-01
9.982048161686076782e-01
9.969150770541124196e-01
9.948879078597546721e-01
9.918293608665488259e-01
9.874047439309836527e-01
9.812738143853703132e-01
9.731399535863658468e-01
9.628088235975932330e-01
9.502499843873889462e-01
9.356336631501019907e-01
9.193134531170322754e-01
9.017438677599105556e-01
8.834227404387926530e-01
8.648751706341794021e-01
8.465776771347270913e-01
8.288525689568124744e-01
8.118439670688666343e-01
7.956654497735311526e-01
7.805002343644376062e-01
7.665400185898881835e-01
7.538514944238006166e-01
7.425206223918583426e-01
7.328839552736606811e-01
7.254040216170920541e-01
7.204713129462445576e-01
7.183227181205550371e-01
7.192008227675660281e-01
7.234023949118146835e-01
7.311041363634085410e-01
7.422236498331412635e-01
7.565268439443144644e-01
7.737961302948517250e-01
7.937770693611695405e-01
8.161073963514634544e-01
8.403216054253640488e-01
8.659696240561687297e-01
8.926748280374811051e-01
9.200805236594522540e-01
9.478152022247718911e-01
9.755334277523639575e-01
1.002968073503167856e+00
1.029907505839078974e+00
1.056163175278476585e+00
1.081559977393029115e+00
1.105961604784842622e+00
1.129278735230052177e+00
1.151444949313472410e+00
1.172399712679134565e+00
1.192096096818270112e+00
1.210512863616547419e+00
1.227644799268645448e+00
1.243491253512092110e+00
1.258052917171524898e+00
1.271339344148283867e+00
1.283342473427395491e+00
1.294062380079861851e+00
1.303537348895547510e+00
1.311943921961006954e+00
1.319808621200991849e+00
1.327471185624826688e+00
1.334682042026079207e+00
1.341044679644679327e+00
1.346358414971549511e+00
1.350615971828667217e+00
1.353857722462588509e+00
1.356120991462806957e+00
1.357442204554290432e+00
1.357858646130030378e+00
1.357406877555371150e+00
1.356121496523150283e+00
1.354035863812884877e+00
1.351183530260389176e+00
1.347597879055244308e+00
1.343311226801612301e+00
1.338354713488915770e+00
1.332759298980748408e+00
1.326556110062980576e+00
1.319775776316649329e+00
1.312447944800801514e+00
1.304601991648412396e+00
1.296267659126921101e+00
1.287474552122037652e+00
1.278251714570006081e+00
1.268627933456026868e+00
1.258632254404637774e+00
1.248293810983861052e+00
1.237641483640241624e+00
1.226703937762265495e+00
1.215510006028701628e+00
1.204088722185506333e+00
1.192469033658293043e+00
1.180679688943994998e+00
1.168749524749810975e+00
1.156707599406504139e+00
1.144582937097097020e+00
1.132404324666581363e+00
1.120200519390312177e+00
1.108000417937141879e+00
1.095832816907647445e+00
1.083726189909250071e+00
1.071708801082707607e+00
1.059808846219920664e+00
1.048054256073362556e+00
1.036472474839025937e+00
1.025090485368431725e+00
1.013934900055236676e+00
1.003031803103135999e+00
9.924065277918415751e-01
9.820836254391942521e-01
9.720869207670965739e-01
9.624393752492709231e-01
9.531628658140722798e-01
9.442781183770324605e-01
9.358047345089790525e-01
9.277610676333395423e-01
9.201640125845267359e-01
9.130289348190196996e-01
9.063696937614681426e-01
9.001985368819447331e-01
8.945259124194860911e-01
8.893604176323086641e-01
8.847088346728870789e-01
8.805760483674412997e-01
8.769648963068200631e-01
8.738761594417852052e-01
8.713086272181265191e-01
8.692590459146257720e-01
8.677220184440663786e-01
8.666900500207256330e-01
8.661536469176914776e-01
8.661012983181899383e-01
8.665194357572580941e-01
8.673925490579714737e-01
8.687033292544891205e-01
8.704326859500233216e-01
8.725597741092555593e-01
8.750621770027978696e-01
8.779160861253338943e-01
8.810963550383216214e-01
8.845766126325891321e-01
8.883294868453250892e-01
8.923267941969177386e-01
8.965396436493104915e-01
9.009386218092659826e-01
9.054940369131809774e-01
9.101760994634146007e-01
9.149550599189738564e-01
9.198014429038646744e-01
9.246862882050562726e-01
9.295813009109896718e-01
9.344590083308489392e-01
9.392929836637885499e-01
9.440580313817588110e-01
9.487302928605543251e-01
9.532873891026041324e-01
9.577085659634823056e-01
9.619747705354008138e-01
9.660686862708064426e-01
9.699747929156603554e-01
9.736793809790588172e-01
9.771704881643986651e-01
9.804378289352811970e-01
9.834726979442423023e-01
9.862678172672681987e-01
9.888171444219413520e-01
9.911156649929425688e-01
9.931591486761610632e-01
9.949438709713259721e-01
9.964663265447711860e-01
9.977229323954307505e-01
9.987097267725190131e-01
9.994220789339984812e-01
9.997821348027875477e-01
1.000000000000000000e+00
