1.000000000000000000e+00
1.000000000000000000e+00
1.000000000000000000e+00
1.000000000000000000e+00
1.000000000000000000e+00
1.000000000000000000e+00
1.000000000000000000e+00
9.999999999998747668e-01
9.999999999987945198e-01
9.999999999892227320e-01
9.999999999244862936e-01
9.999999995655713958e-01
9.999999978771648701e-01
9.999999909567534040e-01
9.999999657319169621e-01
9.999998826437401789e-01
9.999996321394621912e-01
9.999989337116690358e-01
9.999971178536909422e-01
9.999926853167527829e-01
9.999824702227814166e-01
9.999601448861002995e-01
9.999137068232002434e-01
9.998215144367333940e-01
9.996464477106944413e-01
9.993279936551291431e-01
9.987726299533753460e-01
9.978438254704823374e-01
9.963542622661030190e-01
9.940643215612435801e-01
9.906929011782928951e-01
9.859459792940791223e-01
9.795620203120063429e-01
9.713641016762785130e-01
9.613114178242591068e-01
9.495454265847171893e-01
9.363987551951483690e-01
9.223352720860307219e-01
9.078148039247424528e-01
8.932237233269862964e-01
8.788910109352443545e-01
8.650227460462531770e-01
8.515897171213699934e-01
8.383302408575264986e-01
8.250009162721827494e-01
8.115401092865021093e-01
7.979748567658038194e-01
7.842124031525407046e-01
7.702544509522545324e-01
7.565450245936944373e-01
7.437787899552299464e-01
7.325990075708201932e-01
7.234731427677638660e-01
7.169372730832920260e-01
7.136676356534416010e-01
7.142028940647633384e-01
7.187129563709629965e-01
7.271481886307771259e-01
7.394847139694165072e-01
7.556255454772919933e-01
7.752762272586425363e-01
7.979432975624971558e-01
8.231170322280193519e-01
8.503627279569375697e-01
8.792392747384579765e-01
9.092494199535736676e-01
9.399093073857420766e-01
9.708353255415062000e-01
1.001713116976254536e+00
1.032251494678346093e+00
1.062171284784154901e+00
1.091247144778095368e+00
1.119321986839285410e+00
1.146271468352372924e+00
1.171979272609029010e+00
1.196349644026372339e+00
1.219326075479498117e+00
1.240876890764557761e+00
1.260978187868559308e+00
1.279609152030070973e+00
1.296763295739844501e+00
1.312422758308245507e+00
1.326580359812621568e+00
1.339267024181033827e+00
1.350653591744939597e+00
1.361264633909677224e+00
1.371439898683776359e+00
1.380930071971310902e+00
1.389523387585653191e+00
1.397026413925078092e+00
1.403253366286844050e+00
1.408229993545611514e+00
1.411997086805907520e+00
1.414594726483300979e+00
1.416064773961941192e+00
1.416448507146288449e+00
1.415784764550311214e+00
1.414110959639539589e+00
1.411465119015142378e+00
1.407885329131353780e+00
1.403408400118479005e+00
1.398069681181852264e+00
1.391904491399912347e+00
1.384948609534832009e+00
1.377237293464306012e+00
1.368804560537023152e+00
1.359684217892372704e+00
1.349910788808687645e+00
1.339518775367499082e+00
1.328542036993577646e+00
1.317014236641857350e+00
1.304969601511155819e+00
1.292442679488571278e+00
1.279467844562088175e+00
1.266079360891896544e+00
1.252311957982090274e+00
1.238200894237096783e+00
1.223781545482458988e+00
1.209089251528430609e+00
1.194159758773402746e+00
1.179029436990284285e+00
1.163734916376411244e+00
1.148312800718112259e+00
1.132799996972990941e+00
1.117233988737055261e+00
1.101652495776905383e+00
1.086093154946646600e+00
1.070593708909612918e+00
1.055192237392954757e+00
1.039926875001182971e+00
1.024835487008242785e+00
1.009955719247428663e+00
9.953251475449146346e-01
9.809810441111380674e-01
9.669600391752531943e-01
9.532980743022433368e-01
9.400304870129121415e-01
9.271917952231163440e-01
9.148153450950481380e-01
9.029331954781538716e-01
8.915761449032012509e-01
8.807735201595731089e-01
8.705528242869414735e-01
8.609396001820853739e-01
8.519574403719611944e-01
8.436277904982369957e-01
8.359696207446869476e-01
8.289993100086330280e-01
8.227306688328999140e-01
8.171747737689172286e-01
8.123396924974987110e-01
8.082304337209600398e-01
8.048490179392796540e-01
8.021943621153745374e-01
8.002620870713914591e-01
7.990445618160917363e-01
7.985310362848768717e-01
7.987075875751816767e-01
7.995570317258889892e-01
8.010590918173430275e-01
8.031906127012862218e-01
8.059255738937839419e-01
8.092351193199883719e-01
8.130878433103876368e-01
8.174500732971433647e-01
8.222859476554853497e-01
8.275575908857825125e-01
8.332254696585504883e-01
8.392486928711627714e-01
8.455851708109437537e-01
8.521919065999830067e-01
8.590253829922664952e-01
8.660418441619129881e-01
8.731975057190063394e-01
8.804489218867369571e-01
8.877533628623470729e-01
8.950690422273342994e-01
9.023553550036903514e-01
9.095732253971546832e-01
9.166853922194879711e-01
9.236565643461909225e-01
9.304536388747084441e-01
9.370459258346824916e-01
9.434052627579392336e-01
9.495060650412935344e-01
9.553254213850785881e-01
9.608431192026064549e-01
9.660415467210401452e-01
9.709055891543811878e-01
9.754224873417727260e-01
9.795816092642189998e-01
9.833741621100149377e-01
9.867928836792697611e-01
9.898316775614588447e-01
9.924851948952387870e-01
9.947484045702663646e-01
9.966161476114696605e-01
9.980826842308808677e-01
9.991412570071198651e-01
9.996762774730707513e-01
1.000000000000000000e+00
