1.000000000000000000e+00
1.000000000000000000e+00
1.000000000000000000e+00
1.000000000000000000e+00
1.000000000000000000e+00
1.000000000000000000e+00
1.000000000000000000e+00
9.999999999998719913e-01
9.999999999987563282e-01
9.999999999888914415e-01
9.999999999221825808e-01
9.999999995524005980e-01
9.999999978132433354e-01
9.999999906865122412e-01
9.999999647165623839e-01
9.999998791995523550e-01
9.999996214586683863e-01
9.999989031241569570e-01
9.999970362985108885e-01
9.999924815168298453e-01
9.999819903422945133e-01
9.999590755752704174e-01
9.999114443695206189e-01
9.998169574802888704e-01
9.996376938612495655e-01
9.993119370909858690e-01
9.987444972569863300e-01
9.977967549529773716e-01
9.962791225765008640e-01
9.939500578207106640e-01
9.905277857711073386e-01
9.857201196837028778e-01
9.792711608986502947e-01
9.710141426698186695e-01
9.609227566733803405e-01
9.491563253490949981e-01
9.360663472036944155e-01
9.221323910258707457e-01
9.078211696230878980e-01
8.935153917202427465e-01
8.795323787149486039e-01
8.660586463160024895e-01
8.530358470695368345e-01
8.401656344608937621e-01
8.271707034298034777e-01
8.139646151937117713e-01
8.005553051855502922e-01
7.868289505747158019e-01
7.727718665269184273e-01
7.588309765251501915e-01
7.457156961307472853e-01
7.340856891562131947e-01
7.244227172495530942e-01
7.172846947919940819e-01
7.133803296291277851e-01
7.132810137284208984e-01
7.171801312574761500e-01
7.250466702350336634e-01
7.368784792493351388e-01
7.525981708352981192e-01
7.719225381454758450e-01
7.943598068564048376e-01
8.193987631417508632e-01
8.466032404302987757e-01
8.755274442508795829e-01
9.056644642955707925e-01
9.365188336057825857e-01
9.676970941356615175e-01
9.988759744847979238e-01
1.029754915290674422e+00
1.060044832347967869e+00
1.089511759661675905e+00
1.117991994526102095e+00
1.145355429217456589e+00
1.171480067196136288e+00
1.196265102998290919e+00
1.219650328831371366e+00
1.241601236693644639e+00
1.262091392608389429e+00
1.281097610346640270e+00
1.298611586291451125e+00
1.314614284053092996e+00
1.329097608733712077e+00
1.342091559792774502e+00
1.353766227416101309e+00
1.364645822044910028e+00
1.375069934222939549e+00
1.384789120216660896e+00
1.393591501311685299e+00
1.401301774315004467e+00
1.407733022762327257e+00
1.412893523241179006e+00
1.416824287371283297e+00
1.419565638834241250e+00
1.421159778994397271e+00
1.421648342186761393e+00
1.421070476796540083e+00
1.419463888291224052e+00
1.416866938881564009e+00
1.413318073876951964e+00
1.408854440719722101e+00
1.403511696406731346e+00
1.397325481906217082e+00
1.390331926067247981e+00
1.382566632645964022e+00
1.374063936590887769e+00
1.364857966403252965e+00
1.354983599602305189e+00
1.344475701493487163e+00
1.333368483452272102e+00
1.321695963427554910e+00
1.309492751512350228e+00
1.296793798992764035e+00
1.283633888169957604e+00
1.270047699153651122e+00
1.256070404851802991e+00
1.241737737811303255e+00
1.227085566352123402e+00
1.212149737278826134e+00
1.196966534825678830e+00
1.181572906515302446e+00
1.166006089796220113e+00
1.150303317220776167e+00
1.134502159283106160e+00
1.118640809481587395e+00
1.102757734311342386e+00
1.086891345132203313e+00
1.071080195660042422e+00
1.055363223642373782e+00
1.039779460897622743e+00
1.024367699505730256e+00
1.009166545400109305e+00
9.942145750900640566e-01
9.795500952698666941e-01
9.652107934133742351e-01
9.512336905053361269e-01
9.376552297783975476e-01
9.245110537842236020e-01
9.118356392293199830e-01
8.996621769279606884e-01
8.880225994515709154e-01
8.769473608617588400e-01
8.664650698943560103e-01
8.566023466853952550e-01
8.473838310854826528e-01
8.388319762491978082e-01
8.309667044931003943e-01
8.238052840270446708e-01
8.173623498265606413e-01
8.116497281677842457e-01
8.066761472416599243e-01
8.024471815603615443e-01
7.989653222136979815e-01
7.962298533914190513e-01
7.942366484142415750e-01
7.929782126165318967e-01
7.924438185179479843e-01
7.926194468711029728e-01
7.934876919310359655e-01
7.950279340675678874e-01
7.972165612399386703e-01
8.000269802902542082e-01
8.034296459533681878e-01
8.073923572499289714e-01
8.118805506275091899e-01
8.168573795899748413e-01
8.222838959113298873e-01
8.281194195694584481e-01
8.343218503184349766e-01
8.408478322671711913e-01
8.476530564134855394e-01
8.546926626121962300e-01
8.619215319165663969e-01
8.692945039458889189e-01
8.767667581659073228e-01
8.842942057434699521e-01
8.918337248899032010e-01
8.993434073025099451e-01
9.067829191109444409e-01
9.141137968784990298e-01
9.212996081124398273e-01
9.283061774132718158e-01
9.351018197343103910e-01
9.416574590249962018e-01
9.479466802540795767e-01
9.539458289325964957e-01
9.596340380503208811e-01
9.649931268481912738e-01
9.700074939694445231e-01
9.746639720113370320e-01
9.789515917088469354e-01
9.828612846043075502e-01
9.863855646483944417e-01
9.895181515386727300e-01
9.922535386388882106e-01
9.945865490701378819e-01
9.965118754039390403e-01
9.980236116767611243e-01
9.991148020681582809e-01
9.996663107139716065e-01
1.000000000000000000e+00
