1.000000000000000000e+00
1.000000000000000000e+00
1.000000000000000000e+00
1.000000000000000000e+00
1.000000000000000000e+00
1.000000000000000000e+00
1.000000000000000000e+00
9.999999999998753220e-01
9.999999999988017363e-01
9.999999999892859037e-01
9.999999999249253868e-01
9.999999995680824982e-01
9.999999978893500119e-01
9.999999910082563170e-01
9.999999659253744344e-01
9.999998832997762932e-01
9.999996341732300120e-01
9.999989395337748332e-01
9.999971333705446330e-01
9.999927240734300948e-01
9.999825614313287980e-01
9.999603479954615182e-01
9.999141362461966276e-01
9.998223786217463882e-01
9.996481061204212093e-01
9.993310319170689571e-01
9.987779456626953989e-01
9.978527040620791544e-01
9.963684051213799187e-01
9.940857711387548479e-01
9.907237915763510427e-01
9.859880463882102486e-01
9.796158672295162129e-01
9.714283339883841295e-01
9.613818235253738242e-01
9.496143554716853785e-01
9.364549627053498915e-01
9.223645719890929406e-01
9.078018043353965894e-01
8.931538873139408530e-01
8.787522107573649821e-01
8.648067811415112160e-01
8.512941345299414042e-01
8.379597478770460794e-01
8.245668056179551453e-01
8.110584600592093407e-01
7.974653879622133346e-01
7.836988056611483566e-01
7.697632554305606778e-01
7.561020524449546532e-01
7.434068518310407159e-01
7.323175744258265674e-01
7.232987523388850759e-01
7.168820940739346614e-01
7.137374495797277341e-01
7.143970817424281083e-01
7.190263171771790196e-01
7.275719162018030595e-01
7.400058412594030521e-01
7.562273880322384345e-01
7.759400120071966445e-01
7.986500136022505192e-01
8.238480472904049501e-01
8.510997827944234428e-01
8.799650948396252614e-01
9.099486598002842763e-01
9.405689138154820217e-01
9.714441878417098275e-01
1.002261877129450474e+00
1.032732625749206212e+00
1.062579186161876299e+00
1.091577888611624081e+00
1.119572927154609765e+00
1.146441073790797738e+00
1.172067107051224077e+00
1.196356243372445505e+00
1.219252686759144222e+00
1.240725303980868555e+00
1.260750677608937886e+00
1.279308446166992352e+00
1.296392468346625471e+00
1.311985106308359628e+00
1.326079352777437492e+00
1.338706306225623921e+00
1.350036948067663056e+00
1.360595915943115131e+00
1.370722984980708770e+00
1.380168862927274809e+00
1.388721802239074155e+00
1.396184822188221153e+00
1.402372358769268024e+00
1.407313578456076630e+00
1.411049226954700586e+00
1.413619335042093805e+00
1.415065695937868462e+00
1.415429516312946445e+00
1.414749572514161446e+00
1.413063219356677669e+00
1.410408416433637457e+00
1.406823178745974179e+00
1.402344249152081002e+00
1.397006915293584006e+00
1.390846431966956454e+00
1.383898508203314615e+00
1.376198332942085489e+00
1.367779860020929661e+00
1.358676832305812709e+00
1.348923702414710935e+00
1.338554899985280988e+00
1.327604214116274717e+00
1.316105236787628918e+00
1.304092118775671771e+00
1.291599327521195217e+00
1.278661155546636286e+00
1.265311784000962225e+00
1.251585854010004883e+00
1.237518529601425277e+00
1.223145088616287568e+00
1.208500770018704484e+00
1.193621213354771893e+00
1.178542673797916329e+00
1.163301661214234617e+00
1.147934654875484961e+00
1.132478430499358257e+00
1.116970331497093349e+00
1.101447930358710581e+00
1.085948711328696970e+00
1.070510257457530257e+00
1.055170479870596090e+00
1.039967337099871658e+00
1.024938512745637187e+00
1.010121464677327108e+00
9.955535730895505031e-01
9.812719082230123568e-01
9.673128941461448527e-01
9.537122622090882240e-01
9.405051348966945168e-01
9.277258117071256471e-01
9.154074195250063717e-01
9.035817979438736103e-01
8.922795261522903365e-01
8.815297132246664447e-01
8.713596489671862066e-01
8.617946688537672095e-01
8.528581640848130752e-01
8.445713869722687450e-01
8.369531253510701374e-01
8.300195881715656254e-01
8.237844288176217056e-01
8.182585813414118281e-01
8.134499883482325666e-01
8.093635519209840812e-01
8.060012044752028482e-01
8.033617949610677433e-01
8.014408984109517853e-01
8.002308605173479306e-01
7.997209298809853095e-01
7.998972052122408360e-01
8.007425483290718793e-01
8.022367513671661010e-01
8.043567501940618314e-01
8.070766375833501316e-01
8.103676930761145591e-01
8.141986669665933762e-01
8.185360609803606913e-01
8.233442057540081294e-01
8.285854348452105222e-01
8.342204381050816187e-01
8.402085595170010190e-01
8.465079553085328445e-01
8.530758832613304365e-01
8.598690865939717654e-01
8.668440737188537470e-01
8.739573268387685889e-01
8.811656664150456786e-01
8.884266257453578008e-01
8.956986768447874336e-01
9.029414668871243999e-01
9.101161634135265244e-01
9.171857377226738661e-01
9.241151193535562802e-01
9.308714127090774726e-01
9.374241201271766855e-01
9.437452556692474959e-01
9.498093951651542799e-01
9.555937708740952496e-01
9.610782966084645551e-01
9.662454704803806749e-01
9.710802716656722344e-01
9.755700198405752310e-01
9.797041481209224356e-01
9.834739169478541321e-01
9.868721073940036614e-01
9.898926586345629941e-01
9.925302523853780645e-01
9.947798858364015340e-01
9.966364288793904125e-01
9.980941740692313990e-01
9.991464026094720730e-01
9.996782161748478668e-01
1.000000000000000000e+00
