1.000000000000000000e+00
1.000000000000000000e+00
1.000000000000000000e+00
1.000000000000000000e+00
1.000000000000000000e+00
1.000000000000000000e+00
1.000000000000000000e+00
9.999999999998930855e-01
9.999999999989910293e-01
9.999999999909195969e-01
9.999999999363085035e-01
9.999999996330940499e-01
9.999999982044596170e-01
9.999999923384813583e-01
9.999999709150719784e-01
9.999999001939134935e-01
9.999996864538662766e-01
9.999990888984363613e-01
9.999975305428085992e-01
9.999937135073344585e-01
9.999848829456484678e-01
9.999654997803740786e-01
9.999249844466246984e-01
9.998441066593496407e-01
9.996895702032163600e-01
9.994064892174964188e-01
9.989089029569968581e-01
9.980692826545956020e-01
9.967091728404424700e-01
9.945945766812424038e-01
9.914417906988181040e-01
9.869393979676854833e-01
9.807873789660581654e-01
9.727466217398307302e-01
9.626931422869889898e-01
9.506714803441506101e-01
9.369180713091945778e-01
9.218247616623482799e-01
9.058336598479613810e-01
8.893755707940561583e-01
8.728697880661969721e-01
8.566550270124848598e-01
8.408830528994754028e-01
8.255081002233146670e-01
8.104805569487402161e-01
7.958753809996400586e-01
7.818172054981369357e-01
7.683138427771076806e-01
7.554302688454440640e-01
7.435696775595247443e-01
7.333182441686555419e-01
7.252001300183574806e-01
7.195755025889926104e-01
7.168350718278049261e-01
7.174570134339213201e-01
7.217866958728803572e-01
7.298573569075914591e-01
7.415157899014973575e-01
7.566244856792276874e-01
7.749896601698069709e-01
7.962685727858486162e-01
8.199727586515993538e-01
8.456152869471172950e-01
8.727838386124691095e-01
9.010757262967699077e-01
9.300569835938166108e-01
9.593156318645854608e-01
9.885287406565331780e-01
1.017435982832909369e+00
1.045801173899767011e+00
1.073401791444375641e+00
1.100061270247952638e+00
1.125659754544367841e+00
1.150104962234505868e+00
1.173311725351093626e+00
1.195211719919248683e+00
1.215768366011470203e+00
1.234965057728025339e+00
1.252791230563859770e+00
1.269238471544039237e+00
1.284309648565679529e+00
1.297992763598596611e+00
1.310285077935171794e+00
1.321222015667463667e+00
1.330977982057199194e+00
1.340079006510544790e+00
1.348865195485392077e+00
1.357087451414760615e+00
1.364445319224685926e+00
1.370732014602532134e+00
1.375848415307975081e+00
1.379837096937641894e+00
1.382737257481370552e+00
1.384587269695126244e+00
1.385426765090529644e+00
1.385294707894543897e+00
1.384227883582641816e+00
1.382261754199423320e+00
1.379432157198121178e+00
1.375774862415644728e+00
1.371324480630063070e+00
1.366114321498207662e+00
1.360177583279713387e+00
1.353547763918629299e+00
1.346257857516125256e+00
1.338339765945284476e+00
1.329825152095233776e+00
1.320746205379213167e+00
1.311135035039616481e+00
1.301023159314276256e+00
1.290441872467666506e+00
1.279422868710562877e+00
1.267998039113079178e+00
1.256199062489216978e+00
1.244057454601622537e+00
1.231605035038102036e+00
1.218873973364950292e+00
1.205896446192058491e+00
1.192704505652971925e+00
1.179330433811772494e+00
1.165806911357998521e+00
1.152166713201303816e+00
1.138442466987396706e+00
1.124666912539111330e+00
1.110873114635491543e+00
1.097094177164704476e+00
1.083362975993964694e+00
1.069712303101644224e+00
1.056175044632870597e+00
1.042783944388030015e+00
1.029571335115332609e+00
1.016569172023538803e+00
1.003809146646624351e+00
9.913224936901285922e-01
9.791397158543976298e-01
9.672905438993427696e-01
9.558040026701694059e-01
9.447082384827828472e-01
9.340302397850942517e-01
9.237957482923908614e-01
9.140292848319230279e-01
9.047539871495079433e-01
8.959913383317125168e-01
8.877610679585722364e-01
8.800811700568060836e-01
8.729677591084479271e-01
8.664348234430502282e-01
8.604941475899182679e-01
8.551553443861160675e-01
8.504257391653795572e-01
8.463101688615933815e-01
8.428109577606480718e-01
8.399279876374476927e-01
8.376586217117182320e-01
8.359975679900276679e-01
8.349369271710250784e-01
8.344663085658574619e-01
8.345727995413980693e-01
8.352409074142552736e-01
8.364526999714901878e-01
8.381879811181076612e-01
8.404243085656410983e-01
8.431370239800218824e-01
8.462994813885152956e-01
8.498832722808792317e-01
8.538582912779342227e-01
8.581928771260273203e-01
8.628540937241062636e-01
8.678079677013365023e-01
8.730196170177647597e-01
8.784534823390712788e-01
8.840736325669075191e-01
8.898439894786926985e-01
8.957284973008069473e-01
9.016914143143738292e-01
9.076976126648639287e-01
9.137127624377285873e-01
9.197035241022465391e-01
9.256378256858244225e-01
9.314850914487150524e-01
9.372163695572592879e-01
9.428045074286642846e-01
9.482243310478336573e-01
9.534527378094566075e-01
9.584687381395076144e-01
9.632535300795855848e-01
9.677905176874345150e-01
9.720652319565056265e-01
9.760652448196180941e-01
9.797800517738954884e-01
9.832008848739142159e-01
9.863204775823175563e-01
9.891328116201985043e-01
9.916328186422551649e-01
9.938160392772935614e-01
9.956782722856903911e-01
9.972152110570652317e-01
9.984220745680451037e-01
9.992932515180356079e-01
9.997335601024357477e-01
1.000000000000000000e+00
