1.000000000000000000e+00
1.000000000000000000e+00
1.000000000000000000e+00
1.000000000000000000e+00
1.000000000000000000e+00
1.000000000000000000e+00
1.000000000000000000e+00
9.999999999999102940e-01
9.999999999991330268e-01
9.999999999921495020e-01
9.999999999448536681e-01
9.999999996817870995e-01
9.999999984398735275e-01
9.999999933294296817e-01
9.999999746201272410e-01
9.999999126926207849e-01
9.999997249717161862e-01
9.999991984216669572e-01
9.999978201918982013e-01
9.999944305638820419e-01
9.999865531702749610e-01
9.999691748398221725e-01
9.999326458070671997e-01
9.998592694651755597e-01
9.997180925570168242e-01
9.994574923395289634e-01
9.989955144823569055e-01
9.982086282722019144e-01
9.969207113238175433e-01
9.948956219846707416e-01
9.918389414611905597e-01
9.874150529230507622e-01
9.812822225758687233e-01
9.731417910729601717e-01
9.627970143132489333e-01
9.502149934450789814e-01
9.355639200076496520e-01
9.191964212679604174e-01
9.015678493291737761e-01
8.831787759450401287e-01
8.645583648055330528e-01
8.461882365952548835e-01
8.283968011353848304e-01
8.113347898636128486e-01
7.951213570679430687e-01
7.799433137635202185e-01
7.659944122926144461e-01
7.533429516195893072e-01
7.420750988727675690e-01
7.325246132709950508e-01
7.251492801603203198e-01
7.203344945622492945e-01
7.183124225788813932e-01
7.193202024199168987e-01
7.236482010996398984e-01
7.314673004943735846e-01
7.426911848291865015e-01
7.570831369084723983e-01
7.744231045706342353e-01
7.944549175395965168e-01
8.168159785277500085e-01
8.410418541914718160e-01
8.666839939077762844e-01
8.933672366433830225e-01
9.207366521624601452e-01
9.484229900110072720e-01
9.760831656083195362e-01
1.003452018469782159e+00
1.030319617708596924e+00
1.056499054702405127e+00
1.081816836694844630e+00
1.106138017084143943e+00
1.129374303379446776e+00
1.151460142629422201e+00
1.172335818901688143e+00
1.191955110356532899e+00
1.210297282850999911e+00
1.227357493766230601e+00
1.243135413284647717e+00
1.257632024610352062e+00
1.270857093452686604e+00
1.282802679327387896e+00
1.293468940369107312e+00
1.302894245830721109e+00
1.311255198281362500e+00
1.319078325652444317e+00
1.326703344358339587e+00
1.333880654900696738e+00
1.340210395737919447e+00
1.345492092368047565e+00
1.349721662050635373e+00
1.352939392905212257e+00
1.355182536592903331e+00
1.356487443648400237e+00
1.356891310106089543e+00
1.356430607216573714e+00
1.355139849782113659e+00
1.353052318605615811e+00
1.350201478378006970e+00
1.346620622788099908e+00
1.342341981969372045e+00
1.337396613515686061e+00
1.331815392516681351e+00
1.325629356458247310e+00
1.318869045723973343e+00
1.311564021696936866e+00
1.303743573633194597e+00
1.295437351445111629e+00
1.286674865618608443e+00
1.277485066548453840e+00
1.267896646445759057e+00
1.257938551338771749e+00
1.247639811468690407e+00
1.237029202501033209e+00
1.226135283238788842e+00
1.214986775192714807e+00
1.203612595979724142e+00
1.192041573810195709e+00
1.180302335541706382e+00
1.168423591634097258e+00
1.156434268444331837e+00
1.144363254113950568e+00
1.132239196694631467e+00
1.120090710268127232e+00
1.107946542526587086e+00
1.095835336903427493e+00
1.083785411165788748e+00
1.071824869999286944e+00
1.059981744979806795e+00
1.048283799258438842e+00
1.036758307655876621e+00
1.025432081664569006e+00
1.014331559644500169e+00
1.003482650308053836e+00
9.929105117504837263e-01
9.826395207476709137e-01
9.726933278150855511e-01
9.630947217613702316e-01
9.538654103041616095e-01
9.450259543457435463e-01
9.365957946753595831e-01
9.285931294111393619e-01
9.210347055279303197e-01
9.139357489546767743e-01
9.073099880648741733e-01
9.011695489462625552e-01
8.955247699927114668e-01
8.903841509345090666e-01
8.857543887741652355e-01
8.816402965823828541e-01
8.780446551588563242e-01
8.749682040306016040e-01
8.724097063512652461e-01
8.703658979466573076e-01
8.688313882095062279e-01
8.677987056205723748e-01
8.672583958844637397e-01
8.671990041100348101e-01
8.676070347479660771e-01
8.684670666791025617e-01
8.697618950345021860e-01
8.714725484902824393e-01
8.735783159034395950e-01
8.760569277593073245e-01
8.788847346057230281e-01
8.820367604790524396e-01
8.854868152444379525e-01
8.892077164491680730e-01
8.931714772927601409e-01
8.973494096614096360e-01
9.017123078242265111e-01
9.062306904209773695e-01
9.108749796595015935e-01
9.156156379525317579e-01
9.204234002590413466e-01
9.252695131699797404e-01
9.301258839265292844e-01
9.349652361692881719e-01
9.397613318668843752e-01
9.444891552860339434e-01
9.491250178898582579e-01
9.536466999964131608e-01
9.580335949007581231e-01
9.622667847227501792e-01
9.663290753208171324e-01
9.702050557663636221e-01
9.738811127068293105e-01
9.773453673207193049e-01
9.805876054216065008e-01
9.835991816045319691e-01
9.863728676381833260e-01
9.889026619366405590e-01
9.911835837325699838e-01
9.932114309519721740e-01
9.949825040086245354e-01
9.964933213236168985e-01
9.977403247293402666e-01
9.987195806661588460e-01
9.994264921423087200e-01
9.997837991485573061e-01
1.000000000000000000e+00
