1.000000000000000000e+00
1.000000000000000000e+00
1.000000000000000000e+00
1.000000000000000000e+00
1.000000000000000000e+00
1.000000000000000000e+00
1.000000000000000000e+00
9.999999999999058531e-01
9.999999999990974997e-01
9.999999999918482985e-01
9.999999999427684472e-01
9.999999996699163729e-01
9.999999983825434979e-01
9.999999930884023724e-01
9.999999737202066585e-01
9.999999096616251082e-01
9.999997156478739324e-01
9.999991719650006550e-01
9.999977503916396282e-01
9.999942582482779230e-01
9.999861531108962254e-01
9.999682979732827937e-01
9.999308262436630290e-01
9.998556884022277158e-01
9.997114023821629392e-01
9.994456311727865083e-01
9.989755915603441006e-01
9.981770329795146557e-01
9.968736788117409375e-01
9.948305433481898774e-01
9.917567223772355556e-01
9.873236877621834884e-01
9.812012980681085184e-01
9.731069063823786225e-01
9.628628017121427796e-01
9.504557202719415843e-01
9.360703578383603451e-01
9.200675843199820347e-01
9.028968469696087018e-01
8.850378413720820792e-01
8.669883672625747772e-01
8.491903743587675413e-01
8.319244893076972458e-01
8.152893635409941275e-01
7.993600401107888720e-01
7.842947134310026547e-01
7.702704603942149841e-01
7.573421455855924300e-01
7.455933893310665583e-01
7.353791231103240511e-01
7.271937240477542863e-01
7.214619587217302454e-01
7.184524489775638845e-01
7.184447504760939074e-01
7.217795252187440003e-01
7.286736182920062754e-01
7.390717971153150101e-01
7.527583868883312990e-01
7.695333283733002405e-01
7.891547606761779576e-01
8.112633143650970213e-01
8.353865804390760985e-01
8.610644269947540508e-01
8.879105391260744273e-01
9.155563645731631395e-01
9.436149975334202633e-01
9.717248803030354987e-01
9.996053952165535605e-01
1.027033204052146154e+00
1.053808436843188590e+00
1.079744833591365083e+00
1.104696655257491278e+00
1.128567438809742418e+00
1.151284746564257722e+00
1.172782347803285274e+00
1.193008388329020342e+00
1.211938112538589740e+00
1.229563710644766772e+00
1.245882286645585202e+00
1.260892478886293633e+00
1.274602349074062335e+00
1.287002979307787509e+00
1.298093848169083575e+00
1.307912633811284975e+00
1.316635438593072305e+00
1.324788724024661191e+00
1.332712367594923064e+00
1.340156960006731568e+00
1.346749032565034199e+00
1.352286457837862166e+00
1.356739981106941606e+00
1.360150540020736543e+00
1.362555946965258169e+00
1.363993131458439922e+00
1.364499973492787399e+00
1.364113642365130108e+00
1.362869293502127155e+00
1.360800825155992655e+00
1.357942368506325437e+00
1.354327910348970709e+00
1.349990349697180125e+00
1.344961380449642308e+00
1.339272532744325339e+00
1.332955534925135188e+00
1.326041617199162914e+00
1.318561002518183756e+00
1.310543651022129108e+00
1.302019926860745969e+00
1.293020070795243059e+00
1.283573756436713786e+00
1.273710408811455697e+00
1.263459744961760167e+00
1.252851595686276243e+00
1.241915548664551228e+00
1.230680989001156078e+00
1.219177500973245509e+00
1.207434904507933338e+00
1.195482954803190001e+00
1.183351225177436072e+00
1.171069409508218806e+00
1.158667463533092246e+00
1.146175337613225098e+00
1.133622764465200161e+00
1.121039478530609257e+00
1.108455394698626195e+00
1.095900357851064433e+00
1.083403909462063108e+00
1.070995407814144817e+00
1.058704177237427269e+00
1.046559301934134600e+00
1.034589393316701189e+00
1.022822616792820716e+00
1.011286787584111391e+00
1.000009204585426081e+00
9.890164153771829891e-01
9.783341829120024702e-01
9.679875430907926015e-01
9.580006597236782051e-01
9.483965898751607337e-01
9.391972122088937391e-01
9.304232534172692803e-01
9.220941556863924138e-01
9.142278524214829671e-01
9.068406911945084969e-01
8.999474560126744516e-01
8.935612529557209749e-01
8.876933097009716001e-01
8.823529181927958209e-01
8.775474699746171892e-01
8.732823667106561771e-01
8.695608591242102170e-01
8.663840346256662661e-01
8.637508839656171666e-01
8.616582444663308804e-01
8.601006920023823721e-01
8.590705875630173516e-01
8.585581802496434767e-01
8.585515866939565921e-01
8.590367468986638277e-01
8.599975460273264760e-01
8.614159649842919597e-01
8.632720981259883741e-01
8.655441810697659388e-01
8.682087840894898711e-01
8.712410024003687248e-01
8.746145128653909362e-01
8.783016936817619191e-01
8.822738611471533376e-01
8.865014701589749579e-01
8.909542238080538912e-01
8.956012691232262402e-01
9.004114550450676990e-01
9.053535231214310253e-01
9.103962525451972931e-01
9.155087074310460649e-01
9.206604911994596963e-01
9.258219045267550573e-01
9.309641104277557311e-01
9.360593701073953721e-01
9.410812382232291995e-01
9.460046736162097680e-01
9.508061894763892852e-01
9.554640063072850076e-01
9.599581320578881583e-01
9.642703987173290026e-01
9.683845254916809697e-01
9.722861340577706457e-01
9.759626813625538189e-01
9.794033854804243822e-01
9.825991240929569104e-01
9.855422737001661160e-01
9.882265075541956101e-01
9.906465775586209555e-01
9.927980576121229195e-01
9.946770507058857458e-01
9.962798873144639300e-01
9.976028130234122493e-01
9.986416716198366350e-01
9.993915995638353866e-01
9.997706407500396297e-01
1.000000000000000000e+00
