1.000000000000000000e+00
1.000000000000000000e+00
1.000000000000000000e+00
1.000000000000000000e+00
1.000000000000000000e+00
1.000000000000000000e+00
1.000000000000000000e+00
9.999999999999480416e-01
9.999999999993975930e-01
9.999999999945762275e-01
9.999999999616050461e-01
9.999999997767017312e-01
9.999999988957780639e-01
9.999999952343778808e-01
9.999999816827069843e-01
9.999999362884773868e-01
9.999997968828588935e-01
9.999994002733330056e-01
9.999983460233706767e-01
9.999957093782776418e-01
9.999894695131501532e-01
9.999754301815154678e-01
9.999452855669659357e-01
9.998833310133363739e-01
9.997611662348182548e-01
9.995296696641517986e-01
9.991076769902740295e-01
9.983673572656086570e-01
9.971174740675307069e-01
9.950876997133395463e-01
9.919199981901725138e-01
9.871753362544812838e-01
9.803634754115446714e-01
9.709992701849013974e-01
9.586835370710055093e-01
9.431976800835072394e-01
9.245845484270818204e-01
9.031843704918048887e-01
8.796067856225526782e-01
8.546733014050522659e-01
8.293458743028687685e-01
8.046155615242489567e-01
7.813812001199307300e-01
7.603773949730658899e-01
7.421952220219838470e-01
7.273034399683870888e-01
7.160185999706424331e-01
7.084567038189335531e-01
7.046082128331917493e-01
7.044533544112235868e-01
7.079307624459652004e-01
7.148774101927040103e-01
7.250179504460758650e-01
7.380528532199978065e-01
7.536992749735353936e-01
7.716388589591770542e-01
7.914775865203894645e-01
8.128013198636371284e-01
8.352507056169546917e-01
8.585020440542363573e-01
8.822374768437662995e-01
9.061427295710546836e-01
9.299491626155833579e-01
9.534506817088924668e-01
9.764754971003926087e-01
9.988656758907822342e-01
1.020488454217164387e+00
1.041253408053600227e+00
1.061099724241836517e+00
1.079980062826086051e+00
1.097854443696414384e+00
1.114699551133417899e+00
1.130511379746975908e+00
1.145294457062215665e+00
1.159054139024129793e+00
1.171799745616715960e+00
1.183549798733814606e+00
1.194327905565927717e+00
1.204157821643687676e+00
1.213062119731666444e+00
1.221065653907030812e+00
1.228168265018917182e+00
1.234374802998661202e+00
1.239728317397138735e+00
1.244408110274364265e+00
1.248939023977870821e+00
1.253649532079900819e+00
1.258045524296904194e+00
1.261702139896647479e+00
1.264652873462694949e+00
1.266930523902322081e+00
1.268566263345509926e+00
1.269589072804088392e+00
1.270026808529180595e+00
1.269907080276983624e+00
1.269256590399717721e+00
1.268100619631459480e+00
1.266463407266761987e+00
1.264368845807023689e+00
1.261840351866063248e+00
1.258900484711113599e+00
1.255570922350195184e+00
1.251872939359668591e+00
1.247827583652774353e+00
1.243455388925552185e+00
1.238776167742400069e+00
1.233809346716867816e+00
1.228574264462497734e+00
1.223089949704073698e+00
1.217374935937596492e+00
1.211447403730502304e+00
1.205325416142178474e+00
1.199026843469971793e+00
1.192569211866157497e+00
1.185969721774424279e+00
1.179245418795386691e+00
1.172413207918571842e+00
1.165489725295700829e+00
1.158491288378945550e+00
1.151434022061871731e+00
1.144333916245634963e+00
1.137206712747856896e+00
1.130067816840027106e+00
1.122932388182855679e+00
1.115815414492897562e+00
1.108731608508048083e+00
1.101695314053228403e+00
1.094720557656282844e+00
1.087821112090298747e+00
1.081010415994259066e+00
1.074301484835654907e+00
1.067706927756399082e+00
1.061238992658233293e+00
1.054909507093549692e+00
1.048729793520139619e+00
1.042710666039896150e+00
1.036862463706078819e+00
1.031195004488187461e+00
1.025717505416511521e+00
1.020438567672283803e+00
1.015366200324997248e+00
1.010507782483532235e+00
1.005869990671141911e+00
1.001458783607606762e+00
9.972794250721983556e-01
9.933364539740714427e-01
9.896336215089396315e-01
9.861738827429616938e-01
9.829594226697291326e-01
9.799916339813317112e-01
9.772710671328976861e-01
9.747974357048138083e-01
9.725696502698516488e-01
9.705858045988885463e-01
9.688431416742646629e-01
9.673380764000725218e-01
9.660662380383989722e-01
9.650224653398262742e-01
9.642007919796576898e-01
9.635944926244376374e-01
9.631961386487396526e-01
9.629976038284974171e-01
9.629900732837994859e-01
9.631641130923844774e-01
9.635097383660202741e-01
9.640164319507514845e-01
9.646731864409919810e-01
9.654685894384716915e-01
9.663908957819600243e-01
9.674280668814022599e-01
9.685678423123699199e-01
9.697978349101733508e-01
9.711056019298993647e-01
9.724787002857000484e-01
9.739047800542970368e-01
9.753716813374263550e-01
9.768674965390659048e-01
9.783806359168739641e-01
9.798999195665020201e-01
9.814146549627954519e-01
9.829146838680020704e-01
9.843904437911594751e-01
9.858330304319801174e-01
9.872342333176236107e-01
9.885865552057051531e-01
9.898832407319395621e-01
9.911182869702609421e-01
9.922864232245049987e-01
9.933830875722025056e-01
9.944043926746708451e-01
9.953470692358388217e-01
9.962083937347495644e-01
9.969861097290360075e-01
9.976783346405101449e-01
9.982834530259112604e-01
9.988000065572787411e-01
9.992265801674472536e-01
9.995616868539718425e-01
9.998036571771944381e-01
9.999261043118286008e-01
1.000000000000000000e+00
