1.000000000000000000e+00
1.000000000000000000e+00
1.000000000000000000e+00
1.000000000000000000e+00
1.000000000000128120e+00
1.000000000006310730e+00
1.000000000190780947e+00
1.000000003383448188e+00
1.000000040143644187e+00
1.000000348771973524e+00
1.000002362739842665e+00
1.000013048792829151e+00
1.000060644839764201e+00
1.000242535883218986e+00
1.000847177091373608e+00
1.002606900525461198e+00
1.007089490692475442e+00
1.017016625553816223e+00
1.035882176466405902e+00
1.066057661664957523e+00
1.105519135580672829e+00
1.145560559826427571e+00
1.172696429391464346e+00
1.174691167096936217e+00
1.146382253882263891e+00
1.090969677616298483e+00
1.017415484187476959e+00
9.365192925053158479e-01
8.581901839128692755e-01
7.902896328254718217e-01
7.379813163481871996e-01
7.039686367527784316e-01
6.886633725941984085e-01
6.907476453739964661e-01
7.077347181078893490e-01
7.364977110073306354e-01
7.738670630967666719e-01
8.168780889968172421e-01
8.630289423014381178e-01
9.103155431965762601e-01
9.572341514717239708e-01
1.002736797515359601e+00
1.046116615933608163e+00
1.086944376968814963e+00
1.124978659315150731e+00
1.160117815658697538e+00
1.192353382118767069e+00
1.221738075577187388e+00
1.248369474552160296e+00
1.272366048015197482e+00
1.293859749527335845e+00
1.312985204249958349e+00
1.329876590251882762e+00
1.344665957949329416e+00
1.357479114678936671e+00
1.368436135293097378e+00
1.377649143196070236e+00
1.385223091164966780e+00
1.391318740121544550e+00
1.397484527964342194e+00
1.403907865036524649e+00
1.409484287938807645e+00
1.414223055652259031e+00
1.417926636539404983e+00
1.420448591803437743e+00
1.421875194436321710e+00
1.422284502090662039e+00
1.421747545846247851e+00
1.420328832847162381e+00
1.418087226181947935e+00
1.415076709932933552e+00
1.411346689413367939e+00
1.406942616561149606e+00
1.401906193766777831e+00
1.396275849614261100e+00
1.390087110247602675e+00
1.383372774404821204e+00
1.376163273778352902e+00
1.368486761518235451e+00
1.360369394903054419e+00
1.351835535449064984e+00
1.342907850285388394e+00
1.333607541696385068e+00
1.323954385149456847e+00
1.313966937127978296e+00
1.303662691299848797e+00
1.293058151145218826e+00
1.282169005970131836e+00
1.271010149789798538e+00
1.259595827092015119e+00
1.247939747373855157e+00
1.236055113945958350e+00
1.223954750663114766e+00
1.211651102821607040e+00
1.199156345882816055e+00
1.186482486029343475e+00
1.173641343098660972e+00
1.160644633281688876e+00
1.147503973891221163e+00
1.134230941967919737e+00
1.120837160437601510e+00
1.107334292014185095e+00
1.093734127719894866e+00
1.080048632897859573e+00
1.066289982842292927e+00
1.052470645539695493e+00
1.038603371316873414e+00
1.024701263091544190e+00
1.010777838294119269e+00
9.968470115711210999e-01
9.829231534313969121e-01
9.690211021013477311e-01
9.551561894110435214e-01
9.413442974662018514e-01
9.276018348031052074e-01
9.139457834524330471e-01
9.003937379770697857e-01
8.869638775815978926e-01
8.736750071933943040e-01
8.605465590807042098e-01
8.475985874078172388e-01
8.348517901952750009e-01
8.223274553331808567e-01
8.100474492322231601e-01
7.980342110115767884e-01
7.863106653046597616e-01
7.749002015905833707e-01
7.638266317201387601e-01
7.531140750655687111e-01
7.427868844829318418e-01
7.328695285220445665e-01
7.233864393293988337e-01
7.143618880825560735e-01
7.058198180075765382e-01
6.977836790175138137e-01
6.902762898223140375e-01
6.833196526566451823e-01
6.769347898340726255e-01
6.711415955009432111e-01
6.659586278932604353e-01
6.614029340309414140e-01
6.574898874074814881e-01
6.542329759869636163e-01
6.516436379989722916e-01
6.497311180837644917e-01
6.485022843431988981e-01
6.479615025725629085e-01
6.481105393928194847e-01
6.489484356993912018e-01
6.504714334616914506e-01
6.526729350873772262e-01
6.555434448351609156e-01
6.590705605120587007e-01
6.632390078723278126e-01
6.680306667577152746e-01
6.734246312835409087e-01
6.793973197876934655e-01
6.859225876078566264e-01
6.929718557273309987e-01
7.005142960200622104e-01
7.085170222352175085e-01
7.169452660612195549e-01
7.257626095378333364e-01
7.349312228724431684e-01
7.444120664758626660e-01
7.541651256814384530e-01
7.641496561961875766e-01
7.743244033408360760e-01
7.846478206156443092e-01
7.950783077283233302e-01
8.055744360818553051e-01
8.160951523043048494e-01
8.265999979513766194e-01
8.370493339228648466e-01
8.474045444243772929e-01
8.576282294201877932e-01
8.676844091268814951e-01
8.775387160337262404e-01
8.871585578370323466e-01
8.965132750188277155e-01
9.055742937246309410e-01
9.143152498358620983e-01
9.227120749285172563e-01
9.307430576776888342e-01
9.383888787389090824e-01
9.456326040757543350e-01
9.524596326675075497e-01
9.588576049322345973e-01
9.648162692809877372e-01
9.703272961148722286e-01
9.753840366168303744e-01
9.799812325924978085e-01
9.841146801220010953e-01
9.877808476959585304e-01
9.909764540055114868e-01
9.936980166454365548e-01
9.959413822461586907e-01
9.977012502728587195e-01
9.989707044183300244e-01
9.996103961338241861e-01
1.000000000000000000e+00
