1.000000000000000000e+00
1.000000000000000000e+00
1.000000000000000000e+00
1.000000000000000000e+00
1.000000000000094813e+00
1.000000000004919842e+00
1.000000000148594248e+00
1.000000002634021223e+00
1.000000031233950759e+00
1.000000271179308120e+00
1.000001835610885070e+00
1.000010127856615805e+00
1.000047015518170657e+00
1.000187768555738987e+00
1.000654783337209697e+00
1.002010821054050593e+00
1.005455063628005741e+00
1.013054003563540251e+00
1.027420688689057338e+00
1.050222676897822227e+00
1.079643446455077038e+00
1.108641540485053145e+00
1.126478182725003219e+00
1.123468623550205381e+00
1.095623279419333906e+00
1.045765259241338008e+00
9.815147940960785578e-01
9.120954919852284348e-01
8.460120580161946124e-01
7.899886945894364354e-01
7.483629440006683842e-01
7.232587294768854091e-01
7.147663324309617705e-01
7.214694045564365998e-01
7.409801182004486231e-01
7.704297200105721943e-01
8.069802355812134564e-01
8.480350186360959830e-01
8.914355567092865362e-01
9.354758160085924201e-01
9.788892472063380756e-01
1.020800661610414384e+00
1.060626771266834911e+00
1.098018985569771067e+00
1.132787672822382019e+00
1.164860720200604050e+00
1.194244186489247461e+00
1.220995282067798282e+00
1.245208269937045475e+00
1.266994569370153867e+00
1.286476341649436028e+00
1.303777460211333228e+00
1.319020815777250499e+00
1.332326851127941802e+00
1.343810168108416025e+00
1.353579930773047835e+00
1.361738056735880775e+00
1.368379880590960607e+00
1.373657173831211997e+00
1.379110001246086403e+00
1.384917764380802385e+00
1.389968480107776294e+00
1.394132554236478194e+00
1.397219199395639766e+00
1.399204633341370796e+00
1.400167831384412143e+00
1.400180270864584742e+00
1.399307003129988569e+00
1.397607143315592770e+00
1.395134664225915699e+00
1.391939086520131541e+00
1.388065775250549860e+00
1.383556501295665653e+00
1.378449646765936620e+00
1.372780632873973783e+00
1.366582257340391404e+00
1.359884865186775871e+00
1.352716671435063578e+00
1.345103855019609274e+00
1.337070812632352057e+00
1.328640342137807018e+00
1.319833742264173937e+00
1.310671017855468357e+00
1.301170924534146289e+00
1.291351153776909122e+00
1.281228474128540018e+00
1.270818802071766118e+00
1.260137358212747971e+00
1.249198692216317408e+00
1.238016812567547031e+00
1.226605289866514514e+00
1.214977288413932044e+00
1.203145678588317002e+00
1.191123044509300399e+00
1.178921780537756536e+00
1.166554180577952460e+00
1.154032429647059654e+00
1.141368677544392751e+00
1.128575047813969556e+00
1.115663690643939221e+00
1.102646857992037877e+00
1.089536902229792492e+00
1.076346352030290277e+00
1.063087952709593997e+00
1.049774697306030902e+00
1.036419895521277557e+00
1.023037165690483308e+00
1.009640491733944101e+00
9.962442723378206466e-01
9.828633045138960300e-01
9.695128279447976505e-01
9.562085301374237956e-01
9.429665616550296781e-01
9.298035749186419618e-01
9.167366964520248240e-01
9.037835548443355904e-01
8.909623005924914851e-01
8.782915703770390881e-01
8.657905050422166626e-01
8.534787341326172116e-01
8.413763529285847032e-01
8.295039195769406959e-01
8.178823899957375909e-01
8.065330850729471868e-01
7.954776607115208176e-01
7.847380120777937007e-01
7.743362292918124501e-01
7.642945349544044698e-01
7.546351641334897442e-01
7.453802762910848312e-01
7.365518332087700459e-01
7.281714509026651072e-01
7.202602743111432559e-01
7.128388207586664471e-01
7.059268269455318823e-01
6.995431198945026852e-01
6.937054544496866759e-01
6.884303711877073351e-01
6.837330699716438476e-01
6.796272422482055875e-01
6.761249329078479198e-01
6.732364169623652472e-01
6.709700434368890409e-01
6.693321207127752581e-01
6.683268222361303801e-01
6.679560673998934384e-01
6.682194500989037111e-01
6.691141930461929066e-01
6.706350832683222185e-01
6.727744506794363089e-01
6.755221734047257565e-01
6.788656713905117934e-01
6.827899387133241627e-01
6.872776081754369271e-01
6.923090095776606168e-01
6.978622526630716694e-01
7.039133458615435268e-01
7.104363155385425843e-01
7.174033351419485394e-01
7.247848941653871613e-01
7.325499690933522379e-01
7.406661810376493627e-01
7.490999927787822532e-01
7.578169076283951533e-01
7.667816398756343022e-01
7.759583075513639683e-01
7.853106314873578020e-01
7.948021136438629952e-01
8.043962137503123389e-01
8.140565392718746018e-01
8.237470252765706213e-01
8.334320973982874969e-01
8.430768460565449818e-01
8.526472035167605990e-01
8.621101052401589637e-01
8.714336420341479705e-01
8.805872201964842771e-01
8.895417114099543054e-01
8.982695799152781158e-01
9.067450041189344390e-01
9.149439927603990608e-01
9.228444775127759847e-01
9.304263747575276522e-01
9.376716260753208410e-01
9.445642155712690169e-01
9.510901525727013528e-01
9.572374163450333429e-01
9.629958671751246424e-01
9.683571216987965080e-01
9.733143845097503855e-01
9.778622341315149624e-01
9.819963681218277785e-01
9.857133096803201155e-01
9.890100767788395641e-01
9.918838183193220415e-01
9.943314264694179672e-01
9.963491339466524765e-01
9.979321064304226274e-01
9.990740416345083030e-01
9.996495997989919280e-01
1.000000000000000000e+00
