1.000000000000000000e+00
1.000000000000000000e+00
1.000000000000000000e+00
1.000000000000000000e+00
1.000000000000082601e+00
1.000000000004406919e+00
1.000000000133135947e+00
1.000000002359099804e+00
1.000000027961321925e+00
1.000000242636598813e+00
1.000001641373486905e+00
1.000009049405299111e+00
1.000041971652706030e+00
1.000167444642763970e+00
1.000583150988507919e+00
1.001787999331545720e+00
1.004841103277502423e+00
1.011556519138983701e+00
1.024199461539718969e+00
1.044140228346680299e+00
1.069596943854006499e+00
1.094125910961623926e+00
1.108045773380801569e+00
1.102721777681667126e+00
1.074728390593215677e+00
1.026844098235648595e+00
9.662216676551927952e-01
9.014697938029641033e-01
8.405043820426908452e-01
7.895457115612276588e-01
7.525441834999486712e-01
7.313421302487025377e-01
7.258643079882665106e-01
7.346352691284623315e-01
7.553024054209470650e-01
7.851059896768268764e-01
8.213529324832760103e-01
8.616066200608598624e-01
9.038578040043940831e-01
9.465291770804543647e-01
9.884563841833697850e-01
1.028839118620700877e+00
1.067147594881115324e+00
1.103068493370416236e+00
1.136434874515237059e+00
1.167187746322720043e+00
1.195339768765287580e+00
1.220950369181137196e+00
1.244112729012204488e+00
1.264935498400523661e+00
1.283536883650762794e+00
1.300036335729755965e+00
1.314552075026206079e+00
1.327199749423415120e+00
1.338089319132127475e+00
1.347325442560644682e+00
1.355005819400221245e+00
1.361221819268118916e+00
1.366121517637166827e+00
1.371241542970765614e+00
1.376758024191322871e+00
1.381555908391228549e+00
1.385445506673289140e+00
1.388239002420660118e+00
1.389965964580981206e+00
1.390702394258631180e+00
1.390517093726041375e+00
1.389472692107815321e+00
1.387626125709971125e+00
1.385029397613875224e+00
1.381730237987622179e+00
1.377772395991090360e+00
1.373196175992982715e+00
1.368038640967956354e+00
1.362334021405389395e+00
1.356114038871546690e+00
1.349408073556429999e+00
1.342243472250868042e+00
1.334645642756115302e+00
1.326638296400728834e+00
1.318243624493545596e+00
1.309482396406063787e+00
1.300374155396798903e+00
1.290937264744935753e+00
1.281189084069990658e+00
1.271146104572596247e+00
1.260824018593208917e+00
1.250237868191360180e+00
1.239402071565399721e+00
1.228330546590999051e+00
1.217036809572186851e+00
1.205534007202081925e+00
1.193835023312417087e+00
1.181952488303786186e+00
1.169898870750674558e+00
1.157686562134689012e+00
1.145327870795527003e+00
1.132835091772350866e+00
1.120220516544494060e+00
1.107496483215393956e+00
1.094675447028981896e+00
1.081769979895574219e+00
1.068792841050363096e+00
1.055757014569966845e+00
1.042675737990116369e+00
1.029562565523781670e+00
1.016431359916985855e+00
1.003296343809755742e+00
9.901721435068433497e-01
9.770737718659224802e-01
9.640166666839232734e-01
9.510166925518949155e-01
9.380901514381984052e-01
9.252538143698155748e-01
9.125248914704524594e-01
8.999210525142724570e-01
8.874604394279405062e-01
8.751616272938382846e-01
8.630436339136670076e-01
8.511258981929913370e-01
8.394282510834277788e-01
8.279709043325251816e-01
8.167743820088038120e-01
8.058594810490443683e-01
7.952472340491976155e-01
7.849588119622828986e-01
7.750154734236424092e-01
7.654384975458057294e-01
7.562490646386461624e-01
7.474681662143869421e-01
7.391164846861004722e-01
7.312142502214633577e-01
7.237811190534301220e-01
7.168360246273229874e-01
7.103970331231803659e-01
7.044812218887568367e-01
6.991045291984697707e-01
6.942816239322859850e-01
6.900257909436194881e-01
6.863487810916674148e-01
6.832606895664923297e-01
6.807698492434265392e-01
6.788826964030433286e-01
6.776036752099264815e-01
6.769351619250233432e-01
6.768773683334148306e-01
6.774282889636077387e-01
6.785836722928587639e-01
6.803369759816972895e-01
6.826793610861729977e-01
6.855997104410483933e-01
6.890846367709130282e-01
6.931185251648513956e-01
6.976836039851594951e-01
7.027600097375750199e-01
7.083258732955570736e-01
7.143574372198520095e-01
7.208291727683456829e-01
7.277139048878387140e-01
7.349829716763484067e-01
7.426063847836584797e-01
7.505529772511347897e-01
7.587905855317308434e-01
7.672862324671179124e-01
7.760062845407941223e-01
7.849166284071693589e-01
7.939828525904907286e-01
8.031704105189647613e-01
8.124447818216344874e-01
8.217716452264411942e-01
8.311170423794397299e-01
8.404475265974780118e-01
8.497303214743303634e-01
8.589334818839218233e-01
8.680260409435898161e-01
8.769781486458306796e-01
8.857612172907847192e-01
8.943480574903768243e-01
9.027129936030938717e-01
9.108319736398386990e-01
9.186826736023038231e-01
9.262445800662587603e-01
9.334990444261563880e-01
9.404293170680041447e-01
9.470205596388127089e-01
9.532598251230254283e-01
9.591360026229337477e-01
9.646397305737760552e-01
9.697632764360855084e-01
9.745003757917826137e-01
9.788460291648037881e-01
9.827962608533754585e-01
9.863478420042993688e-01
9.894979790334305081e-01
9.922439716443767210e-01
9.945828488660757305e-01
9.965109912555984994e-01
9.980237487096267346e-01
9.991150645649987672e-01
9.996651583953172215e-01
1.000000000000000000e+00
