1.000000000000000000e+00
1.000000000000000000e+00
1.000000000000000000e+00
1.000000000000000000e+00
1.000000000000025979e+00
1.000000000001701750e+00
1.000000000051149307e+00
1.000000000899387453e+00
1.000000010563029784e+00
1.000000090673290432e+00
1.000000605501440765e+00
1.000003286798190949e+00
1.000014958822365019e+00
1.000058304467363879e+00
1.000197232513677648e+00
1.000582773651706781e+00
1.001503845101854528e+00
1.003366598246916874e+00
1.006447000807542125e+00
1.010303002186918375e+00
1.013072579756715941e+00
1.011382975003797702e+00
1.001476533472717589e+00
9.810935598109825628e-01
9.508231647369073114e-01
9.139673891833218766e-01
8.753755128030135113e-01
8.399798016901899311e-01
8.117854804419005754e-01
7.934509505530215057e-01
7.861011544441744991e-01
7.895711984907383130e-01
8.026876201386760057e-01
8.236946299185561315e-01
8.506192665604928038e-01
8.815344611344788639e-01
9.147674693191770734e-01
9.489394618073094811e-01
9.829941729509258375e-01
1.016154287725083316e+00
1.047881341827260115e+00
1.077832836449216458e+00
1.105805172041772089e+00
1.131702071391658349e+00
1.155497011706881016e+00
1.177213608120077915e+00
1.196907266469107833e+00
1.214652999089204322e+00
1.230539480544353248e+00
1.244659858065308766e+00
1.257109238286170605e+00
1.267980574300176189e+00
1.277363746796566168e+00
1.285345167863419569e+00
1.292006268978033612e+00
1.297423956515110666e+00
1.301669816058752760e+00
1.304810629558685653e+00
1.306971527454705351e+00
1.309667740002084635e+00
1.312946027732137866e+00
1.315404183619011569e+00
1.316911959888501293e+00
1.317539230640479841e+00
1.317349044541705094e+00
1.316398654514974620e+00
1.314740013054337631e+00
1.312420522855682892e+00
1.309483436458286798e+00
1.305968409655476226e+00
1.301911981459329404e+00
1.297347819155856730e+00
1.292307103053612405e+00
1.286818701270835197e+00
1.280909463323485431e+00
1.274604456571815314e+00
1.267927103232175723e+00
1.260899398970575680e+00
1.253541998525413925e+00
1.245874388301485558e+00
1.237915016460364948e+00
1.229681373248030507e+00
1.221190128525079688e+00
1.212457177171722522e+00
1.203497761269034738e+00
1.194326566025349479e+00
1.184957774651078211e+00
1.175405169285760554e+00
1.165682157566857224e+00
1.155801855832764735e+00
1.145777156322739243e+00
1.135620753360456980e+00
1.125345212708112275e+00
1.114962982291787252e+00
1.104486450020874200e+00
1.093927996306686579e+00
1.083299992098564202e+00
1.072614840113266688e+00
1.061884979923747530e+00
1.051122915107624678e+00
1.040341250747946367e+00
1.029552688586746312e+00
1.018770061451585773e+00
1.008006347163701966e+00
9.972746756410996172e-01
9.865883539245373646e-01
9.759608493217716285e-01
9.654058041937633172e-01
9.549370447423659591e-01
9.445685542009297775e-01
9.343144751872000109e-01
9.241890903442190330e-01
9.142068061311300342e-01
9.043821465980189656e-01
8.947297123816035924e-01
8.852641656621452748e-01
8.760002096351023892e-01
8.669525395546798796e-01
8.581358188902760142e-01
8.495646385495322361e-01
8.412534719536657324e-01
8.332166395358749922e-01
8.254682441633404144e-01
8.180221224388690704e-01
8.108917984201030604e-01
8.040904085196609596e-01
7.976306521401015370e-01
7.915247364776727412e-01
7.857842983035547846e-01
7.804203438196691822e-01
7.754431774276798750e-01
7.708623235804474838e-01
7.666864636607488848e-01
7.629233644303322626e-01
7.595798134129421175e-01
7.566615700099106334e-01
7.541733076695590343e-01
7.521185700195496260e-01
7.504997386476355281e-01
7.493179883905343175e-01
7.485732595096400432e-01
7.482642400534776916e-01
7.483883382933594897e-01
7.489416751956879947e-01
7.499190875203525231e-01
7.513141225732027362e-01
7.531190532707550123e-01
7.553249038817129168e-01
7.579214680048296238e-01
7.608973429110609255e-01
7.642399731375605354e-01
7.679356877097893719e-01
7.719697505033663587e-01
7.763264208559212953e-01
7.809890091485414132e-01
7.859399393888812924e-01
7.911608230592767077e-01
7.966325306044538257e-01
8.023352643779497750e-01
8.082486447774868132e-01
8.143517952323879872e-01
8.206234205007152394e-01
8.270418988397337801e-01
8.335853739332110823e-01
8.402318353316238220e-01
8.469592071370888320e-01
8.537454390416954197e-01
8.605685896085334408e-01
8.674069092430850558e-01
8.742389286819318706e-01
8.810435440903210402e-01
8.878000961487517717e-01
8.944884537694525184e-01
9.010890990524608180e-01
9.075832061625048741e-01
9.139527162918573699e-01
9.201804148696626218e-01
9.262500036015146598e-01
9.321461620735520537e-01
9.378546048814957459e-01
9.433621337083328839e-01
9.486566767988560134e-01
9.537273124126202095e-01
9.585642792279835955e-01
9.631589723463714892e-01
9.675039199615081964e-01
9.715927389239926715e-01
9.754200704579052417e-01
9.789814949622283047e-01
9.822734227876486202e-01
9.852929603680291581e-01
9.880377538283680039e-01
9.905058115112773676e-01
9.926953065963065592e-01
9.946043625468048432e-01
9.962308261022125855e-01
9.975720326018745476e-01
9.986245691402636515e-01
9.993840417061183867e-01
9.997670939697020920e-01
1.000000000000000000e+00
