1.000000000000000000e+00
1.000000000000000000e+00
1.000000000000000000e+00
1.000000000000000000e+00
1.000000000000151434e+00
1.000000000007409184e+00
1.000000000224044561e+00
1.000000003973393170e+00
1.000000047143930315e+00
1.000000409601315310e+00
1.000002774926067151e+00
1.000015325963051094e+00
1.000071232852986602e+00
1.000284904128449170e+00
1.000995266252654003e+00
1.003062918892538624e+00
1.008330553599539492e+00
1.019997980923322833e+00
1.042176680901263142e+00
1.077675421543236034e+00
1.124188241074119299e+00
1.171672217322597742e+00
1.204638898196644714e+00
1.209178706618460719e+00
1.179574867964352736e+00
1.119567405213395261e+00
1.039231531450607315e+00
9.505101209159764197e-01
8.642326037181462528e-01
7.889382758885244984e-01
7.302229237771417081e-01
6.910546738487081120e-01
6.719507377707817364e-01
6.715824511576706790e-01
6.873582043156321042e-01
7.159714772550024309e-01
7.540506416384655797e-01
7.984135854313683112e-01
8.463604494118665000e-01
8.957149280649479017e-01
9.448361519009089715e-01
9.925775518525410401e-01
1.038161090651291474e+00
1.081111658223418592e+00
1.121157931478889758e+00
1.158181235823504851e+00
1.192164668407118766e+00
1.223158250740015829e+00
1.251261772050038523e+00
1.276597996437252025e+00
1.299304909876442204e+00
1.319523691696543377e+00
1.337395446750065719e+00
1.353059476033929620e+00
1.366648614041325427e+00
1.378289878256389267e+00
1.388101916384905099e+00
1.396195894891840039e+00
1.402738439007267246e+00
1.409283491881193173e+00
1.416023796642804644e+00
1.421859926802589102e+00
1.426887266674571109e+00
1.430904181437143485e+00
1.433688682548687643e+00
1.435332006618556866e+00
1.435916711526258327e+00
1.435517947144537620e+00
1.434203953525606368e+00
1.432037000682485406e+00
1.429074205780434426e+00
1.425367826340260047e+00
1.420965931239000835e+00
1.415912595485939285e+00
1.410248409924465207e+00
1.404010875559429605e+00
1.397234576988186872e+00
1.389951570172207829e+00
1.382191462300831342e+00
1.373981715335758746e+00
1.365347857086664618e+00
1.356313581143399061e+00
1.346900994438390065e+00
1.337130647310569520e+00
1.327021758495480208e+00
1.316592382006472217e+00
1.305859479427414316e+00
1.294839111020831046e+00
1.283546447869786000e+00
1.271995929654113899e+00
1.260201387219182401e+00
1.248176067567045688e+00
1.235932771305596090e+00
1.223483846379183948e+00
1.210841305697603509e+00
1.198016935751490708e+00
1.185022270721242998e+00
1.171868681263981582e+00
1.158567374106320713e+00
1.145129453792188556e+00
1.131566016413684705e+00
1.117888137632459422e+00
1.104106969949413486e+00
1.090233791464650270e+00
1.076280043203708292e+00
1.062257421295176973e+00
1.048177862268326210e+00
1.034053622112394377e+00
1.019897346438788377e+00
1.005722049788691175e+00
9.915411836886575125e-01
9.773686513962650535e-01
9.632188400103700587e-01
9.491066895097208800e-01
9.350476694125705590e-01
9.210578393725440405e-01
9.071539019577481433e-01
8.933531789859241456e-01
8.796736701224818766e-01
8.661340671895522147e-01
8.527537621941417845e-01
8.395528895139728887e-01
8.265522809344282296e-01
8.137734728749671520e-01
8.012387222337341575e-01
7.889709282821361080e-01
7.769936350391979385e-01
7.653310097364288689e-01
7.540077371772645476e-01
7.430489637276763704e-01
7.324801902632855910e-01
7.223271247575369092e-01
7.126155676710940190e-01
7.033712462357766260e-01
6.946196496767816919e-01
6.863858958515808295e-01
6.786945389914837978e-01
6.715694010199817487e-01
6.650334179629024955e-01
6.591084107648020884e-01
6.538148907734799842e-01
6.491718759966947916e-01
6.451966417098077278e-01
6.419045232462502470e-01
6.393087375914550119e-01
6.374201513214363679e-01
6.362471121981737587e-01
6.357953103022341290e-01
6.360675974112929287e-01
6.370638666217927071e-01
6.387809674655827719e-01
6.412125951913145716e-01
6.443492387281772871e-01
6.481781789391523052e-01
6.526834752413851470e-01
6.578459934732917569e-01
6.636434952562145773e-01
6.700507316296434590e-01
6.770395576454674158e-01
6.845791188806172878e-01
6.926360473640188475e-01
7.011746415546220579e-01
7.101571188969769688e-01
7.195438778989200479e-01
7.292937185706214187e-01
7.393641060845982382e-01
7.497114502895274590e-01
7.602913549840206731e-01
7.710588684435337736e-01
7.819687600260339932e-01
7.929757828665624508e-01
8.040349107460044165e-01
8.151015964020345006e-01
8.261320369328409852e-01
8.370834149246317857e-01
8.479141264303010628e-01
8.585840251758763975e-01
8.690546526334372857e-01
8.792894334837767500e-01
8.892538662728551868e-01
8.989157104136019649e-01
9.082451399117312807e-01
9.172148526416294967e-01
9.258001524997045983e-01
9.339790024420649983e-01
9.417320301310665442e-01
9.490424815272699988e-01
9.558961306630737731e-01
9.622811426389239475e-01
9.681878766640774625e-01
9.736086258329568199e-01
9.785373012594194009e-01
9.829690636541069670e-01
9.868999026224871685e-01
9.903261693581195679e-01
9.932440757974408951e-01
9.956491721853690802e-01
9.975358169819504850e-01
9.988966550131053168e-01
9.995822938510661171e-01
1.000000000000000000e+00
