1.000000000000000000e+00
1.000000000000000000e+00
1.000000000000000000e+00
1.000000000000000000e+00
1.000000000000034861e+00
1.000000000002178036e+00
1.000000000065635275e+00
1.000000001157370866e+00
1.000000013638981056e+00
1.000000117550202905e+00
1.000000788790896822e+00
1.000004306960157185e+00
1.000019743747223799e+00
1.000077650602266388e+00
1.000265699335391112e+00
1.000796830614660626e+00
1.002097411202294008e+00
1.004825968534774461e+00
1.009617910485701708e+00
1.016365078045537995e+00
1.023235452502556209e+00
1.026318297990587158e+00
1.020781721729018265e+00
1.003168915200383315e+00
9.732664542393438811e-01
9.342156779161797653e-01
8.912686694907929752e-01
8.500718813697707432e-01
8.154287506823311160e-01
7.907396417536096678e-01
7.777148964296013434e-01
7.765868615070798953e-01
7.863757271120056513e-01
8.053445092675850514e-01
8.314094619721155155e-01
8.624538323626406155e-01
8.965901719351982990e-01
9.322286314557965969e-01
9.681289106036120584e-01
1.003362801056474352e+00
1.037275512757863893e+00
1.069440078530765836e+00
1.099593060475443584e+00
1.127598411077536555e+00
1.153403945641680250e+00
1.177018218501989288e+00
1.198488910974726540e+00
1.217888338010689298e+00
1.235306187248237597e+00
1.250838693128305312e+00
1.264585480393719541e+00
1.276644681032265360e+00
1.287111714571330667e+00
1.296078704098236889e+00
1.303632667529393885e+00
1.309855949293399435e+00
1.314825264294843921e+00
1.318612229455117024e+00
1.321346491978050430e+00
1.324547508009721319e+00
1.328369996189504576e+00
1.331405645912336455e+00
1.333427031763236625e+00
1.334508684593260996e+00
1.334717838049112926e+00
1.334115529718820303e+00
1.332757113475277588e+00
1.330693064056938990e+00
1.327969394922557944e+00
1.324628252341706336e+00
1.320708431022127094e+00
1.316245630262183663e+00
1.311272868623709842e+00
1.305820666016130005e+00
1.299917360264519539e+00
1.293589361238171032e+00
1.286861295081784595e+00
1.279756240697949021e+00
1.272295818411197432e+00
1.264500376742835108e+00
1.256389132308148859e+00
1.247980254663364930e+00
1.239291015759510062e+00
1.230337836684447961e+00
1.221136420968772729e+00
1.211701858907801022e+00
1.202048686306762093e+00
1.192190995329799774e+00
1.182142462223255031e+00
1.171916439106766683e+00
1.161526028158498480e+00
1.150984110064532384e+00
1.140303421444346599e+00
1.129496566569091920e+00
1.118576082600316379e+00
1.107554499241647950e+00
1.096444337264879332e+00
1.085258156201043711e+00
1.074008561505356063e+00
1.062708237109579956e+00
1.051369990110391672e+00
1.040006747846566215e+00
1.028631599979149103e+00
1.017257817679679599e+00
1.005898865529047059e+00
9.945684342399288003e-01
9.832804260273823038e-01
9.720489764854185477e-01
9.608884699870793300e-01
9.498135147213081497e-01
9.388389513887206439e-01
9.279798372648064841e-01
9.172514341141724259e-01
9.066692077519166171e-01
8.962487876994680303e-01
8.860059567963325389e-01
8.759566344805059801e-01
8.661168271554543496e-01
8.565026073947000773e-01
8.471300732847465431e-01
8.380153026179331111e-01
8.291743175650930775e-01
8.206230149796501783e-01
8.123771145096694291e-01
8.044521087746658861e-01
7.968631790539472126e-01
7.896251400984390934e-01
7.827523771269090380e-01
7.762587547707382463e-01
7.701575460472801504e-01
7.644613471169536822e-01
7.591819826719885533e-01
7.543304277866011986e-01
7.499167186358669523e-01
7.459498702614962840e-01
7.424378118880374799e-01
7.393873107098019037e-01
7.368039113883315672e-01
7.346918886716079511e-01
7.330541846132246908e-01
7.318923654223160602e-01
7.312065901576950688e-01
7.309955674656166691e-01
7.312565362091818510e-01
7.319852589461391945e-01
7.331760057364858918e-01
7.348215626339479334e-01
7.369132534769564646e-01
7.394409529943388737e-01
7.423931201687394843e-01
7.457568433984416156e-01
7.495178787430832879e-01
7.536607046491471396e-01
7.581685896824149618e-01
7.630236548804582020e-01
7.682069451139232896e-01
7.736985145198067571e-01
7.794775095506312201e-01
7.855222541382029799e-01
7.918103509936189610e-01
7.983187817049186563e-01
8.050239988645468969e-01
8.119020348887031613e-01
8.189286104595741023e-01
8.260792289790834797e-01
8.333292807307101091e-01
8.406541496130727209e-01
8.480293102380881409e-01
8.554304243465066238e-01
8.628334435607167840e-01
8.702147077645615569e-01
8.775510359889672207e-01
8.848198226722674420e-01
8.919991352824423458e-01
8.990678045721020029e-01
9.060055101769903807e-01
9.127928690978388548e-01
9.194115182669903019e-01
9.258441850018606090e-01
9.320747526832047214e-01
9.380883211308700398e-01
9.438712527498077653e-01
9.494112004970801655e-01
9.546971214185568932e-01
9.597192742857915126e-01
9.644691955269707462e-01
9.689396514375295810e-01
9.731245682764497751e-01
9.770189390180160638e-01
9.806187030226819479e-01
9.839205978421591281e-01
9.869219856292543724e-01
9.896206557474164223e-01
9.920146047931914790e-01
9.941017970692797023e-01
9.958799108844983428e-01
9.973460760895753729e-01
9.984966090765485802e-01
9.993267522242464951e-01
9.997453954350916661e-01
1.000000000000000000e+00
