1.000000000000000000e+00
1.000000000000000000e+00
1.000000000000000000e+00
1.000000000000000000e+00
1.000000000000100364e+00
1.000000000005147438e+00
1.000000000155529145e+00
1.000000002757311046e+00
1.000000032700903096e+00
1.000000283966757220e+00
1.000001922577975710e+00
1.000010610373782916e+00
1.000049270343141172e+00
1.000196845239846866e+00
1.000686736567818924e+00
1.002110073086764697e+00
1.005728060872538521e+00
1.013718419577969154e+00
1.028846110490261312e+00
1.052905500608117606e+00
1.084057499796543311e+00
1.114990161231479426e+00
1.134498596763185985e+00
1.132446492775315727e+00
1.104614479834725715e+00
1.053862270148057778e+00
9.880242733505864017e-01
9.165932837943979727e-01
8.483246938536815884e-01
7.901529569446470447e-01
7.465742146955410830e-01
7.198267307595067610e-01
7.100672604423586831e-01
7.159027279901739593e-01
7.349300592773223562e-01
7.642345962200932652e-01
8.009176187071479491e-01
8.423150082404999850e-01
8.862051740750644946e-01
9.308274944627298320e-01
9.748720216783683945e-01
1.017431823817654513e+00
1.057900931879972362e+00
1.095915862672719898e+00
1.131277419450613442e+00
1.163907993862353107e+00
1.193810910313679585e+00
1.221042495637077563e+00
1.245697535852589910e+00
1.267888675582672375e+00
1.287739801093816139e+00
1.305376698947152470e+00
1.320924273389231240e+00
1.334505033416570008e+00
1.346235577671824446e+00
1.356227009267616745e+00
1.364583059616775618e+00
1.371400769035876044e+00
1.376833499841874753e+00
1.382422796208778282e+00
1.388349470054589752e+00
1.393502861082808408e+00
1.397778636861085388e+00
1.400984772641414633e+00
1.403075107147274458e+00
1.404129895967278330e+00
1.404221768897393918e+00
1.403416822070743253e+00
1.401775111175783683e+00
1.399351460230605859e+00
1.396196164737383727e+00
1.392355289744771296e+00
1.387871242273192252e+00
1.382782977183724116e+00
1.377126433298033081e+00
1.370934876765060206e+00
1.364239073019490212e+00
1.357067615914340220e+00
1.349447021156207738e+00
1.341401985089178739e+00
1.332955571079760704e+00
1.324129309755828210e+00
1.314943408385282453e+00
1.305416794712043416e+00
1.295567305875251263e+00
1.285411832207182359e+00
1.274966388570177411e+00
1.264246273882244864e+00
1.253266095255629153e+00
1.242039900475121916e+00
1.230581283246281687e+00
1.218903414494768134e+00
1.207019157190876602e+00
1.194941073090959538e+00
1.182681521348048825e+00
1.170252749773178280e+00
1.157666885194800210e+00
1.144936008742287514e+00
1.132072164319772867e+00
1.119087412603664289e+00
1.105993908123788616e+00
1.092803897356047216e+00
1.079529796838327727e+00
1.066184234639163897e+00
1.052780082394327632e+00
1.039330526688180711e+00
1.025849060903087029e+00
1.012349544546190971e+00
9.988462547221083065e-01
9.853538698235272397e-01
9.718875164228063523e-01
9.584627757622217192e-01
9.450957009475958737e-01
9.318028588511899635e-01
9.186013032273828705e-01
9.055086059424846123e-01
8.925428800760087933e-01
8.797227456224275821e-01
8.670673512832690610e-01
8.545963618170938636e-01
8.423299379048355684e-01
8.302887372073464167e-01
8.184938509571376697e-01
8.069667744028766743e-01
7.957293804396883274e-01
7.848038248892680313e-01
7.742125055026890523e-01
7.639780021200178739e-01
7.541229568442890940e-01
7.446699874452546997e-01
7.356415651223320307e-01
7.270598648535732123e-01
7.189466391718900562e-01
7.113230588807225585e-01
7.042095569290843793e-01
6.976256967404620424e-01
6.915900048834283664e-01
6.861198243645069139e-01
6.812311835078508349e-01
6.769386207788390397e-01
6.732550396883959509e-01
6.701915783288543427e-01
6.677574436258510993e-01
6.659597881762039373e-01
6.648036076195770194e-01
6.642916111663524914e-01
6.644241414701956838e-01
6.651991209538157257e-01
6.666119778494719039e-01
6.686556171074284904e-01
6.713204191440774737e-01
6.745942260995071438e-01
6.784623687357607125e-01
6.829077273565998807e-01
6.879107862193709622e-01
6.934497141386730679e-01
6.995004830826817566e-01
7.060369876566345848e-01
7.130311753993215929e-01
7.204532194366078945e-01
7.282716936471600455e-01
7.364537342151978860e-01
7.449652430989388563e-01
7.537710937840332859e-01
7.628353074125099331e-01
7.721212527189431629e-01
7.815918528476176741e-01
7.912097705180193286e-01
8.009375915761550724e-01
8.107380227288166763e-01
8.205740787378742462e-01
8.304092518801182710e-01
8.402076933559564642e-01
8.499343977746333101e-01
8.595553711656150897e-01
8.690377894022581762e-01
8.783501652005781812e-01
8.874625044997394019e-01
8.963464391244239104e-01
9.049753538841223133e-01
9.133245083126207975e-01
9.213711340107086922e-01
9.290945000176353830e-01
9.364759563583637814e-01
9.434989538657562180e-01
9.501490282677528265e-01
9.564137450709636612e-01
9.622826098858219268e-01
9.677469419951241214e-01
9.727997027861357004e-01
9.774352770158649673e-01
9.816492119053933374e-01
9.854379164974347294e-01
9.887983222511893544e-01
9.917275094910383837e-01
9.942223091933702905e-01
9.962788891645669720e-01
9.978923351222478422e-01
9.990562385985060079e-01
9.996428468921642052e-01
1.000000000000000000e+00
