1.000000000000000000e+00
1.000000000000000000e+00
1.000000000000000000e+00
1.000000000000000000e+00
1.000000000000074829e+00
1.000000000004071188e+00
1.000000000123045352e+00
1.000000002179573633e+00
1.000000025823244432e+00
1.000000223978772640e+00
1.000001514323458407e+00
1.000008343473269390e+00
1.000038667191110786e+00
1.000154115937971211e+00
1.000536116011127019e+00
1.001641473571031282e+00
1.004436631973821381e+00
1.010567772908642858e+00
1.022066689737709977e+00
1.040099447339261518e+00
1.062895663137076951e+00
1.084397839351276538e+00
1.095627537936163298e+00
1.088666377384696071e+00
1.060494841280048783e+00
1.013889820412630094e+00
9.557064776498971348e-01
8.941406801964075779e-01
8.367007829701045285e-01
7.892509376614709193e-01
7.554634004777650569e-01
7.369772155839016126e-01
7.335973525789157845e-01
7.438059264767240553e-01
7.652755984341653717e-01
7.953236759143826884e-01
8.313590110734515592e-01
8.710565098187260658e-01
9.125104511098444116e-01
9.542323838297829264e-01
9.951283413144595968e-01
1.034449662462102459e+00
1.071703463079651808e+00
1.106600851065071334e+00
1.138990639370874636e+00
1.168823009428974879e+00
1.196115294219462610e+00
1.220928556068553661e+00
1.243355344862067335e+00
1.263502491059549593e+00
1.281485554346412536e+00
1.297420997616121063e+00
1.311423871864116242e+00
1.323606566788119387e+00
1.334075881373751882e+00
1.342933404903862371e+00
1.350273960403567841e+00
1.356186213312334354e+00
1.360815718706027244e+00
1.365696761327452879e+00
1.371003239208585800e+00
1.375618005599017479e+00
1.379309098878484852e+00
1.381890822040070521e+00
1.383430374400054896e+00
1.384001721585961242e+00
1.383671836584619674e+00
1.382501694118570157e+00
1.380546743494955875e+00
1.377857644958563332e+00
1.374480909746749191e+00
1.370459188062617573e+00
1.365831788264888269e+00
1.360634878239167289e+00
1.354901881474596559e+00
1.348663791154696368e+00
1.341949335103524321e+00
1.334785273840658260e+00
1.327196494899480772e+00
1.319206247687615186e+00
1.310836315125061047e+00
1.302107110382564326e+00
1.293037866356440135e+00
1.283646682484493429e+00
1.273950695183476700e+00
1.263966209011551323e+00
1.253708765158741301e+00
1.243193284914605012e+00
1.232434096832978110e+00
1.221445056058264367e+00
1.210239639946949053e+00
1.198830980065073382e+00
1.187231965109513343e+00
1.175455251266641854e+00
1.163513350454221440e+00
1.151418711896476266e+00
1.139183717384107730e+00
1.126820748421950347e+00
1.114342196231950188e+00
1.101760509943998656e+00
1.089088263893163377e+00
1.076338157450295707e+00
1.063523082047920898e+00
1.050656156603526625e+00
1.037750754272502851e+00
1.024820561701361266e+00
1.011879570519968796e+00
9.989421248212546622e-01
9.860229611698665408e-01
9.731371907768459062e-01
9.603003337881986790e-01
9.475283187629160997e-01
9.348374900333148441e-01
9.222446346047041832e-01
9.097669505917072019e-01
8.974220628769453700e-01
8.852280308086830640e-01
8.732033070571827427e-01
8.613667418034169909e-01
8.497375572674875643e-01
8.383353149126426818e-01
8.271798990840991683e-01
8.162914467082610370e-01
8.056903040289983275e-01
7.953969853107429877e-01
7.854320751904747544e-01
7.758161747059548752e-01
7.665698319453824183e-01
7.577134242040640677e-01
7.492670678403915430e-01
7.412505002603962945e-01
7.336829411405367818e-01
7.265829743343394931e-01
7.199684052253890743e-01
7.138561230120433754e-01
7.082619852395212190e-01
7.032006766410022758e-01
6.986855875331131616e-01
6.947287078477735189e-01
6.913404894421891766e-01
6.885297357643118676e-01
6.863035065189279083e-01
6.846669977459824974e-01
6.836234587686113029e-01
6.831741282675006799e-01
6.833181518794579912e-01
6.840525409408605428e-01
6.853721538954862247e-01
6.872696633058076321e-01
6.897355590958796911e-01
6.927581741913940716e-01
6.963237006396786333e-01
7.004162372771171041e-01
7.050178633467172329e-01
7.101087061924027388e-01
7.156670282139193651e-01
7.216693419915515273e-01
7.280905246147251209e-01
7.349039388437635933e-01
7.420815854886686491e-01
7.495942561526576231e-01
7.574116739594939363e-01
7.655026653175199813e-01
7.738353321992630374e-01
7.823772004535415325e-01
7.910953856026300413e-01
7.999567631997545059e-01
8.089281218784174499e-01
8.179763147057540484e-01
8.270684211373223738e-01
8.361719005813185168e-01
8.452547320813617038e-01
8.542855630301331438e-01
8.632338600445572663e-01
8.720700468654539739e-01
8.807656344910510526e-01
8.892933574023593746e-01
8.976273008938762121e-01
9.057430091908514891e-01
9.136175880897234869e-01
9.212298019863666143e-01
9.285601503057530071e-01
9.355909171723162387e-01
9.423062018080965441e-01
9.486919278654163401e-01
9.547358221354320662e-01
9.604273596919802314e-01
9.657576788264280454e-01
9.707194639239101752e-01
9.753067897595205649e-01
9.795149256838614482e-01
9.833401036858555599e-01
9.867792524715216507e-01
9.898296987064454378e-01
9.924888395053819146e-01
9.947537941232927894e-01
9.966210425890210667e-01
9.980860602478930366e-01
9.991429583421161942e-01
9.996757359714117941e-01
1.000000000000000000e+00
