1.000000000000000000e+00
1.000000000000000000e+00
1.000000000000000000e+00
1.000000000000000000e+00
1.000000000000121458e+00
1.000000000006024736e+00
1.000000000182081461e+00
1.000000003229002177e+00
1.000000038308972883e+00
1.000000332809183545e+00
1.000002254413953962e+00
1.000012449297164929e+00
1.000057851715590695e+00
1.000231332000360185e+00
1.000807902172004216e+00
1.002485531257963691e+00
1.006757750067801549e+00
1.016215448982833891e+00
1.034179562598808610e+00
1.062889920805339505e+00
1.100379204115212728e+00
1.138288092067517576e+00
1.163679467504075582e+00
1.164804882975428946e+00
1.136699828916096999e+00
1.082457003072051060e+00
1.010754527944364156e+00
9.320788370713237736e-01
8.560722535459026616e-01
7.903885595136977971e-01
7.400476017506080195e-01
7.076559549020234874e-01
6.935758565143144150e-01
6.964784365690593892e-01
7.138994390919938260e-01
7.427616884967020994e-01
7.799568066882934803e-01
8.225876315654676585e-01
8.682149680948099135e-01
9.148892499069546380e-01
9.611501464358189750e-01
1.005981150176896710e+00
1.048697940796908590e+00
1.088885904088084056e+00
1.126313023116484402e+00
1.160882980954459187e+00
1.192589912636071503e+00
1.221487313561058663e+00
1.247672078241180316e+00
1.271261326218801724e+00
1.292385151612284178e+00
1.311176155590445758e+00
1.327766393305130022e+00
1.342285723130778985e+00
1.354857836706880869e+00
1.365600740483059239e+00
1.374624621777656097e+00
1.382032603130483484e+00
1.387983729798398347e+00
1.394024837923476978e+00
1.400341799278022492e+00
1.405828703399317980e+00
1.410468983959339173e+00
1.414066354038252316e+00
1.416497119845017583e+00
1.417846143588388452e+00
1.418190208282418707e+00
1.417599183570495525e+00
1.416136527335709605e+00
1.413860148747401180e+00
1.410823158660762244e+00
1.407074170209250408e+00
1.402657911570307725e+00
1.397615430999283204e+00
1.391984563143520592e+00
1.385800293851423337e+00
1.379094934897078240e+00
1.371898476851214355e+00
1.364238679198872317e+00
1.356141347293356336e+00
1.347630529285072765e+00
1.338728617472002114e+00
1.329456572979183626e+00
1.319833965470981862e+00
1.309879176398906164e+00
1.299609552224825215e+00
1.289041476893047378e+00
1.278190543835791226e+00
1.267071576337730043e+00
1.255698770087498639e+00
1.244085805508680531e+00
1.232245877334743778e+00
1.220191818468556288e+00
1.207936102496057540e+00
1.195490949993864183e+00
1.182868426878946666e+00
1.170080429366620489e+00
1.157138764946610054e+00
1.144055158246467307e+00
1.130841308637320131e+00
1.117508974268868416e+00
1.104069967212645498e+00
1.090536239540703667e+00
1.076919928387853886e+00
1.063233390880801155e+00
1.049489284222883789e+00
1.035700556125626060e+00
1.021880512530004337e+00
1.008042877126463566e+00
9.942017745574590615e-01
9.803717863423087042e-01
9.665679616319843293e-01
9.528058411520133886e-01
9.391015103888556981e-01
9.254715752252524741e-01
9.119332052303557035e-01
8.985041688816229888e-01
8.852028042533794938e-01
8.720480553812481883e-01
8.590594704028002848e-01
8.462571924851890470e-01
8.336619765291454209e-01
8.212951327855522177e-01
8.091785108096252177e-01
7.973344882784003662e-01
7.857858816596399176e-01
7.745559200560833135e-01
7.636681979007967636e-01
7.531465583325274160e-01
7.430150153462290463e-01
7.332976341565796696e-01
7.240183789131200420e-01
7.152009868014982397e-01
7.068688020309414899e-01
6.990446117577343577e-01
6.917505086411318560e-01
6.850077089721245960e-01
6.788363922901150538e-01
6.732555562907870383e-01
6.682828162215100898e-01
6.639342361553108862e-01
6.602241737544921607e-01
6.571650791533522051e-01
6.547673404253253615e-01
6.530391495987748485e-01
6.519863329124834239e-01
6.516122364181113902e-01
6.519176400490589440e-01
6.529006446417340292e-01
6.545566103186786222e-01
6.568781264115436391e-01
6.598549650363437769e-01
6.634740826250874468e-01
6.677196620565840623e-01
6.725731471092265545e-01
6.780133090198804391e-01
6.840163598174346937e-01
6.905560680230085069e-01
6.976038889207547555e-01
7.051291477115533279e-01
7.130992275344051334e-01
7.214797428592855111e-01
7.302347654021308365e-01
7.393270545544001759e-01
7.487182535545578999e-01
7.583691159406104054e-01
7.682397416409072477e-01
7.782897879565707777e-01
7.884786795411046212e-01
7.987658363851212195e-01
8.091108897106603637e-01
8.194738769450543581e-01
8.298154517058619062e-01
8.400970980200728189e-01
8.502813250830094649e-01
8.603318509704229733e-01
8.702137974504022822e-01
8.798938727742942056e-01
8.893405267538221359e-01
8.985241003984216768e-01
9.074169706485178954e-01
9.159936674222187714e-01
9.242309541168524101e-01
9.321078842286277810e-01
9.396058321339083585e-01
9.467084837853086965e-01
9.534017834069736796e-01
9.596738420771754319e-01
9.655148057102256320e-01
9.709166723496636120e-01
9.758730562847710566e-01
9.803789049166575786e-01
9.844301710537515238e-01
9.880234413953441486e-01
9.911555262384219578e-01
9.938230212160886756e-01
9.960218512174248140e-01
9.977468082950061712e-01
9.989910969833823984e-01
9.996181338334684252e-01
1.000000000000000000e+00
