1.000000000000000000e+00
1.000000000000000000e+00
1.000000000000000000e+00
1.000000000000000000e+00
1.000000000000107025e+00
1.000000000005421663e+00
1.000000000163837610e+00
1.000000002904966490e+00
1.000000034457177334e+00
1.000000299270275006e+00
1.000002026609935202e+00
1.000011187269311819e+00
1.000051964548434480e+00
1.000207682749238325e+00
1.000724855360215271e+00
1.002228351591853084e+00
1.006052971921500339e+00
1.014507930143786485e+00
1.030536614586630373e+00
1.056079713754992877e+00
1.089265198229821596e+00
1.122455304123609832e+00
1.143893956352627583e+00
1.142920283152892402e+00
1.115058800491326219e+00
1.063226456527800234e+00
9.955177429321031557e-01
9.217426125947707494e-01
8.509461810623921707e-01
7.903023162606379604e-01
7.444850969122858153e-01
7.158598822960263730e-01
7.046562732973105092e-01
7.095058236559788067e-01
7.279870813391956519e-01
7.571324750205552512e-01
7.939738474257704848e-01
8.357698242764000085e-01
8.802265702915805790e-01
9.255208283144057413e-01
9.702928211094126176e-01
1.013599226867733627e+00
1.054808071019990745e+00
1.093538843305297492e+00
1.129581418778136337e+00
1.162851935711512796e+00
1.193350628379040934e+00
1.221132849781003449e+00
1.246294034643580462e+00
1.268948271845423026e+00
1.289221464288365482e+00
1.307241623656204776e+00
1.323135991886777552e+00
1.337029477445503156e+00
1.349040995859015490e+00
1.359283901717185827e+00
1.367864031857424445e+00
1.374880407758573231e+00
1.380488240626723373e+00
1.386230794752600248e+00
1.392290523726670726e+00
1.397558307362518404e+00
1.401958769394899162e+00
1.405298473168081541e+00
1.407505639683018561e+00
1.408662015666076295e+00
1.408841574051764356e+00
1.408111629760976813e+00
1.406533336372167931e+00
1.404162512344553360e+00
1.401050359365523024e+00
1.397243761775771809e+00
1.392785871911923268e+00
1.387716316164576247e+00
1.382071640780427213e+00
1.375885662171876911e+00
1.369189640032252742e+00
1.362012614044531666e+00
1.354381496535155271e+00
1.346321337065763846e+00
1.337855512256209689e+00
1.329005826539164881e+00
1.319792726407274852e+00
1.310235343122676976e+00
1.300351686181011157e+00
1.290158790134764422e+00
1.279672786394938200e+00
1.268909066709304811e+00
1.257882306242423365e+00
1.246606599257110259e+00
1.235095566642247622e+00
1.223362386777461452e+00
1.211419913236797097e+00
1.199280680324349202e+00
1.186957004153602613e+00
1.174461076192037545e+00
1.161804952059352525e+00
1.149000628670476809e+00
1.136060052015686939e+00
1.122995172384273266e+00
1.109818023707321188e+00
1.096540720867470231e+00
1.083175540397966374e+00
1.069734963194828081e+00
1.056231707586666069e+00
1.042678803543791055e+00
1.029089584245134192e+00
1.015477748147388670e+00
1.001857413097168692e+00
9.882431000375538899e-01
9.746497828471799574e-01
9.610928963114290235e-01
9.475883555593650476e-01
9.341526016001724386e-01
9.208025753715437522e-01
9.075557528248756611e-01
8.944301718869264173e-01
8.814443998128344004e-01
8.686175595522176440e-01
8.559693204854270654e-01
8.435198817266914562e-01
8.312899779893748731e-01
8.193008182989818255e-01
8.075740605004060324e-01
7.961317894125310435e-01
7.849964235731289319e-01
7.741906785403553926e-01
7.637375105793163810e-01
7.536599974387828693e-01
7.439812539867108887e-01
7.347243102586697994e-01
7.259119604288439831e-01
7.175666360529611154e-01
7.097102440442136784e-01
7.023640073904117154e-01
6.955483309538826875e-01
6.892826289168452192e-01
6.835851731030875289e-01
6.784729568016442114e-01
6.739615110712500190e-01
6.700647517135233100e-01
6.667948405887224039e-01
6.641620085049270150e-01
6.621744219996315017e-01
6.608380707648909835e-01
6.601566256426445456e-01
6.601313479103095849e-01
6.607610257595059045e-01
6.620418885749703719e-01
6.639675681773775651e-01
6.665290891490754932e-01
6.697148456193942057e-01
6.735106210051428066e-01
6.778996438474251818e-01
6.828626368599730601e-01
6.883778940095643950e-01
6.944213982746485492e-01
7.009669407566373467e-01
7.079862517401478428e-01
7.154491772688583717e-01
7.233238589171770982e-01
7.315768996074413222e-01
7.401735744905401093e-01
7.490780447312291868e-01
7.582535402204929609e-01
7.676625679864594876e-01
7.772671282590496444e-01
7.870289077887997475e-01
7.969094716835809500e-01
8.068704705287885748e-01
8.168738364571745958e-01
8.268819604869678264e-01
8.368578826938415371e-01
8.467654857761121034e-01
8.565696712214142527e-01
8.662365254233256318e-01
8.757334951102281329e-01
8.850295517146981039e-01
8.940953308055324955e-01
9.029032659749089973e-01
9.114277174828188111e-01
9.196450754947976813e-01
9.275338299503175232e-01
9.350746179616139520e-01
9.422502468217460736e-01
9.490456799361950413e-01
9.554479820713567273e-01
9.614462289348411073e-01
9.670313787992820265e-01
9.721960972747436536e-01
9.769345330610762490e-01
9.812420499562026777e-01
9.851149176307187894e-01
9.885499620827056244e-01
9.915441805217017901e-01
9.940943305725037371e-01
9.961965031920483327e-01
9.978456902128181039e-01
9.990353588975265930e-01
9.996349263551871367e-01
1.000000000000000000e+00
