1.000000000000000000e+00
1.000000000000000000e+00
1.000000000000000000e+00
1.000000000000000000e+00
1.000000000000192513e+00
1.000000000009862999e+00
1.000000000298157499e+00
1.000000005284659155e+00
1.000000062659563982e+00
1.000000543982844992e+00
1.000003682021171514e+00
1.000020314769468399e+00
1.000094305524597216e+00
1.000376643071546834e+00
1.001313459413727847e+00
1.004033574930070394e+00
1.010941788722471424e+00
1.026181518152703420e+00
1.055001667871301674e+00
1.100831052796190201e+00
1.160402995445301899e+00
1.220677057323418691e+00
1.262244607383130601e+00
1.268468291126597869e+00
1.233410796083626249e+00
1.162618004734897958e+00
1.068739497960483398e+00
9.659823763859706203e-01
8.667454454037580858e-01
7.805228592718376213e-01
7.132968169359825694e-01
6.680863608073300819e-01
6.451874256360021764e-01
6.429361038965264452e-01
6.583730552292921256e-01
6.878253342225808531e-01
7.276374169204983255e-01
7.743702854314995498e-01
8.251207993334316315e-01
8.775373873012559667e-01
9.298381433638230886e-01
9.807777744280637977e-01
1.029500494038643410e+00
1.075479988867828141e+00
1.118406625465941939e+00
1.158137097492136780e+00
1.194639165011686543e+00
1.227954234029407177e+00
1.258181340487439348e+00
1.285445283813031470e+00
1.309889393503892219e+00
1.331661277182747849e+00
1.350909692320833688e+00
1.367782985276848384e+00
1.382423183655357990e+00
1.394967051096923649e+00
1.405542690979628695e+00
1.414270673588726712e+00
1.421326828881002147e+00
1.428273994577654360e+00
1.435313861095258048e+00
1.441355629673122252e+00
1.446509196545097797e+00
1.450688014856237995e+00
1.453659225891500872e+00
1.455414570056996926e+00
1.456044918504576069e+00
1.455633140045594409e+00
1.454254544729286058e+00
1.451977935074330039e+00
1.448866520440905692e+00
1.444978164424321809e+00
1.440366144782966984e+00
1.435079304452723692e+00
1.429162627129840990e+00
1.422657672513456539e+00
1.415602731635576594e+00
1.408033270340673271e+00
1.399981976857266996e+00
1.391479107581880426e+00
1.382552716919540625e+00
1.373228746131934352e+00
1.363531308915940876e+00
1.353482695741536235e+00
1.343103635998572409e+00
1.332413486560602545e+00
1.321430298790826630e+00
1.310171042965900146e+00
1.298651599908539733e+00
1.286886944964669599e+00
1.274891287093664838e+00
1.262678081165841570e+00
1.250260188817162721e+00
1.237649851329323702e+00
1.224858826238589771e+00
1.211898512813142315e+00
1.198779901141455717e+00
1.185513672751698167e+00
1.172110184009906853e+00
1.158579532123643174e+00
1.144931663921883835e+00
1.131176345375260572e+00
1.117323276371796181e+00
1.103382141839621022e+00
1.089362648538700906e+00
1.075274635571268567e+00
1.061128043497808093e+00
1.046933009490965683e+00
1.032699951822054540e+00
1.018439534264888868e+00
1.004162750646972802e+00
9.898809395530753230e-01
9.756058243401849461e-01
9.613496050371707069e-01
9.471249281335201164e-01
9.329449725004206329e-01
9.188235279111205411e-01
9.047749734338198513e-01
8.908143712943800141e-01
8.769575046934301454e-01
8.632209117430651446e-01
8.496219710537153968e-01
8.361788730426695793e-01
8.229106684136636707e-01
8.098373343496803045e-01
7.969797169313004304e-01
7.843595910019038886e-01
7.719996931504362614e-01
7.599236437004069922e-01
7.481559433859790165e-01
7.367219037342648269e-01
7.256475251343915689e-01
7.149594245228445555e-01
7.046846935558007674e-01
6.948507596194688496e-01
6.854852918921781058e-01
6.766160226174394721e-01
6.682705995797750820e-01
6.604764561660037003e-01
6.532605667584299169e-01
6.466492439752886678e-01
6.406679416384841730e-01
6.353409506486095149e-01
6.306911570878863671e-01
6.267398128610556229e-01
6.235062115228557911e-01
6.210074402701782903e-01
6.192581579416406301e-01
6.182702936573336583e-01
6.180528170552503919e-01
6.186115446162524512e-01
6.199488920086861921e-01
6.220636998600129752e-01
6.249511227707147398e-01
6.286024910668611687e-01
6.330052268428995044e-01
6.381428475203523298e-01
6.439949732908213376e-01
6.505373658599021836e-01
6.577420779640728021e-01
6.655776210884375432e-01
6.740091143452320299e-01
6.829985503493890553e-01
6.925050833055119703e-01
7.024852618768936408e-01
7.128933363799405676e-01
7.236815987342393175e-01
7.348006845561794176e-01
7.461998850540766393e-01
7.578275062496798720e-01
7.696312138032420647e-01
7.815583445581812949e-01
7.935562566125408113e-01
8.055726954833559716e-01
8.175561278913171526e-01
8.294560599337768014e-01
8.412233846040217955e-01
8.528107122054739975e-01
8.641726525081273591e-01
8.752660948295536425e-01
8.860504884794957459e-01
8.964880789360415436e-01
9.065440835361964211e-01
9.161868343314664154e-01
9.253878861707559578e-01
9.341220630554518678e-01
9.423674366359603427e-01
9.501052504185517611e-01
9.573197858513631253e-01
9.639981504467278750e-01
9.701299828886834620e-01
9.757070864619030726e-01
9.807229946742974658e-01
9.851724680809785806e-01
9.890509290588375135e-01
9.923538521134965817e-01
9.950761250593286311e-01
9.972113990024701335e-01
9.987514477252424916e-01
9.995271610763025727e-01
1.000000000000000000e+00
