1.000000000000000000e+00
1.000000000000000000e+00
1.000000000000000000e+00
1.000000000000000000e+00
1.000000000000160316e+00
1.000000000007886580e+00
1.000000000238475684e+00
1.000000004229059547e+00
1.000000050173785349e+00
1.000000435890336270e+00
1.000002952755219443e+00
1.000016306408698430e+00
1.000075780651236812e+00
1.000303050302450369e+00
1.001058474044033586e+00
1.003256741885254710e+00
1.008855329776278120e+00
1.021250612706996685e+00
1.044800558017743519e+00
1.082471427020037735e+00
1.131803905880873540e+00
1.182171546110425853e+00
1.217264389272223468e+00
1.222537783984188442e+00
1.192129503058598550e+00
1.130072405539889413e+00
1.046935527485898243e+00
9.551320143961340436e-01
8.658451377120525150e-01
7.878554877523866740e-01
7.268920769420039729e-01
6.859880261143227465e-01
6.656650505361547676e-01
6.645624378984255065e-01
6.800318682487727084e-01
7.086924714203690634e-01
7.470999277924371684e-01
7.919978860810846788e-01
8.406214721851306138e-01
8.907380020231979723e-01
9.406616986815781178e-01
9.892140840644805255e-01
1.035593649587022158e+00
1.079310188943105375e+00
1.120082204191704900e+00
1.157785077307195820e+00
1.192398778873237752e+00
1.223972116639188368e+00
1.252605484102275124e+00
1.278422955428970109e+00
1.301564502021175906e+00
1.322173485035633922e+00
1.340393369526334366e+00
1.356366002577447771e+00
1.370226714330685436e+00
1.382105038906564998e+00
1.392122010109395625e+00
1.400391098186213101e+00
1.407081128876090492e+00
1.413748131338370406e+00
1.420586897051309583e+00
1.426499948540512541e+00
1.431590697617976859e+00
1.435681131152431123e+00
1.438542384621522618e+00
1.440245107369001021e+00
1.440873669457981343e+00
1.440504887255002142e+00
1.439208516342715960e+00
1.437048215800680317e+00
1.434082386701891920e+00
1.430364459909523545e+00
1.425943585967628602e+00
1.420864824066451426e+00
1.415169665754796968e+00
1.408896438439403376e+00
1.402080476939137954e+00
1.394754522742042369e+00
1.386948799038703051e+00
1.378691322985871714e+00
1.370008121073771790e+00
1.360923327769515634e+00
1.351459440722374117e+00
1.341637346689794841e+00
1.331476553877903202e+00
1.320995363277564616e+00
1.310210940413359060e+00
1.299139512961717591e+00
1.287796379482645026e+00
1.276196072342115073e+00
1.264352483627907198e+00
1.252278888104106480e+00
1.239988085244878802e+00
1.227492389409690965e+00
1.214803751232047757e+00
1.201933869604939087e+00
1.188894161466229615e+00
1.175695853040364502e+00
1.162349976744533331e+00
1.148867434020264922e+00
1.135259092146817306e+00
1.121535769197859356e+00
1.107708334884496049e+00
1.093787760129725228e+00
1.079785154703187366e+00
1.065711863203289589e+00
1.051579447849033677e+00
1.037399770996958681e+00
1.023185068470739978e+00
1.008947926703047893e+00
9.947013544305318700e-01
9.804587980788181945e-01
9.662341760075779939e-01
9.520419524647756315e-01
9.378971137355173182e-01
9.238152341641742149e-01
9.098125344573327888e-01
8.959058592110109576e-01
8.821127427965353984e-01
8.684514287935206633e-01
8.549408835589286104e-01
8.416008471202657271e-01
8.284517918925090596e-01
8.155149380793467184e-01
8.028122792522185414e-01
7.903665083921435075e-01
7.782010310109745976e-01
7.663399536272115231e-01
7.548079830030927084e-01
7.436303793374448023e-01
7.328328553541638701e-01
7.224414325501267164e-01
7.124823329834191199e-01
7.029818162642679225e-01
6.939660174773834012e-01
6.854608186401066616e-01
6.774916562112052176e-01
6.700833532243050117e-01
6.632599666570355712e-01
6.570445518734097101e-01
6.514589628313031122e-01
6.465236620165795145e-01
6.422574572033847851e-01
6.386772922511479988e-01
6.357980557128170007e-01
6.336323286293878976e-01
6.321901985684724723e-01
6.314791029963476854e-01
6.315036246797096631e-01
6.322653499578168024e-01
6.337627632625917329e-01
6.359911114680173450e-01
6.389423302557339923e-01
6.426050237669423959e-01
6.469644305036597043e-01
6.520024334092020535e-01
6.576976366008822072e-01
6.640254467617093814e-01
6.709581776866994085e-01
6.784652338808192518e-01
6.865133052789504919e-01
6.950665455686405592e-01
7.040868308999352898e-01
7.135340302414363567e-01
7.233662315266010667e-01
7.335400162710381533e-01
7.440107527459687287e-01
7.547328572729505858e-01
7.656600579656284156e-01
7.767456879713519058e-01
7.879429644086733964e-01
7.992052398780942202e-01
8.104862781447257358e-01
8.217405382458438101e-01
8.329234326777609221e-01
8.439915718067045880e-01
8.549030266385591048e-01
8.656175767840019741e-01
8.760969212879229362e-01
8.863048850141935775e-01
8.962076219711527791e-01
9.057737833272182515e-01
9.149746380576242455e-01
9.237841653545717513e-01
9.321791168078044088e-01
9.401390285462114527e-01
9.476461784063338056e-01
9.546854972848367593e-01
9.612444315498692715e-01
9.673127421550313798e-01
9.728822368362961548e-01
9.779464436655100901e-01
9.825002291913237373e-01
9.865393612392246991e-01
9.900600222596419586e-01
9.930582871172611847e-01
9.955295779102627529e-01
9.974681105043293750e-01
9.988663495680702997e-01
9.995707902897676966e-01
1.000000000000000000e+00
