1.000000000000000000e+00
1.000000000000000000e+00
1.000000000000000000e+00
1.000000000000000000e+00
1.000000000000181855e+00
1.000000000009164003e+00
1.000000000277034617e+00
1.000000004911346885e+00
1.000000058248048607e+00
1.000000505832422837e+00
1.000003424957906395e+00
1.000018903948764359e+00
1.000087796926729444e+00
1.000350842018608466e+00
1.001224296155520666e+00
1.003762802185510505e+00
1.010217429883981222e+00
1.024478187545003527e+00
1.051499912033422968e+00
1.094578502682583609e+00
1.150760193338439485e+00
1.207856224110190890e+00
1.247502054224078449e+00
1.253711302057451960e+00
1.220487767697754355e+00
1.152795408238591390e+00
1.062544418225682685e+00
9.633340231580178603e-01
8.671749486344383362e-01
7.833567446133211654e-01
7.178225631373542637e-01
6.736449725213401463e-01
6.512421030772997943e-01
6.490868286416974220e-01
6.643425577013499783e-01
6.934358071031035964e-01
7.327685954012999048e-01
7.789432210881843677e-01
8.290813659467751728e-01
8.808527503997145569e-01
9.324934916728684353e-01
9.827705877039035753e-01
1.030840246991940656e+00
1.076184717995916751e+00
1.118502306284325787e+00
1.157655693527635421e+00
1.193617197865346702e+00
1.226431572385670909e+00
1.256199267775919060e+00
1.283045859600240535e+00
1.307114508766078709e+00
1.328552291985309886e+00
1.347506983526772117e+00
1.364125420190827720e+00
1.378547960489914015e+00
1.390909418438077028e+00
1.401335926491458439e+00
1.409945999390610272e+00
1.416913380455986582e+00
1.423798835766491022e+00
1.430801904512131628e+00
1.436829677605877986e+00
1.441989974757348136e+00
1.446169563196448404e+00
1.449136655255787387e+00
1.450905719225444201e+00
1.451565506804302741e+00
1.451196897559115406e+00
1.449873365096113087e+00
1.447662000298816976e+00
1.444624401200654384e+00
1.440816937997711822e+00
1.436291489743291017e+00
1.431095611336634210e+00
1.425273091901297695e+00
1.418864379949595911e+00
1.411906745993004364e+00
1.404434710992885860e+00
1.396480104999431537e+00
1.388072401548145818e+00
1.379238942976669158e+00
1.370005033540912853e+00
1.360394214475497465e+00
1.350428276767233537e+00
1.340127512864402126e+00
1.329510899357537967e+00
1.318596166102941947e+00
1.307400011179181476e+00
1.295938099093626894e+00
1.284225237342434101e+00
1.272275510947636912e+00
1.260102298908646778e+00
1.247718428408573388e+00
1.235136154256265106e+00
1.222367290150323083e+00
1.209423329441635664e+00
1.196315402020935226e+00
1.183054371732932264e+00
1.169650824951226298e+00
1.156115135662507898e+00
1.142457570119675747e+00
1.128688262278538135e+00
1.114817323757999246e+00
1.100854894699090814e+00
1.086811181190052489e+00
1.072696560808825694e+00
1.058521557120115641e+00
1.044296930608993312e+00
1.030033759519620729e+00
1.015743409389254337e+00
1.001437613395904869e+00
9.871284878482471381e-01
9.728285706603145844e-01
9.585509072885485260e-01
9.443090234887930867e-01
9.301170046230108346e-01
9.159895674756172168e-01
9.019420390497482343e-01
8.879904409209811167e-01
8.741515210648255207e-01
8.604427810721503311e-01
8.468825497490157783e-01
8.334899505036446055e-01
8.202849383465307120e-01
8.072883517702943434e-01
7.945218496467726377e-01
7.820079543165157077e-01
7.697700684683010941e-01
7.578323888308650114e-01
7.462198867419486126e-01
7.349582266673447828e-01
7.240736356292886144e-01
7.135928168001781646e-01
7.035427986897474506e-01
6.939507861510411102e-01
6.848440518711561564e-01
6.762497504077203958e-01
6.681947606781746263e-01
6.607055448561802713e-01
6.538079040184211488e-01
6.475267731615187428e-01
6.418860232404596244e-01
6.369081685272770521e-01
6.326141331425353398e-01
6.290230321269401070e-01
6.261518704251601841e-01
6.240153146092910497e-01
6.226254921757465866e-01
6.219917235418348511e-01
6.221203229120917388e-01
6.230144358618848743e-01
6.246738324037204304e-01
6.270947698943910575e-01
6.302699161371309033e-01
6.341882508901253157e-01
6.388350185110885926e-01
6.441917608949226937e-01
6.502363550600341879e-01
6.569430793927274470e-01
6.642827791259320325e-01
6.722230475740330613e-01
6.807283895482849623e-01
6.897604881053944759e-01
6.992784894879571223e-01
7.092392368257510737e-01
7.195975682979295351e-01
7.303066424950469537e-01
7.413182278890361188e-01
7.525829990619806731e-01
7.640508732867059560e-01
7.756713324492244821e-01
7.873937136005614290e-01
7.991675323908722373e-01
8.109428194777820176e-01
8.226704267560175365e-01
8.343023184699719375e-01
8.457918873836733908e-01
8.570942545602718843e-01
8.681665249255535732e-01
8.789680397540831081e-01
8.894606281313133245e-01
8.996088174081516842e-01
9.093799879915019924e-01
9.187444969230990077e-01
9.276757682805691907e-01
9.361503261155929012e-01
9.441477642355619038e-01
9.516506647300597699e-01
9.586444616639209215e-01
9.651172321429606349e-01
9.710594102330527555e-01
9.764634339197298951e-01
9.813233287464868670e-01
9.856342275532655739e-01
9.893918327649376954e-01
9.925918374595432692e-01
9.952293195651812363e-01
9.972981259466140447e-01
9.987902656050229311e-01
9.995419032634126344e-01
1.000000000000000000e+00
