1.000000000000000000e+00
1.000000000000000000e+00
1.000000000000000000e+00
1.000000000000000000e+00
1.000000000000083711e+00
1.000000000004454659e+00
1.000000000134558142e+00
1.000000002384405562e+00
1.000000028262640228e+00
1.000000245265411314e+00
1.000001659269434739e+00
1.000009148809587911e+00
1.000042436790771871e+00
1.000169319976634164e+00
1.000589765278804055e+00
1.001808591346924571e+00
1.004897901106661218e+00
1.011695229195117340e+00
1.024498308239761624e+00
1.044705602123320975e+00
1.070532925486970877e+00
1.095481878332007497e+00
1.109772781544758891e+00
1.104671812803913244e+00
1.076698574175277257e+00
1.028633521306484777e+00
9.676718575453155946e-01
9.024797412914138395e-01
8.410290366782675608e-01
7.895884782265744084e-01
7.521460553703372964e-01
7.305715376720058885e-01
7.248058593237124425e-01
7.333793552011210748e-01
7.539360387069072855e-01
7.837057198796810731e-01
8.199814140344112712e-01
8.603112301002086015e-01
9.026717012770858473e-01
9.454732881135521350e-01
9.875419349035436944e-01
1.028070220790248790e+00
1.066523277170968731e+00
1.102584425636123910e+00
1.136084563025694161e+00
1.166963441416462910e+00
1.195233084570585413e+00
1.220952701217470571e+00
1.244215566779748317e+00
1.265130587530376216e+00
1.283816339172004106e+00
1.300392687905243871e+00
1.314978293642295792e+00
1.327689255780976296e+00
1.338635972133007002e+00
1.347923525882038120e+00
1.355650014613716259e+00
1.361907181949474799e+00
1.366843451943532628e+00
1.371995777153919294e+00
1.377540595031576220e+00
1.382363142140286882e+00
1.386279488639544422e+00
1.389101531254916422e+00
1.390853718964547125e+00
1.391612333723108996e+00
1.391446430290415703e+00
1.390418866257982611e+00
1.388586783349602838e+00
1.386002370235716263e+00
1.382713525651196651e+00
1.378764150797297638e+00
1.374194687921971081e+00
1.369042323957443186e+00
1.363341401208222115e+00
1.357123742220245344e+00
1.350418817663724624e+00
1.343254055688383408e+00
1.335654936319581543e+00
1.327645235037232530e+00
1.319247199889902022e+00
1.310481649747808008e+00
1.301368171009169572e+00
1.291925163619944916e+00
1.282170018211410634e+00
1.272119251903882198e+00
1.261788578002179806e+00
1.251193055285400257e+00
1.240347114307169152e+00
1.229264681517689084e+00
1.217959278444907589e+00
1.206444053636475555e+00
1.194731889938361880e+00
1.182835413779596001e+00
1.170767087240008886e+00
1.158539293216784172e+00
1.146164329174971463e+00
1.133654477355525048e+00
1.121022014463017635e+00
1.108279262115932751e+00
1.095438657802809024e+00
1.082512754347624728e+00
1.069514291065822631e+00
1.056456231559655956e+00
1.043351792582001947e+00
1.030214507798409507e+00
1.017058219675739617e+00
1.003897131375295348e+00
9.907458510391261575e-01
9.776193747616187535e-01
9.645331255404598902e-01
9.515029554528433575e-01
9.385451566816532809e-01
9.256764938630480666e-01
9.129141743412966248e-01
9.002758694099963765e-01
8.877797274919834170e-01
8.754443354463617988e-01
8.632887288992235897e-01
8.513323711841301877e-01
8.395951248288863189e-01
8.280972410512863480e-01
8.168592915685866096e-01
8.059021297186156341e-01
7.952468538709906998e-01
7.849147102192417513e-01
7.749270426282413027e-01
7.653052257942556391e-01
7.560705458262263479e-01
7.472441103444102950e-01
7.388467279304499202e-01
7.308987644397371142e-01
7.234200208845273927e-01
7.164295837824914415e-01
7.099456798015667536e-01
7.039855534094673351e-01
6.985653154196044268e-01
6.936998115049445301e-01
6.894025064023598937e-01
6.856853322555982455e-01
6.825585653756728322e-01
6.800307180235891646e-01
6.781084021089501812e-01
6.767962319050312425e-01
6.760967465706241297e-01
6.760103115411599806e-01
6.765350640773999391e-01
6.776668829764542767e-01
6.793993420725172871e-01
6.817237030985047186e-01
6.846289329635086851e-01
6.881017106409375028e-01
6.921264688186455905e-01
6.966854643357838217e-01
7.017588425611451797e-01
7.073247234257078464e-01
7.133593189724914962e-01
7.198370506685393133e-01
7.267306748675146366e-01
7.340114432164921432e-01
7.416492640887912824e-01
7.496128513829988238e-01
7.578699079620241363e-01
7.663873101191800430e-01
7.751312660725668824e-01
7.840674939999396909e-01
7.931614053370092954e-01
8.023782692200356337e-01
8.116833751898269167e-01
8.210422076455368146e-01
8.304206111238053856e-01
8.397849403432594562e-01
8.491022202240865457e-01
8.583403083411275114e-01
8.674680431852309637e-01
8.764553840132235374e-01
8.852735576028193387e-01
8.938951955037618413e-01
9.022944505253810421e-01
9.104471076896550885e-01
9.183306896254764817e-01
9.259245400432325468e-01
9.332098786453730810e-01
9.401698358531308530e-01
9.467894655126640746e-01
9.530557251858648993e-01
9.589574208998513649e-01
9.644851201405075791e-01
9.696310311174048957e-01
9.743888411470209565e-01
9.787535124536217435e-01
9.827210397180643486e-01
9.862881716177970270e-01
9.894520974553465686e-01
9.922101031508580027e-01
9.945592050856669752e-01
9.964957700005040442e-01
9.980151304592057571e-01
9.991112066363522226e-01
9.996636953305630957e-01
1.000000000000000000e+00
