1.000000000000000000e+00
1.000000000000000000e+00
1.000000000000000000e+00
1.000000000000000000e+00
1.000000000000115907e+00
1.000000000005789813e+00
1.000000000174995129e+00
1.000000003103162394e+00
1.000000036813529114e+00
1.000000319791914949e+00
1.000002166029758000e+00
1.000011959858481569e+00
1.000055569694127344e+00
1.000222170332587535e+00
1.000775752772112615e+00
1.002386056264027436e+00
1.006485433707907218e+00
1.015556538696490874e+00
1.032776022021592244e+00
1.060271184808246669e+00
1.096115491733913316e+00
1.132230842360648859e+00
1.156133974513462226e+00
1.156488314317909438e+00
1.128507373321595342e+00
1.075207537129999169e+00
1.005038258953977692e+00
9.282264101383526089e-01
8.541885416014242116e-01
7.903993076423641018e-01
7.417514562782128174e-01
7.107640308198265311e-01
6.977523101888117862e-01
7.013745924197424264e-01
7.191838228245855946e-01
7.481444477616892019e-01
7.852006039957319938e-01
8.275133694963145992e-01
8.726977978806839120e-01
9.188514970038533791e-01
9.645516982186619348e-01
1.008809187788527684e+00
1.050959178212011125e+00
1.090599753813266348e+00
1.127507053386135549e+00
1.161589390421611689e+00
1.192843160683113801e+00
1.221322540224213604e+00
1.247123855949819005e+00
1.270363078171661275e+00
1.291168716172277797e+00
1.309671640708752305e+00
1.326002092805676380e+00
1.340288062817319270e+00
1.352651440112085268e+00
1.363208473491496653e+00
1.372067706156315570e+00
1.379330709258207444e+00
1.385155076289646514e+00
1.391086289895909767e+00
1.397308924797373120e+00
1.402715851910572464e+00
1.407268421345322817e+00
1.410771413951139808e+00
1.413120611712390007e+00
1.414399692198487601e+00
1.414684369218515592e+00
1.414043539514157732e+00
1.412539782891983009e+00
1.410230211210166562e+00
1.407167206541308557e+00
1.403398721614690370e+00
1.398968882081940146e+00
1.393918192187691529e+00
1.388283993236573810e+00
1.382100822890977909e+00
1.375400589423874997e+00
1.368212918386739751e+00
1.360565243847802419e+00
1.352483080605631161e+00
1.343990218428908312e+00
1.335108823262949551e+00
1.325859657896433230e+00
1.316262122923723688e+00
1.306334456221426521e+00
1.296093883723149709e+00
1.285556691687259168e+00
1.274738395411839864e+00
1.263653760717292851e+00
1.252316943853007736e+00
1.240741601993060161e+00
1.228940923365558158e+00
1.216927748744988325e+00
1.204714575199687054e+00
1.192313660396882913e+00
1.179737119116819111e+00
1.166996909768483359e+00
1.154104913914533626e+00
1.141072942941642188e+00
1.127912794788803019e+00
1.114636336201059397e+00
1.101255498785574938e+00
1.087782363044998091e+00
1.074229202586320708e+00
1.060608518392246236e+00
1.046933116675031972e+00
1.033216099831848034e+00
1.019470932028484045e+00
1.005711496680115946e+00
9.919520799373642284e-01
9.782074243092246935e-01
9.644927384132946369e-01
9.508237192375790237e-01
9.372166024098494974e-01
9.236881372947880475e-01
9.102556271422842515e-01
8.969369611398768649e-01
8.837505838589660989e-01
8.707155277488276557e-01
8.578514084138818552e-01
8.451784125762550337e-01
8.327173105332296155e-01
8.204893978408642763e-01
8.085164755250047186e-01
7.968208346509944029e-01
7.854251653677051248e-01
7.743525264907229477e-01
7.636262945067205932e-01
7.532700457468477495e-01
7.433074757574269498e-01
7.337622785026061134e-01
7.246579942914000982e-01
7.160178832249166625e-01
7.078647604109900016e-01
7.002208334063326767e-01
6.931075656580335531e-01
6.865454978988011492e-01
6.805540907797692496e-01
6.751515828764121929e-01
6.703547963474979499e-01
6.661789740119476999e-01
6.626376302789411810e-01
6.597423591811363286e-01
6.575026879727025042e-01
6.559259513660626872e-01
6.550171325739085892e-01
6.547787581570125859e-01
6.552108209019705809e-01
6.563106776420631894e-01
6.580729967668975666e-01
6.604897363649525621e-01
6.635501071950750118e-01
6.672405816882728269e-01
6.715449418118446534e-01
6.764443196502047950e-01
6.819172685074361695e-01
6.879398783866592648e-01
6.944858934468280953e-01
7.015268429934973238e-01
7.090322224212237678e-01
7.169696783477850222e-01
7.253051793706080108e-01
7.340032363578402608e-01
7.430271265876556841e-01
7.523390848676725362e-01
7.619005230834986486e-01
7.716722585661297540e-01
7.816147182612909194e-01
7.916881416772979518e-01
8.018528007288600046e-01
8.120692078799609526e-01
8.222983042152679500e-01
8.325016616367858502e-01
8.426416889428089974e-01
8.526818192518555994e-01
8.625866867631788448e-01
8.723223138938699384e-01
8.818562867667981697e-01
8.911579040794928019e-01
9.001983204813368555e-01
9.089506849014417078e-01
9.173902520859916754e-01
9.254944588419063978e-01
9.332429769466711322e-01
9.406177407800481172e-01
9.476029360502641330e-01
9.541849458200840628e-01
9.603522593714833855e-01
9.660953414988255883e-01
9.714064526163322943e-01
9.762794173185523894e-01
9.807093470615499964e-01
9.846923195784418326e-01
9.882250158520411443e-01
9.913043195693170828e-01
9.939268895052147945e-01
9.960887146901338252e-01
9.977846638184676431e-01
9.990080419154753200e-01
9.996245629094943075e-01
1.000000000000000000e+00
