1.000000000000000000e+00
1.000000000000000000e+00
1.000000000000000000e+00
1.000000000000000000e+00
9.999999999999930056e-01
9.999999999995810018e-01
9.999999999868786071e-01
9.999999997583193245e-01
9.999999970078021772e-01
9.999999727355993739e-01
9.999998052127280213e-01
9.999988584588741514e-01
9.999943309557856042e-01
9.999755826514717949e-01
9.999073269505732720e-01
9.996870301220328603e-01
9.990553621949653795e-01
9.974516296883505495e-01
9.938727956925103024e-01
9.869171790930243438e-01
9.752354134153908838e-01
9.583496844280225968e-01
9.373243724764722673e-01
9.146858176853449596e-01
8.935904633111929618e-01
8.768085601455846145e-01
8.660981440887703942e-01
8.620705835679993712e-01
8.644063805573394266e-01
8.722060255146639740e-01
8.842887308421422121e-01
8.994393668376959861e-01
9.165455270893342332e-01
9.346757093961067797e-01
9.530991411907697719e-01
9.712714267529675150e-01
9.888133550267319549e-01
1.005472017603034285e+00
1.021093702114978852e+00
1.035595124983047732e+00
1.048944034842919759e+00
1.061144743140418623e+00
1.072224189114175497e+00
1.082224813116089202e+00
1.091197007496476967e+00
1.099195665647400233e+00
1.106277022076803007e+00
1.112496796850940495e+00
1.117909598927530279e+00
1.122567470893825803e+00
1.126519837961998949e+00
1.129812979946327900e+00
1.132490177678053378e+00
1.134591915832335429e+00
1.136155767823220808e+00
1.137216710470282832e+00
1.137807100580140895e+00
1.137956945779637463e+00
1.137757076160760050e+00
1.137909327175686602e+00
1.138303227072116064e+00
1.138293357190447219e+00
1.137913978523867220e+00
1.137195956240439010e+00
1.136167232184321030e+00
1.134853245664720234e+00
1.133277193434055086e+00
1.131460331288611787e+00
1.129422170235582890e+00
1.127180695997352045e+00
1.124752558056283824e+00
1.122153190120605881e+00
1.119396956700805079e+00
1.116497240814805281e+00
1.113466554696760813e+00
1.110316631359486328e+00
1.107058487317947648e+00
1.103702501342608944e+00
1.100258457779635046e+00
1.096735607798575263e+00
1.093142717946400388e+00
1.089488104496167953e+00
1.085779679371882800e+00
1.082024972652207762e+00
1.078231171311640368e+00
1.074405150380865814e+00
1.070553493179357218e+00
1.066682520907907605e+00
1.062798304265751392e+00
1.058906686792936869e+00
1.055013303721984874e+00
1.051123590824148968e+00
1.047242802087311686e+00
1.043376013976234251e+00
1.039528139261301609e+00
1.035703939181727762e+00
1.031908023521473705e+00
1.028144859538439482e+00
1.024418773083116241e+00
1.020733954020249579e+00
1.017094463580337171e+00
1.013504232913414294e+00
1.009967069474544621e+00
1.006486659244939519e+00
1.003066567552801436e+00
9.997102434641593760e-01
9.964210161693096701e-01
9.932020976011723956e-01
9.900565841128703415e-01
9.869874517006493875e-01
9.839975570395260718e-01
9.810896348831978919e-01
9.782662964239593473e-01
9.755300298949947102e-01
9.728831954186839548e-01
9.703280249577288519e-01
9.678666218029254864e-01
9.655009556367376566e-01
9.632328624902374292e-01
9.610640423474887672e-01
9.589960565753630206e-01
9.570303274691536188e-01
9.551681335189314836e-01
9.534106078001226559e-01
9.517587372261921974e-01
9.502133576001730031e-01
9.487751531772854463e-01
9.474446556245672557e-01
9.462222396476609454e-01
9.451081216837456944e-01
9.441023570502278250e-01
9.432048361432364691e-01
9.424152829527315811e-01
9.417332522436905329e-01
9.411581276258351725e-01
9.406891217131925220e-01
9.403252746286446806e-01
9.400654541480158999e-01
9.399083570588470105e-01
9.398525081770251477e-01
9.398962612273024098e-01
9.400378005678804438e-01
9.402751408654129728e-01
9.406061289681252324e-01
9.410284466209531962e-01
9.415396113638652142e-01
9.421369796574226019e-01
9.428177509045233551e-01
9.435789698488799004e-01
9.444175307593757340e-01
9.453301824693506328e-01
9.463135321891290586e-01
9.473640508589632470e-01
9.484780797195095925e-01
9.496518360911316847e-01
9.508814200987584231e-01
9.521628230062921805e-01
9.534919353848092527e-01
9.548645557181064669e-01
9.562764011156739130e-01
9.577231182506442675e-01
9.592002938330409512e-01
9.607034674632020099e-01
9.622281449882749138e-01
9.637698108672991815e-01
9.653239422401809211e-01
9.668860239046226379e-01
9.684515628209122706e-01
9.700161031319881610e-01
9.715752424518773189e-01
9.731246481623716527e-01
9.746600732974317616e-01
9.761773733785514828e-01
9.776725236467951330e-01
9.791416355916482406e-01
9.805809729502236172e-01
9.819869678799545420e-01
9.833562361559403664e-01
9.846855905295273104e-01
9.859720528988754618e-01
9.872128650525385796e-01
9.884054968034479138e-01
9.895476508967266938e-01
9.906372649472180436e-01
9.916725100904814072e-01
9.926517855664584999e-01
9.935737089076301931e-01
9.944371018397936135e-01
9.952409717235780606e-01
9.959844881294686036e-01
9.966669545171709110e-01
9.972877754027684727e-01
9.978464193512782687e-01
9.983423781427481769e-01
9.987751227139261001e-01
9.991440567839475762e-01
9.994484691180296476e-01
9.996874855092312551e-01
9.998600216688298126e-01
9.999471248552922464e-01
1.000000000000000000e+00
