1.000000000000000000e+00
1.000000000000000000e+00
1.000000000000000000e+00
1.000000000000000000e+00
1.000000000000062617e+00
1.000000000003528511e+00
1.000000000106603393e+00
1.000000001886944823e+00
1.000000022336693606e+00
1.000000193538705950e+00
1.000001306925846656e+00
1.000007190351458242e+00
1.000033265320100062e+00
1.000132307563659007e+00
1.000459074216883071e+00
1.001401152501470104e+00
1.003772168851450042e+00
1.008940194759584186e+00
1.018547180158791532e+00
1.033410998519617818e+00
1.051762815807769869e+00
1.068167685948828938e+00
1.074811552775262413e+00
1.064992009490952851e+00
1.036412373894999295e+00
9.918926243658047204e-01
9.378154673289550436e-01
8.816836932405265337e-01
8.303003583388941511e-01
7.889014428207471452e-01
7.606624880103467490e-01
7.468599037622088987e-01
7.470869101259295375e-01
7.597538464336279773e-01
7.825817356525318624e-01
8.130253964644714726e-01
8.486729351447697134e-01
8.873926078203484558e-01
9.274568511546770200e-01
9.675291818876952110e-01
1.006635646805541517e+00
1.044115683573021425e+00
1.079539350275804832e+00
1.112659573368193877e+00
1.143352203443444015e+00
1.171583276597501833e+00
1.197378300247126770e+00
1.220801305487839050e+00
1.241943949113804235e+00
1.260910100308612058e+00
1.277810926119996804e+00
1.292757881034140022e+00
1.305860677954524984e+00
1.317226208109231411e+00
1.326955921892840395e+00
1.335146212209329386e+00
1.341887024396497763e+00
1.347262436998447388e+00
1.351413729230693805e+00
1.355871207785480870e+00
1.360804984074807766e+00
1.365036082725139099e+00
1.368320329446519157e+00
1.370526943986340340e+00
1.371733694030728756e+00
1.372011146709137597e+00
1.371423218071810224e+00
1.370028116825131370e+00
1.367878804737195475e+00
1.365023695127008718e+00
1.361507259820738724e+00
1.357370310272919323e+00
1.352650488829711506e+00
1.347382466341302987e+00
1.341598317082978609e+00
1.335327817122745619e+00
1.328598604632249769e+00
1.321436461524204242e+00
1.313865407222721382e+00
1.305907920790111421e+00
1.297585104429674008e+00
1.288916777699278482e+00
1.279921656395644591e+00
1.270617400135467756e+00
1.261020772968409753e+00
1.251147767629904539e+00
1.241013671981620936e+00
1.230633203901557726e+00
1.220020539323512176e+00
1.209189424430735293e+00
1.198153265886722663e+00
1.186925162546361490e+00
1.175518001842248417e+00
1.163944471276677550e+00
1.152217140858217581e+00
1.140348539190176202e+00
1.128351150441284867e+00
1.116237476730183698e+00
1.104020048120369024e+00
1.091711467151190273e+00
1.079324470484688936e+00
1.066871928757767485e+00
1.054366907271431675e+00
1.041822697551909815e+00
1.029252840607003616e+00
1.016671179299078576e+00
1.004091848761658801e+00
9.915293171501560199e-01
9.789984191301729366e-01
9.665143364609375398e-01
9.540926252796436691e-01
9.417492113819404542e-01
9.295003920770692485e-01
9.173628551411647791e-01
9.053536444851005838e-01
8.934901678481899090e-01
8.817901967775396699e-01
8.702718221396158471e-01
8.589534499212491125e-01
8.478537699432809882e-01
8.369917175946559595e-01
8.263864499737005875e-01
8.160572735105381392e-01
8.060235956411019309e-01
7.963048781953019351e-01
7.869205405833203937e-01
7.778899021468216324e-01
7.692321111452695703e-01
7.609660311070699512e-01
7.531101525077064096e-01
7.456824805602799699e-01
7.387004056342297842e-01
7.321805931893587971e-01
7.261388533003568790e-01
7.205900159681649653e-01
7.155478275674826971e-01
7.110248261950036230e-01
7.070322358411539332e-01
7.035798759172193773e-01
7.006760444942113919e-01
6.983274271406212375e-01
6.965390203995019958e-01
6.953140351034293731e-01
6.946538332381755332e-01
6.945578826131055816e-01
6.950236962878443281e-01
6.960468086512586749e-01
6.976207717643718720e-01
6.997371394419434898e-01
7.023854830099002244e-01
7.055534264623876117e-01
7.092266730686094256e-01
7.133890590042614166e-01
7.180226289799519490e-01
7.231077060696987635e-01
7.286229775454512447e-01
7.345456043845260963e-01
7.408513292955172247e-01
7.475145898969693947e-01
7.545086582076901971e-01
7.618057797562584055e-01
7.693773016644992468e-01
7.771938270727974940e-01
7.852253695574753500e-01
7.934414864419232494e-01
8.018114269758626067e-01
8.103042842709770044e-01
8.188891321424205394e-01
8.275351604278636808e-01
8.362118194653745951e-01
8.448889573259379393e-01
8.535369450625581722e-01
8.621268097858663104e-01
8.706303695926600472e-01
8.790203572051910053e-01
8.872705367574752477e-01
8.953558256230114143e-01
9.032524082110667818e-01
9.109378326814163707e-01
9.183911023126881679e-01
9.255927612481219535e-01
9.325249614914402629e-01
9.391715056546239282e-01
9.455178717574587166e-01
9.515512183588222817e-01
9.572603615999198956e-01
9.626357214820263630e-01
9.676692401692894574e-01
9.723542706424986859e-01
9.766854300377850739e-01
9.806584163698549572e-01
9.842697921639038672e-01
9.875167369845475607e-01
9.903967700605341706e-01
9.929074468065103298e-01
9.950460364494635446e-01
9.968091878420369811e-01
9.981925916536635857e-01
9.991906481740928658e-01
9.996938172223476249e-01
1.000000000000000000e+00
