1.000000000000000000e+00
1.000000000000000000e+00
1.000000000000000000e+00
1.000000000000000000e+00
9.999999999999944489e-01
9.999999999996841415e-01
9.999999999899725767e-01
9.999999998124328160e-01
9.999999976392919265e-01
9.999999781146644562e-01
9.999998407975823067e-01
9.999990493956308901e-01
9.999951873697627835e-01
9.999788585847404487e-01
9.999181361089080067e-01
9.997178901512050464e-01
9.991311325608335236e-01
9.976086864776410046e-01
9.941364039202420511e-01
9.872381326102261934e-01
9.753901299546084980e-01
9.578597233779710951e-01
9.354794647820535713e-01
9.107020705936582639e-01
8.868420676964463567e-01
8.670193602614221229e-01
8.534248072605626900e-01
8.470636418565169468e-01
8.478911766436090236e-01
8.551391201867292180e-01
8.676187761142404309e-01
8.840087720859803877e-01
9.030319732506448815e-01
9.235745843633031971e-01
9.447331984549122152e-01
9.658144708154814406e-01
9.863219311118308630e-01
1.005913763401264704e+00
1.024373256562127521e+00
1.041574184766526967e+00
1.057457194263605516e+00
1.072011773033865856e+00
1.085258196910592332e+00
1.097238355902095286e+00
1.108005758530804741e+00
1.117620955713623410e+00
1.126147289718741007e+00
1.133648358085899810e+00
1.140187155901020821e+00
1.145824059614645174e+00
1.150616693712227079e+00
1.154619164143685817e+00
1.157882195030539796e+00
1.160453345735966035e+00
1.162376809329518368e+00
1.163693787501607346e+00
1.164442420842633164e+00
1.164658113405605322e+00
1.164436725454633281e+00
1.164620720601619919e+00
1.165088450677198129e+00
1.165064577362437737e+00
1.164589754527151966e+00
1.163700606733239162e+00
1.162430293901241640e+00
1.160809017679961030e+00
1.158864323159929155e+00
1.156621462407093404e+00
1.154103623809324741e+00
1.151332196932584928e+00
1.148327000769085116e+00
1.145106424223686137e+00
1.141687603875132684e+00
1.138086525793387427e+00
1.134318159842671259e+00
1.130396570144285961e+00
1.126334988592420316e+00
1.122145910890659959e+00
1.117841146398652841e+00
1.113431892795919698e+00
1.108928794573469379e+00
1.104341983248290360e+00
1.099681133638177988e+00
1.094955489300240892e+00
1.090173910199046192e+00
1.085344910614712832e+00
1.080476682760481699e+00
1.075577133285446463e+00
1.070653895857824667e+00
1.065714359789189380e+00
1.060765692807890570e+00
1.055814850514327663e+00
1.050868597911717828e+00
1.045933512894348327e+00
1.041016002813355490e+00
1.036122318869446168e+00
1.031258554162284291e+00
1.026430653807454574e+00
1.021644414444682347e+00
1.016905489638935123e+00
1.012219397929666309e+00
1.007591518871308711e+00
1.003027099785938292e+00
9.985312568101222253e-01
9.941089740213574499e-01
9.897651074517708203e-01
9.855043780806087561e-01
9.813313733868600508e-01
9.772505475894465166e-01
9.732662129677641660e-01
9.693825391841051076e-01
9.656035475638190535e-01
9.619331066976719580e-01
9.583749311476760235e-01
9.549325721708489256e-01
9.516094155381243924e-01
9.484086787275548547e-01
9.453334019857677628e-01
9.423864462353027660e-01
9.395704877435658853e-01
9.368880126001787323e-01
9.343413142084839862e-01
9.319324848560779362e-01
9.296634117318613999e-01
9.275357742346298506e-01
9.255510354795291050e-01
9.237104402335534203e-01
9.220150121116307274e-01
9.204655461983286546e-01
9.190626060960768173e-01
9.178065189183857164e-01
9.166973690656571305e-01
9.157349953921026797e-01
9.149189866193714327e-01
9.142486781355086967e-01
9.137231518795957408e-01
9.133412340201553237e-01
9.131014950835965038e-01
9.130022519303201411e-01
9.130415665380454682e-01
9.132172475413178336e-01
9.135268530774718343e-01
9.139676908287730495e-01
9.145368212743720804e-01
9.152310622211029534e-01
9.160469908293168428e-01
9.169809488625311200e-01
9.180290492613009112e-01
9.191871804505868937e-01
9.204510132105933051e-01
9.218160087768761946e-01
9.232774251983167924e-01
9.248303258734899002e-01
9.264695897949143388e-01
9.281899206329313756e-01
9.299858571169949961e-01
9.318517856481897121e-01
9.337819526068786846e-01
9.357704772041892660e-01
9.378113672447381255e-01
9.398985351148769762e-01
9.420258130084017134e-01
9.441869714321866613e-01
9.463757383171086390e-01
9.485858166051159834e-01
9.508109041467204259e-01
9.530447147772079797e-01
9.552809986101339357e-01
9.575135629573356955e-01
9.597362949530618970e-01
9.619431840968901692e-01
9.641283441264760778e-01
9.662860361712415358e-01
9.684106924112220183e-01
9.704969386904043205e-01
9.725396163473332134e-01
9.745338042806612755e-01
9.764748396329212543e-01
9.783583358823442211e-01
9.801801992877461345e-01
9.819366433652951809e-01
9.836241997322440200e-01
9.852397244569350843e-01
9.867804002945869124e-01
9.882437343719161493e-01
9.896275502195008844e-01
9.909299736917361878e-01
9.921494129318212396e-01
9.932845321366389202e-01
9.943342185368727604e-01
9.952975425415504507e-01
9.961737115795146202e-01
9.969620181008601589e-01
9.976617822124091983e-01
9.982722897793254724e-01
9.987927272584140592e-01
9.992221145909967461e-01
9.995592376608661844e-01
9.998025819787788038e-01
9.999254171209817077e-01
1.000000000000000000e+00
