1.000000000000000000e+00
1.000000000000000000e+00
1.000000000000000000e+00
1.000000000000000000e+00
1.000000000000050404e+00
1.000000000002957412e+00
1.000000000089277030e+00
1.000000001578447595e+00
1.000000018659514378e+00
1.000000161418709954e+00
1.000001087959819568e+00
1.000005972121020825e+00
1.000027554124568896e+00
1.000109229720933968e+00
1.000377459840482874e+00
1.001146231418578392e+00
1.003066181250254596e+00
1.007207356994087366e+00
1.014790476490366800e+00
1.026249339179058584e+00
1.039797226327097368e+00
1.050647210177653168e+00
1.052234278234386977e+00
1.039195927566680222e+00
1.010072920585068479e+00
9.677881147119170580e-01
9.182408326513357144e-01
8.681736253186713714e-01
8.235879186779557770e-01
7.889911806558889129e-01
7.669775541436117949e-01
7.584029033469446013e-01
7.626212966438117302e-01
7.779706623691998724e-01
8.022380989527871931e-01
8.330427045265897945e-01
8.681802205709382436e-01
9.057378660176059748e-01
9.441873086503312917e-01
9.823604047384256743e-01
1.019415458980252431e+00
1.054788915183310971e+00
1.088120084771923457e+00
1.119208053216199428e+00
1.147958588134011526e+00
1.174355382227089573e+00
1.198433144207632139e+00
1.220259348268522892e+00
1.239924840008962192e+00
1.257530349395744151e+00
1.273182298254725398e+00
1.286986676436941979e+00
1.299047342178403230e+00
1.309465141570408608e+00
1.318335626137664862e+00
1.325749450687768505e+00
1.331791163285120483e+00
1.336539762322200620e+00
1.340131788005993752e+00
1.344093132286759529e+00
1.348589699004245634e+00
1.352352186066473338e+00
1.355140961068131977e+00
1.356905702095008381e+00
1.357719972085773996e+00
1.357650529977920906e+00
1.356757867846288823e+00
1.355097098858664584e+00
1.352718402152381705e+00
1.349667679480052840e+00
1.345987125552644992e+00
1.341715500220981516e+00
1.336888588924804777e+00
1.331539394974572854e+00
1.325698491041110927e+00
1.319394299907050927e+00
1.312653248888985713e+00
1.305500033314027197e+00
1.297957708860512538e+00
1.290047899523770969e+00
1.281790951839578918e+00
1.273206025753301329e+00
1.264311261723342072e+00
1.255123828481285564e+00
1.245660072717504452e+00
1.235935635485795547e+00
1.225965515914100079e+00
1.215764196511150308e+00
1.205345671560908105e+00
1.194723551254300187e+00
1.183911145685453192e+00
1.172921495687761606e+00
1.161767461769405818e+00
1.150461736202258667e+00
1.139016918753779972e+00
1.127445586393354349e+00
1.115760291428757656e+00
1.103973618243141885e+00
1.092098192621298702e+00
1.080146721768208806e+00
1.068132049345725587e+00
1.056067154659606988e+00
1.043965206014513036e+00
1.031839587538909031e+00
1.019703918100438589e+00
1.007572095811794632e+00
9.954582866816817921e-01
9.833769577213515856e-01
9.713429030540879916e-01
9.593712223303099140e-01
9.474773402588112514e-01
9.356769971481978532e-01
9.239862447616543628e-01
9.124214568438856476e-01
9.009992918884999202e-01
8.897366926773314644e-01
8.786508785340239047e-01
8.677592978416577285e-01
8.570796158200247872e-01
8.466296781042881303e-01
8.364274679377808885e-01
8.264910759195196466e-01
8.168386270830562124e-01
8.074882291978875415e-01
7.984579227770876031e-01
7.897655874562365952e-01
7.814288831268720870e-01
7.734651799857585885e-01
7.658914521379692752e-01
7.587241942358112778e-01
7.519793184032159683e-01
7.456720372954735998e-01
7.398167654714979946e-01
7.344270045098695299e-01
7.295152346538089638e-01
7.250928262797583512e-01
7.211699346786512033e-01
7.177554126194873874e-01
7.148567376321367517e-01
7.124799180828110812e-01
7.106294226291507421e-01
7.093081234751607012e-01
7.085172234124641477e-01
7.082562125673226294e-01
7.085228411323531983e-01
7.093130796039568420e-01
7.106211107224221779e-01
7.124393388661789395e-01
7.147583889460258355e-01
7.175671321220892240e-01
7.208527276872395140e-01
7.246006571739375124e-01
7.287947808670028893e-01
7.334174123309331605e-01
7.384493872558658412e-01
7.438701451344766902e-01
7.496578302607793676e-01
7.557893907073331974e-01
7.622406809619641788e-01
7.689865862256747286e-01
7.760011458020055208e-01
7.832576666487109929e-01
7.907288588569653109e-01
7.983869708151990485e-01
8.062039062802894840e-01
8.141513539211867601e-01
8.222009199932380774e-01
8.303242482439435745e-01
8.384931385948768412e-01
8.466796736746474705e-01
8.548563393272612387e-01
8.629961350825507971e-01
8.710726913361914736e-01
8.790603881371971129e-01
8.869344643947073559e-01
8.946711211768328953e-01
9.022476290664689369e-01
9.096424283857440507e-01
9.168352144923481717e-01
9.238070179266917314e-01
9.305402790091207299e-01
9.370189056027740104e-01
9.432283092127913271e-01
9.491554245754322272e-01
9.547887111099253588e-01
9.601181289524512996e-01
9.651350871723347602e-01
9.698323664230117380e-01
9.742040145394577078e-01
9.782452102640822877e-01
9.819520940283243959e-01
9.853215688531477001e-01
9.883510731951096195e-01
9.910383269632675463e-01
9.933810541981131781e-01
9.953766888447496131e-01
9.970220700042785600e-01
9.983131340339854720e-01
9.992446117875712908e-01
9.997142719457273730e-01
1.000000000000000000e+00
