1.000000000000000000e+00
1.000000000000000000e+00
1.000000000000000000e+00
1.000000000000000000e+00
1.000000000000179190e+00
1.000000000009018342e+00
1.000000000272635914e+00
1.000000004833581757e+00
1.000000057328679359e+00
1.000000497877800321e+00
1.000003371327003121e+00
1.000018609407305359e+00
1.000086436995971217e+00
1.000345445779583731e+00
1.001205625791905085e+00
1.003706021744596999e+00
1.010065263126487700e+00
1.024119580274436947e+00
1.050760675685846968e+00
1.093254177343039757e+00
1.148709618666147625e+00
1.205117066346895749e+00
1.244335936312562341e+00
1.250525216163652420e+00
1.217684996677975917e+00
1.150661881281784593e+00
1.061211097955518712e+00
9.628010775333026849e-01
8.673558933553758843e-01
7.841159311913722396e-01
7.190092762693175432e-01
6.751129918163014665e-01
6.528650245861442603e-01
6.507631379301231922e-01
6.659953290933035008e-01
6.950103637968194636e-01
7.342256505076673045e-01
7.802562304892296519e-01
8.302329723202827028e-01
8.818333400896241070e-01
9.332996324579321268e-01
9.834030261139803386e-01
1.031303170895858212e+00
1.076484567624618194e+00
1.118647317130407881e+00
1.157655293208660341e+00
1.193481596686451596e+00
1.226171456454404396e+00
1.255825382052641270e+00
1.282568876336386055e+00
1.306544845906554064e+00
1.327900056541620577e+00
1.346781899041667785e+00
1.363336739378791185e+00
1.377704451789974804e+00
1.390019326348778339e+00
1.400406983088802626e+00
1.408985421127673554e+00
1.415927874196789782e+00
1.422794612427756178e+00
1.429784671576932897e+00
1.435804654957239412e+00
1.440961908300226524e+00
1.445136936769864322e+00
1.448098204667808808e+00
1.449865534854346549e+00
1.450527207467044555e+00
1.450163662070792725e+00
1.448847967797676661e+00
1.446646840301332615e+00
1.443621526141647182e+00
1.439828070992852149e+00
1.435318051235060732e+00
1.430138743909417309e+00
1.424333681317132339e+00
1.417943073897776074e+00
1.411003974134526606e+00
1.403550701761389519e+00
1.395614904519209443e+00
1.387225890093985559e+00
1.378410850395717757e+00
1.369194955448851836e+00
1.359601626213734038e+00
1.349652549008906632e+00
1.339367925016576866e+00
1.328766651698810808e+00
1.317866392299619216e+00
1.306683788815213632e+00
1.295234461500845313e+00
1.283533183872352934e+00
1.271594016273978722e+00
1.259430323144643094e+00
1.247054925830901828e+00
1.234480083340103507e+00
1.221717622480418264e+00
1.208779057628981413e+00
1.195675549185829523e+00
1.182418000302710936e+00
1.169017046487316858e+00
1.155483120468615565e+00
1.141826555973655122e+00
1.128057564341461205e+00
1.114186343462530093e+00
1.100223128546337081e+00
1.086178229635867742e+00
1.072062136090430773e+00
1.057885492137532912e+00
1.043659186892982760e+00
1.029394434399425240e+00
1.015102744152318825e+00
1.000796000525273843e+00
9.864864783542306448e-01
9.721868810257709992e-01
9.579104251182520846e-01
9.436708136858129592e-01
9.294823141270571742e-01
9.153598285410760038e-01
9.013188725142372570e-01
8.873756574337562375e-01
8.735471209933935999e-01
8.598509529371016757e-01
8.463056661111043599e-01
8.329305629557688384e-01
8.197457700700234717e-01
8.067722870838175409e-01
7.940319223560245998e-01
7.815473325775252889e-01
7.693420363192070566e-01
7.574403260086717271e-01
7.458672452128343178e-01
7.346485047661062140e-01
7.238103504982092984e-01
7.133794740494661113e-01
7.033828603608122121e-01
6.938476368157637797e-01
6.848009619785195845e-01
6.762698384186687228e-01
6.682809534720671740e-01
6.608605362115163029e-01
6.540341135347180757e-01
6.478263051516727211e-01
6.422606258849892225e-01
6.373591958368458599e-01
6.331425091156301921e-01
6.296292175082094378e-01
6.268358346379711010e-01
6.247765121386935627e-01
6.234628436806510798e-01
6.229036040937866447e-01
6.231045567430825161e-01
6.240682976759797107e-01
6.257940570914968248e-01
6.282775698368975315e-01
6.315110053944595903e-01
6.354828773364574745e-01
6.401780031941723959e-01
6.455775430818850857e-01
6.516590430575778248e-01
6.583965065508197156e-01
6.657605626482872019e-01
6.737186496111772227e-01
6.822351807615573138e-01
6.912718109363518160e-01
7.007877203282394385e-01
7.107398479072500885e-01
7.210831873362457678e-01
7.317711089964512583e-01
7.427556465534345120e-01
7.539877897066896706e-01
7.654178159244412472e-01
7.769956075077673052e-01
7.886709377078826577e-01
8.003937886239638200e-01
8.121146814800607183e-01
8.237849771972578505e-01
8.353571619750608246e-01
8.467851570889680657e-01
8.580246124617750825e-01
8.690331568508958826e-01
8.797706447715849531e-01
8.901994021302251925e-01
9.002844315200462244e-01
9.099935628369613116e-01
9.192975730236584431e-01
9.281702729710548105e-01
9.365885378312290843e-01
9.445322751377860371e-01
9.519843423006032479e-01
9.589304099492421685e-01
9.653587537451441269e-01
9.712599702511657274e-01
9.766266268141846618e-01
9.814528490510233683e-01
9.857338454407096329e-01
9.894653754096118803e-01
9.926431768627761443e-01
9.952623673053595521e-01
9.973168350734922250e-01
9.987986396139427736e-01
9.995450830375347540e-01
1.000000000000000000e+00
