1.000000000000000000e+00
1.000000000000000000e+00
1.000000000000000000e+00
1.000000000000000000e+00
9.999999999999976685e-01
9.999999999998760991e-01
9.999999999957511765e-01
9.999999999144394414e-01
9.999999988429726372e-01
9.999999885050592230e-01
9.999999106496787471e-01
9.999994316541277461e-01
9.999969444178320455e-01
9.999857914944542125e-01
9.999419531577132814e-01
9.997896654320909127e-01
9.993211879715822032e-01
9.980492140017600544e-01
9.950225368163997386e-01
9.887647460145608802e-01
9.775984950633087589e-01
9.604476199574877304e-01
9.377102383585256273e-01
9.115183939580312478e-01
8.851540410902904998e-01
8.620168597502433361e-01
8.447868624918090097e-01
8.350060364148899072e-01
8.330819640516828883e-01
8.385458407582845330e-01
8.503281334475688569e-01
8.670775194258564245e-01
8.873800141856601487e-01
9.099320310644419818e-01
9.336289427836602650e-01
9.575904513001108898e-01
9.811645519493040757e-01
1.003885666980216973e+00
1.025445058909972618e+00
1.045650343807062344e+00
1.064397283655693860e+00
1.081647494656954533e+00
1.097405091797297061e+00
1.111704790198431603e+00
1.124598607069292155e+00
1.136149686844040385e+00
1.146426508644132758e+00
1.155499353769400939e+00
1.163439011465635220e+00
1.170313961874465347e+00
1.176190069789925907e+00
1.181129460745924620e+00
1.185190601388749432e+00
1.188428499484028400e+00
1.190894364872115974e+00
1.192636037735836485e+00
1.193697842280834642e+00
1.194120964052141298e+00
1.194006656319790638e+00
1.194358520691168657e+00
1.195042216940991331e+00
1.195133338253103084e+00
1.194679515648211510e+00
1.193723644043840126e+00
1.192304549266680391e+00
1.190457590902633145e+00
1.188215007382058097e+00
1.185606349833552731e+00
1.182658746880530298e+00
1.179397221346243141e+00
1.175844963492473472e+00
1.172023493090128321e+00
1.167952873453181883e+00
1.163651828497519469e+00
1.159137904732212121e+00
1.154427603856408524e+00
1.149536468492315056e+00
1.144479198955526300e+00
1.139269710424133608e+00
1.133921223923327837e+00
1.128446336901440361e+00
1.122857070523306966e+00
1.117164938906655358e+00
1.111380978164616007e+00
1.105515805501352755e+00
1.099579665863910982e+00
1.093582460092189512e+00
1.087533790589081173e+00
1.081442975463229539e+00
1.075319084377535095e+00
1.069170966838372205e+00
1.063007262912205819e+00
1.056836430274530558e+00
1.050666747190158956e+00
1.044506333185457825e+00
1.038363166884503030e+00
1.032245081897791739e+00
1.026159778982849158e+00
1.020114823858558006e+00
1.014117652980064399e+00
1.008175582865419750e+00
1.002295803084041204e+00
9.964853837328740971e-01
9.907512750726772399e-01
9.851003044716660773e-01
9.795391799175716674e-01
9.740744783470930424e-01
9.687126455798734659e-01
9.634599943327870619e-01
9.583226898617547285e-01
9.533067464634323862e-01
9.484180169016415141e-01
9.436621835394015667e-01
9.390447536420649666e-01
9.345710435288883122e-01
9.302461724562539613e-01
9.260750555538598272e-01
9.220623881777739728e-01
9.182126397265520934e-01
9.145300429151325128e-01
9.110185827702730332e-01
9.076819898376896623e-01
9.045237251299140802e-01
9.015469713387560535e-01
8.987546259238010649e-01
8.961492861431564760e-01
8.937332432200362220e-01
8.915084756009958866e-01
8.894766359201127237e-01
8.876390443573134448e-01
8.859966792744009556e-01
8.845501663205370679e-01
8.832997725329390093e-01
8.822453981750161267e-01
8.813865707647980940e-01
8.807224437163443387e-01
8.802517920990010625e-01
8.799730121223918733e-01
8.798841234947112344e-01
8.799827674865056126e-01
8.802662091472031047e-01
8.807313416060140732e-01
8.813746865923063334e-01
8.821923997234222270e-01
8.831802777956593298e-01
8.843337626639585780e-01
8.856479498582636722e-01
8.871175992072427574e-01
8.887371423197396592e-01
8.905006937932942179e-01
8.924020642208614351e-01
8.944347707246472767e-01
8.965920505921118888e-01
8.988668773177685978e-01
9.012519749258420809e-01
9.037398340626922044e-01
9.063227311722052981e-01
9.089927471063496967e-01
9.117417863645240761e-01
9.145616003304039010e-01
9.174438106495764744e-01
9.203799313212647215e-01
9.233613952766701605e-01
9.263795816109681169e-01
9.294258404188281419e-01
9.324915207181098120e-01
9.355679998459430768e-01
9.386467115277734585e-01
9.417191746458423163e-01
9.447770242629617288e-01
9.478120423658081828e-01
9.508161875070907376e-01
9.537816261636100634e-01
9.567007647300873607e-01
9.595662799635011897e-01
9.623711482901863290e-01
9.651086754709015114e-01
9.677725243529409216e-01
9.703567390211345067e-01
9.728557667443955559e-01
9.752644773032156378e-01
9.775781773597846946e-01
9.797926186805652193e-01
9.819040007928496738e-01
9.839089674841069444e-01
9.858045955961298734e-01
9.875883754759207100e-01
9.892581833211429032e-01
9.908122450722938179e-01
9.922490910068069159e-01
9.935675009433965199e-01
9.947664407890740579e-01
9.958449910504247882e-01
9.968022679352342985e-01
9.976373381729050083e-01
9.983491292937339834e-01
9.989363371882518106e-01
9.993973330155900836e-01
9.997300717483336152e-01
9.998980087143742868e-01
1.000000000000000000e+00
