1.000000000000000000e+00
1.000000000000000000e+00
1.000000000000000000e+00
1.000000000000000000e+00
1.000000000000018208e+00
1.000000000001256995e+00
1.000000000037645442e+00
1.000000000658933574e+00
1.000000007696871140e+00
1.000000065637528079e+00
1.000000434831991525e+00
1.000002337295431643e+00
1.000010507613901423e+00
1.000040318483546686e+00
1.000133624292810941e+00
1.000384069999693759e+00
1.000953376020916386e+00
1.002014677271260368e+00
1.003513340540792997e+00
1.004703160211611879e+00
1.003702786601734509e+00
9.976488748764845704e-01
9.837916309040575236e-01
9.609941917009976464e-01
9.306000752244618646e-01
8.960584779102563902e-01
8.618219022551841801e-01
8.321165744846731327e-01
8.101553613607828108e-01
7.978644222720203683e-01
7.958028379918425932e-01
8.034390831078003226e-01
8.194413519146178659e-01
8.420670104370960862e-01
8.694762015577597314e-01
8.999421492898592723e-01
9.320079355267970600e-01
9.645003977958289676e-01
9.965390981709577600e-01
1.027488849317803599e+00
1.056919637735979078e+00
1.084567090656817001e+00
1.110282567553457778e+00
1.134006028513101727e+00
1.155734096506252140e+00
1.175503719186963947e+00
1.193376861236035591e+00
1.209430458556959520e+00
1.223751684681251950e+00
1.236430286239039278e+00
1.247556660537220807e+00
1.257218463068005887e+00
1.265499965270649785e+00
1.272481830932212343e+00
1.278239884019233497e+00
1.282845583628759556e+00
1.286365380774759037e+00
1.288861219997899488e+00
1.290453713214840148e+00
1.292653855217460013e+00
1.295390504618550320e+00
1.297268627479519321e+00
1.298264954708265639e+00
1.298444506919571140e+00
1.297865978439960655e+00
1.296582691247232466e+00
1.294643068706183842e+00
1.292091329387045073e+00
1.288967865504349497e+00
1.285309753644119368e+00
1.281151197371344086e+00
1.276523759316333217e+00
1.271456714780631048e+00
1.265977217784964415e+00
1.260110570709426003e+00
1.253880442131886541e+00
1.247308995611787985e+00
1.240417089678645945e+00
1.233224359501002620e+00
1.225749374651054158e+00
1.218009758709189372e+00
1.210022264337538900e+00
1.201802898317798629e+00
1.193366964883153747e+00
1.184729176239891935e+00
1.175903739530746339e+00
1.166904407205995087e+00
1.157744567523585788e+00
1.148437269304892094e+00
1.138995296051890538e+00
1.129431225648739989e+00
1.119757453692474147e+00
1.109986254328177324e+00
1.100129789407652270e+00
1.090200158486153370e+00
1.080209443833258787e+00
1.070169707495100431e+00
1.060093025760015850e+00
1.049991491813283551e+00
1.039877237269228205e+00
1.029762462388016386e+00
1.019659429151564600e+00
1.009580488129705245e+00
9.995380872370076553e-01
9.895447742718505024e-01
9.796132146899328985e-01
9.697561729286775511e-01
9.599865208145239581e-01
9.503172405908332232e-01
9.407613971153000465e-01
9.313321350524632614e-01
9.220426573429574280e-01
9.129062063339968836e-01
9.039360534838402073e-01
8.951454593856353892e-01
8.865476561125748001e-01
8.781558250657859332e-01
8.699830508429020615e-01
8.620422968228148575e-01
8.543463667401084427e-01
8.469078631819071390e-01
8.397391545959230763e-01
8.328523182845124495e-01
8.262590974799787213e-01
8.199708611581675299e-01
8.139985403118569218e-01
8.083525866800208570e-01
8.030429273709742688e-01
7.980789009847011339e-01
7.934692097510367415e-01
7.892218632246053023e-01
7.853441170262200899e-01
7.818424249297384332e-01
7.787223846475379574e-01
7.759886900506882679e-01
7.736450970407394712e-01
7.716943824499453708e-01
7.701383148955937008e-01
7.689776355432539345e-01
7.682120286737208481e-01
7.678401062790878306e-01
7.678594010210972876e-01
7.682663508398213104e-01
7.690562998562320285e-01
7.702235076994512486e-01
7.717611515564516411e-01
7.736613444833556619e-01
7.759151619841704317e-01
7.785126616685470458e-01
7.814429158045810286e-01
7.846940509132526165e-01
7.882532815993430475e-01
7.921069546557638619e-01
7.962406011010875195e-01
8.006389836775656965e-01
8.052861497296929238e-01
8.101654930133367349e-01
8.152598133478952125e-01
8.205513773119342824e-01
8.260219896489217062e-01
8.316530637218720878e-01
8.374256865534031036e-01
8.433206953285244944e-01
8.493187538681870041e-01
8.554004199279161558e-01
8.615462194894972781e-01
8.677367232526325136e-01
8.739526170757511148e-01
8.801747724561339581e-01
8.863843218014042513e-01
8.925627311878270298e-01
8.986918684297344750e-01
9.047540751097871148e-01
9.107322397387508373e-01
9.166098659913771707e-01
9.223711377046867055e-01
9.280009855786954809e-01
9.334851494128314497e-01
9.388102314618615996e-01
9.439637456610321387e-01
9.489341621223291723e-01
9.537109406018137170e-01
9.582845500176908615e-01
9.626464763235900168e-01
9.667892175165325730e-01
9.707062616445408798e-01
9.743920462828746798e-01
9.778419004405526360e-01
9.810519679874504240e-01
9.840191100576722860e-01
9.867407859533613435e-01
9.892149143501276498e-01
9.914397160912907792e-01
9.934135396825074515e-01
9.951346719135906183e-01
9.966011376914434283e-01
9.978104932593845344e-01
9.987596175908607377e-01
9.994445073012856451e-01
9.997899874572171441e-01
1.000000000000000000e+00
