1.000000000000000000e+00
1.000000000000000000e+00
1.000000000000000000e+00
1.000000000000000000e+00
1.000000000000088152e+00
1.000000000004642065e+00
1.000000000140209622e+00
1.000000002484922934e+00
1.000000029459356288e+00
1.000000255704412311e+00
1.000001730321496973e+00
1.000009543391666034e+00
1.000044282694738218e+00
1.000176760125109920e+00
1.000615997645789124e+00
1.001890225617561025e+00
1.005122953654511875e+00
1.012244500827436555e+00
1.025680782501987798e+00
1.046940559570337159e+00
1.074228734331262869e+00
1.100828975855138614e+00
1.116572994393119078e+00
1.112338241144888995e+00
1.084432252061196866e+00
1.035647584464318482e+00
9.733491944693991593e-01
9.064297517831725326e-01
8.430798354373645331e-01
7.897564688459765003e-01
7.505930217291705286e-01
7.275652274135208097e-01
7.206764440029600483e-01
7.284793509838138892e-01
7.486048707853988349e-01
7.782421445260468973e-01
8.146301251191973014e-01
8.552573278856245853e-01
8.980447534053601633e-01
9.413550246592946591e-01
9.839761267713065251e-01
1.025072811504166737e+00
1.064090327764893873e+00
1.100698874394989035e+00
1.134720900683492628e+00
1.166091264805430239e+00
1.194819520082001763e+00
1.220964036121663154e+00
1.244618473249611945e+00
1.265892753263853088e+00
1.284906909109015949e+00
1.301782440665036678e+00
1.316639734992115507e+00
1.329596665129096245e+00
1.340765346796183977e+00
1.350252530674736384e+00
1.358157875800765524e+00
1.364574593503425914e+00
1.369652475841811601e+00
1.374929747230713595e+00
1.380584056088054901e+00
1.385501774975756550e+00
1.389521385092344019e+00
1.392453671866944909e+00
1.394303174855449079e+00
1.395147277228672600e+00
1.395056023972978343e+00
1.394093169000623522e+00
1.392316660105886728e+00
1.389779414440980521e+00
1.386529992666351685e+00
1.382612893185933833e+00
1.378069100028738836e+00
1.372936287330785543e+00
1.367249237021455288e+00
1.361040168817831075e+00
1.354338909367724053e+00
1.347173207031920894e+00
1.339568826162294002e+00
1.331549794859656632e+00
1.323138584672671980e+00
1.314356209483237281e+00
1.305222425686809240e+00
1.295755777716598667e+00
1.285973778405067103e+00
1.275893046996573688e+00
1.265529379353436790e+00
1.254897900046103132e+00
1.244013088144150014e+00
1.232888903633730715e+00
1.221538888282569069e+00
1.209976197475308712e+00
1.198213709570496333e+00
1.186264034572629855e+00
1.174139608012524372e+00
1.161852777808480619e+00
1.149415797182621768e+00
1.136840896295729708e+00
1.124140291686605897e+00
1.111326237746688816e+00
1.098411099390927959e+00
1.085407351241023610e+00
1.072327650724344661e+00
1.059184876938437103e+00
1.045992160452803965e+00
1.032762949196434521e+00
1.019511000432072212e+00
1.006250434727598009e+00
9.929957822548068913e-01
9.797619660493757099e-01
9.665643431724227908e-01
9.534187081282301524e-01
9.403413056205865983e-01
9.273488655259251034e-01
9.144585739833290816e-01
9.016880973569172397e-01
8.890555981056800228e-01
8.765796972945537613e-01
8.642794879898159088e-01
8.521745164314159515e-01
8.402847557186980954e-01
8.286305983233319683e-01
8.172327890858630539e-01
8.061123886969088215e-01
7.952907396711750287e-01
7.847893696152984377e-01
7.746299432809464758e-01
7.648341973202925637e-01
7.554238204624353914e-01
7.464203641541039547e-01
7.378451211966480239e-01
7.297189800843340013e-01
7.220623013792667466e-01
7.148947650720512970e-01
7.082352219257730397e-01
7.021015682015898651e-01
6.965105895540659731e-01
6.914778250786822733e-01
6.870174470432597325e-01
6.831421026303702293e-01
6.798627845759910304e-01
6.771887167770543892e-01
6.751272099795280202e-01
6.736835574862479747e-01
6.728609509320864213e-01
6.726603735020052488e-01
6.730805387432284848e-01
6.741178542146292196e-01
6.757663679296853632e-01
6.780177556715885068e-01
6.808613336825297679e-01
6.842840604682475236e-01
6.882705749492226133e-01
6.928032648041070329e-01
6.978623286638347967e-01
7.034258611631800662e-01
7.094699712086586230e-01
7.159689003007059238e-01
7.228951496923032849e-01
7.302196444101195505e-01
7.379118986671404645e-01
7.459401683598381183e-01
7.542716400737469185e-01
7.628726214127794503e-01
7.717087043728294571e-01
7.807449493370226534e-01
7.899460747257214255e-01
7.992766270336697509e-01
8.087011491348138348e-01
8.181843609470209611e-01
8.276913305450476210e-01
8.371876293688793602e-01
8.466394979049268743e-01
8.560140139539134108e-01
8.652792461000848867e-01
8.744043984516025603e-01
8.833599627107522334e-01
8.921178604404044199e-01
9.006515637876932878e-01
9.089362106554804699e-01
9.169487143554692077e-01
9.246678506836404354e-01
9.320743155296113969e-01
9.391507618579942873e-01
9.458818142058844636e-01
9.522540498786369323e-01
9.582559436263281549e-01
9.638777798079315451e-01
9.691115300099827357e-01
9.739506886460415069e-01
9.783900647500788361e-01
9.824255344678493040e-01
9.860537565408579175e-01
9.892718518510082992e-01
9.920770513944212610e-01
9.944663214364852788e-01
9.964359742795301234e-01
9.979812744224031418e-01
9.990960511810873523e-01
9.996579476035544198e-01
1.000000000000000000e+00
