1.000000000000000000e+00
1.000000000000000000e+00
1.000000000000000000e+00
1.000000000000000000e+00
1.000000000000041522e+00
1.000000000002520428e+00
1.000000000076010975e+00
1.000000001342179701e+00
1.000000015842568812e+00
1.000000136805766715e+00
1.000000920115333036e+00
1.000005037955384424e+00
1.000023172723435883e+00
1.000091516039580464e+00
1.000314775833604175e+00
1.000950284067310347e+00
1.002522974455102300e+00
1.005872363560818439e+00
1.011891608275684806e+00
1.020711944392667547e+00
1.030523073946267631e+00
1.037030247175799724e+00
1.034637431488772075e+00
1.019042249460023752e+00
9.894721271495737769e-01
9.489633476660135347e-01
9.030516960309249441e-01
8.578740250698676517e-01
8.187749654918942133e-01
7.896568727795135745e-01
7.726300619835679839e-01
7.682061155924068130e-01
7.755510179937922244e-01
7.929556026190366369e-01
8.182727018830414645e-01
8.492632978433386493e-01
8.838959453581702874e-01
9.204357183083590188e-01
9.575138312455317990e-01
9.940955820165291446e-01
1.029443486752839254e+00
1.063070248284207819e+00
1.094669528771158973e+00
1.124076679201851281e+00
1.151220987639194338e+00
1.176100062894997800e+00
1.198755888715967499e+00
1.219258675760276578e+00
1.237698657917642997e+00
1.254174095770576702e+00
1.268787660909694193e+00
1.281641005011141310e+00
1.292833326524613913e+00
1.302460654070322077e+00
1.310613828003846848e+00
1.317378915840059950e+00
1.322836143554899202e+00
1.327060437658619918e+00
1.330184536845701482e+00
1.333730785940738794e+00
1.337861700909472207e+00
1.341230500564545736e+00
1.343601648512708913e+00
1.344994243522833699e+00
1.345478391813937247e+00
1.345117726134547498e+00
1.343969930206025953e+00
1.342087581104384642e+00
1.339518579872144288e+00
1.336306773965629580e+00
1.332492497681077914e+00
1.328112835924128987e+00
1.323202059592864188e+00
1.317791812578469557e+00
1.311911444148779138e+00
1.305588275183943159e+00
1.298847747213020432e+00
1.291713671115645390e+00
1.284208317661327925e+00
1.276352613898811938e+00
1.268166289614737874e+00
1.259667965054259264e+00
1.250875308389840290e+00
1.241805083105757879e+00
1.232473288745867590e+00
1.222895270771002574e+00
1.213085781684944298e+00
1.203059098467174515e+00
1.192829050773327904e+00
1.182409118371580803e+00
1.171812509853310980e+00
1.161052192320447318e+00
1.150140974089508994e+00
1.139091516757380962e+00
1.127916405268620803e+00
1.116628212201288051e+00
1.105239496303558999e+00
1.093762854369612736e+00
1.082210929541299826e+00
1.070596447339440260e+00
1.058932265099974179e+00
1.047231370148227425e+00
1.035506927017489476e+00
1.023772300155041393e+00
1.012041069048499331e+00
1.000327066262546527e+00
9.886443643477411669e-01
9.770073027384883479e-01
9.654305079153555624e-01
9.539288699372198144e-01
9.425175558844577361e-01
9.312119967086892602e-01
9.200278785324649267e-01
9.089811468793174143e-01
8.980879674893647024e-01
8.873647200337086982e-01
8.768279850188348545e-01
8.664944947181030255e-01
8.563811157004219687e-01
8.465048095304064102e-01
8.368825877135643854e-01
8.275314779711568924e-01
8.184684524533992755e-01
8.097103752051970638e-01
8.012739514944998698e-01
7.931756386179229512e-01
7.854315882644523628e-01
7.780575796186358639e-01
7.710689207444804127e-01
7.644803713223806696e-01
7.583060487997854704e-01
7.525593232583818182e-01
7.472527296077716708e-01
7.423978664923208681e-01
7.380053021074355346e-01
7.340844986526652294e-01
7.306437231264976129e-01
7.276899748488114827e-01
7.252289269217510048e-01
7.232648499046758772e-01
7.218005568742449363e-01
7.208373613037510896e-01
7.203750212715246404e-01
7.204117101913034560e-01
7.209440018523016747e-01
7.219668446666460682e-01
7.234735637094578120e-01
7.254558779143753799e-01
7.279039078523742434e-01
7.308062066291244330e-01
7.341498044778863585e-01
7.379202460692811938e-01
7.421016468379102449e-01
7.466767644436889118e-01
7.516270646892532215e-01
7.569327980447704274e-01
7.625730924482694295e-01
7.685260438228707081e-01
7.747688093147599986e-01
7.812777189791296761e-01
7.880283863328005900e-01
7.949958100822298590e-01
8.021544947369712020e-01
8.094785708262501878e-01
8.169418993277742791e-01
8.245181869536032382e-01
8.321811042168991701e-01
8.399043924961753227e-01
8.476619701649321659e-01
8.554280456906576680e-01
8.631772256408692945e-01
8.708846140958897974e-01
8.785259179999934664e-01
8.860775539726679639e-01
8.935167467981219858e-01
9.008216227149844491e-01
9.079713060825025384e-01
9.149460095987987929e-01
9.217271111852682886e-01
9.282972259157004080e-01
9.346402725117439747e-01
9.407415244625935147e-01
9.465876414367521141e-01
9.521666853294304955e-01
9.574681194019702968e-01
9.624827840697368631e-01
9.672028471533349325e-01
9.716217304709716673e-01
9.757340114275337983e-01
9.795352953990732470e-01
9.830220580045705425e-01
9.861914599912590118e-01
9.890411364322716503e-01
9.915689614623849346e-01
9.937727917937919653e-01
9.956501948528514445e-01
9.971981673793398615e-01
9.984128512225542984e-01
9.992892538960875815e-01
9.997311889010580543e-01
1.000000000000000000e+00
