1.000000000000000000e+00
1.000000000000000000e+00
1.000000000000000000e+00
1.000000000000000000e+00
1.000000000000135891e+00
1.000000000006658674e+00
1.000000000201330064e+00
1.000000003570632234e+00
1.000000042366107067e+00
1.000000368097669234e+00
1.000002493799294179e+00
1.000013773534260242e+00
1.000064018398885146e+00
1.000256053267445822e+00
1.000894499883787647e+00
1.002752907370875413e+00
1.007487797591842371e+00
1.017976265161986582e+00
1.037915555720102745e+00
1.069827219194526169e+00
1.111609012711853417e+00
1.154132628468266697e+00
1.183261061739421915e+00
1.186195599465315720e+00
1.157563629433314256e+00
1.100714716612627653e+00
1.024959500477279573e+00
9.414693430296400267e-01
8.604618507719198339e-01
7.900328705022473530e-01
7.355028968581520665e-01
6.996771800469229197e-01
6.830154018259571025e-01
6.842055670946062262e-01
7.007312207878233501e-01
7.294069543226987529e-01
7.669937547344797268e-01
8.104509782456991163e-01
8.572067788679248457e-01
9.051961568006592351e-01
9.528668622893363693e-01
9.991358902063959269e-01
1.043271208741292089e+00
1.084827324545182270e+00
1.123552309412899186e+00
1.159338561538444612e+00
1.192174706117938632e+00
1.222112578346767231e+00
1.249250546149188956e+00
1.273708605016275586e+00
1.295620819558341186e+00
1.315124107250585705e+00
1.332355055280440626e+00
1.347448213667925332e+00
1.360531805150265061e+00
1.371728275330239111e+00
1.381151969651941869e+00
1.388909947466646644e+00
1.395164949624963624e+00
1.401467266472693041e+00
1.408006093822178784e+00
1.413678650325363106e+00
1.418523643541767187e+00
1.422342128746228340e+00
1.424961776151462134e+00
1.426470505788662413e+00
1.426947865564701656e+00
1.426466247023055578e+00
1.425091388029867456e+00
1.422883272423159040e+00
1.419896912266551459e+00
1.416182646841201986e+00
1.411786782961780951e+00
1.406751796703489266e+00
1.401116820268450747e+00
1.394918020994932562e+00
1.388188776363434629e+00
1.380960043256184155e+00
1.373260444145987469e+00
1.365116556551834615e+00
1.356553116827972527e+00
1.347593121344683009e+00
1.338258061838878410e+00
1.328567961177677281e+00
1.318541586691226009e+00
1.308196609828378598e+00
1.297549678835330678e+00
1.286616599589990750e+00
1.275412352530605808e+00
1.263951242269076847e+00
1.252247014738580244e+00
1.240312884934258841e+00
1.228161667081201003e+00
1.215805773425427061e+00
1.203257325832295388e+00
1.190528258956713215e+00
1.177630300560996490e+00
1.164575056223110527e+00
1.151374012628867849e+00
1.138038597285025100e+00
1.124580267163750147e+00
1.111010500930859068e+00
1.097340890333351693e+00
1.083583187228600142e+00
1.069749339914817465e+00
1.055851578980675498e+00
1.041902405801089726e+00
1.027914665722233112e+00
1.013901612751955783e+00
9.998768914378056705e-01
9.858545986630105062e-01
9.718492966413718737e-01
9.578760409818791732e-01
9.439504414455579528e-01
9.300886385165770820e-01
9.163073549131566242e-01
9.026239391328483297e-01
8.890563391172734420e-01
8.756231489859255257e-01
8.623436147952582287e-01
8.492376334502860225e-01
8.363257810749779031e-01
8.236292619342553412e-01
8.111699028951138146e-01
7.989701543179521526e-01
7.870530056197623248e-01
7.754419715931279988e-01
7.641610561853375838e-01
7.532346401919964851e-01
7.426874123832718499e-01
7.325442545277063289e-01
7.228300901393555078e-01
7.135697622718649713e-01
7.047878661170799974e-01
6.965085829137730444e-01
6.887555424457675324e-01
6.815516345368625162e-01
6.749188428401516893e-01
6.688780937418303818e-01
6.634490408022639674e-01
6.586498823151166748e-01
6.544971912038968220e-01
6.510056903941925377e-01
6.481880774088766284e-01
6.460548689508485154e-01
6.446142020803729000e-01
6.438716947146483349e-01
6.438303354035582737e-01
6.444903399377480691e-01
6.458490636179040623e-01
6.479009471926834296e-01
6.506374426538020783e-01
6.540469920733362752e-01
6.581150516358960090e-01
6.628241065514949293e-01
6.681537223454196983e-01
6.740806495886642047e-01
6.805789319800887860e-01
6.876200318984788673e-01
6.951730172276170405e-01
7.032047550338141884e-01
7.116800899868140906e-01
7.205620840018274187e-01
7.298122624698094585e-01
7.393908228570829078e-01
7.492568790953364477e-01
7.593687181637508443e-01
7.696840291479741802e-01
7.801601321171679482e-01
7.907542283770103708e-01
8.014236376841864518e-01
8.121260122558582317e-01
8.228195684760836182e-01
8.334633239728934662e-01
8.440173130294004178e-01
8.544427899415721894e-01
8.647024456402343517e-01
8.747606112996481054e-01
8.845834311551469265e-01
8.941390300988367734e-01
9.033976768587937967e-01
9.123319169883953306e-01
9.209166657913783194e-01
9.291292758780863581e-01
9.369495773722855692e-01
9.443598747521865233e-01
9.513448960738991600e-01
9.578917014823823406e-01
9.639895483078884109e-01
9.696297013039144597e-01
9.748051851772894238e-01
9.795104860787940959e-01
9.837412049169588224e-01
9.874936630547530569e-01
9.907644657206964300e-01
9.935500349519135188e-01
9.958461230335459158e-01
9.976473192022209391e-01
9.989465641579539090e-01
9.996012356301073876e-01
1.000000000000000000e+00
