1.000000000000000000e+00
1.000000000000000000e+00
1.000000000000000000e+00
1.000000000000000000e+00
1.000000000000010436e+00
1.000000000000740963e+00
1.000000000021975755e+00
1.000000000380082410e+00
1.000000004375267926e+00
1.000000036646256030e+00
1.000000237378511514e+00
1.000001239957691856e+00
1.000005369829695789e+00
1.000019589038362966e+00
1.000060442472482825e+00
1.000155937378581994e+00
1.000322958346543833e+00
1.000471060162530179e+00
1.000175935598192289e+00
9.983613128944925919e-01
9.931515991452224412e-01
9.822973498162280714e-01
9.642243205328402400e-01
9.390852504454477723e-01
9.090702778069016388e-01
8.777563727583838071e-01
8.490765288259988219e-01
8.263681084755442052e-01
8.118603403793541728e-01
8.065893386740976556e-01
8.104533521848773514e-01
8.225251367610617592e-01
8.413402110875102258e-01
8.652272336316607637e-01
8.925492743287939401e-01
9.218472069668401936e-01
9.519363776758427154e-01
9.818936907887908516e-01
1.011047236016793249e+00
1.038927331706417601e+00
1.065228445179841055e+00
1.089774701685182201e+00
1.112478925148645548e+00
1.133320902032317834e+00
1.152322106945888436e+00
1.169533157793034350e+00
1.185022025113720234e+00
1.198866436540473313e+00
1.211150501904424637e+00
1.221958820543096680e+00
1.231375215876564511e+00
1.239480179645189084e+00
1.246350534507815189e+00
1.252059398214756980e+00
1.256675279135972323e+00
1.260262562444698364e+00
1.262881047272267354e+00
1.264586422374120112e+00
1.265493461864840130e+00
1.267040476661614123e+00
1.269061108876147870e+00
1.270230129216799453e+00
1.270612660825763074e+00
1.270267247086581897e+00
1.269246775295407303e+00
1.267599328256069802e+00
1.265368625056963792e+00
1.262594638538507175e+00
1.259313943031778793e+00
1.255560167858667642e+00
1.251364389897499763e+00
1.246755346783834595e+00
1.241759748976260846e+00
1.236402432812422569e+00
1.230706598119104545e+00
1.224694000922170956e+00
1.218385070349771615e+00
1.211799083717682413e+00
1.204954241904450996e+00
1.197867807136883123e+00
1.190556208162184770e+00
1.183035107553996657e+00
1.175319509873210766e+00
1.167423801325967680e+00
1.159361844539557485e+00
1.151147053221662109e+00
1.142792435900211068e+00
1.134310672358909811e+00
1.125714135232826596e+00
1.117014951853442017e+00
1.108225053732772025e+00
1.099356195590497354e+00
1.090420004828231093e+00
1.081427988136290264e+00
1.072391571179458047e+00
1.063322133792118374e+00
1.054231005523480258e+00
1.045129491452697401e+00
1.036028871730971579e+00
1.026940416175493809e+00
1.017875405627241880e+00
1.008845122826492746e+00
9.998608704460645313e-01
9.909339742081159086e-01
9.820757807311675247e-01
9.732976675066973282e-01
9.646110233719040750e-01
9.560272506815403748e-01
9.475577631101688159e-01
9.392139587346408636e-01
9.310072132326971950e-01
9.229488582577182187e-01
9.150501621125037843e-01
9.073223174966698057e-01
8.997764059836033113e-01
8.924233805765910965e-01
8.852740451250317166e-01
8.783390152725989442e-01
8.716286971033098130e-01
8.651532553502228051e-01
8.589225798218965702e-01
8.529462592015211175e-01
8.472335367886140167e-01
8.417932780196055731e-01
8.366339409031050556e-01
8.317635289225765449e-01
8.271895621890730244e-01
8.229190461664269707e-01
8.189584268152449997e-01
8.153135588599952355e-01
8.119896682160610002e-01
8.089913112288337205e-01
8.063223447369995966e-01
8.039858917568374341e-01
8.019843124646554022e-01
8.003191858797203961e-01
7.989912863541421828e-01
7.980005692203788747e-01
7.973461639128639478e-01
7.970263591535974301e-01
7.970385985518813055e-01
7.973794822071358368e-01
7.980447615602255240e-01
7.990293461174317047e-01
8.003273160138377751e-01
8.019319285014770982e-01
8.038356361352869683e-01
8.060301105920530951e-01
8.085062606698869558e-01
8.112542594363473247e-01
8.142635761358173463e-01
8.175230032600462327e-01
8.210206909094825978e-01
8.247441867387717007e-01
8.286804721783493921e-01
8.328160024652447868e-01
8.371367532214782914e-01
8.416282653295301674e-01
8.462756905867965251e-01
8.510638454654642082e-01
8.559772642946978927e-01
8.610002485824408414e-01
8.661169251926961188e-01
8.713113048037545161e-01
8.765673338274366788e-01
8.818689519409536048e-01
8.872001516508041252e-01
8.925450337054461336e-01
8.978878629143517420e-01
9.032131279145557690e-01
9.085055993730206669e-01
9.137503849470226536e-01
9.189329874282573529e-01
9.240393638751256411e-01
9.290559811103618060e-01
9.339698687523543263e-01
9.387686733765905345e-01
9.434407090658027961e-01
9.479750009133105504e-01
9.523613249074852627e-01
9.565902436111280993e-01
9.606531327745755355e-01
9.645421965580719403e-01
9.682504729590636350e-01
9.717718284074875479e-01
9.751009383238304906e-01
9.782332524058923173e-01
9.811649453004298582e-01
9.838928519429396280e-01
9.864143856599068005e-01
9.887274387151192556e-01
9.908302667261738028e-01
9.927213580351262889e-01
9.943992890300242804e-01
9.958625674410914730e-01
9.971094669146970402e-01
9.981378562728081549e-01
9.989450273545357195e-01
9.995275257755162901e-01
9.998214068395413490e-01
1.000000000000000000e+00
