1.000000000000000000e+00
1.000000000000000000e+00
1.000000000000000000e+00
1.000000000000000000e+00
1.000000000000152545e+00
1.000000000007466028e+00
1.000000000225776509e+00
1.000000004004086840e+00
1.000000047507800360e+00
1.000000412759744828e+00
1.000002796300822894e+00
1.000015443875094778e+00
1.000071780140411093e+00
1.000287089540232710e+00
1.001002885670004616e+00
1.003086309843510771e+00
1.008393972883299350e+00
1.020149622521384192e+00
1.042495001408445310e+00
1.078258792013615741e+00
1.125117585967777334e+00
1.172958501403054798e+00
1.206192962652198775e+00
1.210832313185463915e+00
1.181139400003575535e+00
1.120887634721013493e+00
1.040211203487837466e+00
9.511102219724696383e-01
8.644579668811469553e-01
7.888242893435184477e-01
7.298226181081688413e-01
6.904304212234729787e-01
6.711667513828437626e-01
6.706999837445898338e-01
6.864320858042529672e-01
7.150475236127482592e-01
7.531654802766085677e-01
7.975942958418673623e-01
8.456256387961376131e-01
8.950758482050136244e-01
9.442981975847059006e-01
9.921419422123299858e-01
1.037825994502683535e+00
1.080873283418452013e+00
1.121011180171769483e+00
1.158120255371003493e+00
1.192183217948339147e+00
1.223249948587300517e+00
1.251420323114413202e+00
1.276817282641548479e+00
1.299579073163357856e+00
1.319847158100403872e+00
1.337762946902012917e+00
1.353466065729726608e+00
1.367089666476650311e+00
1.378761084530522485e+00
1.388599268075963344e+00
1.396715672404538866e+00
1.403277197563410406e+00
1.409838046400624600e+00
1.416591215980291141e+00
1.422437520849857195e+00
1.427476298823349588e+00
1.431505729577986941e+00
1.434300371116323358e+00
1.435951700365246664e+00
1.436542493881592053e+00
1.436148102584348774e+00
1.434836949334230338e+00
1.432671471636571825e+00
1.429708941377404230e+00
1.426001757408886572e+00
1.421598118808667932e+00
1.416542218988481761e+00
1.410874757074973562e+00
1.404633333341711143e+00
1.397852622435037606e+00
1.390564762521887765e+00
1.382799434595909371e+00
1.374584167068196416e+00
1.365944547363615591e+00
1.356904321711730699e+00
1.347485643625123242e+00
1.337709103482846773e+00
1.327593954400413168e+00
1.317158279647268060e+00
1.306419064883132197e+00
1.295392390045058129e+00
1.284093441092622356e+00
1.272536668400988225e+00
1.260735909733200710e+00
1.248704414996948175e+00
1.236454984243828825e+00
1.223999960985724167e+00
1.211351350276415051e+00
1.198520927733684127e+00
1.185520213143671953e+00
1.172360559546781422e+00
1.159053152520673535e+00
1.145609072065577827e+00
1.132039386710047779e+00
1.118355141179582679e+00
1.104567454100779278e+00
1.090687566869678715e+00
1.076726881027294080e+00
1.062697050901626916e+00
1.048609968623060107e+00
1.034477843608883063e+00
1.020313273117357866e+00
1.006129221316422351e+00
9.919390877890784664e-01
9.777567223744438873e-01
9.635964575514380792e-01
9.494731780809824162e-01
9.354022976272056145e-01
9.213998200184729814e-01
9.074823927034451065e-01
8.936672832501896258e-01
8.799724388295346866e-01
8.664165011524209703e-01
8.530188151743787195e-01
8.397994723306161369e-01
8.267792660247580416e-01
8.139796998358233004e-01
8.014230045240073874e-01
7.891320604207616718e-01
7.771304010738058210e-01
7.654421928891820270e-01
7.540921300536627125e-01
7.431053795917724747e-01
7.325074750089144437e-01
7.223241692732033092e-01
7.125813209127475067e-01
7.033047285616411681e-01
6.945199664337429191e-01
6.862522514538347274e-01
6.785262508860241404e-01
6.713659136544484207e-01
6.647943167657546226e-01
6.588334352674221073e-01
6.535039470002549367e-01
6.488250479986010788e-01
6.448142013559469143e-01
6.414869384958880039e-01
6.388566791363147201e-01
6.369344967646659583e-01
6.357289480866564757e-01
6.352459320024292921e-01
6.354885061134070146e-01
6.364567637992160076e-01
6.381477468968732580e-01
6.405553320542739515e-01
6.436701761770560193e-01
6.474797125353474181e-01
6.519681350057775493e-01
6.571164239198794554e-01
6.629024340255152969e-01
6.693009867774339927e-01
6.762839838522841651e-01
6.838205934239212080e-01
6.918774460555081607e-01
7.004188145898974094e-01
7.094068675309589400e-01
7.188019321916142568e-01
7.285627158958429828e-01
7.386465710100768023e-01
7.490097761372007668e-01
7.596077868700680247e-01
7.703954879295871194e-01
7.813274717740372743e-01
7.923583032431278372e-01
8.034427581811212082e-01
8.145360838149829918e-01
8.255942663750601707e-01
8.365742742412791699e-01
8.474342878621261566e-01
8.581339461467172303e-01
8.686345786409307435e-01
8.788994027940923992e-01
8.888937164587187301e-01
8.985850868023977922e-01
9.079435057025441180e-01
9.169415003463264879e-01
9.255542165743514404e-01
9.337594729746551137e-01
9.415377672715284918e-01
9.488722303136036818e-01
9.557485360048990630e-01
9.621547641999108613e-01
9.680812032464589656e-01
9.735200888308072065e-01
9.784652868236739520e-01
9.829119232296033015e-01
9.868559614936852631e-01
9.902937328660306182e-01
9.932214329881553505e-01
9.956345967267505870e-01
9.975275652749722166e-01
9.988929615295245590e-01
9.995808919294997263e-01
1.000000000000000000e+00
