1.000000000000000000e+00
1.000000000000000000e+00
1.000000000000000000e+00
1.000000000000000000e+00
1.000000000000065947e+00
1.000000000003678391e+00
1.000000000111168852e+00
1.000000001968212260e+00
1.000000023305131602e+00
1.000000201995513649e+00
1.000001364557714378e+00
1.000007510865978055e+00
1.000034767249162515e+00
1.000138373327525976e+00
1.000480511865128985e+00
1.001468059669600175e+00
1.003957281432188431e+00
1.009393990212807513e+00
1.019529467218063479e+00
1.035280037337622083e+00
1.054878428700467996e+00
1.072717635236775546e+00
1.080658077759485858e+00
1.071653939908307818e+00
1.043200465834602131e+00
9.981001211573051757e-01
9.428653212471159728e-01
8.851939401626099935e-01
8.320901410429211165e-01
7.889704010524650757e-01
7.591535991055419208e-01
7.440206008850038799e-01
7.432252256977678329e-01
7.551977792418896884e-01
7.776447208539674083e-01
8.079810474558248856e-01
8.437434056166657204e-01
8.827449334825265836e-01
9.232074753508439091e-01
9.637515224910024880e-01
1.003369196540981445e+00
1.041375032376705922e+00
1.077321298551296991e+00
1.110949085814177506e+00
1.142126584431179870e+00
1.170815326344848195e+00
1.197038485925962403e+00
1.220859235369292639e+00
1.242369464092153653e+00
1.261673863425498920e+00
1.278884829872813933e+00
1.294115225421864412e+00
1.307476266208190241e+00
1.319076393260526725e+00
1.329018566259221990e+00
1.337400645022233991e+00
1.344313952800308964e+00
1.349843864235242830e+00
1.354132866959461889e+00
1.358712392301306693e+00
1.363753622428836909e+00
1.368099668730943463e+00
1.371505279300997193e+00
1.373820073241477147e+00
1.375122875874665196e+00
1.375485213169173049e+00
1.374971863762284974e+00
1.373641816834642704e+00
1.371548736090805187e+00
1.368741668844463577e+00
1.365265662245233935e+00
1.361162046405426151e+00
1.356468933488890638e+00
1.351221416456086066e+00
1.345451949924395985e+00
1.339190652965652317e+00
1.332465470773475769e+00
1.325302460912740843e+00
1.317725887305025934e+00
1.309758445940029770e+00
1.301421430686759306e+00
1.292734828259654467e+00
1.283717500086299479e+00
1.274387229725918225e+00
1.264760886250807292e+00
1.254854550459542306e+00
1.244683581931560257e+00
1.234262756338797118e+00
1.223606293289059010e+00
1.212727970541433109e+00
1.201641215777002669e+00
1.190359138437076414e+00
1.178894627968017028e+00
1.167260365049390014e+00
1.155468905689357673e+00
1.143532758885076328e+00
1.131464383173861110e+00
1.119276250392206684e+00
1.106980855730394175e+00
1.094590763335469008e+00
1.082118669582353032e+00
1.069577402981423120e+00
1.056979986683564077e+00
1.044339671172719530e+00
1.031669958552242194e+00
1.018984656883244799e+00
1.006297870959711904e+00
9.936240449789891516e-01
9.809779978890611485e-01
9.683749044641708492e-01
9.558303245725722208e-01
9.433601996585256888e-01
9.309808561523528203e-01
9.187090266436643837e-01
9.065618163285944497e-01
8.945567129050020494e-01
8.827115886709573367e-01
8.710446569327929822e-01
8.595744700761777102e-01
8.483198898211212757e-01
8.373000503814950202e-01
8.265343365684730825e-01
8.160423118592967651e-01
8.058436713162453469e-01
7.959581962654247445e-01
7.864056570585075123e-01
7.772057562173420031e-01
7.683780576383888450e-01
7.599418715330853447e-01
7.519161653307682158e-01
7.443194495876658268e-01
7.371696455857451591e-01
7.304839727640288771e-01
7.242788146060937793e-01
7.185695900873062536e-01
7.133706465750186965e-01
7.086951303908771704e-01
7.045548764204692116e-01
7.009603131842462309e-01
6.979203401696486564e-01
6.954422312812748030e-01
6.935315530716503751e-01
6.921920616478253185e-01
6.914256340800246647e-01
6.912322180241684544e-01
6.916097652668001805e-01
6.925542031911537944e-01
6.940594272022168054e-01
6.961172803471067372e-01
6.987175658838845616e-01
7.018480800925355201e-01
7.054946362938778748e-01
7.096411171380244687e-01
7.142695499731505082e-01
7.193601763845736130e-01
7.248915386219972889e-01
7.308405909135045064e-01
7.371828094731757153e-01
7.438923081032293716e-01
7.509419814211720778e-01
7.583036478894096266e-01
7.659481815307210839e-01
7.738456712379038205e-01
7.819655801973276477e-01
7.902768834118549801e-01
7.987482207830385317e-01
8.073480541509056030e-01
8.160448086249806332e-01
8.248070123327150283e-01
8.336034457059134928e-01
8.424032832017077643e-01
8.511762225176970897e-01
8.598926219525279135e-01
8.685236396967602746e-01
8.770413613724450386e-01
8.854189204674913771e-01
8.936306240909875909e-01
9.016520704582683399e-01
9.094602487116392187e-01
9.170336333529406359e-01
9.243522730487101491e-01
9.313978601759183018e-01
9.381537754291222608e-01
9.446051141085241021e-01
9.507386923471925488e-01
9.565430245475029514e-01
9.620082692763685106e-01
9.671261465612431829e-01
9.718898248640318593e-01
9.762937718345773286e-01
9.803335674808356659e-01
9.840056834058990010e-01
9.873072301421497166e-01
9.902356737696378364e-01
9.927885256993397300e-01
9.949630130348806611e-01
9.967557367779900090e-01
9.981623262839243171e-01
9.991770994494878488e-01
9.996886807435029221e-01
1.000000000000000000e+00
