1.000000000000000000e+00
1.000000000000000000e+00
1.000000000000000000e+00
1.000000000000000000e+00
1.000000000000109246e+00
1.000000000005513590e+00
1.000000000166614056e+00
1.000000002954286593e+00
1.000000035043660196e+00
1.000000304379167870e+00
1.000002061327939673e+00
1.000011379717294258e+00
1.000052862898085371e+00
1.000211294398313910e+00
1.000737550260985431e+00
1.002267711089873226e+00
1.006160987015003672e+00
1.014770084632516056e+00
1.031097115694650457e+00
1.057130266452666723e+00
1.090985052007921396e+00
1.124914443846829704e+00
1.146980028243468785e+00
1.146349724003538517e+00
1.118467145198520862e+00
1.066271580918724204e+00
9.979452391187076943e-01
9.234027565950103655e-01
8.517835241005626834e-01
7.903384334274902168e-01
7.437981200464257592e-01
7.145679989317208491e-01
7.029003080891935706e-01
7.074339645488044725e-01
7.257412762335678780e-01
7.548374499892372969e-01
7.917319221101314364e-01
8.336583822533840671e-01
8.782996858060923007e-01
9.238123437249994296e-01
9.688204773135696835e-01
1.012369021399431634e+00
1.053817607253069166e+00
1.092780240146970838e+00
1.129043275997220652e+00
1.162520844863420555e+00
1.193212193148665001e+00
1.221172367768587730e+00
1.246497023992326758e+00
1.269300725830670773e+00
1.289710036290382167e+00
1.307853692862590345e+00
1.323859699221040964e+00
1.337853746083397910e+00
1.349955503954104019e+00
1.360279061630326414e+00
1.368930942469232415e+00
1.376010814339108768e+00
1.381674492047559433e+00
1.387465801698826828e+00
1.393567733600971525e+00
1.398871671224405588e+00
1.403311603573245359e+00
1.406693638626371090e+00
1.408937719693499568e+00
1.410126081492069750e+00
1.410333136744039706e+00
1.409626599735992469e+00
1.408067983978869897e+00
1.405713434166265818e+00
1.402614449514671735e+00
1.398818183529630499e+00
1.394368033603851309e+00
1.389303847048243279e+00
1.383662370080855908e+00
1.377477600408467895e+00
1.370780960669625737e+00
1.363601637643778286e+00
1.355966674592395282e+00
1.347901237765613436e+00
1.339428807345347527e+00
1.330571278338087637e+00
1.321349176431444450e+00
1.311781700294144093e+00
1.301886916545154538e+00
1.291681907571675225e+00
1.281182843463502641e+00
1.270405146801271812e+00
1.259363515357770691e+00
1.248072058838289866e+00
1.236544407156378922e+00
1.224793741131586344e+00
1.212832911143523429e+00
1.200674442240491357e+00
1.188330636030415555e+00
1.175813664974063144e+00
1.163135560635096377e+00
1.150308291427508900e+00
1.137343770138401933e+00
1.124253909540727125e+00
1.111050702473233898e+00
1.097746218859694256e+00
1.084352687251348035e+00
1.070882537929550571e+00
1.057348436294054617e+00
1.043763357994757612e+00
1.030140580371130321e+00
1.016493745413396654e+00
1.002836914731317419e+00
9.891845532317787848e-01
9.755515799178162695e-01
9.619533763249685787e-01
9.484058066812870447e-01
9.349252646372033793e-01
9.215286475972341851e-01
9.082333930776228526e-01
8.950575069452767485e-01
8.820195313059576714e-01
8.691385723976209343e-01
8.564342924585274242e-01
8.439268941866507889e-01
8.316371282322079228e-01
8.195862326387797214e-01
8.077959087452306619e-01
7.962883009022798664e-01
7.850859037564329457e-01
7.742115270622875745e-01
7.636882406324048134e-01
7.535392554012673161e-01
7.437878399134689733e-01
7.344571985790857571e-01
7.255703203007126678e-01
7.171498516703566084e-01
7.092179341614511801e-01
7.017960439286637930e-01
6.949048569101551331e-01
6.885640746639341003e-01
6.827922711675598055e-01
6.776067550886968327e-01
6.730233833538160626e-01
6.690564055756805795e-01
6.657183227119508606e-01
6.630197062115070761e-01
6.609690614776037032e-01
6.595727119894301271e-01
6.588346530885033081e-01
6.587564576915230230e-01
6.593372094215119716e-01
6.605734128594171750e-01
6.624589514475124341e-01
6.649850748746660711e-01
6.681403725398661342e-01
6.719107907401290491e-01
6.762796866456743938e-01
6.812278753769231976e-01
6.867337057316214022e-01
6.927731775009572379e-01
6.993200602943717703e-01
7.063460247016949412e-01
7.138208200538791459e-01
7.217124556192179297e-01
7.299873677362027635e-01
7.386106330958911448e-01
7.475461851517194445e-01
7.567569989722007229e-01
7.662053024507851084e-01
7.758527954454145226e-01
7.856608458089597846e-01
7.955906839932097574e-01
8.056036133227211238e-01
8.156612090524936187e-01
8.257254983604972454e-01
8.357591534839868830e-01
8.457256883636463662e-01
8.555896375780580598e-01
8.653167250745903427e-01
8.748740424691325845e-01
8.842302161392771032e-01
8.933555489665027105e-01
9.022221565435722956e-01
9.108040981833832594e-01
9.190774821798317618e-01
9.270205372256907772e-01
9.346136611456835608e-01
9.418394450173558363e-01
9.486826597634959723e-01
9.551302015629824504e-01
9.611710012223302346e-01
9.667958951894324304e-01
9.719974491386131898e-01
9.767697319111816601e-01
9.811080451832205895e-01
9.850086113965793588e-01
9.884682208454123042e-01
9.914838427111372088e-01
9.940522100738191646e-01
9.961693884074623861e-01
9.978303386074359738e-01
9.990284870914093451e-01
9.996323194511902432e-01
1.000000000000000000e+00
