1.000000000000000000e+00
1.000000000000000000e+00
1.000000000000000000e+00
1.000000000000000000e+00
1.000000000000148104e+00
1.000000000007241763e+00
1.000000000218951302e+00
1.000000003883115829e+00
1.000000046073506343e+00
1.000000400307938353e+00
1.000002712017216799e+00
1.000014978830265244e+00
1.000069621083617299e+00
1.000278465406500894e+00
1.000972806552261840e+00
1.002993927784762818e+00
1.008143360423524371e+00
1.019549971927807164e+00
1.041235164935218949e+00
1.075947525588877074e+00
1.121430853417024753e+00
1.167847812972828248e+00
1.200006805545651867e+00
1.204235385550668003e+00
1.174881431226652895e+00
1.115589655039986638e+00
1.036262353638943923e+00
9.486727806698713739e-01
8.635191776014682352e-01
7.892483815982411777e-01
7.314016101835668637e-01
6.929170309375797254e-01
6.743043627841319720e-01
6.742422489680011122e-01
6.901573777914553620e-01
7.187698989372011127e-01
7.567359529176370669e-01
8.009025213141379718e-01
8.485957210700890707e-01
8.976618102390485632e-01
9.464778847583119603e-01
9.939102060488802515e-01
1.039190080709791353e+00
1.081848406181806110e+00
1.121617837492718595e+00
1.158381989449825955e+00
1.192125124783283807e+00
1.222897674143865521e+00
1.250799151822729049e+00
1.275951771483612607e+00
1.298492720980642945e+00
1.318562309547389955e+00
1.336300712759366460e+00
1.351846244369335315e+00
1.365330776985960171e+00
1.376880367779594438e+00
1.386612758064035722e+00
1.394638244908621871e+00
1.401122627846375090e+00
1.407619070919126747e+00
1.414319557002202243e+00
1.420123938766455041e+00
1.425115675842786755e+00
1.429093695007722431e+00
1.431846433541185348e+00
1.433464411160030982e+00
1.434029533914860322e+00
1.433616352972475472e+00
1.432292564368185861e+00
1.430119940081224117e+00
1.427155137644680716e+00
1.423449995020403147e+00
1.419052194891051943e+00
1.414005461285781307e+00
1.408350064293879544e+00
1.402123211091864663e+00
1.395359219908172355e+00
1.388089903719135654e+00
1.380344651690841529e+00
1.372150729624321164e+00
1.363533489471611126e+00
1.354516469645842713e+00
1.345121639878142483e+00
1.335369432657071753e+00
1.325278965624368199e+00
1.314868206867488842e+00
1.304154047356349322e+00
1.293152489757740220e+00
1.281878661718083068e+00
1.270346971821682880e+00
1.258571230965278120e+00
1.246564678018592609e+00
1.234340115652192482e+00
1.221909905263443896e+00
1.209286083269155654e+00
1.196480468518680063e+00
1.183504637861581887e+00
1.170370014046303364e+00
1.157087866201786497e+00
1.143669371167239657e+00
1.130125706110705952e+00
1.116468037562280413e+00
1.102707617395535911e+00
1.088855831250214123e+00
1.074924235692473973e+00
1.060924649012896959e+00
1.046869137323380716e+00
1.032770092348208602e+00
1.018640300413915067e+00
1.004492922424937706e+00
9.903415605746811456e-01
9.762002727799655721e-01
9.620836039589671929e-01
9.480066532723799844e-01
9.339850508591154288e-01
9.200350164535529007e-01
9.061734101515054318e-01
8.924177082301938402e-01
8.787860591262218746e-01
8.652972958765070555e-01
8.519709421406757022e-01
8.388272512961041372e-01
8.258871601321242650e-01
8.131722931961135048e-01
8.007049752375016149e-01
7.885081516520973111e-01
7.766053871539018161e-01
7.650208408209109301e-01
7.537791588392078745e-01
7.429054154227443529e-01
7.324250037839233896e-01
7.223634876416787920e-01
7.127464846297230094e-01
7.035994999146024664e-01
6.949477607979488436e-01
6.868160820486917117e-01
6.792286741162260055e-01
6.722089745960383445e-01
6.657794947684630982e-01
6.599615930867134272e-01
6.547752829700255184e-01
6.502390517321261498e-01
6.463696164355683393e-01
6.431817312730468972e-01
6.406880140611411756e-01
6.388987214884001009e-01
6.378215870783571217e-01
6.374616886947669370e-01
6.378212763466406532e-01
6.388996592564933907e-01
6.406931280815136853e-01
6.431948526949254896e-01
6.463948374244639083e-01
6.502799254752902325e-01
6.548337923676832428e-01
6.600369795529322792e-01
6.658669877072420640e-01
6.722983741224226595e-01
6.793028702733305835e-01
6.868495688515730002e-01
6.949051196230202621e-01
7.034339094908856893e-01
7.123983124887182106e-01
7.217589485930225868e-01
7.314749017995287872e-01
7.415039796655890081e-01
7.518029878227033835e-01
7.623279748442290948e-01
7.730344779981255243e-01
7.838777939525447547e-01
7.948132357401802572e-01
8.057963644749792653e-01
8.167832416138751661e-01
8.277306878865255957e-01
8.385965185328512206e-01
8.493397656268267815e-01
8.599209159228383692e-01
8.703021348135744351e-01
8.804474565511284379e-01
8.903229695527898890e-01
8.998969978630276811e-01
9.091402500438983125e-01
9.180259246211591728e-01
9.265297888010758376e-01
9.346302284661881510e-01
9.423082516975774814e-01
9.495474412539989251e-01
9.563338639330933866e-01
9.626559339136809834e-01
9.685042173027399448e-01
9.738711746843075057e-01
9.787508490711841480e-01
9.831385022940198892e-01
9.870302001731265928e-01
9.904223520712261974e-01
9.933112176078425781e-01
9.956923922614893119e-01
9.975602855265245372e-01
9.989076072196330092e-01
9.995864508141889537e-01
1.000000000000000000e+00
