1.000000000000000000e+00
1.000000000000000000e+00
1.000000000000000000e+00
1.000000000000000000e+00
1.000000000000057065e+00
1.000000000003274270e+00
1.000000000098849373e+00
1.000000001748899026e+00
1.000000020691395042e+00
1.000000179168749614e+00
1.000001208976986522e+00
1.000006645490306489e+00
1.000030711407355888e+00
1.000121989873602457e+00
1.000422595202960618e+00
1.001287246756452420e+00
1.003456838245327276e+00
1.008166602963391112e+00
1.016871114687164068e+00
1.030218254790574717e+00
1.046433364440818137e+00
1.060372410773804841e+00
1.064777773003488193e+00
1.053539807222175106e+00
1.024727566881813212e+00
9.812001614014771445e-01
9.291223733362882209e-01
8.756607782970379228e-01
8.272673150860699876e-01
7.888605128522686583e-01
7.633629875910562523e-01
7.518674772470010925e-01
7.538616952193996079e-01
7.677226376318837531e-01
7.911985678530754074e-01
8.218151259651045315e-01
8.572508865699384195e-01
8.954701995984352125e-01
9.348332946573948421e-01
9.740780900611674120e-01
1.012289185668565628e+00
1.048848986006656769e+00
1.083358234250169971e+00
1.115590295753690508e+00
1.145434261456044434e+00
1.172863970805000378e+00
1.197908988841705824e+00
1.220634856590741668e+00
1.241132857029300762e+00
1.259505460158486523e+00
1.275861726167620613e+00
1.290310688774362280e+00
1.302959470527812913e+00
1.313912289645227771e+00
1.323267990356890467e+00
1.331120431364529955e+00
1.337557175723122160e+00
1.342660060341189787e+00
1.346568273852491560e+00
1.350810176315019984e+00
1.355554024842455352e+00
1.359581767578238454e+00
1.362651166966573069e+00
1.364666189646624783e+00
1.365702760659348147e+00
1.365829777534820488e+00
1.365109654790284566e+00
1.363599243148591489e+00
1.361350283391149718e+00
1.358410086461828037e+00
1.354822124336182876e+00
1.350626307408581583e+00
1.345859462198237599e+00
1.340555526782231999e+00
1.334745915415993522e+00
1.328459809183309304e+00
1.321724313820887620e+00
1.314564733365890969e+00
1.307004663408741996e+00
1.299066206998880757e+00
1.290770134101855815e+00
1.282135974415063773e+00
1.273182191076240422e+00
1.263926228412591612e+00
1.254384667752484805e+00
1.244573348251425404e+00
1.234507432192613274e+00
1.224201535671590291e+00
1.213669756873356320e+00
1.202925784740215720e+00
1.191982986494124486e+00
1.180854439036330694e+00
1.169553022082832072e+00
1.158091430005319777e+00
1.146482251352709536e+00
1.134738042170091887e+00
1.122871323576722702e+00
1.110894641711979158e+00
1.098820577520045250e+00
1.086661789351934360e+00
1.074431071745280075e+00
1.062141355069174065e+00
1.049805763020990934e+00
1.037437642156101347e+00
1.025050583286801764e+00
1.012658470415620293e+00
1.000275470439189407e+00
9.879160705472892490e-01
9.755951084703003984e-01
9.633277521461378612e-01
9.511295235747725396e-01
9.390162920063764851e-01
9.270042731230565547e-01
9.151100442132802382e-01
9.033505085192680140e-01
8.917428992311656755e-01
8.803047759345393741e-01
8.690539786871859240e-01
8.580086200989326395e-01
8.471870515910558952e-01
8.366078229109056297e-01
8.262896551886609320e-01
8.162513680726517507e-01
8.065118296117093077e-01
7.970899078163966589e-01
7.880043749469936021e-01
7.792738489537202051e-01
7.709167225550448421e-01
7.629510524500865420e-01
7.553944728122921060e-01
7.482640867702744503e-01
7.415763420995780120e-01
7.353469258951977894e-01
7.295906407258218040e-01
7.243212869340570625e-01
7.195515655109022690e-01
7.152929619044213760e-01
7.115556482268035055e-01
7.083484005807557660e-01
7.056784924555701277e-01
7.035516127796117569e-01
7.019717982968556313e-01
7.009413476380539354e-01
7.004607672650920991e-01
7.005287344600532595e-01
7.011420463798863079e-01
7.022956035733021185e-01
7.039824125356606288e-01
7.061935768461660157e-01
7.089183178113926953e-01
7.121440130658450718e-01
7.158562269932707833e-01
7.200387660827033409e-01
7.246737544720084356e-01
7.297417037408474583e-01
7.352215972534371646e-01
7.410909961762087717e-01
7.473261437466051094e-01
7.539020739898953938e-01
7.607927446016505835e-01
7.679711691803586815e-01
7.754095389470793132e-01
7.830793687667013669e-01
7.909516429940807170e-01
7.989969415628691563e-01
8.071855798273953608e-01
8.154877518550703863e-01
8.238736596672274759e-01
8.323136410783072980e-01
8.407783060842575207e-01
8.492386665513247390e-01
8.576662547997034869e-01
8.660332494965703454e-01
8.743126032835110140e-01
8.824781598881978883e-01
8.905047648085788747e-01
8.983683805835320779e-01
9.060461944360913566e-01
9.135167098098027072e-01
9.207598326393315880e-01
9.277569520202608722e-01
9.344910029891642100e-01
9.409465062183358652e-01
9.471095903992396980e-01
9.529679956340867397e-01
9.585110499326392475e-01
9.637296162608001149e-01
9.686160126837315421e-01
9.731639040123649664e-01
9.773681596731422783e-01
9.812246766042898027e-01
9.847301704932591715e-01
9.878819372718858904e-01
9.906775860834147185e-01
9.931147473857393493e-01
9.951907630505058000e-01
9.969023652287031245e-01
9.982453518074732024e-01
9.992142672712163165e-01
9.997027706646370859e-01
1.000000000000000000e+00
