1.000000000000000000e+00
1.000000000000000000e+00
1.000000000000000000e+00
1.000000000000000000e+00
1.000000000000174749e+00
1.000000000008758549e+00
1.000000000264802402e+00
1.000000004695043687e+00
1.000000055690151157e+00
1.000000483693846087e+00
1.000003275641857980e+00
1.000018083542516978e+00
1.000084007025801691e+00
1.000335794031863790e+00
1.001172191372438292e+00
1.003604188236594918e+00
1.009791845767143315e+00
1.023473697284993822e+00
1.049425224686674873e+00
1.090852475193578641e+00
1.144972183781828745e+00
1.200091805231601860e+00
1.238476502083974307e+00
1.244557467994022559e+00
1.212341725422086958e+00
1.146475164557624771e+00
1.058439110677507733e+00
9.614667806544909823e-01
8.673235358801275607e-01
7.851571255353438916e-01
7.208634374440687775e-01
6.775223211108838406e-01
6.556021774107526623e-01
6.536412258770610828e-01
6.688687752202642223e-01
6.977722453898009825e-01
7.367969058699490592e-01
7.825817789988717132e-01
8.322757787131506158e-01
8.835718108088795875e-01
9.347246019011090645e-01
9.845139058557221823e-01
1.032106324019523624e+00
1.076990948143000670e+00
1.118871452836421643e+00
1.157614071278470824e+00
1.193193435645690803e+00
1.225655693129660495e+00
1.255101491555770998e+00
1.281656209792642942e+00
1.305462292823613257e+00
1.326665934436422445e+00
1.345413820562606944e+00
1.361851456918468983e+00
1.376117833843176097e+00
1.388346289206652706e+00
1.398661513050845961e+00
1.407180571271728464e+00
1.414075777484490315e+00
1.420906507809952757e+00
1.427870892426177818e+00
1.433874658272626945e+00
1.439024300345192131e+00
1.443188455540635573e+00
1.446136100730706753e+00
1.447897283684055569e+00
1.448559433183100431e+00
1.448202196023848920e+00
1.446897913692868798e+00
1.444712627926496351e+00
1.441706955151948355e+00
1.437936360041984329e+00
1.433451877922482964e+00
1.428300289743689833e+00
1.422524669878449943e+00
1.416164804844353364e+00
1.409257359359543438e+00
1.401836295748373429e+00
1.393932938322140380e+00
1.385576300920387638e+00
1.376793309296528989e+00
1.367608896305787303e+00
1.358046270740444816e+00
1.348126934598861792e+00
1.337870928678028370e+00
1.327297011730601772e+00
1.316422730596912505e+00
1.305264629655821462e+00
1.293838252585933990e+00
1.282158314603747851e+00
1.270238834304387776e+00
1.258093152334882836e+00
1.245734081737573939e+00
1.233173890983480847e+00
1.220424432116680835e+00
1.207497258754376857e+00
1.194403587269218692e+00
1.181154392291799748e+00
1.167760398098710128e+00
1.154232143068606442e+00
1.140580081893713071e+00
1.126814564232825111e+00
1.112945941828104246e+00
1.098984619079280467e+00
1.084941090679993447e+00
1.070826044201543370e+00
1.056650337455694366e+00
1.042425086865773842e+00
1.028161746051468706e+00
1.013872078044330438e+00
9.995682330369716206e-01
9.852627640720678093e-01
9.709686643872312839e-01
9.566994497113960882e-01
9.424691324009413229e-01
9.282922967062027242e-01
9.141841664827766722e-01
9.001605838781461255e-01
8.862380879774843789e-01
8.724339429016717551e-01
8.587661608800236657e-01
8.452535687440405621e-01
8.319157727653191392e-01
8.187731888669156355e-01
8.058470861468892688e-01
7.931595204111210329e-01
7.807333676102918840e-01
7.685923315100174902e-01
7.567608526458075024e-01
7.452640798494403196e-01
7.341277822182228352e-01
7.233782139238765785e-01
7.130420202503140459e-01
7.031460822370153574e-01
6.937173627184506364e-01
6.847827904399380605e-01
6.763690710001255546e-01
6.685025248624766325e-01
6.612089412675982159e-01
6.545133354431829087e-01
6.484397439170759281e-01
6.430110276759454235e-01
6.382485876639280020e-01
6.341721377725765274e-01
6.307994934819723953e-01
6.281462854761915571e-01
6.262257439815961391e-01
6.250485114084338711e-01
6.246223942351193381e-01
6.249521820077776901e-01
6.260395031434422553e-01
6.278826411987938894e-01
6.304764186708727847e-01
6.338121389816027129e-01
6.378775097118413173e-01
6.426566149182847409e-01
6.481299634562982526e-01
6.542745421378619586e-01
6.610638958790763242e-01
6.684683005224935082e-01
6.764549499527230392e-01
6.849881258958039343e-01
6.940294634591036571e-01
7.035382326608385917e-01
7.134715709842385234e-01
7.237847750165372629e-01
7.344316163244235529e-01
7.453646226539261122e-01
7.565353643432184416e-01
7.678947773718510783e-01
7.793934717504781284e-01
7.909820097339612666e-01
8.026112139248088306e-01
8.142324867461950832e-01
8.257981010608936856e-01
8.372614760413805701e-01
8.485774758096852333e-01
8.597026921539527855e-01
8.705956853253050687e-01
8.812172212583602171e-01
8.915305070506186480e-01
9.015013872829914510e-01
9.110984873863845479e-01
9.202933267406636642e-01
9.290603995275774629e-01
9.373772005323667278e-01
9.452241904473412948e-01
9.525847116633562317e-01
9.594448511162967375e-01
9.657932335309967753e-01
9.716207408396358991e-01
9.769201673271559194e-01
9.816858140096674790e-01
9.859130218891899444e-01
9.895976503583258088e-01
9.927355162229712926e-01
9.953218071251261900e-01
9.973504854584813728e-01
9.988137012149159721e-01
9.995508020727407184e-01
1.000000000000000000e+00
