1.000000000000000000e+00
1.000000000000000000e+00
1.000000000000000000e+00
1.000000000000000000e+00
1.000000000000023759e+00
1.000000000001577849e+00
1.000000000047391202e+00
1.000000000832455882e+00
1.000000009765112052e+00
1.000000083702388576e+00
1.000000557971642001e+00
1.000003022312377920e+00
1.000013718608269153e+00
1.000053291611397777e+00
1.000179497978371801e+00
1.000527349987496040e+00
1.001350228785289787e+00
1.002989104601465398e+00
1.005627270373496307e+00
1.008736955285182590e+00
1.010449454147985149e+00
1.007532685870375255e+00
9.965089486478557745e-01
9.754309790052642093e-01
9.450982012647242136e-01
9.088548832609364414e-01
8.714427708232264091e-01
8.376020557421280932e-01
8.111222761837412198e-01
7.944617704297141092e-01
7.885894365576661125e-01
7.932373201143604335e-01
8.071850835184267714e-01
8.286771049043346604e-01
8.557742366938099199e-01
8.866026977783612040e-01
9.195482242636600079e-01
9.532883561817776519e-01
9.868153802996177948e-01
1.019391439134425426e+00
1.050508296655200402e+00
1.079845301801471757e+00
1.107214270298959802e+00
1.132529126546721221e+00
1.155769894800692921e+00
1.176963995146209419e+00
1.196168743055721961e+00
1.213459762301886569e+00
1.228925380108272902e+00
1.242657862124102675e+00
1.254751065009639621e+00
1.265296523885024671e+00
1.274382611167205637e+00
1.282094188921585998e+00
1.288511174466053344e+00
1.293709001774130174e+00
1.297757867943707177e+00
1.300723246372096131e+00
1.302729045046230327e+00
1.305289349124884257e+00
1.308420026760138688e+00
1.310720699914682985e+00
1.312089068769101585e+00
1.312593714550511992e+00
1.312296525269504910e+00
1.311253705380831303e+00
1.309516265737431961e+00
1.307130759159042865e+00
1.304139674650312442e+00
1.300581979477863914e+00
1.296493589208842057e+00
1.291907609451292682e+00
1.286854712306872539e+00
1.281363308942329082e+00
1.275459836800781233e+00
1.269168991110977807e+00
1.262513859776882352e+00
1.255516137013036992e+00
1.248196207991000284e+00
1.240573317489002791e+00
1.232665697215601153e+00
1.224490644790888982e+00
1.216064657955691297e+00
1.207403479490214426e+00
1.198522216295441201e+00
1.189435432951922555e+00
1.180157205439311463e+00
1.170701219292538564e+00
1.161080795744653171e+00
1.151308972519717866e+00
1.141398569052869627e+00
1.131362211957295472e+00
1.121212402114090123e+00
1.110961525025921492e+00
1.100621906554125840e+00
1.090205863436212619e+00
1.079725701098416479e+00
1.069193753075634579e+00
1.058622385466587268e+00
1.048024022571755420e+00
1.037411182419432976e+00
1.026796471357794172e+00
1.016192616410273031e+00
1.005612477759615153e+00
9.950690545742822968e-01
9.845755080078582022e-01
9.741451437897259424e-01
9.637914251925724374e-01
9.535279801542292377e-01
9.433685740921129437e-01
9.333271107191517535e-01
9.234176119501210644e-01
9.136542008050329011e-01
9.040510938906743954e-01
8.946225604872936055e-01
8.853829065777559792e-01
8.763464536470788602e-01
8.675274902645760955e-01
8.589402478300042221e-01
8.505988601817996431e-01
8.425173193446205966e-01
8.347094404431133485e-01
8.271887989372560535e-01
8.199686832424480931e-01
8.130620498621282666e-01
8.064814511740966418e-01
8.002389880578809622e-01
7.943462571881407808e-01
7.888142765840508996e-01
7.836534286898649837e-01
7.788733931353531981e-01
7.744830731606932028e-01
7.704905366391423538e-01
7.669029493032639699e-01
7.637265148076070043e-01
7.609664299851665037e-01
7.586268317498732205e-01
7.567107574408195036e-01
7.552201163663186945e-01
7.541556495331602772e-01
7.535169054952194356e-01
7.533022259058584913e-01
7.535087216090922135e-01
7.541322677374847627e-01
7.551675088325114915e-01
7.566078559277386040e-01
7.584455028113128439e-01
7.606714522876415474e-01
7.632755349071425055e-01
7.662464430764173162e-01
7.695717737864826713e-01
7.732380651254187054e-01
7.772308451073939306e-01
7.815346900810293818e-01
7.861332782262918650e-01
7.910094495771111678e-01
7.961452766321001073e-01
8.015221326436932081e-01
8.071207612317762292e-01
8.129213584716843410e-01
8.189036538756307992e-01
8.250469850315164111e-01
8.313303854251292702e-01
8.377326720713282882e-01
8.442325223041364790e-01
8.508085584541047464e-01
8.574394348329257287e-01
8.641039174407099122e-01
8.707809634617291739e-01
8.774498060730810955e-01
8.840900361108788852e-01
8.906816780996885674e-01
8.972052707241261471e-01
9.036419485096052195e-01
9.099735177497579874e-01
9.161825287095248793e-01
9.222523499186193741e-01
9.281672374900453715e-01
9.339123944357539120e-01
9.394740255959885822e-01
9.448393875974353540e-01
9.499968266390709237e-01
9.549358008252081254e-01
9.596468898271302006e-01
9.641217905565964141e-01
9.683532941393815374e-01
9.723352424844154962e-01
9.760624656201708493e-01
9.795306987742694593e-01
9.827364762458555836e-01
9.856770014911447886e-01
9.883499954545184041e-01
9.907535245455171280e-01
9.928858094214099150e-01
9.947450172271827817e-01
9.963290418368955237e-01
9.976352767160011625e-01
9.986603857102624993e-01
9.994000776927787211e-01
9.997731663163091920e-01
1.000000000000000000e+00
