1.000000000000000000e+00
1.000000000000000000e+00
1.000000000000000000e+00
1.000000000000000000e+00
1.000000000000012657e+00
1.000000000000902389e+00
1.000000000026883606e+00
1.000000000467397232e+00
1.000000005414969140e+00
1.000000045717088115e+00
1.000000299128045222e+00
1.000001582932495303e+00
1.000006974578675045e+00
1.000026058600011147e+00
1.000083260630742377e+00
1.000226988913240911e+00
1.000519032883190773e+00
1.000950363144451849e+00
1.001210102936858526e+00
1.000321466410172055e+00
9.964022305431736726e-01
9.870068344186038178e-01
9.701922287351041341e-01
9.457106326645307037e-01
9.154935881150009225e-01
8.830866645897053058e-01
8.525955056907021934e-01
8.276458236106554178e-01
8.107827909706527558e-01
8.033250371590018313e-01
8.053763753705804884e-01
8.161278078590153973e-01
8.341484148342444005e-01
8.577364536949091400e-01
8.851847916950142947e-01
9.149458106182358774e-01
9.457467892930181419e-01
9.765849033908224897e-01
1.006722428768528133e+00
1.035637846281978192e+00
1.062986882957323020e+00
1.088566295885477375e+00
1.112270023202822200e+00
1.134065729254864596e+00
1.153967423390156899e+00
1.172021729083380093e+00
1.188294992410183992e+00
1.202864923159140842e+00
1.215816801477950460e+00
1.227237029261480261e+00
1.237211663565084496e+00
1.245823598647486596e+00
1.253152135843886628e+00
1.259272891127968474e+00
1.264256787657208836e+00
1.268170540429311766e+00
1.271076136523325628e+00
1.273031320275286093e+00
1.274152782777408843e+00
1.275937226143272651e+00
1.278214395563759931e+00
1.279605713899429009e+00
1.280178665667034643e+00
1.279993906311928997e+00
1.279106218906681525e+00
1.277565398740476477e+00
1.275416704583040683e+00
1.272701500822472909e+00
1.269457615058171784e+00
1.265719810139612767e+00
1.261520192965598586e+00
1.256888433797641813e+00
1.251852091844092518e+00
1.246436772551367200e+00
1.240666375671122479e+00
1.234563296192305204e+00
1.228148545160174576e+00
1.221441932931589092e+00
1.214462146663153774e+00
1.207226894675746953e+00
1.199753016403399153e+00
1.192056552307555695e+00
1.184152857616560972e+00
1.176056643263106327e+00
1.167782075870526404e+00
1.159342856500458874e+00
1.150752266630799436e+00
1.142023249244812577e+00
1.133168431527499909e+00
1.124200190768136265e+00
1.115130707225870710e+00
1.105971984605887748e+00
1.096735903265501744e+00
1.087434227680053933e+00
1.078078649492286267e+00
1.068680825894827269e+00
1.059252375653553457e+00
1.049804907696478162e+00
1.040350021616233356e+00
1.030899324441523657e+00
1.021464454771144892e+00
1.012057074246773158e+00
1.002688888301791259e+00
9.933716509345446033e-01
9.841171638763136498e-01
9.749372888614713517e-01
9.658439281252070296e-01
9.568490283049593259e-01
9.479645796174687167e-01
9.392025883212672399e-01
9.305750708376063773e-01
9.220940317698952393e-01
9.137714443146582877e-01
9.056192382065958446e-01
8.976492623226191014e-01
8.898732667096236337e-01
8.823028810288475743e-01
8.749495727668519240e-01
8.678246244292936451e-01
8.609390991647052349e-01
8.543038042060351334e-01
8.479292620671597946e-01
8.418256618147119674e-01
8.360028228839682107e-01
8.304701617929096669e-01
8.252366394648422698e-01
8.203107281853296850e-01
8.157003756561946872e-01
8.114129539738339503e-01
8.074552227104068169e-01
8.038332854013859885e-01
8.005525423585296840e-01
7.976176551715045138e-01
7.950325062940362120e-01
7.928001643513105101e-01
7.909228611359945260e-01
7.894019629088220302e-01
7.882379517835550464e-01
7.874304153915354654e-01
7.869780279382023735e-01
7.868785428331701581e-01
7.871287920808196503e-01
7.877246784324136719e-01
7.886611807956915854e-01
7.899323662867474560e-01
7.915313958214417189e-01
7.934505428102105462e-01
7.956812182836716651e-01
7.982139898290554481e-01
8.010386108107975245e-01
8.041440550272258569e-01
8.075185462082179466e-01
8.111495956959852149e-01
8.150240464052675993e-01
8.191281127733586187e-01
8.234474249762959719e-01
8.279670804036575182e-01
8.326716932641227142e-01
8.375454450302045606e-01
8.425721437777436984e-01
8.477352828172008969e-01
8.530180949718932926e-01
8.584036165125576989e-01
8.638747512726092648e-01
8.694143274065314619e-01
8.750051601902989473e-01
8.806301169095493986e-01
8.862721770132589993e-01
8.919144925665348778e-01
8.975404529193056202e-01
9.031337475237338763e-01
9.086784250677426567e-01
9.141589560382007429e-01
9.195602963194938750e-01
9.248679467591588432e-01
9.300680100265461547e-01
9.351472487737710892e-01
9.400931399120459053e-01
9.448939212597700088e-01
9.495386343949928643e-01
9.540171631172131850e-01
9.583202622063202725e-01
9.624395739642874759e-01
9.663676343494661536e-01
9.700978676045289850e-01
9.736245658801698788e-01
9.769428525245051897e-01
9.800486297857203821e-01
9.829385101493021137e-01
9.856097292056767989e-01
9.880600396818933762e-01
9.902875881820302206e-01
9.922907757874787071e-01
9.940681035556208078e-01
9.956180050736015419e-01
9.969386696219589838e-01
9.980278596050746742e-01
9.988827264340565115e-01
9.994996295240263784e-01
9.998108507887498719e-01
1.000000000000000000e+00
