1.000000000000000000e+00
1.000000000000000000e+00
1.000000000000000000e+00
1.000000000000000000e+00
1.000000000000033751e+00
1.000000000002120304e+00
1.000000000063865802e+00
1.000000001125858518e+00
1.000000013263234733e+00
1.000000114266818008e+00
1.000000766397925123e+00
1.000004182313413370e+00
1.000019159050022921e+00
1.000075286309927369e+00
1.000257330884237739e+00
1.000770663356899570e+00
1.002024839665091260e+00
1.004647511279444405e+00
1.009230092829439540e+00
1.015623514435798125e+00
1.021991941333719289e+00
1.024490140652258408e+00
1.018416993733621823e+00
1.000461044482116035e+00
9.705057846970971402e-01
9.317115672312660246e-01
8.892819065244449428e-01
8.487780083358772432e-01
8.149085406011110644e-01
7.909857864491434132e-01
7.786501579969211662e-01
7.780857717106137716e-01
7.882883596333744025e-01
8.075172308531123333e-01
8.337006720334660947e-01
8.647438517193514196e-01
8.987846689178975446e-01
9.342585186694860599e-01
9.699472995412722343e-01
1.004941110865616105e+00
1.038599332509225537e+00
1.070505314873745117e+00
1.100402945755256878e+00
1.128161056923152383e+00
1.153730620494664461e+00
1.177122052203067204e+00
1.198383997943639923e+00
1.217589122789834111e+00
1.234827011150140486e+00
1.250193540693474104e+00
1.263787804476310006e+00
1.275707321684642626e+00
1.286046854624268487e+00
1.294897847602160423e+00
1.302346654209997068e+00
1.308474971911532947e+00
1.313358905405669796e+00
1.317069496429663644e+00
1.319735854917087448e+00
1.322876934763955514e+00
1.326635102157202928e+00
1.329602722103597534e+00
1.331563448422212970e+00
1.332591267395094592e+00
1.332752922921616623e+00
1.332109009350581852e+00
1.330714482013810818e+00
1.328619455514660874e+00
1.325869619557834556e+00
1.322506828289761183e+00
1.318569611759252247e+00
1.314093430840229226e+00
1.309111088399149025e+00
1.303652910581424518e+00
1.297747060689587117e+00
1.291419791251269489e+00
1.284695587440681575e+00
1.277597401465546012e+00
1.270146740914440908e+00
1.262363853874623798e+00
1.254267867694908167e+00
1.245876873331083212e+00
1.237208073407948916e+00
1.228277828839140717e+00
1.219101790835036114e+00
1.209695004253669381e+00
1.200071965917460570e+00
1.190246734306817933e+00
1.180232957180317621e+00
1.170043962369718082e+00
1.159692831161219795e+00
1.149192426507191778e+00
1.138555469516180585e+00
1.127794551085593122e+00
1.116922196281727286e+00
1.105950923166150845e+00
1.094893241293748876e+00
1.083761698656411809e+00
1.072568888626384664e+00
1.061327481884451363e+00
1.050050270266852159e+00
1.038750163631521284e+00
1.027440231033688978e+00
1.016133719291199000e+00
1.004844064313819008e+00
9.935849229009678929e-01
9.823701578412959989e-01
9.712138589245495890e-01
9.601303575271770141e-01
9.491342014022348117e-01
9.382401625764988928e-01
9.274632209589920295e-01
9.168185517059800338e-01
9.063215240217183943e-01
8.959876606641052899e-01
8.858326269116163498e-01
8.758722132907399427e-01
8.661222859235344629e-01
8.565987652506064087e-01
8.473175852384339235e-01
8.382946475494474914e-01
8.295457860555446317e-01
8.210866976209214574e-01
8.129328904531466504e-01
8.050996345588469216e-01
7.976018784016406515e-01
7.904541942710665570e-01
7.836707160817325546e-01
7.772650497420779958e-01
7.712502033217183417e-01
7.656385033974008048e-01
7.604415023453890976e-01
7.556699019361572400e-01
7.513334661482430343e-01
7.474409410356699368e-01
7.439999919439577170e-01
7.410171295372945943e-01
7.384976513441005030e-01
7.364455962656912824e-01
7.348636840662535752e-01
7.337532741768872935e-01
7.331143361595723329e-01
7.329454084844053696e-01
7.332435807384605209e-01
7.340044884220550125e-01
7.352222982502736315e-01
7.368897176054530762e-01
7.389980169696456214e-01
7.415370437890538291e-01
7.444952561134063895e-01
7.478597677153104861e-01
7.516163863567471015e-01
7.557496681141031569e-01
7.602429843595222003e-01
7.650785833967063132e-01
7.702376608460131946e-01
7.757004437418210108e-01
7.814462722381837478e-01
7.874536833370773259e-01
7.937005103758127955e-01
8.001639813094885145e-01
8.068208091742491428e-01
8.136472988836019882e-01
8.206194536576947307e-01
8.277130677704115369e-01
8.349038288176100497e-01
8.421674225263161562e-01
8.494796281599861221e-01
8.568164132857308823e-01
8.641540347752283413e-01
8.714691355542413254e-01
8.787388340424183708e-01
8.859408188745243606e-01
8.930534449679324860e-01
9.000558223829501214e-01
9.069279006183489367e-01
9.136505557093365093e-01
9.202056715011239785e-01
9.265762090156023367e-01
9.327462710762567388e-01
9.387011616567569883e-01
9.444274311963577473e-01
9.499129039977954880e-01
9.551466913582356000e-01
9.601191889772510146e-01
9.648220529431335013e-01
9.692481523125748843e-01
9.733914998452096734e-01
9.772471596824500173e-01
9.808111283121516699e-01
9.840801880547664915e-01
9.870517354984598146e-01
9.897235864600395505e-01
9.920937586815374853e-01
9.941602352643401641e-01
9.959207141375262529e-01
9.973723488945988036e-01
9.985114871389508817e-01
9.993334132206987963e-01
9.997479186816581320e-01
1.000000000000000000e+00
