1.000000000000000000e+00
1.000000000000000000e+00
1.000000000000000000e+00
1.000000000000000000e+00
1.000000000000042633e+00
1.000000000002575939e+00
1.000000000077703177e+00
1.000000001372315150e+00
1.000000016201885611e+00
1.000000139945488753e+00
1.000000941527836362e+00
1.000005157140434031e+00
1.000023731778624247e+00
1.000093776530974310e+00
1.000322776301715511e+00
1.000975297906818939e+00
1.002592335139310009e+00
1.006042880586588861e+00
1.012262032207630114e+00
1.021419898774667434e+00
1.031709525890454504e+00
1.038773510093530694e+00
1.036891703260930164e+00
1.021625096587267079e+00
9.921116249450865343e-01
9.513716646146447298e-01
9.049872140895058870e-01
8.591736374383924790e-01
8.193614903934002269e-01
7.895326021453580312e-01
7.718607744825584094e-01
7.669023955535454462e-01
7.738474505628960554e-01
7.909921635825369890e-01
8.161800973248669600e-01
8.471532752747127359e-01
8.818575179689936983e-01
9.185347342297857098e-01
9.557954818704645916e-01
9.925878549068594126e-01
1.028160969234150901e+00
1.062017734320063855e+00
1.093844839072300790e+00
1.123472982140170551e+00
1.150828435116594939e+00
1.175907022315373363e+00
1.198749795426517384e+00
1.219426616239114969e+00
1.238027799924459993e+00
1.254651927909285147e+00
1.269402157823428690e+00
1.282380703670113142e+00
1.293687368040959740e+00
1.303418804193538616e+00
1.311666463676401273e+00
1.318517009272779150e+00
1.324051228107312461e+00
1.328344575516110071e+00
1.331530284049940560e+00
1.335131159653412558e+00
1.339310159156926527e+00
1.342730851622604193e+00
1.345157141800572109e+00
1.346598832303839588e+00
1.347126483381630102e+00
1.346804138159754860e+00
1.345689848881291395e+00
1.343836525270051929e+00
1.341292367091934112e+00
1.338101491089714212e+00
1.334304475333987217e+00
1.329938624149629822e+00
1.325038406781216427e+00
1.319635645130831980e+00
1.313759848645544848e+00
1.307438482462705220e+00
1.300697117180457107e+00
1.293559679494185044e+00
1.286048543002699773e+00
1.278184726116416980e+00
1.269988039543578973e+00
1.261477174444298299e+00
1.252669861163973497e+00
1.243582916692873130e+00
1.234232386587329255e+00
1.224633655693131207e+00
1.214801509628446352e+00
1.204750253252238057e+00
1.194493738914439884e+00
1.184045464776558365e+00
1.173418654225652613e+00
1.162626285734091658e+00
1.151681176388494876e+00
1.140595993983849921e+00
1.129383327843151319e+00
1.118055753824308107e+00
1.106625832831038103e+00
1.095106163337938865e+00
1.083509389849143911e+00
1.071848239466136166e+00
1.060135572066685627e+00
1.048384378632912117e+00
1.036607829279240001e+00
1.024819296507799349e+00
1.013032370839938023e+00
1.001260899699164097e+00
9.895189745582100294e-01
9.778209586438374457e-01
9.661815078688237302e-01
9.546155476095349313e-01
9.431382869277752379e-01
9.317652058875183219e-01
9.205120474259790297e-01
9.093948223711167955e-01
8.984297704827572950e-01
8.876333548794569372e-01
8.770222495865965806e-01
8.666132906231091004e-01
8.564234591438242283e-01
8.464698424423544587e-01
8.367695891096894600e-01
8.273398756697404322e-01
8.181978345586965462e-01
8.093605015998033281e-01
8.008447653138552891e-01
7.926672770522791289e-01
7.848443930895203646e-01
7.773921072200198346e-01
7.703259510346861516e-01
7.636609157642987311e-01
7.574113571427910641e-01
7.515908886650398690e-01
7.462122923029885779e-01
7.412874155685353905e-01
7.368270754489385510e-01
7.328409811418581388e-01
7.293376427642528359e-01
7.263242969379458680e-01
7.238068464290157156e-01
7.217897815879774637e-01
7.202761234447051519e-01
7.192673797642905598e-01
7.187634871300596640e-01
7.187627799660538663e-01
7.192619740954462326e-01
7.202561393068906970e-01
7.217387002168558219e-01
7.237014525860296921e-01
7.261345700912279488e-01
7.290266346861168367e-01
7.323646809705987026e-01
7.361342332166381786e-01
7.403193618347043703e-01
7.449027553327961515e-01
7.498657867101637953e-01
7.551885907311507440e-01
7.608501578489275108e-01
7.668284258714667123e-01
7.731003744578464065e-01
7.796421384560259238e-01
7.864291201273800880e-01
7.934360924124332914e-01
8.006373214547387596e-01
8.080066887313662738e-01
8.155177971018668925e-01
8.231440879107508879e-01
8.308589609099793494e-01
8.386358829547054805e-01
8.464484957251928732e-01
8.542707305256013184e-01
8.620769178715194103e-01
8.698418883023518733e-01
8.775410792270174065e-01
8.851506432470207519e-01
8.926475479996089923e-01
9.000096707116221895e-01
9.072158962134027060e-01
9.142462084177984671e-01
9.210817682642484794e-01
9.277049866806780232e-01
9.340995920938133246e-01
9.402506823775488298e-01
9.461447568443667189e-01
9.517697327235461469e-01
9.571149445712290316e-01
9.621711200635012506e-01
9.669303299597710177e-01
9.713859141603383707e-01
9.755323824952558676e-01
9.793652859659636167e-01
9.828810575110215053e-01
9.860768250645196575e-01
9.889501986225115449e-01
9.914990325441810359e-01
9.937211663621515756e-01
9.956141500183656179e-01
9.971749594368214398e-01
9.983997092492573611e-01
9.992833703292246517e-01
9.997289595877139057e-01
1.000000000000000000e+00
