1.000000000000000000e+00
1.000000000000000000e+00
1.000000000000000000e+00
1.000000000000000000e+00
9.999999999999953371e-01
9.999999999997313260e-01
9.999999999913824489e-01
9.999999998372097743e-01
9.999999979301542608e-01
9.999999806100094979e-01
9.999998574493552672e-01
9.999991397046686936e-01
9.999955979039897302e-01
9.999804561681014947e-01
9.999235281227374372e-01
9.997337674539734653e-01
9.991718796440233197e-01
9.976990713430671232e-01
9.943067114425067077e-01
9.875020678460588730e-01
9.757029771683268793e-01
9.580757759912642557e-01
9.353445970267804110e-01
9.099023382458709674e-01
8.850914017950783919e-01
8.641425297469684796e-01
8.494041496120452450e-01
8.420384853712450379e-01
8.421222385457926007e-01
8.489577901716552910e-01
8.613730651208213462e-01
8.780216948197681059e-01
8.975740700811646322e-01
9.188525262918973979e-01
9.408899761383232585e-01
9.629362084393949806e-01
9.844487883923053184e-01
1.005050258825789911e+00
1.024498063868591879e+00
1.042647905563227617e+00
1.059428599028451767e+00
1.074822694965972270e+00
1.088846840678017180e+00
1.101541793576087613e+00
1.112961467364748769e+00
1.123167897964426398e+00
1.132226555862486217e+00
1.140203532679630927e+00
1.147164567696876913e+00
1.153172810031437123e+00
1.158288644069990880e+00
1.162568827082577805e+00
1.166066616254669563e+00
1.168831986451619676e+00
1.170911393576744342e+00
1.172348168999959084e+00
1.173182430969576862e+00
1.173451427355319820e+00
1.173252734809085540e+00
1.173476217155093204e+00
1.173996555648751272e+00
1.173994720429747618e+00
1.173513510767374424e+00
1.172591482234508486e+00
1.171263542336508090e+00
1.169561485953517943e+00
1.167514310522866250e+00
1.165148600751607422e+00
1.162488768894125224e+00
1.159557335212797913e+00
1.156375169758329324e+00
1.152961639516210557e+00
1.149334797037552924e+00
1.145511486967968562e+00
1.141507488629182276e+00
1.137337633109521962e+00
1.133015880493983829e+00
1.128555422053781898e+00
1.123968732332192744e+00
1.119267648627546130e+00
1.114463433055349340e+00
1.109566814863094164e+00
1.104588050488031659e+00
1.099536950057998119e+00
1.094422928363935954e+00
1.089255045283016310e+00
1.084042030681662716e+00
1.078792323527343111e+00
1.073514084879533481e+00
1.068215228540805306e+00
1.062903445357115784e+00
1.057586212969204631e+00
1.052270818855653545e+00
1.046964363600804360e+00
1.041673778557831387e+00
1.036405841146147422e+00
1.031167172200648352e+00
1.025964246591610118e+00
1.020803392170861690e+00
1.015690795203072483e+00
1.010632508706565291e+00
1.005634447557106181e+00
1.000702395384246435e+00
9.958420051622541846e-01
9.910587976688861600e-01
9.863581653177855291e-01
9.817453638007694883e-01
9.772255131635444458e-01
9.728035974092158478e-01
9.684844542190209626e-01
9.642727734963753017e-01
9.601730903093943503e-01
9.561897792778299987e-01
9.523270523786084851e-01
9.485889478922624463e-01
9.449793271998578881e-01
9.415018708776548007e-01
9.381600679854359415e-01
9.349572129473407989e-01
9.318963988407524823e-01
9.289805104797687063e-01
9.262122208573005944e-01
9.235939810215175738e-01
9.211280149135098183e-01
9.188163156649892249e-01
9.166606354692886649e-01
9.146624826377368622e-01
9.128231178701091686e-01
9.111435454715843818e-01
9.096245095409941639e-01
9.082664879149207060e-01
9.070696848023429570e-01
9.060340272487377167e-01
9.051591596976210630e-01
9.044444401510358666e-01
9.038889398279209564e-01
9.034914404175238278e-01
9.032504341233362766e-01
9.031641258252659510e-01
9.032304317314234776e-01
9.034469811587843013e-01
9.038111198220424303e-01
9.043199100364323062e-01
9.049701345480940518e-01
9.057583018315924495e-01
9.066806486220035932e-01
9.077331460783814032e-01
9.089115074512745807e-01
9.102111932352896506e-01
9.116274191999554910e-01
9.131551658021864748e-01
9.147891856524902332e-01
9.165240134125615112e-01
9.183539775929415727e-01
9.202732110379963082e-01
9.222756628412605018e-01
9.243551127306680604e-01
9.265051850828521784e-01
9.287193635113110135e-01
9.309910086723929279e-01
9.333133762820298163e-01
9.356796342352196039e-01
9.380828833473405792e-01
9.405161787243190297e-01
9.429725493792978641e-01
9.454450203841966438e-01
9.479266362910508947e-01
9.504104836306813686e-01
9.528897140671268584e-01
9.553575694161736687e-01
9.578074065350462574e-01
9.602327214292175617e-01
9.626271747641760301e-01
9.649846179208222408e-01
9.672991178672000201e-01
9.695649811482558444e-01
9.717767781403034988e-01
9.739293657708554264e-01
9.760179073594312804e-01
9.780378906458248034e-01
9.799851436560741424e-01
9.818558465530879964e-01
9.836465385178554399e-01
9.853541200937321332e-01
9.869758505120617142e-01
9.885093387730946590e-01
9.899525279715407633e-01
9.913036730452287060e-01
9.925613116730134244e-01
9.937242276659549178e-01
9.947914067907074331e-01
9.957619856143626880e-01
9.966351938799693500e-01
9.974102909320247123e-01
9.980864971097300753e-01
9.986629215089815048e-01
9.991384875822102440e-01
9.995118582426584242e-01
9.997813623132263405e-01
9.999173971468277022e-01
1.000000000000000000e+00
