1.000000000000000000e+00
1.000000000000000000e+00
1.000000000000000000e+00
1.000000000000000000e+00
1.000000000000125899e+00
1.000000000006213918e+00
1.000000000187852178e+00
1.000000003331455334e+00
1.000000039526103945e+00
1.000000343399900071e+00
1.000002326291352439e+00
1.000012847126652726e+00
1.000059705507314822e+00
1.000238769213214640e+00
1.000833978238237609e+00
1.002566131942261629e+00
1.006978121306560503e+00
1.016747850858979119e+00
1.035311488357733900e+00
1.064997014195797176e+00
1.103800353207611051e+00
1.143132370001641140e+00
1.169691091873534594e+00
1.171402663795295229e+00
1.143168718526487826e+00
1.088151471434904094e+00
1.015216998797469516e+00
9.350601450163770201e-01
8.575014409669330373e-01
7.903339137136123904e-01
7.386742987810602790e-01
7.051947011433898904e-01
6.902912263262674930e-01
6.926428990838713329e-01
7.097707383504219258e-01
7.385644410249350145e-01
7.758746459264223017e-01
8.187589104465600176e-01
8.647359901597060361e-01
9.118197337781834833e-01
9.585206779089704421e-01
1.003801189934778959e+00
1.046961816139458712e+00
1.087578126752716035e+00
1.125411791901413050e+00
1.160362915855730481e+00
1.192423888820835831e+00
1.221647683651386762e+00
1.248131651007080345e+00
1.271993813870888612e+00
1.293365511043951477e+00
1.312380699163502307e+00
1.329172854838558848e+00
1.343873303293568355e+00
1.356607151760422791e+00
1.367493789920414260e+00
1.376644699632421975e+00
1.384164226736932513e+00
1.390212562805955177e+00
1.396337613881464490e+00
1.402726278945387817e+00
1.408273613437412530e+00
1.412980338082553855e+00
1.416649332263467453e+00
1.419141673204443510e+00
1.420543164238402101e+00
1.420931438508458822e+00
1.420377140077845990e+00
1.418944426319625807e+00
1.416691842182254080e+00
1.413673080352784162e+00
1.409937281680758048e+00
1.405529656352650480e+00
1.400491688178574279e+00
1.394861607184744612e+00
1.388674758797857178e+00
1.381963778808345422e+00
1.374758951224520409e+00
1.367088297348890480e+00
1.358977856536730533e+00
1.350451885249240647e+00
1.341532958439116241e+00
1.332242197463239242e+00
1.322599308696068121e+00
1.312622789824072767e+00
1.302330085029860696e+00
1.291737657579099974e+00
1.280861164488240611e+00
1.269715475919801939e+00
1.258314819868395995e+00
1.246672895960363237e+00
1.234802904528434331e+00
1.222717672379651122e+00
1.210429654249255416e+00
1.197951040715752535e+00
1.185293858019596858e+00
1.172469951692006962e+00
1.159491068680518877e+00
1.146368862498681862e+00
1.133114951504422985e+00
1.119741004350348623e+00
1.106258734318764425e+00
1.092679987028007504e+00
1.079016786136717698e+00
1.065281368750780722e+00
1.051486267279897024e+00
1.037644299366480949e+00
1.023768637296037731e+00
1.009872869122559136e+00
9.959709815584701920e-01
9.820774177173011710e-01
9.682070886147151612e-01
9.543753984152159031e-01
9.405982999423735391e-01
9.268922706764309849e-01
9.132743585581062362e-01
8.997622197512668007e-01
8.863740902874520655e-01
8.731288255638856022e-01
8.600459007962625302e-01
8.471454043551480684e-01
8.344480579523591013e-01
8.219751618457972198e-01
8.097485818981088324e-01
7.977907419389225208e-01
7.861245358355065660e-01
7.747733049471027256e-01
7.637607939896067233e-01
7.531110355531910328e-01
7.428482747341321746e-01
7.329968506731904254e-01
7.235810443420263027e-01
7.146249534651091251e-01
7.061523257991275671e-01
6.981863941338901647e-01
6.907497384741613233e-01
6.838641018378560643e-01
6.775502277623194347e-01
6.718277130394783025e-01
6.667148023071838292e-01
6.622282148900736631e-01
6.583829848076494518e-01
6.551922523909448071e-01
6.526671032928351712e-01
6.508164279259112117e-01
6.496467429511498803e-01
6.491620693370538930e-01
6.493638391856326741e-01
6.502507737862153192e-01
6.518188143586070016e-01
6.540610850271518784e-01
6.569678384033836860e-01
6.605264506742501984e-01
6.647214586883101184e-01
6.695345889911684667e-01
6.749448202548585796e-01
6.809284944590231481e-01
6.874594307474140020e-01
6.945090547132528602e-01
7.020465830183291178e-01
7.100392134531765542e-01
7.184523001732904257e-01
7.272495839757624481e-01
7.363934276717878369e-01
7.458450161915796128e-01
7.555645885477663137e-01
7.655116801515809977e-01
7.756453392872713071e-01
7.859243427940463267e-01
7.963074307075835856e-01
8.067535285091381736e-01
8.172219477652308273e-01
8.276726025395843012e-01
8.380662303514146982e-01
8.483645930143993708e-01
8.585306661211565826e-01
8.685288402450043188e-01
8.783251098201279028e-01
8.878872334011839174e-01
8.971848885363360449e-01
9.061898218678724470e-01
9.148759708064583274e-01
9.232195476237732290e-01
9.311990992172907156e-01
9.387955405820782584e-01
9.459921472258684405e-01
9.527745025121223676e-01
9.591304061136123327e-01
9.650497410247305119e-01
9.705242886486477039e-01
9.755474893657006819e-01
9.801141547255451947e-01
9.842201339972356244e-01
9.878619357800616507e-01
9.910363097997860748e-01
9.937397999965933426e-01
9.959682792969556386e-01
9.977164781617045008e-01
9.989775206668777274e-01
9.996129825404582725e-01
1.000000000000000000e+00
