1.000000000000000000e+00
1.000000000000000000e+00
1.000000000000000000e+00
1.000000000000000000e+00
1.000000000000031530e+00
1.000000000002002842e+00
1.000000000060294214e+00
1.000000001062242738e+00
1.000000012504711044e+00
1.000000107638711055e+00
1.000000721194498565e+00
1.000003930701625521e+00
1.000017978811458264e+00
1.000070514017221024e+00
1.000240439827102534e+00
1.000717848593465575e+00
1.001878369374532118e+00
1.004287342993461563e+00
1.008447403394132191e+00
1.014126925552901071e+00
1.019482408906021487e+00
1.020800968821493848e+00
1.013645878213217610e+00
9.949999676139630322e-01
9.649435018059550062e-01
9.266759248213688460e-01
8.853023162536209911e-01
8.462102017963075706e-01
8.139146582656860973e-01
7.915479700760059689e-01
7.806079569239948723e-01
7.811809991119679220e-01
7.922140053623175637e-01
8.119598890002598379e-01
8.383724262892954249e-01
8.694020584166898269e-01
9.032385849686778156e-01
9.383688136622617693e-01
9.736197027761677170e-01
1.008118425501949966e+00
1.041253011088622893e+00
1.072627648706685477e+00
1.102001009618091665e+00
1.129251765009133823e+00
1.154337247164106683e+00
1.177271616257310249e+00
1.198105451876728234e+00
1.216912111968697863e+00
1.233780958196890598e+00
1.248807133326808927e+00
1.262088642163170293e+00
1.273721751914030031e+00
1.283799883379423523e+00
1.292413096106977743e+00
1.299646388585089518e+00
1.305580138741730289e+00
1.310289206630645742e+00
1.313843460736918489e+00
1.316370915005038889e+00
1.319389498426184693e+00
1.323015980374399048e+00
1.325844144549346071e+00
1.327680636303544492e+00
1.328598323484042165e+00
1.328662944429715553e+00
1.327934183699742032e+00
1.326466178740767221e+00
1.324308305242283712e+00
1.321505588721349600e+00
1.318099284103506186e+00
1.314127378624499132e+00
1.309624844170919733e+00
1.304624041254454747e+00
1.299154898613583686e+00
1.293245221570184622e+00
1.286920939860041191e+00
1.280206249362537685e+00
1.273123842187335875e+00
1.265694994338634860e+00
1.257939747429173138e+00
1.249877045103229056e+00
1.241524816329488523e+00
1.232900120602770544e+00
1.224019194284230894e+00
1.214897579941268457e+00
1.205550227695223242e+00
1.195991552637853950e+00
1.186235542147974220e+00
1.176295783272900408e+00
1.166185551470698911e+00
1.155917882329168256e+00
1.145505599266058550e+00
1.134961388090257595e+00
1.124297808432297430e+00
1.113527356352478126e+00
1.102662521463783740e+00
1.091715785346470735e+00
1.080699666948395476e+00
1.069626729053744674e+00
1.058509608920833234e+00
1.047361060399470079e+00
1.036193950349725945e+00
1.025021297965050815e+00
1.013856292059871933e+00
1.002712301233241510e+00
9.916029037846433303e-01
9.805418722621682681e-01
9.695431927243529646e-01
9.586210776834989122e-01
9.477899404101609582e-01
9.370644012333906314e-01
9.264592702567729932e-01
9.159895336472890781e-01
9.056703509400734209e-01
8.955170142927938448e-01
8.855449362087922660e-01
8.757696312156615370e-01
8.662066662526539673e-01
8.568716385071754038e-01
8.477801344439301889e-01
8.389476840329967988e-01
8.303897250528669005e-01
8.221215349578475662e-01
8.141581798343234810e-01
8.065144655457048284e-01
7.992048564759912654e-01
7.922434221518532826e-01
7.856437767892795465e-01
7.794189926586491124e-01
7.735815327781525585e-01
7.681431705732821857e-01
7.631149011061508780e-01
7.585068682735549572e-01
7.543282819151607699e-01
7.505873419722888240e-01
7.472911795715615479e-01
7.444457875862164897e-01
7.420559663103145631e-01
7.401252817579928589e-01
7.386560096914687179e-01
7.376490983080983277e-01
7.371041421996297194e-01
7.370193451499198467e-01
7.373915054259613244e-01
7.382160131198977071e-01
7.394868383378906396e-01
7.411965424625596155e-01
7.433363017488799906e-01
7.458959225837752394e-01
7.488638755514952505e-01
7.522273403417277793e-01
7.559722439344739309e-01
7.600833140038945057e-01
7.645441442820282152e-01
7.693372546529873013e-01
7.744441594845491439e-01
7.798454489600953332e-01
7.855208680122698350e-01
7.914493971036067332e-01
7.976093480198498398e-01
8.039784584610124574e-01
8.105339791226865431e-01
8.172527763987936789e-01
8.241114347432244580e-01
8.310863459670796427e-01
8.381538076870331810e-01
8.452901242562691486e-01
8.524716987571808735e-01
8.596751244471048103e-01
8.668772822318503435e-01
8.740554341320384557e-01
8.811873098094025192e-01
8.882511981883980390e-01
8.952260403932146282e-01
9.020915157984545907e-01
9.088281236992441503e-01
9.154172676231647765e-01
9.218413340012313606e-01
9.280837593470496749e-01
9.341290927642994513e-01
9.399630532343963285e-01
9.455725732692347174e-01
9.509458251756455205e-01
9.560722333868666434e-01
9.609424714330475625e-01
9.655484380679517642e-01
9.698832106266801478e-01
9.739409770875976369e-01
9.777169456677853310e-01
9.812072284496227148e-01
9.844086983152101622e-01
9.873188215296454517e-01
9.899354675129933279e-01
9.922566970028652289e-01
9.942805315363055785e-01
9.960047093862816059e-01
9.974264331350822799e-01
9.985421148473314634e-01
9.993471255225130356e-01
9.997531127162095910e-01
1.000000000000000000e+00
