1.000000000000000000e+00
9.999637655722788399e-01
9.998400467579275919e-01
9.996229022008278342e-01
9.993343083016245076e-01
9.990343873576122968e-01
9.988355111066744563e-01
9.989202355527588839e-01
9.995615275156437551e-01
1.001142782683448473e+00
1.004172370418170201e+00
1.009295171885331133e+00
1.017289724692828745e+00
1.029070164209036742e+00
1.045671293275759250e+00
1.068194447044923834e+00
1.097728704009361955e+00
1.134936212692582158e+00
1.179582788806347926e+00
1.229568423415008827e+00
1.280761263312955034e+00
1.329507174656662016e+00
1.374008480870433369e+00
1.417974765689701711e+00
1.503485799736817619e+00
1.602081348288528995e+00
1.631153829696508684e+00
1.611836939392209844e+00
1.563548196590613504e+00
1.500677420533522932e+00
1.432815472478577545e+00
1.365670462440720989e+00
1.304591570092076269e+00
1.249650889274618315e+00
1.200518173217043794e+00
1.158693399234208110e+00
1.122567031935724158e+00
1.091024549255160014e+00
1.063896129985086647e+00
1.039888438090150524e+00
1.018424250129984721e+00
9.993427072442566672e-01
9.819388914411757430e-01
9.661131037566139668e-01
9.517592559842130706e-01
9.384561404796071260e-01
9.263358890638653254e-01
9.152711992748866487e-01
9.049696064146105501e-01
8.956581012447709655e-01
8.871158725779467735e-01
8.790670803285851598e-01
8.717486639832721096e-01
8.650403553174759175e-01
8.588665260059220596e-01
8.534206031151685412e-01
8.486740122324766267e-01
8.447545766026973713e-01
8.418585741871472683e-01
8.400886568621833694e-01
8.397571645889919667e-01
8.410262770498138085e-01
8.440073894885609107e-01
8.489963658376055156e-01
8.561045922986028067e-01
8.654332600811392995e-01
8.770882747726318485e-01
8.909976971722243233e-01
9.070436361480261889e-01
9.247849620409993587e-01
9.434956233198413811e-01
9.624192598426426493e-01
9.806638456190951425e-01
9.976233406514527502e-01
1.012927240455699041e+00
1.026434272482394938e+00
1.038383726577791322e+00
1.048927996355498271e+00
1.058294791087574183e+00
1.066541786037767947e+00
1.073685229972579869e+00
1.079869395768351170e+00
1.085117059838958564e+00
1.089547983879382897e+00
1.093215368879599581e+00
1.096201668756611847e+00
1.098569711917215530e+00
1.100352564121450660e+00
1.101614879344072317e+00
1.102363035214236620e+00
1.102648096549004419e+00
1.102493663145116320e+00
1.101946762465661589e+00
1.101048421864428084e+00
1.099843588171787401e+00
1.098350861397179745e+00
1.096581844007058271e+00
1.094575727067967019e+00
1.092357289330523340e+00
1.089957391887557581e+00
1.087397069901151037e+00
1.084703629207991904e+00
1.081899828243823913e+00
1.079000567167352376e+00
1.076013027502122243e+00
1.072950931904986804e+00
1.069830249385842480e+00
1.066664249332242465e+00
1.063465283909776904e+00
1.060247455711145426e+00
1.057027068753263244e+00
1.053804072657249735e+00
1.050576446301211497e+00
1.047354005952517930e+00
1.044149603493653933e+00
1.040973030792186727e+00
1.037828990508064875e+00
1.034720413872192379e+00
1.031647584404983942e+00
1.028619613200629113e+00
1.025635554139767036e+00
1.022696059787662204e+00
1.019808812973715062e+00
1.016983110620303998e+00
1.014225137582154490e+00
1.011539323844206084e+00
1.008936666562697093e+00
1.006418809951675986e+00
1.003984898023354333e+00
1.001636698473793663e+00
9.993757676107936083e-01
9.972093735895015687e-01
9.951378865013896791e-01
9.931606864941576740e-01
9.912838409258969419e-01
9.894994168483759456e-01
9.878030430047745059e-01
9.862064873891192018e-01
9.847036047448743945e-01
9.832826790092561442e-01
9.819429828897416890e-01
9.806803406247355248e-01
9.794891535789308490e-01
9.783667514627489847e-01
9.773100822192531956e-01
9.763136047347533708e-01
9.753759523362974804e-01
9.745002870734164047e-01
9.736853845441013622e-01
9.729346563495894218e-01
9.722563800374925957e-01
9.716547724617892179e-01
9.711330628891198247e-01
9.706933201471201755e-01
9.703374417295145271e-01
9.700680289276674140e-01
9.698875895702276928e-01
9.697987239700338602e-01
9.698037416001672462e-01
9.698959417957503382e-01
9.700683850585254397e-01
9.703182224435428216e-01
9.706400346608988761e-01
9.710327947617930500e-01
9.714955103230107358e-01
9.720242660975175752e-01
9.726119534534489741e-01
9.732518702258948773e-01
9.739377235884245643e-01
9.746643899615513584e-01
9.754277092345555733e-01
9.762233237621483761e-01
9.770477205755183636e-01
9.779008952303266389e-01
9.787871027531459545e-01
9.797053442454766170e-01
9.806563936437332485e-01
9.816413981073925932e-01
9.826587062990636001e-01
9.837057211753893471e-01
9.847804497246336330e-01
9.858840894483267281e-01
9.870164319286565124e-01
9.881784517105920429e-01
9.893704327445137503e-01
9.905916751346697247e-01
9.918393007529369143e-01
9.931087076100247879e-01
9.943936881135121419e-01
9.956866355680615843e-01
9.969837285016246442e-01
9.982842352618014337e-01
9.995962067713758392e-01
1.000957056959340896e+00
1.002489617390790455e+00
1.004634767512665894e+00
1.009481063896184638e+00
1.013903293295163488e+00
1.012319951125060902e+00
1.013475521363889076e+00
9.798955112596806627e-01
