1.000000000000000000e+00
9.999802517283739034e-01
9.999129799541103258e-01
9.997960846022763137e-01
9.996434512411664919e-01
9.994897334169815517e-01
9.993970547277889471e-01
9.994640347087561105e-01
9.998371553874549900e-01
1.000724086827232240e+00
1.002406787204436212e+00
1.005254338783304169e+00
1.009727887931716861e+00
1.016383455552508197e+00
1.025862478350515250e+00
1.038865788935174672e+00
1.056132671021622116e+00
1.078319689823383998e+00
1.105925988335922039e+00
1.138997748386528563e+00
1.176816860362303929e+00
1.218040644115931936e+00
1.260509152223662888e+00
1.302407957125212956e+00
1.343652429781589497e+00
1.385331969717225054e+00
1.427593173895996159e+00
1.461661210071133477e+00
1.477554121407153254e+00
1.474242751410753449e+00
1.453985683172343890e+00
1.420474047853315769e+00
1.378633623347806925e+00
1.331596838212677048e+00
1.281819712916595355e+00
1.232423239587609132e+00
1.184748789707524619e+00
1.139905783057869160e+00
1.099460120051400924e+00
1.063405303203610819e+00
1.031921277041971452e+00
1.005122086464879549e+00
9.821948179284464286e-01
9.627454044834048430e-01
9.462448829060776667e-01
9.319058253526036895e-01
9.194620924902440207e-01
9.084976824174015864e-01
8.985520331693985785e-01
8.896429957186047233e-01
8.815080879756188592e-01
8.739020970612698669e-01
8.670208635235139294e-01
8.608271269867692199e-01
8.553474414740559473e-01
8.508281982292448253e-01
8.473545932632129407e-01
8.451181276213981519e-01
8.443379046281637157e-01
8.451324397646048370e-01
8.477268413422306415e-01
8.521935424330300268e-01
8.585094651302948021e-01
8.667201456552869887e-01
8.766658153084785354e-01
8.880995865102693232e-01
9.007192430753204748e-01
9.140671945659677444e-01
9.277301905393974257e-01
9.412190674226009746e-01
9.540986688400165949e-01
9.662063309092570051e-01
9.774031824676474578e-01
9.877025511673057645e-01
9.970753500026303673e-01
1.005475731344437351e+00
1.013024579542941561e+00
1.019759244384459196e+00
1.025781367636548369e+00
1.031103942917862781e+00
1.035728297999550795e+00
1.039736767585414112e+00
1.043140897491115604e+00
1.046011961598925621e+00
1.048383336951724587e+00
1.050306743815437205e+00
1.051823307233317184e+00
1.052957177860714522e+00
1.053751162956357179e+00
1.054214173273608557e+00
1.054380972977507103e+00
1.054270281236108886e+00
1.053914128360017077e+00
1.053340896565138518e+00
1.052580872719483640e+00
1.051649077249708242e+00
1.050556301021459804e+00
1.049328713923279199e+00
1.047983902104898446e+00
1.046542486300215513e+00
1.045019183739329671e+00
1.043431782137862918e+00
1.041795109222491966e+00
1.040119338126817006e+00
1.038410199096103215e+00
1.036676695682809290e+00
1.034928697083673521e+00
1.033174319846224654e+00
1.031420898524725960e+00
1.029676375140895273e+00
1.027949479994776150e+00
1.026240416232143460e+00
1.024548364543477419e+00
1.022878309537894825e+00
1.021236474481000300e+00
1.019627336368924775e+00
1.018052738908793220e+00
1.016513587416551401e+00
1.015009481354115950e+00
1.013544071242026501e+00
1.012116242113547226e+00
1.010725611821950087e+00
1.009374924350111113e+00
1.008067498057080513e+00
1.006805131314698620e+00
1.005588766724286875e+00
1.004422113927060600e+00
1.003304747925974238e+00
1.002235194939929963e+00
1.001213123824380880e+00
1.000238120402088260e+00
9.993121323752665042e-01
9.984342355312811890e-01
9.976031442495615353e-01
9.968203139124243162e-01
9.960815911799281164e-01
9.953843672653962527e-01
9.947324748198062005e-01
9.941226658471018496e-01
9.935496331842933460e-01
9.930124649657621205e-01
9.925089609740922469e-01
9.920364420131962957e-01
9.915934159533235093e-01
9.911782908024481253e-01
9.907885781734101505e-01
9.904234158843466806e-01
9.900836666282180065e-01
9.897685555728713558e-01
9.894790606345819084e-01
9.892179711697717259e-01
9.889865625096632140e-01
9.887857598870410936e-01
9.886160824648667633e-01
9.884780145767794179e-01
9.883723303824535344e-01
9.882998021829562107e-01
9.882612725979795787e-01
9.882575188221669471e-01
9.882860521361891415e-01
9.883443339341848599e-01
9.884313583935957492e-01
9.885451984244292278e-01
9.886855653643816799e-01
9.888522067543469296e-01
9.890438104883533255e-01
9.892578897230609458e-01
9.894921033679171529e-01
9.897442521788061276e-01
9.900125604150754599e-01
9.902956009629375611e-01
9.905918603641712394e-01
9.909001290836928488e-01
9.912205159158651302e-01
9.915547572281654398e-01
9.919026088951320430e-01
9.922645078998502122e-01
9.926410453582745763e-01
9.930317422180678921e-01
9.934357467694513444e-01
9.938524303504194801e-01
9.942824056679936406e-01
9.947257432237236463e-01
9.951829837878348739e-01
9.956544038079571113e-01
9.961398916082854216e-01
9.966384570821390509e-01
9.971483912911517367e-01
9.976672928257442896e-01
9.981921289985606904e-01
9.987213341506971931e-01
9.992545392296356965e-01
9.997949051181820312e-01
1.000357620683789417e+00
1.000993145445092214e+00
1.001884052551415216e+00
1.003905441194834713e+00
1.005720474564020028e+00
1.008066120423200207e+00
1.011367632420979046e+00
9.827883514039315038e-01
