1.000000000000000000e+00
9.999653497189983087e-01
9.998470654011968328e-01
9.996396674637942903e-01
9.993645179737263851e-01
9.990794785070767903e-01
9.988922737086834980e-01
9.989776210436062120e-01
9.995968204030966087e-01
1.001117551388799098e+00
1.004028830795085980e+00
1.008953078539798875e+00
1.016643981830797294e+00
1.027987911301711854e+00
1.043988921091399069e+00
1.065718464193454729e+00
1.094248389419518519e+00
1.130283296510730118e+00
1.173758115488788389e+00
1.222931988919057300e+00
1.274065187819392264e+00
1.323504232078535070e+00
1.369151575407816956e+00
1.413591576735937272e+00
1.485713213069888017e+00
1.578921139032934740e+00
1.615233030005243764e+00
1.604570241301825684e+00
1.563689033770942149e+00
1.506305730034132706e+00
1.441535928574937842e+00
1.375235653817900916e+00
1.313227512796088403e+00
1.256462025793261272e+00
1.205201908940660482e+00
1.161427028031369213e+00
1.123775708758841141e+00
1.091204234716102173e+00
1.063493126738033867e+00
1.039225148732838999e+00
1.017715167508686180e+00
9.987084362210595367e-01
9.814396106821611232e-01
9.657635807770457159e-01
9.515470556856115980e-01
9.383604599635609889e-01
9.263260610671780748e-01
9.153169310458080243e-01
9.050460307948084981e-01
8.957390079561630136e-01
8.871812398757135121e-01
8.791037704471910130e-01
8.717440383291509276e-01
8.649879031588701972e-01
8.587665322458520878e-01
8.532781546931034189e-01
8.485033099011832780e-01
8.445780616471854074e-01
8.417062325134373468e-01
8.399989809585320932e-01
8.397719749676343381e-01
8.411908820836260237e-01
8.443682955255763511e-01
8.495933434766678172e-01
8.569690465409942615e-01
8.665809373207400412e-01
8.785095299903117327e-01
8.926479633395640878e-01
9.088302738709772566e-01
9.265613683762997654e-01
9.450692273619569761e-01
9.635886577011549825e-01
9.812833605159897443e-01
9.976502086016049153e-01
1.012408886418102227e+00
1.025457566619199845e+00
1.037029596068841153e+00
1.047259053586736322e+00
1.056355552015912913e+00
1.064367832038008332e+00
1.071308170391763959e+00
1.077314769919563986e+00
1.082408617617301783e+00
1.086705367343873574e+00
1.090256472917251918e+00
1.093142021621091198e+00
1.095423272519985725e+00
1.097132725612470772e+00
1.098333576608675255e+00
1.099032540030272953e+00
1.099279666414220147e+00
1.099098386870855038e+00
1.098534841410173879e+00
1.097629359300250407e+00
1.096426047541575466e+00
1.094943476445658703e+00
1.093193419363134966e+00
1.091214357595740037e+00
1.089030776388907107e+00
1.086673013453669956e+00
1.084161857495449022e+00
1.081524117033357602e+00
1.078782152178832554e+00
1.075950692056666380e+00
1.073036989132098773e+00
1.070054577170366006e+00
1.067019111196268577e+00
1.063943602096768526e+00
1.060840134767773391e+00
1.057722430049630846e+00
1.054606264807912419e+00
1.051491695581912023e+00
1.048376889818323665e+00
1.045271329649113845e+00
1.042187349072157820e+00
1.039134307760724019e+00
1.036116672925093241e+00
1.033137202515703734e+00
1.030196121056060621e+00
1.027302021424399081e+00
1.024453920765007631e+00
1.021652347873649891e+00
1.018904468078262182e+00
1.016218929039190311e+00
1.013601396221986972e+00
1.011055849250847238e+00
1.008592420384679222e+00
1.006212403590572846e+00
1.003914738573864485e+00
1.001700827124045734e+00
9.995718648010897267e-01
9.975343822731460586e-01
9.955884398488787923e-01
9.937331768793916664e-01
9.919739737599543306e-01
9.903031585587714902e-01
9.887164080183387105e-01
9.872244206049817228e-01
9.858212302938536009e-01
9.844957326720453761e-01
9.832470548093185103e-01
9.820711382215036034e-01
9.809626263450045291e-01
9.799188931348129517e-01
9.789369727022007028e-01
9.780116128216940208e-01
9.771414333904208105e-01
9.763292413664906855e-01
9.755737966963321517e-01
9.748781412802507429e-01
9.742498011949101144e-01
9.736925571187752260e-01
9.732092848404840790e-01
9.728017993152263676e-01
9.724717678576848545e-01
9.722215167042635997e-01
9.720532982280815082e-01
9.719694636798785758e-01
9.719721126303305647e-01
9.720550721590915932e-01
9.722119639880519859e-01
9.724401846178716280e-01
9.727347743809806602e-01
9.730948239980482528e-01
9.735194646955952491e-01
9.740051435106580335e-01
9.745453681248625877e-01
9.751340180978461669e-01
9.757653456167939554e-01
9.764346756640412961e-01
9.771382170130873401e-01
9.778719908329863708e-01
9.786327925041913289e-01
9.794206562195043597e-01
9.802395583902849818e-01
9.810886214960673479e-01
9.819686096626677463e-01
9.828806359104163004e-01
9.838232216991225076e-01
9.847940081793518097e-01
9.857911920322670607e-01
9.868159303587969999e-01
9.878680761506770658e-01
9.889485828726205519e-01
9.900577634382361492e-01
9.911950145601307050e-01
9.923576993258126366e-01
9.935415631050718011e-01
9.947408367023997666e-01
9.959484215188763034e-01
9.971607282258561078e-01
9.983770290954105953e-01
9.996047758423095564e-01
1.000878849026404005e+00
1.002314009069107836e+00
1.004322694102119273e+00
1.008862024807459123e+00
1.012994393664948589e+00
1.011999068617754904e+00
1.013528671786973812e+00
9.797346760220621009e-01
