1.000000000000000000e+00
9.999756477701338131e-01
9.998926245512963495e-01
9.997479163973967964e-01
9.995579369355704902e-01
9.993647096150071185e-01
9.992445362967136147e-01
9.993195531212628602e-01
9.997719383279680683e-01
1.000859931211111498e+00
1.002932532911439134e+00
1.006443019347341483e+00
1.011951961187952831e+00
1.020128677444612997e+00
1.031738613216210299e+00
1.047610190332646241e+00
1.068606169236172354e+00
1.095450877191719963e+00
1.128598557330966479e+00
1.167786528604754404e+00
1.211604334050013332e+00
1.257872970152038583e+00
1.303856493110378434e+00
1.348191680320762975e+00
1.393064616194709338e+00
1.443046472948461334e+00
1.492010366620365236e+00
1.520341160906740319e+00
1.522198230105983097e+00
1.502304084999716460e+00
1.466092357207777752e+00
1.418721272557498247e+00
1.365962870837741594e+00
1.310949657974878946e+00
1.255928342764555339e+00
1.204172425649995049e+00
1.156563780242529038e+00
1.113800700918889941e+00
1.077066638603881854e+00
1.045607609148571759e+00
1.018957169775799976e+00
9.966748702129099025e-01
9.776206997878619243e-01
9.612447109740585027e-01
9.470296596677313383e-01
9.342759644957384646e-01
9.228462842152695966e-01
9.124569088501162106e-01
9.027481544429664106e-01
8.938480946354455670e-01
8.855487637072286811e-01
8.776248723273060159e-01
8.703146695030452573e-01
8.635748842877674081e-01
8.574181102547800970e-01
8.520986886545958150e-01
8.476870371251217229e-01
8.443822344973320737e-01
8.424266601443375357e-01
8.419635097175920402e-01
8.432780681790978949e-01
8.465006651970330420e-01
8.516800839772791232e-01
8.589692225348217747e-01
8.683170149429420004e-01
8.795961345076445115e-01
8.926143873513850968e-01
9.069695369553177899e-01
9.222169869603802361e-01
9.377221336390252349e-01
9.528270063141318635e-01
9.671639007198743476e-01
9.804548657451348515e-01
9.926595241514923895e-01
1.003733391607317893e+00
1.013626631526430399e+00
1.022490476624430933e+00
1.030379884528668910e+00
1.037422944186420004e+00
1.043637925319338189e+00
1.049026233680197873e+00
1.053687643530734075e+00
1.057635470812514633e+00
1.060955653052942704e+00
1.063687423428548939e+00
1.065892284976623472e+00
1.067618514824366649e+00
1.068893412147895905e+00
1.069767265302084880e+00
1.070248578977779141e+00
1.070377891089035138e+00
1.070176013034160656e+00
1.069680391158885913e+00
1.068924094168343109e+00
1.067942748934833874e+00
1.066753125238993016e+00
1.065366858923244120e+00
1.063814924860310374e+00
1.062117794041101071e+00
1.060299924021699924e+00
1.058378566919721431e+00
1.056375022206243797e+00
1.054307064056937637e+00
1.052186752995357910e+00
1.050020648577221882e+00
1.047819575110348511e+00
1.045595599736825365e+00
1.043358691647319203e+00
1.041117943850680350e+00
1.038883346654000395e+00
1.036666032270109561e+00
1.034466229671440418e+00
1.032282864273960099e+00
1.030122415672512615e+00
1.027993062610662367e+00
1.025900795701922608e+00
1.023848225064146744e+00
1.021836760494059693e+00
1.019866112836573802e+00
1.017941344288541439e+00
1.016061261829478424e+00
1.014225636115166695e+00
1.012438395093866239e+00
1.010704269790222432e+00
1.009026001404974116e+00
1.007405205789147606e+00
1.005847219364958134e+00
1.004351855815615258e+00
1.002917504233405088e+00
1.001544073197138340e+00
1.000231348774081264e+00
9.989823041910381729e-01
9.977960241336705227e-01
9.966710826642029009e-01
9.956097621319388580e-01
9.946066985465182864e-01
9.936585924455771934e-01
9.927709195784248930e-01
9.919394798241031319e-01
9.911572167664669530e-01
9.904230597347046805e-01
9.897341551104440471e-01
9.890869700966277156e-01
9.884795834814368298e-01
9.879099224015633895e-01
9.873746649921382179e-01
9.868727161224801758e-01
9.864053531520167173e-01
9.859715902904160334e-01
9.855728563306448420e-01
9.852130831492927898e-01
9.848941099280763556e-01
9.846172867858902222e-01
9.843833953639330447e-01
9.841931613377782329e-01
9.840477036372947683e-01
9.839481300765205996e-01
9.838956364825836021e-01
9.838913173517241928e-01
9.839317298466311312e-01
9.840133520871353623e-01
9.841347785286473915e-01
9.842933208436998038e-01
9.844885548116779628e-01
9.847201001715730762e-01
9.849861042030910729e-01
9.852830861448935718e-01
9.856077677473612519e-01
9.859570691588218638e-01
9.863284986688694023e-01
9.867200487788865271e-01
9.871295955815313494e-01
9.875554377764865777e-01
9.879976932528089506e-01
9.884587188020258486e-01
9.889381390513445336e-01
9.894365142743900554e-01
9.899546132747939486e-01
9.904917321806996355e-01
9.910466568261739884e-01
9.916184814020299054e-01
9.922080014063651143e-01
9.928152669568482969e-01
9.934409693892554127e-01
9.940854354398244164e-01
9.947484599042316633e-01
9.954286401046480437e-01
9.961235990642786087e-01
9.968300264427106816e-01
9.975437665039605939e-01
9.982626696842443748e-01
9.989862150962820486e-01
9.997186606674030029e-01
1.000480513200438404e+00
1.001339850859616520e+00
1.002542731424854283e+00
1.005265959444746837e+00
1.007718587852089343e+00
1.009439249856383558e+00
1.012520090833233688e+00
9.810387677673526596e-01
