1.000000000000000000e+00
9.999873776204390996e-01
9.999444694467627404e-01
9.998703882572488322e-01
9.997747881647184309e-01
9.996806913386421245e-01
9.996283978639859402e-01
9.996807646990214513e-01
9.999300178909874548e-01
1.000506138728857630e+00
1.001585911430008080e+00
1.003402719992582348e+00
1.006252673817111143e+00
1.010499396100579483e+00
1.016570960509173727e+00
1.024946175684923633e+00
1.036143053706750639e+00
1.050656312516307533e+00
1.068928890978571467e+00
1.091217145133139832e+00
1.117447022445481553e+00
1.147244395852704324e+00
1.179640463784457749e+00
1.213380888034532257e+00
1.247452134393953527e+00
1.280940173413617433e+00
1.313662156245384516e+00
1.344612760097486648e+00
1.370008767657401094e+00
1.385981580207662933e+00
1.389759860322160590e+00
1.381161082010978314e+00
1.362448077442892203e+00
1.335646986676307879e+00
1.302806787559788848e+00
1.266435290636881872e+00
1.228028279186475391e+00
1.188870974974065575e+00
1.150445897091140868e+00
1.113349620130340112e+00
1.078232941559782887e+00
1.045771702843646844e+00
1.015960381412891689e+00
9.890629011125124936e-01
9.651453341249977003e-01
9.438792938894737805e-01
9.253082653947846126e-01
9.091828268740361763e-01
8.951256552005296685e-01
8.831473584697864254e-01
8.729467514163329334e-01
8.642425532311271974e-01
8.571221855934015865e-01
8.514711028057463382e-01
8.472335310559132582e-01
8.445212443787668555e-01
8.433170985215256987e-01
8.436750097697246487e-01
8.456574062155775007e-01
8.492353579326346047e-01
8.544404840645937194e-01
8.611717626441020013e-01
8.692325888836952563e-01
8.784702345280737124e-01
8.885803005748443839e-01
8.992308606355586820e-01
9.101277532274950621e-01
9.209538794641569659e-01
9.315246568773625224e-01
9.416364987312545454e-01
9.511205958181342401e-01
9.599710248743228425e-01
9.681429227558523420e-01
9.756709790490786238e-01
9.825435741050873029e-01
9.887347877231170701e-01
9.943267575556370419e-01
9.993427292041150434e-01
1.003849605867577433e+00
1.007858812233864754e+00
1.011375890904246067e+00
1.014456663549443860e+00
1.017112287248963964e+00
1.019390964856390802e+00
1.021317295227987865e+00
1.022927076026030946e+00
1.024249491839099191e+00
1.025303229062693777e+00
1.026118121147115980e+00
1.026703236189691060e+00
1.027083034341585099e+00
1.027272035894326363e+00
1.027292487056248982e+00
1.027164177934419609e+00
1.026907752052154787e+00
1.026534548352436182e+00
1.026053194725185858e+00
1.025481195510012711e+00
1.024830726651414059e+00
1.024115522522220711e+00
1.023345636110158052e+00
1.022532706550117743e+00
1.021686444123720561e+00
1.020813694752721323e+00
1.019918610094900924e+00
1.019007102934673448e+00
1.018085445899086894e+00
1.017158786794742031e+00
1.016231718556605435e+00
1.015309074688078406e+00
1.014396028030478014e+00
1.013492896661613907e+00
1.012599401230668716e+00
1.011718456205072725e+00
1.010853595072883415e+00
1.010007324881600832e+00
1.009180661193038286e+00
1.008374081746441053e+00
1.007587336182784954e+00
1.006822362554650629e+00
1.006078491413174847e+00
1.005355448772308868e+00
1.004654634991556605e+00
1.003977734861220217e+00
1.003325598630088855e+00
1.002698609115469264e+00
1.002098611840671394e+00
1.001525245262160579e+00
1.000977599589967681e+00
1.000455377330492723e+00
9.999582416959394982e-01
9.994870991475147681e-01
9.990413493167569214e-01
9.986202118875190381e-01
9.982243447068389619e-01
9.978514882675468822e-01
9.975002047154033491e-01
9.971724077722372570e-01
9.968663387971452572e-01
9.965791899978844182e-01
9.963104408094026754e-01
9.960589116852932579e-01
9.958231847344377607e-01
9.956024610916022199e-01
9.953958957614553738e-01
9.952021886449056165e-01
9.950208795449128063e-01
9.948523944716897160e-01
9.946963208077074237e-01
9.945531448988854661e-01
9.944242788501772567e-01
9.943103595264474182e-01
9.942118461036233423e-01
9.941289923570434395e-01
9.940620368041288568e-01
9.940113685365961071e-01
9.939773785807557438e-01
9.939604970947180096e-01
9.939611247084989554e-01
9.939780012486609806e-01
9.940098447908836121e-01
9.940561576265437571e-01
9.941159744871050918e-01
9.941891676257588184e-01
9.942756299442346846e-01
9.943747154901478869e-01
9.944851792182933803e-01
9.946058499095201677e-01
9.947356276441851053e-01
9.948736276270873091e-01
9.950191420935685649e-01
9.951714176835037007e-01
9.953298551443235942e-01
9.954945302847126865e-01
9.956663553710830561e-01
9.958452277707303679e-01
9.960313954072603781e-01
9.962251868476856842e-01
9.964263807308925136e-01
9.966345631188278098e-01
9.968494341069545905e-01
9.970713347822421913e-01
9.973003275797199807e-01
9.975367196415937387e-01
9.977806835056376444e-01
9.980321927044466523e-01
9.982907666543436864e-01
9.985555525140774602e-01
9.988253391852365271e-01
9.990985917724582999e-01
9.993745550020941559e-01
9.996531367655889788e-01
9.999361815013522170e-01
1.000232064893887829e+00
1.000568346868580871e+00
1.001044526610363139e+00
1.002138148179763100e+00
1.003117327267352588e+00
1.005660451648199727e+00
1.008674449206366841e+00
9.869358320845945665e-01
