1.000000000000000000e+00
9.999969757109760105e-01
9.999867839729688068e-01
9.999695683165396032e-01
9.999482906981314034e-01
9.999293665246024032e-01
9.999234872857392098e-01
9.999466696108754160e-01
1.000021564586839773e+00
1.000179069962237710e+00
1.000460173300017352e+00
1.000918152494436164e+00
1.001620527446108744e+00
1.002651196367345454e+00
1.004111616731399481e+00
1.006120351805471991e+00
1.008812901905806303e+00
1.012333013976253193e+00
1.016830058871189602e+00
1.022439924601679540e+00
1.029265845263694246e+00
1.037383891789826151e+00
1.046781493247247896e+00
1.057367092348035387e+00
1.068983299348629457e+00
1.081329822950413799e+00
1.094082212916932972e+00
1.106836339427067273e+00
1.119048828885292446e+00
1.130284183007688403e+00
1.139880433571365703e+00
1.147069345138533425e+00
1.151455950620420943e+00
1.152540600235603785e+00
1.150114380248913326e+00
1.144504140740094211e+00
1.135979319411700716e+00
1.124986522852600368e+00
1.112164376917794240e+00
1.097966359227363631e+00
1.082888072377103938e+00
1.067436209418935134e+00
1.051936044380675117e+00
1.036756542728942909e+00
1.022206510510383248e+00
1.008462237877517431e+00
9.957713006448946080e-01
9.842767837986653445e-01
9.740348468058050990e-01
9.651875846430763017e-01
9.577320118734898857e-01
9.516111395591299038e-01
9.468589019062811918e-01
9.433872208019816741e-01
9.410875597062330344e-01
9.398940923164424976e-01
9.396611394620585367e-01
9.402647582125590597e-01
9.415876268916377745e-01
9.434771953539374811e-01
9.458424405726048034e-01
9.485577539303333694e-01
9.514929670480536394e-01
9.545934121999328781e-01
9.577647977688101832e-01
9.609390397659260952e-01
9.640804300476478739e-01
9.671371632472650637e-01
9.701012730693602260e-01
9.729386224197548172e-01
9.756189527198159128e-01
9.781509189255024328e-01
9.805207936846002115e-01
9.827362521457601030e-01
9.847921541482250740e-01
9.866815251738579873e-01
9.884210751135581452e-01
9.900135182522541433e-01
9.914722549328479628e-01
9.927999372590187166e-01
9.939989320763532588e-01
9.950814695420124867e-01
9.960510475988204604e-01
9.969184684642923289e-01
9.976900424288607239e-01
9.983742716868393430e-01
9.989784237363871222e-01
9.995078338486065306e-01
9.999698347426388967e-01
1.000367904817844655e+00
1.000708229059118493e+00
1.000995084446522521e+00
1.001234024070014605e+00
1.001430046139068830e+00
1.001588191979056353e+00
1.001711763552406653e+00
1.001803493797309264e+00
1.001867566573189983e+00
1.001907128952342463e+00
1.001925505164410923e+00
1.001925292916980625e+00
1.001909279146362630e+00
1.001879839714081788e+00
1.001838792285643542e+00
1.001787436722107572e+00
1.001727314293446636e+00
1.001659970401108879e+00
1.001586710428695071e+00
1.001508701060796813e+00
1.001427106606883166e+00
1.001343107532216559e+00
1.001257051460412884e+00
1.001169164299895220e+00
1.001080170275347792e+00
1.000990867107903082e+00
1.000901861225471201e+00
1.000813497582331957e+00
1.000726018251520300e+00
1.000639534323141344e+00
1.000554494155053487e+00
1.000470916475626471e+00
1.000388873666883116e+00
1.000308693873760646e+00
1.000230739033686422e+00
1.000155229336471940e+00
1.000082303343805101e+00
1.000012321856037278e+00
9.999452926587211188e-01
9.998811335999796546e-01
9.998198543410089512e-01
9.997614544631343581e-01
9.997061227189202315e-01
9.996538102218642807e-01
9.996044377861874608e-01
9.995581459255797885e-01
9.995146226884495944e-01
9.994736819963270236e-01
9.994356512950752780e-01
9.994002911972775793e-01
9.993672010467742339e-01
9.993363302640092538e-01
9.993075260052853848e-01
9.992805980392019949e-01
9.992554497739865038e-01
9.992319764638768476e-01
9.992100029888053569e-01
9.991894812959660754e-01
9.991704970301126254e-01
9.991530069422984717e-01
9.991371034202799484e-01
9.991230182543552329e-01
9.991108642501922432e-01
9.991007263632828428e-01
9.990926576585612562e-01
9.990867082899338447e-01
9.990829507255371000e-01
9.990814572803559113e-01
9.990823058510539534e-01
9.990855696254026252e-01
9.990910699431775344e-01
9.990986246790444225e-01
9.991081703196610375e-01
9.991195722072470087e-01
9.991328223814915921e-01
9.991479158080560641e-01
9.991647655203522715e-01
9.991831933327683934e-01
9.992030318147016033e-01
9.992241238654673285e-01
9.992463445602079997e-01
9.992695954059843677e-01
9.992937705151918593e-01
9.993187869741495533e-01
9.993446642640325672e-01
9.993715491912976701e-01
9.993994338921752263e-01
9.994283638158103500e-01
9.994583966860135504e-01
9.994895061849012885e-01
9.995216363487710032e-01
9.995547484274415195e-01
9.995889017651057307e-01
9.996241132724643652e-01
9.996604377877945646e-01
9.996979102716542220e-01
9.997365363241564884e-01
9.997762536086242102e-01
9.998169455462959654e-01
9.998584456891480565e-01
9.999005473985455028e-01
9.999431832645708784e-01
9.999864272195928550e-01
1.000030738322772450e+00
1.000077798891988445e+00
1.000132885319053422e+00
1.000214748928254238e+00
1.000413030425686411e+00
1.000590495012499526e+00
1.001629043115466411e+00
1.002743464929265471e+00
9.959448511413802052e-01
