1.000000000000000000e+00
9.999936335989514369e-01
9.999720814652381939e-01
9.999352713720741637e-01
9.998887457893969044e-01
9.998450073345326317e-01
9.998253184362448920e-01
9.998620736109734564e-01
1.000001844141315654e+00
1.000309194291110204e+00
1.000871042006163281e+00
1.001801762692535069e+00
1.003247369318251092e+00
1.005389633176023034e+00
1.008447198998625005e+00
1.012672051924796479e+00
1.018346187225839694e+00
1.025757337634077393e+00
1.035189363351316061e+00
1.046872455532602997e+00
1.060932710765251974e+00
1.077403735867169976e+00
1.096082697743363754e+00
1.116576478655712190e+00
1.138389313439700734e+00
1.160803216159370432e+00
1.183225786458624640e+00
1.205027150278225712e+00
1.225211460194807866e+00
1.242821251109040404e+00
1.256127415192328733e+00
1.263435849875253369e+00
1.264305081705394684e+00
1.258567910697714787e+00
1.246749610926830565e+00
1.230099300637151449e+00
1.209566351995959854e+00
1.186126383785928606e+00
1.160876670162863000e+00
1.134497188439416160e+00
1.107658902435759041e+00
1.081021244024916506e+00
1.054921449439370607e+00
1.029793137569069428e+00
1.005983445033513002e+00
9.836319901948150646e-01
9.630543140603348151e-01
9.444019394457342509e-01
9.277140128762368931e-01
9.132153486906510187e-01
9.008934848217311497e-01
8.906848360529594499e-01
8.826883576487974947e-01
8.768190066025596252e-01
8.729740249224231530e-01
8.711060735793145771e-01
8.710500227118362915e-01
8.726542543827120468e-01
8.757537539146462713e-01
8.801170040051814469e-01
8.855603405307346243e-01
8.918361787703134036e-01
8.986728562598550463e-01
9.058915699564979995e-01
9.132712554259652116e-01
9.206336667159501497e-01
9.278677638396639615e-01
9.348566606605054341e-01
9.415662956505755909e-01
9.479276831078858878e-01
9.538795972194576978e-01
9.594423336435325966e-01
9.645981343601127689e-01
9.693710026390637280e-01
9.737579312710670232e-01
9.777499279579057179e-01
9.813905868269864330e-01
9.846925829844770384e-01
9.876908716733731053e-01
9.903946538306818148e-01
9.928111954623393132e-01
9.949704582042249168e-01
9.968816189270026662e-01
9.985705574448119348e-01
1.000052261156486821e+00
1.001346586250623449e+00
1.002470239681587438e+00
1.003435116265383842e+00
1.004257791155442003e+00
1.004945522806176772e+00
1.005512056903020701e+00
1.005966565692975268e+00
1.006321329866890713e+00
1.006587334308648884e+00
1.006775710020860304e+00
1.006893414005284759e+00
1.006946073570573086e+00
1.006942912009944457e+00
1.006890703071882109e+00
1.006796716753168841e+00
1.006666516115365839e+00
1.006506189131011197e+00
1.006320880402361562e+00
1.006114423410266578e+00
1.005889433073188455e+00
1.005649165041965665e+00
1.005396933394537617e+00
1.005135506448686211e+00
1.004867351483817117e+00
1.004594967387928861e+00
1.004320927989484469e+00
1.004045780840860935e+00
1.003769796784181656e+00
1.003494503447792452e+00
1.003221635834094849e+00
1.002952477678925147e+00
1.002687683571578114e+00
1.002427669227912599e+00
1.002172539767591575e+00
1.001923252859998836e+00
1.001679710551087288e+00
1.001441959164101725e+00
1.001210693196093127e+00
1.000986702558599450e+00
1.000770433443752605e+00
1.000562136725315465e+00
1.000362626468448646e+00
1.000171841647497839e+00
9.999895016902965450e-01
9.998155607501443276e-01
9.996499526637709909e-01
9.994930899134775171e-01
9.993447939084024734e-01
9.992048135396923714e-01
9.990734521812030255e-01
9.989498808973046318e-01
9.988335887727834983e-01
9.987253572045579064e-01
9.986245466453753661e-01
9.985301137541685579e-01
9.984418965836995286e-01
9.983594780359589249e-01
9.982823485929727125e-01
9.982102358035065404e-01
9.981428482698221361e-01
9.980797189235712796e-01
9.980207018506570549e-01
9.979659891747930667e-01
9.979154499435394232e-01
9.978692960250106214e-01
9.978280917270414552e-01
9.977921029313518986e-01
9.977615263813729429e-01
9.977364793733353165e-01
9.977170726607061946e-01
9.977034739386426709e-01
9.976958511582882938e-01
9.976943868918154434e-01
9.976992522994658774e-01
9.977099842626817594e-01
9.977261113291590044e-01
9.977474613708496864e-01
9.977736834096103680e-01
9.978047461179767597e-01
9.978406258802754447e-01
9.978810929841334110e-01
9.979256883156980562e-01
9.979739803218974359e-01
9.980255639557361613e-01
9.980801156813593478e-01
9.981373789691222465e-01
9.981970791058322190e-01
9.982589996438288038e-01
9.983231822109288611e-01
9.983899890066341154e-01
9.984593931552154800e-01
9.985315020888400062e-01
9.986064542192577553e-01
9.986841767298101358e-01
9.987645224755632434e-01
9.988473877868088158e-01
9.989329155703536856e-01
9.990211419391881176e-01
9.991121979531328856e-01
9.992061640845262271e-01
9.993030459920153596e-01
9.994026770173849439e-01
9.995047514220988250e-01
9.996088331769653612e-01
9.997143760342787067e-01
9.998211648386304828e-01
9.999293020457731274e-01
1.000039774876113619e+00
1.000156436926679548e+00
1.000291564479133921e+00
1.000489018507752181e+00
1.000958769922173364e+00
1.001379138507452415e+00
1.003183484234307921e+00
1.005177563411086883e+00
9.922889007192428057e-01
