1.000000000000000000e+00
9.999744206592920959e-01
9.998871983037803668e-01
9.997350587409928879e-01
9.995350625552512636e-01
9.993311774508942813e-01
9.992034880321676305e-01
9.992804296621378146e-01
9.997537212823789377e-01
1.000895012889653879e+00
1.003070864991280287e+00
1.006756289560092554e+00
1.012537175586929905e+00
1.021111472550772170e+00
1.033275936216316193e+00
1.049891149247358157e+00
1.071850289258514222e+00
1.099889952639407475e+00
1.134438166391183112e+00
1.175120196332097411e+00
1.220300789923048024e+00
1.267568343098693262e+00
1.314104396428436905e+00
1.358805804398417916e+00
1.404854302980152569e+00
1.458084426578360793e+00
1.508300792400938617e+00
1.533768949796788572e+00
1.531168579204097657e+00
1.506705588524650530e+00
1.466478748911292040e+00
1.415894346228164569e+00
1.360866979439398827e+00
1.304451514451826499e+00
1.248782818926476468e+00
1.197132395010388928e+00
1.150199622447547032e+00
1.108517258985744158e+00
1.073079286088638673e+00
1.042915927608571991e+00
1.017403705396785707e+00
9.960203025668534771e-01
9.776180473169830965e-01
9.616705820604424249e-01
9.477060616908176138e-01
9.350688420902220077e-01
9.236666398757565899e-01
9.132505175185913204e-01
9.034828610803050664e-01
8.945152960730633485e-01
8.861468350637768943e-01
8.781510865680521860e-01
8.707706300961072232e-01
8.639545293288286576e-01
8.577057885786709690e-01
8.522738442719436369e-01
8.477191012516803736e-01
8.442359413127871193e-01
8.420663564381503097e-01
8.413543119049593511e-01
8.423952582070272088e-01
8.453300078063139544e-01
8.502219188596856769e-01
8.572483333108397163e-01
8.663846621690372007e-01
8.775363583794518751e-01
8.905476011182352769e-01
9.050466188082618713e-01
9.206029849293707601e-01
9.365642732710494078e-01
9.522204428641379836e-01
9.671383609151616989e-01
9.809864723646940510e-01
9.936983471344716934e-01
1.005221876243524992e+00
1.015506901215432745e+00
1.024713715051955631e+00
1.032903388474239348e+00
1.040211719392836631e+00
1.046659022125074889e+00
1.052247109060473251e+00
1.057080362610326230e+00
1.061172729965840666e+00
1.064613935518703647e+00
1.067444741487024062e+00
1.069729123411330418e+00
1.071517136758763256e+00
1.072836836972623997e+00
1.073740339831804613e+00
1.074235992773130866e+00
1.074365720742544994e+00
1.074150794091979444e+00
1.073629949964300279e+00
1.072837361617771545e+00
1.071809926623632947e+00
1.070564781707312951e+00
1.069113703337807975e+00
1.067488806801787371e+00
1.065711224916596755e+00
1.063806323378634566e+00
1.061791939291568010e+00
1.059690212643441543e+00
1.057519623061495828e+00
1.055292672842237378e+00
1.053016096744258556e+00
1.050701153915556407e+00
1.048360450995738713e+00
1.046004414784614367e+00
1.043642578643903418e+00
1.041285456316217939e+00
1.038944805035579177e+00
1.036620859825361674e+00
1.034312478418267123e+00
1.032026538574716268e+00
1.029771746917892639e+00
1.027554511353007349e+00
1.025377664296643454e+00
1.023242770160829762e+00
1.021149589937939695e+00
1.019103590764865785e+00
1.017103582781284432e+00
1.015149402892661978e+00
1.013245329774608239e+00
1.011396512784531465e+00
1.009605986196828287e+00
1.007875587016753505e+00
1.006211140644617696e+00
1.004612566177553568e+00
1.003078252504617129e+00
1.001608212647441487e+00
1.000202325815235715e+00
9.988638914593362950e-01
9.975920338751321781e-01
9.963853229774516373e-01
9.952463108617115584e-01
9.941693218627865036e-01
9.931508893160431173e-01
9.921969882207695157e-01
9.913031741279699771e-01
9.904619132494324463e-01
9.896721113790150071e-01
9.889307471668272731e-01
9.882340599526483471e-01
9.875800212179987048e-01
9.869664342227134624e-01
9.863897493272496542e-01
9.858488163245833213e-01
9.853450450030960539e-01
9.848773996256369179e-01
9.844474510871360495e-01
9.840594749764166593e-01
9.837154854435250506e-01
9.834169664182986770e-01
9.831647850954047252e-01
9.829597455502994130e-01
9.828030743240135925e-01
9.826959830337124169e-01
9.826397752701543364e-01
9.826356414041510501e-01
9.826798608528649615e-01
9.827686242029043395e-01
9.829004081860130970e-01
9.830723001583747678e-01
9.832838338903513442e-01
9.835345885893197471e-01
9.838225496837352813e-01
9.841439419001096756e-01
9.844952091787523285e-01
9.848730106608909463e-01
9.852746419892147722e-01
9.856979228521195457e-01
9.861405481538454421e-01
9.866006703303111802e-01
9.870784066292248582e-01
9.875762900675071343e-01
9.880939031007628381e-01
9.886318373406270954e-01
9.891909082741491277e-01
9.897703422553911778e-01
9.903688158703060074e-01
9.909853389865248552e-01
9.916207551331756020e-01
9.922751038339471252e-01
9.929491147154403397e-01
9.936431238373389929e-01
9.943568941678642137e-01
9.950889005077734328e-01
9.958365716071417850e-01
9.965963360860856657e-01
9.973637190071472647e-01
9.981364081103557551e-01
9.989138466267653005e-01
9.997006172760222187e-01
1.000518758778860873e+00
1.001441389932245851e+00
1.002732666232645453e+00
1.005655045337933151e+00
1.008289574760121488e+00
1.009782318843566840e+00
1.012754825863632524e+00
9.806903226049663580e-01
