1.000000000000000000e+00
9.999581740735430380e-01
9.998151390601766053e-01
9.995627532673562188e-01
9.992240908774014940e-01
9.988656632021848392e-01
9.986140385507205064e-01
9.986763074140255769e-01
9.993618629951158683e-01
1.001102087570816090e+00
1.004462192413793753e+00
1.010150089745095903e+00
1.019010954262528967e+00
1.032031091553088142e+00
1.050320579898333495e+00
1.075033093286463792e+00
1.107209980456457021e+00
1.147127576980696118e+00
1.193556376070047165e+00
1.242874087672771521e+00
1.290148549752940355e+00
1.332805325071319436e+00
1.368658723925232135e+00
1.416420012987470889e+00
1.622965051746016796e+00
1.691172226889999131e+00
1.677802520933394659e+00
1.621573255049475470e+00
1.544132488287577987e+00
1.461151484724985794e+00
1.388988248689753568e+00
1.328730878088240530e+00
1.278237539645651122e+00
1.233243193213239275e+00
1.192025186883139520e+00
1.155529692761912530e+00
1.122604202493725722e+00
1.092662605028455802e+00
1.066075590618152491e+00
1.042000324090232688e+00
1.020168877340472680e+00
1.000635329957231923e+00
9.827878436676394935e-01
9.665897470296783700e-01
9.519567765419436611e-01
9.384513069398818796e-01
9.262073264818615481e-01
9.150818973716458027e-01
9.047607425250252522e-01
8.954743203928370310e-01
8.869876027706801169e-01
8.790102577853838861e-01
8.717860858377599609e-01
8.651857027477612982e-01
8.591231398061506264e-01
8.537881129672914016e-01
8.491344910082553321e-01
8.452735863049098963e-01
8.423841442151392966e-01
8.405445267866795689e-01
8.400528445995295579e-01
8.410522201212008442e-01
8.436369273306828509e-01
8.481041847213014462e-01
8.545671475525957739e-01
8.631448991444565788e-01
8.739851554427321423e-01
8.870822184629838514e-01
9.024282277088321313e-01
9.197300578034705021e-01
9.384399010195514368e-01
9.579563054002196987e-01
9.774062446884471678e-01
9.959886645318607457e-01
1.012995431271655367e+00
1.028004470079965316e+00
1.041165761093927111e+00
1.052672343896053908e+00
1.062829789050625751e+00
1.071746427375361854e+00
1.079463993213993112e+00
1.086150544938685014e+00
1.091837246243954729e+00
1.096656918295406458e+00
1.100668366948509114e+00
1.103960841181975239e+00
1.106601436233802582e+00
1.108624571496892086e+00
1.110098613066119011e+00
1.111028721124220908e+00
1.111468404395021814e+00
1.111441381780731374e+00
1.110996711902486833e+00
1.110176893162671874e+00
1.109028702572675940e+00
1.107570375629497894e+00
1.105812609074393382e+00
1.103796014899902422e+00
1.101545670582086522e+00
1.099093344065756650e+00
1.096460233365362580e+00
1.093674488627290664e+00
1.090759460174508311e+00
1.087730027387072251e+00
1.084592680393925646e+00
1.081361163851251028e+00
1.078051830974826153e+00
1.074678196881811099e+00
1.071252904946220497e+00
1.067790705874903212e+00
1.064309022609269739e+00
1.060807082002751978e+00
1.057281874226418950e+00
1.053743794804059997e+00
1.050206885928158362e+00
1.046681928274121542e+00
1.043174047205556620e+00
1.039686425952507376e+00
1.036219250013043602e+00
1.032783051648417771e+00
1.029376775562525825e+00
1.026001262118238611e+00
1.022665747862912644e+00
1.019381625864048235e+00
1.016156829441859921e+00
1.012997379870980375e+00
1.009917433092455630e+00
1.006920063771099105e+00
1.004005365798450233e+00
1.001176691122226403e+00
9.984372216303980530e-01
9.957973425595506578e-01
9.932590097339009105e-01
9.908229631337045484e-01
9.884984083198778970e-01
9.862768858807013928e-01
9.841543008722235530e-01
9.821471857908792291e-01
9.802492108994119713e-01
9.784466578095621925e-01
9.767398291671557375e-01
9.751244898661992622e-01
9.735944298694576560e-01
9.721471592292674213e-01
9.707796096651487572e-01
9.694853372656041524e-01
9.682633292238516098e-01
9.671185640103970860e-01
9.660501824837692819e-01
9.650634886647689870e-01
9.641703320491715745e-01
9.633771481403876624e-01
9.626890163329264727e-01
9.621093994566616292e-01
9.616414561254639226e-01
9.612892127206866810e-01
9.610564758122294160e-01
9.609470690293675510e-01
9.609642955969537326e-01
9.610991182775305841e-01
9.613420621653074871e-01
9.616891031071760354e-01
9.621326686015093665e-01
9.626710632186069594e-01
9.633025718086379863e-01
9.640214864088271218e-01
9.648177909271224983e-01
9.656820426943617530e-01
9.666053912955762106e-01
9.675805991074908352e-01
9.686017596679724617e-01
9.696627504533983366e-01
9.707586201992574049e-01
9.718890880805283183e-01
9.730594647865191682e-01
9.742681103249287711e-01
9.755157095514855881e-01
9.768034173623668659e-01
9.781287357661895276e-01
9.794879696219885856e-01
9.808782472529257168e-01
9.823008322188746533e-01
9.837551710713169362e-01
9.852422272205854092e-01
9.867620743629865743e-01
9.883135414048175305e-01
9.898927290880751295e-01
9.914936343816200814e-01
9.931083440689446595e-01
9.947273391563562495e-01
9.963460028456886386e-01
9.979637253797001284e-01
9.995910050860139506e-01
1.001274991406935655e+00
1.003168898880945958e+00
1.005819320197159250e+00
1.011795053300163172e+00
1.017310112696121038e+00
1.013202651546786015e+00
1.012678623301699998e+00
9.815891404621897021e-01
