1.000000000000000000e+00
9.999597747081205856e-01
9.998223066729147179e-01
9.995802281563920255e-01
9.992565717516591617e-01
9.989164389216359519e-01
9.986829318888367224e-01
9.987569645145248920e-01
9.994387342344612790e-01
1.001147711990135747e+00
1.004435493336061525e+00
1.009995612665569586e+00
1.018658959121788943e+00
1.031397343779462572e+00
1.049307905180826950e+00
1.073543850356738938e+00
1.105189221676897038e+00
1.144688936061230011e+00
1.191182375786281611e+00
1.241500076465401170e+00
1.290758041268795342e+00
1.335849571074605668e+00
1.375242039319850340e+00
1.419685492592563048e+00
1.576874310763470177e+00
1.663016586590659873e+00
1.666058393426328665e+00
1.621996074700257529e+00
1.553848905490054610e+00
1.477082038085453686e+00
1.404316178119067837e+00
1.339731601365711677e+00
1.284899422572143068e+00
1.236659111377395481e+00
1.193304736940330235e+00
1.155620591711064016e+00
1.122127998847036512e+00
1.092004446897236747e+00
1.065441258858643936e+00
1.041482792315533423e+00
1.019793559618639822e+00
1.000387906421590589e+00
9.826451899283936697e-01
9.665235237617562092e-01
9.519406459068846527e-01
9.384676249818679761e-01
9.262403276159825172e-01
9.151205688086396783e-01
9.047996035434341389e-01
8.955063476458436922e-01
8.870086493569109276e-01
8.790191350084686217e-01
8.717786537989229423e-01
8.651591081220435520e-01
8.590759696575445137e-01
8.537183692495458054e-01
8.490432423700925435e-01
8.451646456746662039e-01
8.422645635888195148e-01
8.404267914725732647e-01
8.399529544738829623e-01
8.409916762099237664e-01
8.436431033722052719e-01
8.482065869260214663e-01
8.547982849847624021e-01
8.635374011319096876e-01
8.745669659138146645e-01
8.878718033107950713e-01
9.034240195304256149e-01
9.208996523308239368e-01
9.397060924218185729e-01
9.591884388383539184e-01
9.784371636197872757e-01
9.966660103473415910e-01
1.013246069863976695e+00
1.027853402939194360e+00
1.040689641755329520e+00
1.051947069296242931e+00
1.061908294314287238e+00
1.070663394226024634e+00
1.078244224177546506e+00
1.084811331318200622e+00
1.090393051863690399e+00
1.095118715885992744e+00
1.099045642702879411e+00
1.102261425512419235e+00
1.104832171449770195e+00
1.106792030201148025e+00
1.108208555765158643e+00
1.109087257218703826e+00
1.109481135645537853e+00
1.109413949772679153e+00
1.108934359681866155e+00
1.108084605195737149e+00
1.106911126685485858e+00
1.105432331876902596e+00
1.103659214554220558e+00
1.101632157913753352e+00
1.099376271056603072e+00
1.096923217341339685e+00
1.094294262571977816e+00
1.091517468640252231e+00
1.088616154528944557e+00
1.085605310698866566e+00
1.082491697861964974e+00
1.079289166707584791e+00
1.076014090199389983e+00
1.072680034653795689e+00
1.069299681519362055e+00
1.065887729266847606e+00
1.062461425256842507e+00
1.059020273272966772e+00
1.055561613431326373e+00
1.052095799031612655e+00
1.048636665840335214e+00
1.045194828672895149e+00
1.041775385634307494e+00
1.038381533570329474e+00
1.035013562476348126e+00
1.031681697683576537e+00
1.028384981210285209e+00
1.025124269267197352e+00
1.021908430663586387e+00
1.018748321256624623e+00
1.015651414148788234e+00
1.012623297397019950e+00
1.009677224232266246e+00
1.006815840316985788e+00
1.004038939161595145e+00
1.001349376250534329e+00
9.987498107178975904e-01
9.962496422811250030e-01
9.938502804085810327e-01
9.915519769159906183e-01
9.893628941944886401e-01
9.872746433151009526e-01
9.852829576644838161e-01
9.834027930873511236e-01
9.816277740303138710e-01
9.799447197915146512e-01
9.783535231251810904e-01
9.768498851391528293e-01
9.754277142052055760e-01
9.740843907317420225e-01
9.728167833018253052e-01
9.716186769155661374e-01
9.704888848027694026e-01
9.694317335777213884e-01
9.684461843388147972e-01
9.675368599755245214e-01
9.667143705273983922e-01
9.659843534774241736e-01
9.653512129171325507e-01
9.648178911127511803e-01
9.643870759532355841e-01
9.640622755321762716e-01
9.638468285117172130e-01
9.637441257330131572e-01
9.637571261622650542e-01
9.638775724046660942e-01
9.640968465322941050e-01
9.644113359722658041e-01
9.648142121418581407e-01
9.653040346517310910e-01
9.658793672014847065e-01
9.665351399827354362e-01
9.672623442351776513e-01
9.680524856591399274e-01
9.688975965419335257e-01
9.697911702535672029e-01
9.707279052700635846e-01
9.717022845331551029e-01
9.727098500582199714e-01
9.737504334612193668e-01
9.748290286286657169e-01
9.759442285450135035e-01
9.770967726748190918e-01
9.782878401139386559e-01
9.795152287644107725e-01
9.807756151290526470e-01
9.820664249110875321e-01
9.833889190486907461e-01
9.847426701359235368e-01
9.861286624337133322e-01
9.875470520540435837e-01
9.889968293603675908e-01
9.904744217631721304e-01
9.919742618938154344e-01
9.934889548655342351e-01
9.950095499499893581e-01
9.965316488026181307e-01
9.980545751072492644e-01
9.995880570940246512e-01
1.001176301966298254e+00
1.002963474102170460e+00
1.005464961950590652e+00
1.011109559729336693e+00
1.016298549528765527e+00
1.013001346735959096e+00
1.013028534132672354e+00
9.808730477618827770e-01
