1.000000000000000000e+00
9.999846736543096526e-01
9.999325244709401650e-01
9.998422381935619940e-01
9.997251275394327674e-01
9.996086698457118391e-01
9.995414353578151445e-01
9.995997507818341621e-01
9.998962383725342740e-01
1.000590155314290408e+00
1.001898182131182535e+00
1.004105671550468815e+00
1.007572661297709393e+00
1.012738065563241641e+00
1.020114105701606544e+00
1.030267757487848490e+00
1.043805714071408319e+00
1.061291856481507923e+00
1.083205658246587655e+00
1.109755619230397672e+00
1.140678541704160276e+00
1.175291366032562346e+00
1.212178220707752940e+00
1.249748373923615929e+00
1.287068151024621132e+00
1.323622109995603591e+00
1.359668205142175124e+00
1.392854702287688928e+00
1.416609062989753642e+00
1.426720305564826541e+00
1.421932617421932443e+00
1.403679741276312454e+00
1.375460141233616707e+00
1.339916390976267691e+00
1.299379326811726187e+00
1.256651598574245243e+00
1.213242600254417214e+00
1.170425576085365682e+00
1.129772593538998615e+00
1.091725574791277298e+00
1.056837540434829581e+00
1.025674477391567585e+00
9.979639761146146260e-01
9.737541752680102247e-01
9.528546496380685404e-01
9.346825086801276994e-01
9.190808714647901168e-01
9.056443921582290058e-01
8.938853955105751092e-01
8.837585627869152249e-01
8.749391095466717561e-01
8.671372106716059847e-01
8.604759176004670440e-01
8.548747963246539072e-01
8.503213265496644135e-01
8.469975748082507749e-01
8.449452309003036010e-01
8.442924292854748769e-01
8.451832867342556899e-01
8.476646873735784737e-01
8.518614487573089589e-01
8.577536867971033985e-01
8.652198863134777929e-01
8.741851301949329356e-01
8.843885166978124879e-01
8.955057032765176839e-01
9.072073342020946507e-01
9.190938911276176349e-01
9.308843735829659405e-01
9.422756695698170093e-01
9.530170041446155427e-01
9.630630776474303767e-01
9.723436187327286762e-01
9.808896829629071279e-01
9.886826706702145362e-01
9.956874235971852061e-01
1.002000230571813200e+00
1.007648224201876053e+00
1.012710883833383146e+00
1.017199451011702838e+00
1.021117347910457385e+00
1.024530409470299386e+00
1.027449618025580325e+00
1.029931958841760586e+00
1.032005304773663479e+00
1.033711575086074141e+00
1.035084583240277967e+00
1.036145161925965841e+00
1.036928237471689718e+00
1.037442890293292619e+00
1.037717661582552520e+00
1.037768793210852802e+00
1.037622415266811871e+00
1.037301740587396770e+00
1.036831232935567559e+00
1.036223750575242963e+00
1.035488851683209255e+00
1.034647463988990435e+00
1.033713920190743485e+00
1.032704663373837928e+00
1.031631589133348514e+00
1.030508730350450763e+00
1.029347780165631665e+00
1.028156873132928695e+00
1.026940777153008355e+00
1.025706584886628470e+00
1.024461927230253755e+00
1.023213061604915985e+00
1.021965594283929191e+00
1.020725498938840792e+00
1.019499244292490836e+00
1.018287068179233534e+00
1.017088453680337734e+00
1.015907044433595363e+00
1.014747324297553766e+00
1.013612477219875796e+00
1.012503770575496675e+00
1.011421785495996373e+00
1.010366163377646176e+00
1.009339414683071423e+00
1.008340653000863396e+00
1.007369512386743438e+00
1.006427828736335517e+00
1.005517824474364552e+00
1.004640636956949828e+00
1.003796795250853968e+00
1.002988760421315018e+00
1.002216091851542368e+00
1.001477623658699967e+00
1.000772995407152477e+00
1.000101793773521042e+00
9.994652498054662493e-01
9.988626015265638092e-01
9.982928452978873102e-01
9.977568814989056234e-01
9.972517391265287579e-01
9.967755301747368568e-01
9.963308155197040383e-01
9.959152775690215398e-01
9.955251968770958415e-01
9.951598901271149211e-01
9.948177949309137125e-01
9.944970282880450929e-01
9.941965287725413880e-01
9.939151716965198835e-01
9.936512238126431473e-01
9.934040699715656064e-01
9.931742768274406385e-01
9.929612924265590612e-01
9.927657642818447092e-01
9.925895765986242347e-01
9.924335794219542040e-01
9.922983853416155187e-01
9.921843320597925064e-01
9.920917361008296798e-01
9.920211142886999900e-01
9.919729850441771912e-01
9.919479179037119509e-01
9.919464414924953344e-01
9.919668630813955890e-01
9.920074594343591956e-01
9.920675544092355524e-01
9.921458462025478653e-01
9.922421515820142313e-01
9.923563141092716089e-01
9.924874566889243521e-01
9.926339017389360642e-01
9.927940706980036278e-01
9.929664808827570743e-01
9.931499376083449127e-01
9.933434832333326581e-01
9.935460999928539261e-01
9.937569765780296382e-01
9.939762027144327661e-01
9.942049831880328536e-01
9.944431687359739369e-01
9.946910772180442839e-01
9.949491334132882780e-01
9.952170290935602459e-01
9.954941998481275922e-01
9.957802335589427400e-01
9.960755711563502590e-01
9.963802820756725298e-01
9.966947604344732481e-01
9.970192201045293690e-01
9.973536090193827475e-01
9.976972702109725422e-01
9.980490504491016379e-01
9.984073177244408015e-01
9.987700040083138386e-01
9.991360611159900706e-01
9.995052875792254099e-01
9.998799741965678223e-01
1.000270876332645553e+00
1.000713599705973511e+00
1.001336907688388456e+00
1.002758735109242183e+00
1.004032807065855959e+00
1.006616149859917542e+00
1.009834413780195783e+00
9.851482944195373292e-01
