1.000000000000000000e+00
9.999633817031545746e-01
9.998383448847830701e-01
9.996188303016670940e-01
9.993269521726496629e-01
9.990233653756519505e-01
9.988215480130336887e-01
9.989059273666142102e-01
9.995522501698809181e-01
1.001147636160022669e+00
1.004205002425364590e+00
1.009374461994613226e+00
1.017440300169233813e+00
1.029323063006747363e+00
1.046064641140824758e+00
1.068773080583855117e+00
1.098540508100348978e+00
1.136016005735439371e+00
1.180918815536389443e+00
1.231055871047915362e+00
1.282204309210351223e+00
1.330726065738133901e+00
1.374892564721516885e+00
1.418748905067634514e+00
1.508412045293023418e+00
1.607732893157232335e+00
1.634860384454149385e+00
1.613358730546481157e+00
1.563244026067013293e+00
1.499050437421413973e+00
1.430512340072761512e+00
1.363286204588025630e+00
1.302553808414892211e+00
1.248136210751269459e+00
1.199550036010994081e+00
1.158182517804114076e+00
1.122387812156867337e+00
1.091052515155722880e+00
1.064029806541887169e+00
1.040059178182402011e+00
1.018589645622004491e+00
9.994815356575053045e-01
9.820423664844727396e-01
9.661814403468563794e-01
9.517975301023902102e-01
9.384702456709052010e-01
9.263331506927884318e-01
9.152583232172137873e-01
9.049517757140042029e-01
8.956406591766289393e-01
8.871027805617360817e-01
8.790608433970188429e-01
8.717518319783893466e-01
8.650542940316268137e-01
8.588912760641491673e-01
8.534553189133657902e-01
8.487159507345883869e-01
8.447992238907502394e-01
8.418997098496316944e-01
8.401180392340273917e-01
8.397655870347680018e-01
8.410034569450958175e-01
8.439424108040776140e-01
8.488794201338133449e-01
8.559273012826614790e-01
8.651902853652370107e-01
8.767795223863196208e-01
8.906305485360362928e-01
9.066362648075859676e-01
9.243684074980638155e-01
9.431133485012010986e-01
9.621201808853954152e-01
9.804873403343424831e-01
9.975851845296065390e-01
1.013019206254872850e+00
1.026635909854567430e+00
1.038674852323553610e+00
1.049292957224254863e+00
1.058722652873641756e+00
1.067024062414501762e+00
1.074214549409900687e+00
1.080439878570621959e+00
1.085723291939084012e+00
1.090185522719571587e+00
1.093880187592993103e+00
1.096890288938354940e+00
1.099279014610406335e+00
1.101079556773923107e+00
1.102356898164469579e+00
1.103117333648705234e+00
1.103412153741778035e+00
1.103264989982118305e+00
1.102723065117459100e+00
1.101827557595869589e+00
1.100623597304322354e+00
1.099129782006533551e+00
1.097357666072912519e+00
1.095346592907160632e+00
1.093121398612861617e+00
1.090713054102560475e+00
1.088142641242779929e+00
1.085437570210476821e+00
1.082620681594747891e+00
1.079706905869540323e+00
1.076703399312113563e+00
1.073623919205148658e+00
1.070484498473972534e+00
1.067298458115375048e+00
1.064078204496706093e+00
1.060837921687111995e+00
1.057594030074961111e+00
1.054346448187693186e+00
1.051093104439887238e+00
1.047843887379090289e+00
1.044611765458122177e+00
1.041406628106509302e+00
1.038233229925934031e+00
1.035094539876876052e+00
1.031990852382879797e+00
1.028931399597798668e+00
1.025915242157688922e+00
1.022943060458579412e+00
1.020022660572569517e+00
1.017163495921449279e+00
1.014371877981793402e+00
1.011652347857918688e+00
1.009016116053172318e+00
1.006464916263357656e+00
1.003997946913030681e+00
1.001617070183726588e+00
9.993239363264289077e-01
9.971260011154874370e-01
9.950237178225741497e-01
9.930165330742783958e-01
9.911106917605349009e-01
9.892982034989260542e-01
9.875746919363943555e-01
9.859521987808553822e-01
9.844245414600983901e-01
9.829798575007389072e-01
9.816174620023940811e-01
9.803331554471876874e-01
9.791212835745232157e-01
9.779791697382644866e-01
9.769037446442483397e-01
9.758893983993360832e-01
9.749347714799546649e-01
9.740431194037825202e-01
9.732132253920021681e-01
9.724485982588292332e-01
9.717577097500924577e-01
9.711448911200757372e-01
9.706134649241302537e-01
9.701655677284424240e-01
9.698031583968542702e-01
9.695289106040261284e-01
9.693453991212456211e-01
9.692552890462936555e-01
9.692609440457119474e-01
9.693555292239907084e-01
9.695319617711768423e-01
9.697873293625096647e-01
9.701160944905354855e-01
9.705171986714437038e-01
9.709896161030452388e-01
9.715293372660700477e-01
9.721290947028812246e-01
9.727820363562891259e-01
9.734817290551788238e-01
9.742229335834794446e-01
9.750013946174044266e-01
9.758126570405349920e-01
9.766531284942389091e-01
9.775227933971543104e-01
9.784259755213983167e-01
9.793616437481493797e-01
9.803305728250206741e-01
9.813339167623559289e-01
9.823699791033027040e-01
9.834361014691241909e-01
9.845302418987553761e-01
9.856536066184824474e-01
9.868059704719474023e-01
9.879883118708346901e-01
9.892009061434711148e-01
9.904430280027097799e-01
9.917117382068992848e-01
9.930023477430806045e-01
9.943085400628196568e-01
9.956225830952220024e-01
9.969405990723951838e-01
9.982618571608810054e-01
9.995945586694868767e-01
1.000976745074484642e+00
1.002533238655244796e+00
1.004711915296999880e+00
1.009633550033412597e+00
1.014127278408404109e+00
1.012394040492229141e+00
1.013453085234965689e+00
9.799516802461391007e-01
