1.000000000000000000e+00
9.999764794713982274e-01
9.998963020974744875e-01
9.997566261957044897e-01
9.995734201740138491e-01
9.993873843523055633e-01
9.992722565099549925e-01
9.993459083754131500e-01
9.997840530991436436e-01
1.000835815399483852e+00
1.002838207489502587e+00
1.006229588116490437e+00
1.011553070388874431e+00
1.019458186325718385e+00
1.030688746886302631e+00
1.046050943342068829e+00
1.066386307529444633e+00
1.092409352082416518e+00
1.124588341892706511e+00
1.162728858063444060e+00
1.205563086016211427e+00
1.251069295684485327e+00
1.296587639340220477e+00
1.340612752759353876e+00
1.384771976723191633e+00
1.432848912233086525e+00
1.480759109733175372e+00
1.510715090329254551e+00
1.515447848741765080e+00
1.498635486376756143e+00
1.465215545216151494e+00
1.420146177727689141e+00
1.369084811300960380e+00
1.315197858773824890e+00
1.260794036108846994e+00
1.209135954512223110e+00
1.161213605741226562e+00
1.117822450704790915e+00
1.080253399087761634e+00
1.047901011047011277e+00
1.020417287846196563e+00
9.974386928527900764e-01
9.778489867889671450e-01
9.610951927474947754e-01
9.466359038878731091e-01
9.337438462176739229e-01
9.222514865487478897e-01
9.118501000496300746e-01
9.021632016532014076e-01
8.933009866429691970e-01
8.850489446769091995e-01
8.771811860575170483e-01
8.699314943968210478e-01
8.632607370032399086e-01
8.571870204307791008e-01
8.519666878600254956e-01
8.476759118358959677e-01
8.445156688252404287e-01
8.427272711890891888e-01
8.424522215354922627e-01
8.439676099201922632e-01
8.473955660508950549e-01
8.527739266666154450e-01
8.602379171061821372e-01
8.697176975273629429e-01
8.810634704127924266e-01
8.940593758416950365e-01
9.082855907539821860e-01
9.232931549213790889e-01
9.384654074162586124e-01
9.531828513562087268e-01
9.671203702121510259e-01
9.800321294570396580e-01
9.918919824715073386e-01
1.002659395881033699e+00
1.012284835930078231e+00
1.020913638844756388e+00
1.028596986649472411e+00
1.035457915576649457e+00
1.041513470653597784e+00
1.046764876879466177e+00
1.051308770288272632e+00
1.055158074827362791e+00
1.058396126417381566e+00
1.061061110902172144e+00
1.063212819037506085e+00
1.064898288905209878e+00
1.066144285577285356e+00
1.066999816315205019e+00
1.067473480567359356e+00
1.067604838007586876e+00
1.067414364778095814e+00
1.066938594182112343e+00
1.066209810281410819e+00
1.065262740465115154e+00
1.064113881516865145e+00
1.062774753479341916e+00
1.061275522928307291e+00
1.059636185427327293e+00
1.057880553883877139e+00
1.056025460860035903e+00
1.054091611405751250e+00
1.052096280648936233e+00
1.050051213555007079e+00
1.047962838843582878e+00
1.045841672427777258e+00
1.043699402885824856e+00
1.041545678868660785e+00
1.039389286430043358e+00
1.037239853878767937e+00
1.035108084206449952e+00
1.032994201102119591e+00
1.030897175075940586e+00
1.028823214254624752e+00
1.026780139562262884e+00
1.024773660725740276e+00
1.022806240496806574e+00
1.020879187856917003e+00
1.018992183914534388e+00
1.017150022288317412e+00
1.015351513133139427e+00
1.013596387881230854e+00
1.011888344557480224e+00
1.010231840122317148e+00
1.008629426867637235e+00
1.007082580651390558e+00
1.005596319596804955e+00
1.004170396207186400e+00
1.002803208797796053e+00
1.001494605244162672e+00
1.000244318452018888e+00
9.990551136418942546e-01
9.979260581757604109e-01
9.968557375256124065e-01
9.958462636509920474e-01
9.948924871369314582e-01
9.939912265136103819e-01
9.931476344942156143e-01
9.923576794504219700e-01
9.916146263504029834e-01
9.909174254889232536e-01
9.902633389172590395e-01
9.896489885700567868e-01
9.890725280261308816e-01
9.885319697399689298e-01
9.880241451202015357e-01
9.875479983335639922e-01
9.871047226099528560e-01
9.866933677885625364e-01
9.863152719801001611e-01
9.859741440092290032e-01
9.856717107968239189e-01
9.854092370675643364e-01
9.851874505279698546e-01
9.850070273686331035e-01
9.848690176193329870e-01
9.847744624148079273e-01
9.847244879993883870e-01
9.847201267317141626e-01
9.847581181953500851e-01
9.848351290310863870e-01
9.849498306429923522e-01
9.850996813355866744e-01
9.852842837972024537e-01
9.855032835079857723e-01
9.857549329006992656e-01
9.860359433447347666e-01
9.863432177985937965e-01
9.866738466710294198e-01
9.870254768558596181e-01
9.873962133860937351e-01
9.877840504881362227e-01
9.881873821502219490e-01
9.886063258379639285e-01
9.890431214481082423e-01
9.894974203031213777e-01
9.899697609326669756e-01
9.904608801945469221e-01
9.909701189660334864e-01
9.914963339181795954e-01
9.920386737306976510e-01
9.925979010520749046e-01
9.931740718014334668e-01
9.937678507814406981e-01
9.943795572865009591e-01
9.950090058889705658e-01
9.956548738222157358e-01
9.963149118150708139e-01
9.969859819305855186e-01
9.976641400708733398e-01
9.983473453288521648e-01
9.990351023249769424e-01
9.997314566126410673e-01
1.000455903655304013e+00
1.001273185635566332e+00
1.002417367015712824e+00
1.005008401005110796e+00
1.007340537511310918e+00
1.009201246451375322e+00
1.012343895764556523e+00
9.813029736341565279e-01
