1.000000000000000000e+00
9.999837426432385268e-01
9.999284102510134220e-01
9.998325312400619946e-01
9.997079728028267498e-01
9.995837321639488016e-01
9.995112276474039659e-01
9.995714509245400281e-01
9.998841038515925428e-01
1.000618592014555830e+00
1.002005358520310363e+00
1.004347547943120089e+00
1.008026876625719215e+00
1.013507558860590407e+00
1.021329878524208645e+00
1.032090011416121111e+00
1.046423786961219404e+00
1.064916709812867124e+00
1.088056756394398583e+00
1.116027545833090606e+00
1.148485905708759969e+00
1.184625248870345482e+00
1.222869919978398778e+00
1.261541066155488000e+00
1.299801970770019466e+00
1.337365751233963618e+00
1.374620452045311136e+00
1.408361992300785959e+00
1.431002625168220188e+00
1.438623913747177241e+00
1.430669196428369094e+00
1.409107820029547931e+00
1.377799308391405964e+00
1.339537658150180555e+00
1.296710757696462712e+00
1.252202458570512711e+00
1.207506501550326794e+00
1.163877250712251676e+00
1.122904283841077211e+00
1.084957437348347487e+00
1.050536246907369575e+00
1.020139713200230780e+00
9.933868043914908519e-01
9.702311348664595103e-01
9.503904098690660884e-01
9.332102292153446887e-01
9.184828459567496717e-01
9.057773329386001882e-01
8.945951942181236127e-01
8.848925262638994704e-01
8.763526880219323356e-01
8.686936685702687511e-01
8.620545783178692467e-01
8.563675267745038955e-01
8.516327463755947180e-01
8.480512715067635154e-01
8.456796624185224376e-01
8.446650901980747861e-01
8.451729454703893474e-01
8.472701751734493802e-01
8.511073341795819536e-01
8.566878092787231225e-01
8.639134969662375374e-01
8.727360141594042720e-01
8.829139980388973630e-01
8.941340693578385679e-01
9.060642516583439221e-01
9.182838526745148444e-01
9.304792572091689085e-01
9.423091199518631722e-01
9.534888965700342167e-01
9.639545941732405865e-01
9.736248722160152358e-01
9.825284655600010630e-01
9.906444467294733824e-01
9.979348488327041133e-01
1.004500860888176694e+00
1.010371287836144383e+00
1.015630039348463853e+00
1.020288469030079082e+00
1.024349381527572156e+00
1.027882042466525814e+00
1.030897445704272108e+00
1.033455575336039267e+00
1.035585435117166497e+00
1.037331019674090582e+00
1.038727700654437980e+00
1.039797021927139964e+00
1.040575610412614482e+00
1.041072524234843755e+00
1.041317658174080396e+00
1.041327807153160645e+00
1.041130389107570942e+00
1.040749749182833028e+00
1.040211621921989682e+00
1.039529353747041807e+00
1.038712791736972729e+00
1.037784006642832102e+00
1.036758046362272534e+00
1.035652262579242144e+00
1.034479167272021494e+00
1.033253603808455434e+00
1.031987939710110602e+00
1.030690748498352738e+00
1.029367007388729327e+00
1.028024216007607627e+00
1.026670477707967155e+00
1.025312439408717191e+00
1.023956066421590316e+00
1.022607738674786049e+00
1.021274388919389597e+00
1.019956238681872795e+00
1.018652699208048906e+00
1.017367682737481571e+00
1.016106021851675756e+00
1.014871154676225684e+00
1.013664453510777275e+00
1.012486552025214870e+00
1.011337068846553500e+00
1.010218733820025028e+00
1.009130599051456523e+00
1.008072281024053440e+00
1.007045786525134323e+00
1.006053546140560861e+00
1.005096816111490154e+00
1.004176193856745947e+00
1.003294377697782958e+00
1.002450914299787943e+00
1.001644560383652571e+00
1.000874946961621603e+00
1.000141646605400059e+00
9.994460210044620041e-01
9.987872623274913764e-01
9.981642978385276699e-01
9.975781273113651926e-01
9.970255316899379050e-01
9.965044686695353482e-01
9.960177438074312439e-01
9.955628444280365530e-01
9.951357261243849450e-01
9.947356528529551767e-01
9.943609285357301042e-01
9.940095057024658232e-01
9.936802318788859889e-01
9.933718845687579124e-01
9.930825760397590241e-01
9.928116380869091984e-01
9.925596923813377881e-01
9.923261391794340192e-01
9.921116881848018876e-01
9.919183998029821314e-01
9.917472052098627033e-01
9.915987760026977460e-01
9.914734831515902291e-01
9.913716740229839841e-01
9.912939142928934855e-01
9.912407708461803413e-01
9.912128658038514839e-01
9.912107758798601731e-01
9.912326501013528635e-01
9.912766034803633941e-01
9.913418944980434411e-01
9.914270976852607165e-01
9.915320092369880323e-01
9.916564542143631034e-01
9.917994700798188346e-01
9.919592197695813462e-01
9.921339744905190994e-01
9.923221103860346837e-01
9.925223183919875680e-01
9.927335485519600544e-01
9.929546855135208405e-01
9.931848396391050882e-01
9.934241051543490908e-01
9.936737932846461119e-01
9.939337368735483569e-01
9.942042784951196088e-01
9.944858771506011053e-01
9.947781918071129104e-01
9.950806020213259773e-01
9.953926536729096330e-01
9.957148231148134077e-01
9.960471812370819134e-01
9.963901527291695315e-01
9.967439653192790017e-01
9.971085563893072878e-01
9.974832035999826596e-01
9.978666434887192294e-01
9.982570904599344930e-01
9.986522828822732567e-01
9.990510673744934511e-01
9.994532056082999771e-01
9.998611563756375498e-01
1.000286551292170145e+00
1.000767945903766387e+00
1.001444812422924935e+00
1.002986368263768746e+00
1.004368220873272488e+00
1.006932637189039914e+00
1.010193973150995461e+00
9.845938548634559639e-01
