1.000000000000000000e+00
9.999797274008196402e-01
9.999106619955162589e-01
9.997906044116670055e-01
9.996337356891817905e-01
9.994755538070635437e-01
9.993797940557030968e-01
9.994477406573513134e-01
9.998299243561665772e-01
1.000739778831754911e+00
1.002466966189070385e+00
1.005390338285909957e+00
1.009982691383267239e+00
1.016813405880236276e+00
1.026538571517872533e+00
1.039874125542931571e+00
1.057574146104688584e+00
1.080304481059714439e+00
1.108562887175738920e+00
1.142368313994481355e+00
1.180935574555877166e+00
1.222832671270147387e+00
1.265818598879599355e+00
1.308090701188511229e+00
1.349737747173698432e+00
1.392139683473657241e+00
1.435206572069809061e+00
1.469013666063244905e+00
1.483570338347355522e+00
1.478456472755398599e+00
1.456339416225731265e+00
1.421123529760099702e+00
1.377859572891636519e+00
1.329703715316163493e+00
1.279104636173376219e+00
1.229210580874833925e+00
1.181326568337680794e+00
1.136529212272143097e+00
1.096364733572741779e+00
1.060754612132376762e+00
1.029813801350287106e+00
1.003586031144914070e+00
9.811998287316826550e-01
9.622214216370289508e-01
9.461047379440039595e-01
9.320608099093881105e-01
9.198303896192557838e-01
9.090097274302689767e-01
8.991495154307393989e-01
8.902805856021104303e-01
8.821486899086451450e-01
8.745130076411754549e-01
8.675763895406731763e-01
8.613033548081888702e-01
8.557213289339131723e-01
8.510802779438674248e-01
8.474662674871823453e-01
8.450742115334406446e-01
8.441282569863611807e-01
8.447518693504499909e-01
8.471789513412544270e-01
8.514901985741702983e-01
8.576721625828106488e-01
8.657836624698523886e-01
8.756776326267010635e-01
8.871196741859982415e-01
8.998167977974608212e-01
9.133120051137380013e-01
9.271818764336283714e-01
9.409162243675839310e-01
9.540546986333015012e-01
9.664155326895356168e-01
9.778483117320442286e-01
9.883627290362330120e-01
9.979284384627213900e-01
1.006498793402916370e+00
1.014197859925646483e+00
1.021064607199483110e+00
1.027203505875549316e+00
1.032627968375184446e+00
1.037339216362598515e+00
1.041421568536335718e+00
1.044886718114283575e+00
1.047807631650103266e+00
1.050218354537113541e+00
1.052171751867269744e+00
1.053709794117285936e+00
1.054857010962590103e+00
1.055657105181833533e+00
1.056118954900115092e+00
1.056278022817805029e+00
1.056153293990427233e+00
1.055777457302307987e+00
1.055179468477659643e+00
1.054390264193277638e+00
1.053425092224599124e+00
1.052294863975420824e+00
1.051026334570170029e+00
1.049637447930606760e+00
1.048149292293597323e+00
1.046576897738734635e+00
1.044938476598485266e+00
1.043249212409548710e+00
1.041519508611155942e+00
1.039755201343929736e+00
1.037965513481015956e+00
1.036160574888209007e+00
1.034348720641258046e+00
1.032537490805770286e+00
1.030735063972648247e+00
1.028950444889397575e+00
1.027183838119937631e+00
1.025434393638831931e+00
1.023707263643252929e+00
1.022008889166967416e+00
1.020343912999635894e+00
1.018714258981169740e+00
1.017120882406248317e+00
1.015563388227908925e+00
1.014045577450462865e+00
1.012566318390394793e+00
1.011125237983169001e+00
1.009725203471541377e+00
1.008369680678927516e+00
1.007060562419710203e+00
1.005798855386090151e+00
1.004588437676616985e+00
1.003428899469627211e+00
1.002318741209884401e+00
1.001257647606609069e+00
1.000245216184175279e+00
9.992834963557890582e-01
9.983715548423014452e-01
9.975080812053147561e-01
9.966946112929432333e-01
9.959268518347581534e-01
9.952021114246764055e-01
9.945243925534794638e-01
9.938903370693842332e-01
9.932944428385206415e-01
9.927357751558572030e-01
9.922120582438351821e-01
9.917205164576992082e-01
9.912596073226530580e-01
9.908276833632557734e-01
9.904221633836596261e-01
9.900421570598593179e-01
9.896885683681424517e-01
9.893605970280353601e-01
9.890592663500291648e-01
9.887874848957999285e-01
9.885465854886377191e-01
9.883375361942806636e-01
9.881608819102575270e-01
9.880171306959331101e-01
9.879070917034628030e-01
9.878315715096168681e-01
9.877914491881760739e-01
9.877875348999565208e-01
9.878172379599335917e-01
9.878779149974303841e-01
9.879685177601438273e-01
9.880870384504703008e-01
9.882331744758562353e-01
9.884066604653379828e-01
9.886061275974677987e-01
9.888289840808539566e-01
9.890727899014261082e-01
9.893352528553440717e-01
9.896145217254371795e-01
9.899091083182561812e-01
9.902174348009500360e-01
9.905382398525468535e-01
9.908716340128740363e-01
9.912194209417801716e-01
9.915813434456711706e-01
9.919578527666526035e-01
9.923495602124129400e-01
9.927559637761981248e-01
9.931761739598558014e-01
9.936095334060268680e-01
9.940566756162777518e-01
9.945176700717861529e-01
9.949930749954125631e-01
9.954831735309079832e-01
9.959878451715130643e-01
9.965060563809261529e-01
9.970360268664600900e-01
9.975752573006044788e-01
9.981205931513643659e-01
9.986704045062745339e-01
9.992243037743383516e-01
9.997855670014497154e-01
1.000369953350483510e+00
1.001029821280406074e+00
1.001954603515226916e+00
1.004052088767099615e+00
1.005936012152221393e+00
1.008229389929597986e+00
1.011521091575439790e+00
9.825533173528676611e-01
