1.000000000000000000e+00
9.999568485659081629e-01
9.998091690276864618e-01
9.995480580805784498e-01
9.991963947589933559e-01
9.988214947843919722e-01
9.985522660405545814e-01
9.986001574568460493e-01
9.992810913620404634e-01
1.001034740823311120e+00
1.004435339225437707e+00
1.010199588858585074e+00
1.019180255160777815e+00
1.032369679210401348e+00
1.050879148671932661e+00
1.075844914826728393e+00
1.108237050432127724e+00
1.148128163036294280e+00
1.193923498401018968e+00
1.241709074339133245e+00
1.286785957368229871e+00
1.327258824757425071e+00
1.359446775645183791e+00
1.413710883809851770e+00
1.660692211668285623e+00
1.716486207080520465e+00
1.687529750378853999e+00
1.619559564706554156e+00
1.532494889213920075e+00
1.442981619129515281e+00
1.374702321828918050e+00
1.320491666044150358e+00
1.274291206006493260e+00
1.231923134539461007e+00
1.192143914945622996e+00
1.156270374755614005e+00
1.123508760251209937e+00
1.093494652291377101e+00
1.066743186818224443e+00
1.042485678310871133e+00
1.020491880074594127e+00
1.000832625540481136e+00
9.828929403638730911e-01
9.666328407148516710e-01
9.519618045027548048e-01
9.384335771589096264e-01
9.261787007387883852e-01
9.150499898193592552e-01
9.047291283267516748e-01
8.954469375908200579e-01
8.869665423257419024e-01
8.789959004469564130e-01
8.717805909888137750e-01
8.651907232791660185e-01
8.591398214976865289e-01
8.538182992366748492e-01
8.491786755221563121e-01
8.453310496296605470e-01
8.424525455768723248e-01
8.406184736449022754e-01
8.401246501570543979e-01
8.411104782661732449e-01
8.436659231381777868e-01
8.480855888984450974e-01
8.544791513786054171e-01
8.629634286405947208e-01
8.736862548595940581e-01
8.866445318151734423e-01
9.018392969683396432e-01
9.189936541860094232e-01
9.375874452216217403e-01
9.570588598219157417e-01
9.765742962971465380e-01
9.953478095926594493e-01
1.012636545463163396e+00
1.027943952683555429e+00
1.041358276819652762e+00
1.053055538579821038e+00
1.063355367589607692e+00
1.072383594612555724e+00
1.080193018689022288e+00
1.086959088259867423e+00
1.092715898875175506e+00
1.097599048428585133e+00
1.101668502652978887e+00
1.105014665602947588e+00
1.107705278597452381e+00
1.109774899583180208e+00
1.111292389334031405e+00
1.112262627292491590e+00
1.112739414151105111e+00
1.112746396344115762e+00
1.112332845801238257e+00
1.111541374941442450e+00
1.110418921500744061e+00
1.108983547724452068e+00
1.107245695716719602e+00
1.105246055535048955e+00
1.103009610185120115e+00
1.100568116309346589e+00
1.097942645860678912e+00
1.095161320529456139e+00
1.092247423559877584e+00
1.089215671611759140e+00
1.086072282520585741e+00
1.082830831912226843e+00
1.079507558626623620e+00
1.076115840237011900e+00
1.072668189940240380e+00
1.069179289915201503e+00
1.065666583555063607e+00
1.062128999944723207e+00
1.058563170615127502e+00
1.054979407820411996e+00
1.051391793854566270e+00
1.047811126308893837e+00
1.044242448639285614e+00
1.040688831822065952e+00
1.037150278330965625e+00
1.033637456863866433e+00
1.030149138324687241e+00
1.026686051308089986e+00
1.023257632241031834e+00
1.019875627591372735e+00
1.016548280017678829e+00
1.013281914581018128e+00
1.010091406610715170e+00
1.006980174815452767e+00
1.003948559734749502e+00
1.001000342013370403e+00
9.981391724691507372e-01
9.953763370818579093e-01
9.927143267656479697e-01
9.901543792471175776e-01
9.877067216831125762e-01
9.853629109554116194e-01
9.831190897032583420e-01
9.809933553530895134e-01
9.789795277671032858e-01
9.770634746554489602e-01
9.752459788778646832e-01
9.735229563459653068e-01
9.718881673710002556e-01
9.703393288574930775e-01
9.688735126893538441e-01
9.674841231312981682e-01
9.661703892515799419e-01
9.649380100671225424e-01
9.637863807750257639e-01
9.627215649628440008e-01
9.617567435897205197e-01
9.608992461536502994e-01
9.601549220116131211e-01
9.595278429099390882e-01
9.590217185789209342e-01
9.586411660747815588e-01
9.583905198318921625e-01
9.582740814852224176e-01
9.582955245591795457e-01
9.584450096876301339e-01
9.587121652980719055e-01
9.590925159506051845e-01
9.595776883193948281e-01
9.601656792388328920e-01
9.608544338754223535e-01
9.616375331829839501e-01
9.625038756675731166e-01
9.634429992262297793e-01
9.644451087434740000e-01
9.655021836113055755e-01
9.666076691934035736e-01
9.677548026476052723e-01
9.689381124756536456e-01
9.701571798593366935e-01
9.714175984886512794e-01
9.727174698037701628e-01
9.740573961724194874e-01
9.754384795592103696e-01
9.768579084986470651e-01
9.783116076649134296e-01
9.797964029863986957e-01
9.813135442582885393e-01
9.828623436326253682e-01
9.844437305904338853e-01
9.860576883417262462e-01
9.877028844984211409e-01
9.893751115239338700e-01
9.910679672995234002e-01
9.927730762236842699e-01
9.944804261470104878e-01
9.961852348152867576e-01
9.978869900015157057e-01
9.995969167285497781e-01
1.001364800813542066e+00
1.003351812689232014e+00
1.006131652700547274e+00
1.012392774247349081e+00
1.018195280148287196e+00
1.013331006713369842e+00
1.012284946472683522e+00
9.823964318179855271e-01
