1.000000000000000000e+00
9.999943145177003778e-01
9.999750824537588789e-01
9.999422975630564148e-01
9.999010165744283141e-01
9.998625570776846772e-01
9.998460907240627193e-01
9.998807321353575528e-01
1.000008209750180788e+00
1.000286208981904679e+00
1.000792202524461549e+00
1.001627961376821752e+00
1.002923325251700470e+00
1.004840004858059244e+00
1.007572856352680013e+00
1.011347165965024386e+00
1.016416112696475693e+00
1.023039968798533872e+00
1.031478055424653650e+00
1.041945820575178150e+00
1.054571596746346041e+00
1.069407004660451577e+00
1.086300669052257195e+00
1.104933664744724542e+00
1.124884912797024850e+00
1.145515307166993235e+00
1.166263692302877741e+00
1.186519585812431332e+00
1.205380627603503285e+00
1.222041105042117159e+00
1.235044639473906525e+00
1.242857803376635317e+00
1.244959452840246561e+00
1.241011003692430448e+00
1.231334132916474422e+00
1.216983307604248221e+00
1.198783838289847914e+00
1.177628937125997588e+00
1.154546917197615041e+00
1.130195493546452212e+00
1.105229139155495588e+00
1.080291552759030216e+00
1.055734478208449012e+00
1.031991611824200739e+00
1.009415970109112770e+00
9.881711390611626067e-01
9.685717782246425767e-01
9.507831819357497327e-01
9.348640819642458633e-01
9.210340175229142501e-01
9.092952494489524584e-01
8.995954048960647098e-01
8.920241923423264385e-01
8.864979819300276009e-01
8.829100937469198662e-01
8.812013882650022722e-01
8.811996128661724326e-01
8.827438780865275447e-01
8.856621428692945663e-01
8.897223832433208690e-01
8.947450432020518374e-01
9.004958224219664631e-01
9.067240020417168811e-01
9.132740536194221548e-01
9.199508163153312656e-01
9.266003537694824654e-01
9.331301226729007414e-01
9.394382342817850784e-01
9.454982811942422849e-01
9.512489390317236948e-01
9.566356518680269039e-01
9.616772099845045663e-01
9.663565179936784988e-01
9.706944945430241445e-01
9.746877457337836947e-01
9.783278563373172254e-01
9.816531380226101167e-01
9.846743216756731476e-01
9.874221362886046460e-01
9.899046959407457047e-01
9.921285772358444666e-01
9.941203363868899023e-01
9.958882601649603483e-01
9.974553457001436030e-01
9.988350358273628826e-01
1.000045061387185630e+00
1.001100395620465822e+00
1.002011801526008439e+00
1.002794129836703574e+00
1.003454070513735363e+00
1.004003969944477603e+00
1.004452156660088358e+00
1.004809654849436074e+00
1.005086335978256917e+00
1.005292179759735394e+00
1.005433505878621903e+00
1.005515456792976714e+00
1.005546291926763702e+00
1.005532115689562245e+00
1.005479448062759129e+00
1.005393305355503974e+00
1.005279145912914007e+00
1.005141592000253326e+00
1.004984111609855901e+00
1.004809100781528963e+00
1.004619502398728992e+00
1.004418299702914741e+00
1.004207991758720997e+00
1.003990807279236730e+00
1.003768994510411794e+00
1.003544859393510125e+00
1.003318941269352615e+00
1.003091534177374733e+00
1.002864018544836755e+00
1.002637949619470836e+00
1.002414486280014616e+00
1.002194237473692073e+00
1.001977601540877671e+00
1.001764704415513574e+00
1.001556408575169366e+00
1.001352658473326773e+00
1.001153521500688148e+00
1.000959624691837080e+00
1.000771675515476300e+00
1.000590081589033620e+00
1.000415079600483370e+00
1.000247392481276254e+00
1.000086983748744274e+00
9.999336257134027184e-01
9.997872929411060205e-01
9.996479414261408847e-01
9.995159405529328023e-01
9.993911471850879247e-01
9.992733547336863920e-01
9.991628357689990025e-01
9.990588824507296017e-01
9.989610616981520197e-01
9.988700579195690654e-01
9.987853256933018065e-01
9.987059700264653284e-01
9.986318580019294400e-01
9.985626356298863415e-01
9.984978686704572004e-01
9.984373275914532053e-01
9.983807661597096095e-01
9.983277859513985941e-01
9.982782659640591083e-01
9.982323771719211480e-01
9.981900109230479323e-01
9.981513546958583616e-01
9.981169003850042243e-01
9.980868816303637425e-01
9.980614720920205629e-01
9.980407765658647623e-01
9.980248940283381609e-01
9.980139725295267272e-01
9.980081602073688218e-01
9.980076177222751976e-01
9.980124957741214331e-01
9.980223967141496066e-01
9.980369156092628868e-01
9.980559061751408390e-01
9.980790674419619535e-01
9.981063746670456593e-01
9.981378097030340069e-01
9.981731761772488776e-01
9.982120793291398009e-01
9.982541481288779162e-01
9.982990343624158491e-01
9.983464601861848919e-01
9.983962055948721881e-01
9.984480347740214423e-01
9.985017621973074631e-01
9.985574254041166276e-01
9.986153390839851429e-01
9.986754814762941468e-01
9.987379469189084924e-01
9.988028565157486272e-01
9.988701486769027138e-01
9.989396974885252911e-01
9.990114145967521342e-01
9.990854249072085302e-01
9.991617609918782561e-01
9.992405376254374083e-01
9.993218259694750527e-01
9.994056327095615089e-01
9.994918158549601639e-01
9.995801137567654759e-01
9.996701532135437995e-01
9.997614678015968037e-01
9.998538817235669285e-01
9.999475024177270077e-01
1.000043221416109684e+00
1.000144456528338610e+00
1.000262048757008193e+00
1.000434674445771499e+00
1.000847406158588360e+00
1.001216754940400744e+00
1.002883287164618720e+00
1.004715776363322766e+00
9.929882314185800585e-01
