1.000000000000000000e+00
9.999587062571644314e-01
9.998175269047065994e-01
9.995685947529784343e-01
9.992350027897650699e-01
9.988828446794234539e-01
9.986376103397733850e-01
9.987044416154576831e-01
9.993898247447516869e-01
1.001121399635542808e+00
1.004460162155126568e+00
1.010109672699305960e+00
1.018910929036498825e+00
1.031846195582979187e+00
1.050022423195606125e+00
1.074595232026200220e+00
1.106624367469460024e+00
1.146450097073015817e+00
1.192974838439698537e+00
1.242722461339891948e+00
1.290747107415682216e+00
1.334268845809265081e+00
1.371415003545015665e+00
1.417672487521264957e+00
1.606991875512267631e+00
1.681447330912768656e+00
1.673982482556604756e+00
1.622031795355340034e+00
1.547867282550364765e+00
1.467067605404900110e+00
1.394386382736691576e+00
1.332374546583658503e+00
1.280316200904843438e+00
1.234226553868136289e+00
1.192326077024501663e+00
1.155473111255842733e+00
1.122392766083160076e+00
1.092415589586523517e+00
1.065852345029163928e+00
1.041824843072362894e+00
1.020044871889074889e+00
1.000555256171479224e+00
9.827425560777915958e-01
9.665692783764916474e-01
9.519523422824514025e-01
9.384571768029764671e-01
9.262185370396841533e-01
9.150950552786383252e-01
9.047742200848077898e-01
8.954860057513729377e-01
8.869962786377578734e-01
8.790156235160014875e-01
8.717868789950450337e-01
8.651810278703201407e-01
8.591124960385190246e-01
8.537707311984971126e-01
8.491104721132014532e-01
8.452437843258112649e-01
8.423503272470076464e-01
8.405100876808276888e-01
8.400222445047226261e-01
8.410316643118428415e-01
8.436345502122166717e-01
8.481289683031312254e-01
8.546292779802824313e-01
8.632549740351536105e-01
8.741528002043498224e-01
8.873147190043498833e-01
9.027273178050374547e-01
9.200885170843562388e-01
9.388367914871861286e-01
9.583531342068762893e-01
9.777504764400376525e-01
9.962284894874718910e-01
1.013101704575072537e+00
1.027980896417693968e+00
1.041036127334443284e+00
1.052462141913485638e+00
1.062557175333084247e+00
1.071423102030577335e+00
1.079098030450996060e+00
1.085747400338569424e+00
1.091401375663896278e+00
1.096191635724762081e+00
1.100176503449374454e+00
1.103444705952246085e+00
1.106063033066057244e+00
1.108065826279224897e+00
1.109521205606837979e+00
1.110434446944711384e+00
1.110858907947126273e+00
1.110818326962002223e+00
1.110361646637887834e+00
1.109531293879236102e+00
1.108373950626664772e+00
1.106907914866178455e+00
1.105143984379163946e+00
1.103122711064480121e+00
1.100869193114079492e+00
1.098415177760688088e+00
1.095781895807980577e+00
1.092997482378396557e+00
1.090085290421359154e+00
1.087060246219438309e+00
1.083928936764332551e+00
1.080705153072226476e+00
1.077405268066325750e+00
1.074042826478146084e+00
1.070630497204602793e+00
1.067183027955799002e+00
1.063717799145754483e+00
1.060234138095080159e+00
1.056729159623118086e+00
1.053213259658269063e+00
1.049700427595255281e+00
1.046201403260250462e+00
1.042721315025938011e+00
1.039263362095329546e+00
1.035827775405117945e+00
1.032424998399096960e+00
1.029054018078005228e+00
1.025715690537320590e+00
1.022419141201513781e+00
1.019175593989566586e+00
1.015992836179364422e+00
1.012876749898961926e+00
1.009841192808180521e+00
1.006889096653547533e+00
1.004020454099185056e+00
1.001238448514350399e+00
9.985460824408914915e-01
9.959534026276678498e-01
9.934621726998941194e-01
9.910729587222134596e-01
9.887946009410185644e-01
9.866186541477319771e-01
9.845409549861012799e-01
9.825774827661475364e-01
9.807218798296178930e-01
9.789606027150252743e-01
9.772938022049202367e-01
9.757172111543424009e-01
9.742246513795923546e-01
9.728135790567907781e-01
9.714808954827096610e-01
9.702202288626360360e-01
9.690304981879206414e-01
9.679164460888041166e-01
9.668771426798711266e-01
9.659176450564749272e-01
9.650493586689842251e-01
9.642784295079961376e-01
9.636096906970098575e-01
9.630464137470118313e-01
9.625915842543200096e-01
9.622490397061835843e-01
9.620224166782017639e-01
9.619153825644152223e-01
9.619311172712212699e-01
9.620608592670137904e-01
9.622954380931728613e-01
9.626309777963701908e-01
9.630601723354887955e-01
9.635814208451443097e-01
9.641931119038213982e-01
9.648897685258220891e-01
9.656617356363691451e-01
9.664999102526258268e-01
9.673957577601058899e-01
9.683423021723706059e-01
9.693338536179171294e-01
9.703645055503119510e-01
9.714294825732492367e-01
9.725285460280311822e-01
9.736668990583505767e-01
9.748429861835113952e-01
9.760575144639157541e-01
9.773116504522464387e-01
9.786030020194604884e-01
9.799280055619152829e-01
9.812838945446784589e-01
9.826719336101512603e-01
9.840916147236038469e-01
9.855439103100875897e-01
9.870289241783666290e-01
9.885455422335337472e-01
9.900899782780133718e-01
9.916563786566056082e-01
9.932370064516112818e-01
9.948225343901074824e-01
9.964084168760140026e-01
9.979940175419411696e-01
9.995895689281306673e-01
1.001241220064367887e+00
1.003099125066893249e+00
1.005699360565278866e+00
1.011563763374398128e+00
1.016968472741690332e+00
1.013141314389077063e+00
1.012809136746740224e+00
9.813231035496842170e-01
