1.000000000000000000e+00
1.000000000000000000e+00
1.000000000000000000e+00
1.000000000000158318e+00
1.000000000020589974e+00
1.000000001267702165e+00
1.000000037277616105e+00
1.000000638088617055e+00
1.000007246871430722e+00
1.000059549546349569e+00
1.000374623852531508e+00
1.001867058899868157e+00
1.007492262280669015e+00
1.024241628725778286e+00
1.062662499109387371e+00
1.127697798680860952e+00
1.203118983881914961e+00
1.251429095664869040e+00
1.240899281521073538e+00
1.169345695083842118e+00
1.059173440932383414e+00
9.390576142046554997e-01
8.319366008967108428e-01
7.515945172706786082e-01
7.036102324921831297e-01
6.875419971722245283e-01
6.989596489457438055e-01
7.313602434862294110e-01
7.778394648337011441e-01
8.322520093557818077e-01
8.897698042705145527e-01
9.469661463100036425e-01
1.001652373186568079e+00
1.052588830297328082e+00
1.099172168236982827e+00
1.141202507056509274e+00
1.178722777506748809e+00
1.211913352427723245e+00
1.241025434320760290e+00
1.266342703645430445e+00
1.288160484376170922e+00
1.306770598862251553e+00
1.322450581417185189e+00
1.335458496153278496e+00
1.346031016174660921e+00
1.354383314842057207e+00
1.360709951973588350e+00
1.365186761735215359e+00
1.367973090727074847e+00
1.370721394400239213e+00
1.373911709592519292e+00
1.376486861584855781e+00
1.378223420118938725e+00
1.378894859833358799e+00
1.378443493783126028e+00
1.376987886129700689e+00
1.374632961254974362e+00
1.371471932173457864e+00
1.367587740666153184e+00
1.363054293993509525e+00
1.357937537805140149e+00
1.352296383575715799e+00
1.346183518338780694e+00
1.339646105892632555e+00
1.332726482398862267e+00
1.325462771283501873e+00
1.317889317714514785e+00
1.310037056480443773e+00
1.301933844742572344e+00
1.293604768870674881e+00
1.285072423940403885e+00
1.276357171347195729e+00
1.267477367561434365e+00
1.258449609209693509e+00
1.249288957670714462e+00
1.240009084388821181e+00
1.230622387879930724e+00
1.221140100696479491e+00
1.211572390102066077e+00
1.201928450664703663e+00
1.192216593145502213e+00
1.182444328301195391e+00
1.172618446697310191e+00
1.162745121770242251e+00
1.152830000200256499e+00
1.142878246717850654e+00
1.132894584890838940e+00
1.122883343991134319e+00
1.112848508394010283e+00
1.102793769448854544e+00
1.092722573953603060e+00
1.082638170323055871e+00
1.072543650184710540e+00
1.062441987638476748e+00
1.052336084099966929e+00
1.042228801124878590e+00
1.032122975488806826e+00
1.022021438042266084e+00
1.011927037926496631e+00
1.001842668478384768e+00
9.917712990403498852e-01
9.817160102052828741e-01
9.716800325435924757e-01
9.616667851161680991e-01
9.516799167317196995e-01
9.417233462442883285e-01
9.318013024694459245e-01
9.219183638354367938e-01
9.120794891147364636e-01
9.022900378880567285e-01
8.925557881887430378e-01
8.828829556126879252e-01
8.732782117537539746e-01
8.637487036937362417e-01
8.543020733788609933e-01
8.449464816081825314e-01
8.356906372371220026e-01
8.265438346236601008e-01
8.175159976381261018e-01
8.086177261515681280e-01
7.998603329030554709e-01
7.912558675057688173e-01
7.828171243624566511e-01
7.745576351878351584e-01
7.664916511560172507e-01
7.586341223961525770e-01
7.510006677542875320e-01
7.436075315761035975e-01
7.364715349624102458e-01
7.296100169590458151e-01
7.230407638378774093e-01
7.167819262225509913e-01
7.108519266336204012e-01
7.052693539470195061e-01
7.000528410109977395e-01
6.952209252520442639e-01
6.907919007124866395e-01
6.867836675848282280e-01
6.832135816299658160e-01
6.800982989539622325e-01
6.774536103269217513e-01
6.752942670744339626e-01
6.736338086600265340e-01
6.724843963930853263e-01
6.718566510311521078e-01
6.717594905787679371e-01
6.721999723186495856e-01
6.731831475565522860e-01
6.747119312389077139e-01
6.767869841888407567e-01
6.794066075121990567e-01
6.825666535401175850e-01
6.862604603967564776e-01
6.904788165810766820e-01
6.952099545448224838e-01
7.004395693434837256e-01
7.061508592994609756e-01
7.123245922432335231e-01
7.189391997786417354e-01
7.259708972066002408e-01
7.333938235424152241e-01
7.411801976069203324e-01
7.493004875508778584e-01
7.577235913024685798e-01
7.664170267668225511e-01
7.753471291908404783e-01
7.844792534837339293e-01
7.937779805825756485e-01
8.032073298475341794e-01
8.127309759389016453e-01
8.223124703468994712e-01
8.319154650613932445e-01
8.415039367705464679e-01
8.510424053994030125e-01
8.604961443989296299e-01
8.698313824472406752e-01
8.790155002602384471e-01
8.880172189589470300e-01
8.968067739739135069e-01
9.053560744384787640e-01
9.136388456360680088e-01
9.216307533545288200e-01
9.293095059892849674e-01
9.366549311222155394e-01
9.436490221570864589e-01
9.502759528392001886e-01
9.565220527711356668e-01
9.623757384780053936e-01
9.678273991313428581e-01
9.728692336914582794e-01
9.774950388068632812e-01
9.816999475785613827e-01
9.854801205529679642e-01
9.888323912348473410e-01
9.917538720944608643e-01
9.942415301329337041e-01
9.962917422336475815e-01
9.978998429248159274e-01
9.990596786891754455e-01
9.996439841550825989e-01
1.000000000000000000e+00
