1.000000000000000000e+00
1.000000000000000000e+00
1.000000000000000000e+00
1.000000000000068390e+00
1.000000000009964918e+00
1.000000000612606410e+00
1.000000017980374745e+00
1.000000307052594017e+00
1.000003476985104722e+00
1.000028465329500404e+00
1.000178233272566386e+00
1.000882997338679470e+00
1.003516565755786738e+00
1.011267092339874996e+00
1.028741768578769200e+00
1.057442917430927443e+00
1.088431857099386724e+00
1.102615481872584624e+00
1.084163519442047363e+00
1.032822920240413112e+00
9.620679759005809073e-01
8.893372737451634702e-01
8.286751090214081739e-01
7.881423451020120874e-01
7.702284077093476400e-01
7.734150874201470849e-01
7.938151478175887732e-01
8.266238947545446747e-01
8.671938790482576209e-01
9.116385763786543084e-01
9.570316808415281207e-01
1.001354515336950080e+00
1.043341656446671539e+00
1.082289638553764810e+00
1.117871281136192385e+00
1.149999404785584378e+00
1.178732651630373551e+00
1.204213053243330389e+00
1.226625920932266745e+00
1.246176128853637932e+00
1.263074808759490075e+00
1.277529817801700274e+00
1.289739012682363128e+00
1.299886891384515408e+00
1.308143258253978480e+00
1.314663056634159499e+00
1.319586869148440478e+00
1.323042060955171406e+00
1.325144173585270035e+00
1.327505934759450223e+00
1.330571153609553470e+00
1.333139043117616218e+00
1.334780398475531982e+00
1.335375614702412506e+00
1.335028547259979881e+00
1.333830587833049641e+00
1.331862564993273601e+00
1.329196249119615869e+00
1.325895508882110940e+00
1.322017297705273986e+00
1.317612503107735922e+00
1.312726677271576659e+00
1.307400671138285952e+00
1.301671182193379073e+00
1.295571280210383369e+00
1.289130869923939438e+00
1.282377034549660344e+00
1.275334329077482343e+00
1.268025043547822417e+00
1.260469443133353407e+00
1.252685985358561016e+00
1.244691518623513904e+00
1.236501458761833261e+00
1.228129970727245945e+00
1.219590134414594962e+00
1.210894060776881220e+00
1.202052988572595016e+00
1.193077372801107705e+00
1.183976967325030216e+00
1.174760900898222493e+00
1.165437749365107356e+00
1.156015603414734638e+00
1.146502132678141050e+00
1.136904661997086396e+00
1.127230239169068726e+00
1.117485675375797793e+00
1.107677582440721675e+00
1.097812412779239022e+00
1.087896500008462164e+00
1.077936100185797219e+00
1.067937430327282611e+00
1.057906704834687961e+00
1.047850168552068695e+00
1.037774127709898853e+00
1.027684983200659152e+00
1.017589256216266946e+00
1.007493603064054444e+00
9.974048312670910077e-01
9.873299177454233355e-01
9.772760269035317693e-01
9.672505308558536630e-01
9.572610302701622942e-01
9.473153757063984548e-01
9.374216872722368477e-01
9.275883740715560322e-01
9.178241512792179035e-01
9.081380550031108445e-01
8.985394548758519617e-01
8.890380595638319727e-01
8.796439144416312583e-01
8.703673953805084462e-01
8.612192008632427731e-01
8.522103411530194128e-01
8.433521253534878026e-01
8.346561456498774456e-01
8.261342611495814392e-01
8.177985815482387011e-01
8.096614521151052069e-01
8.017354390645105022e-01
7.940333131973003056e-01
7.865680257442609902e-01
7.793526750512131951e-01
7.724004629175699188e-01
7.657246414347411712e-01
7.593384534372636940e-01
7.532550709428680324e-01
7.474875286435368471e-01
7.420486514698052538e-01
7.369509806726715073e-01
7.322066968791620667e-01
7.278275400355332936e-01
7.238247269129924888e-01
7.202088682503070549e-01
7.169898846109080681e-01
7.141769199676106794e-01
7.117782536809120764e-01
7.098012155245609911e-01
7.082521070515662709e-01
7.071361307060791690e-01
7.064573247254191113e-01
7.062185012348221047e-01
7.064211884480328107e-01
7.070655814113594451e-01
7.081505028699004445e-01
7.096733726532201691e-01
7.116301832247381443e-01
7.140154824486560914e-01
7.168223664815669416e-01
7.200424827511748838e-01
7.236660409789846815e-01
7.276818310347977770e-01
7.320772485564537302e-01
7.368383304888672658e-01
7.419498024144507431e-01
7.473951363880493304e-01
7.531566168548102791e-01
7.592154127768276917e-01
7.655516571206437693e-01
7.721445345042514674e-01
7.789723758379208940e-01
7.860127575564985758e-01
7.932426038329820628e-01
8.006382908679398058e-01
8.081757524767938516e-01
8.158305868326184429e-01
8.235781636399842620e-01
8.313937311927964702e-01
8.392525233187837497e-01
8.471298674329252876e-01
8.550012933579208552e-01
8.628426432540603486e-01
8.706301817784593000e-01
8.783407059031140829e-01
8.859516517663601487e-01
8.934411973873752633e-01
9.007883609427895788e-01
9.079730959402372292e-01
9.149763814104587833e-01
9.217803040908369994e-01
9.283681320518342162e-01
9.347243781185978762e-01
9.408348519304823299e-01
9.466866981449085783e-01
9.522684186492267333e-01
9.575698761558369965e-01
9.625822775509369489e-01
9.672981334126200537e-01
9.717111908375597462e-01
9.758163388054875709e-01
9.796094844829509318e-01
9.830874001850565813e-01
9.862475412886168025e-01
9.890878361994529522e-01
9.916064501639411111e-01
9.938015265829497347e-01
9.956709110917038030e-01
9.972118644330875137e-01
9.984207714059123440e-01
9.992928539965574286e-01
9.997324638075550940e-01
1.000000000000000000e+00
