1.000000000000000000e+00
1.000000000000000000e+00
1.000000000000000000e+00
1.000000000000152767e+00
1.000000000019818813e+00
1.000000001220298307e+00
1.000000035885818761e+00
1.000000614307898550e+00
1.000006977366313610e+00
1.000057340613693668e+00
1.000360771502923241e+00
1.001798303852300842e+00
1.007217882821379140e+00
1.023360575737806144e+00
1.060407778566296644e+00
1.123157287391876036e+00
1.195971454273798917e+00
1.242568463025735204e+00
1.232073335408946813e+00
1.162180643639437960e+00
1.054586970418724068e+00
9.372546485842092601e-01
8.326391595331946727e-01
7.542686907829070364e-01
7.076274816241165944e-01
6.922820944181995451e-01
7.038806634612421176e-01
7.360409740110831489e-01
7.819928651318720503e-01
8.357140349965195281e-01
8.924739604526661374e-01
9.489141941235696986e-01
1.002887299586733505e+00
1.053174336051576399e+00
1.099180053386553446e+00
1.140705458604283296e+00
1.177790556972384772e+00
1.210610997213608764e+00
1.239412593893700842e+00
1.264473493065998877e+00
1.286083522567194493e+00
1.304529237237546324e+00
1.320083300687000083e+00
1.332999357564267129e+00
1.343510109654351359e+00
1.351827178302485111e+00
1.358141951243134526e+00
1.362627411885560136e+00
1.365440316068023074e+00
1.368230753426587620e+00
1.371476590076435187e+00
1.374118661948219522e+00
1.375918605529256933e+00
1.376650353019547302e+00
1.376267996339028521e+00
1.374888462745040618e+00
1.372615216160189444e+00
1.369540161047457349e+00
1.365745067718600714e+00
1.361302795784915975e+00
1.356278354999237656e+00
1.350729821953904120e+00
1.344709140091643773e+00
1.338262812376364908e+00
1.331432586605401980e+00
1.324256061002849982e+00
1.316767113836030845e+00
1.308996267420843740e+00
1.300971017149840980e+00
1.292716134601706646e+00
1.284253943477197568e+00
1.275604573741229597e+00
1.266786187307366696e+00
1.257815219054480016e+00
1.248706597616827008e+00
1.239473889115497718e+00
1.230129413205430788e+00
1.220684349151390347e+00
1.211148835594973994e+00
1.201532062308566351e+00
1.191842358194304730e+00
1.182087274212734851e+00
1.172273662319682330e+00
1.162407776763232592e+00
1.152495362999229167e+00
1.142541702453089725e+00
1.132551653319095575e+00
1.122529697168939133e+00
1.112479987944267945e+00
1.102406403278099134e+00
1.092312592477411970e+00
1.082202022224168614e+00
1.072078017808482331e+00
1.061943802056616093e+00
1.051802539604665299e+00
1.041657369514073839e+00
1.031511420704032567e+00
1.021367830987247594e+00
1.011229771234923192e+00
1.001100471117783108e+00
9.909832504853123281e-01
9.808815539882659307e-01
9.707989889785347826e-01
9.607393631083556151e-01
9.507067244704341391e-01
9.407054006929919110e-01
9.307400375327203879e-01
9.208156370644742239e-01
9.109375871084236520e-01
9.011116805875026836e-01
8.913441319823373066e-01
8.816415949980243028e-01
8.720111793601637018e-01
8.624604683874731448e-01
8.529975361951034341e-01
8.436309690577514786e-01
8.343698914885413487e-01
8.252239999210309040e-01
8.162036023520745642e-01
8.073196599920157146e-01
7.985838192740613017e-01
7.900084311086756905e-01
7.816065542945852540e-01
7.733919437769345429e-01
7.653790286042216895e-01
7.575828870268674908e-01
7.500192119722387529e-01
7.427042638234808702e-01
7.356548177155735058e-01
7.288881010525583015e-01
7.224217195564968108e-01
7.162735716964407917e-01
7.104617540627038430e-01
7.050044544254279177e-01
6.999198289940580242e-01
6.952258638332378116e-01
6.909402286376489233e-01
6.870801287739115581e-01
6.836621579666847248e-01
6.807021473830111580e-01
6.782150056342989286e-01
6.762145517084700019e-01
6.747133505537612486e-01
6.737225555698733714e-01
6.732517558714087302e-01
6.733088247700496076e-01
6.738997732873941438e-01
6.750286167243526592e-01
6.766972562516880840e-01
6.789053732568945954e-01
6.816503358955693370e-01
6.849271218751583623e-01
6.887282640835038494e-01
6.930438249983145171e-01
6.978613987565169818e-01
7.031661370046196069e-01
7.089407954911832732e-01
7.151658046903984767e-01
7.218193666964918265e-01
7.288775760642276502e-01
7.363145592489361846e-01
7.441026287924222826e-01
7.522124497354482076e-01
7.606132158777961783e-01
7.692728347967107139e-01
7.781581191977112733e-01
7.872349825397677581e-01
7.964686381177299435e-01
8.058238035422664591e-01
8.152649091947680171e-01
8.247563108672143484e-01
8.342625042376128341e-01
8.437483396823021176e-01
8.531792315612347632e-01
8.625213595267032796e-01
8.717418615359919798e-01
8.808090220754944966e-01
8.896924521933362584e-01
8.983632555787579577e-01
9.067941805961718948e-01
9.149597559007233150e-01
9.228364084783287069e-01
9.304025600813305985e-01
9.376386988684299872e-01
9.445274219655604986e-01
9.510534468034962385e-01
9.572035846076074606e-01
9.629666707968107531e-01
9.683334513965949908e-01
9.732964223552548200e-01
9.778496211286181738e-01
9.819883706574512594e-01
9.857089770868900924e-01
9.890083834925875728e-01
9.918837854148090383e-01
9.943322169734067906e-01
9.963501174745333921e-01
9.979328907269696680e-01
9.990744707442277273e-01
9.996495993054320683e-01
1.000000000000000000e+00
