1.000000000000000000e+00
1.000000000000000000e+00
1.000000000000000000e+00
1.000000000000159428e+00
1.000000000020747404e+00
1.000000001277399075e+00
1.000000037562232880e+00
1.000000642949868457e+00
1.000007301938593995e+00
1.000060000637547741e+00
1.000377450684410308e+00
1.001881077085763794e+00
1.007548139329197179e+00
1.024420779800071069e+00
1.063120042596091164e+00
1.128616739533167213e+00
1.204560528633148442e+00
1.253208186817468484e+00
1.242661291355391828e+00
1.170764884091036961e+00
1.060069653454710492e+00
9.393948082093337426e-01
8.317751127879069450e-01
7.510446771549645906e-01
7.027996666126166136e-01
6.865950712818478241e-01
6.979838452033338969e-01
7.304382212649001005e-01
7.770268900583831018e-01
8.315801241783105091e-01
8.892506622311078246e-01
9.465984831220294327e-01
1.001426969032263914e+00
1.052492550091726375e+00
1.099190417493742133e+00
1.141320618783507657e+00
1.178926734108717955e+00
1.212190118008722672e+00
1.241363069947654330e+00
1.266730386597785252e+00
1.288588495714450888e+00
1.307230275420717680e+00
1.322934235131060010e+00
1.335959323178222524e+00
1.346543007069135989e+00
1.354901170782093711e+00
1.361229008987096423e+00
1.365702926827790042e+00
1.368482790423110940e+00
1.371221530227171082e+00
1.374399619402011608e+00
1.376960283472997926e+00
1.378683022172048522e+00
1.379341222478886797e+00
1.378874896976124420e+00
1.377402939402214699e+00
1.375030568450214430e+00
1.371851261078984807e+00
1.367948195569336223e+00
1.363395490857434389e+00
1.358259281835812127e+00
1.352598648920767532e+00
1.346466429720457159e+00
1.339909921940319437e+00
1.332971581050554910e+00
1.325689637061775672e+00
1.318098529966623911e+00
1.310229278384102303e+00
1.302109813051010478e+00
1.293765284401155347e+00
1.285218342775438449e+00
1.276489396732743087e+00
1.267596842421792491e+00
1.258557309486020737e+00
1.249385886431653381e+00
1.240096266256327961e+00
1.230700863643193532e+00
1.221210922100635310e+00
1.211636614816548052e+00
1.201987137418014218e+00
1.192270797037548347e+00
1.182495096290580916e+00
1.172666813264648722e+00
1.162792104941209326e+00
1.152876597865363895e+00
1.142925432957985654e+00
1.132943306297144792e+00
1.122934516035188679e+00
1.112903011879080362e+00
1.102852447071728248e+00
1.092786226965198892e+00
1.082707555282746315e+00
1.072619475786747101e+00
1.062524911604031619e+00
1.052426710183690384e+00
1.042327676161413974e+00
1.032230586363295677e+00
1.022138208620004374e+00
1.012053325989143104e+00
1.001978762689667901e+00
9.919174159958460413e-01
9.818722916053289618e-01
9.718465425310343075e-01
9.618435077962547153e-01
9.518667539155006851e-01
9.419201154324992054e-01
9.320077351011599731e-01
9.221341038293673353e-01
9.123040916702241931e-01
9.025229685044121597e-01
8.927964219195088091e-01
8.831305766066269713e-01
8.735320131226278484e-01
8.640077877638671078e-01
8.545654523790477963e-01
8.452130788871445866e-01
8.359592891135789738e-01
8.268132930012773718e-01
8.177849335102469475e-01
8.088847340938830621e-01
8.001239365596660713e-01
7.915145260485129119e-01
7.830692398746980087e-01
7.748015609257670189e-01
7.667257006752411508e-01
7.588565795895038102e-01
7.512097977819595096e-01
7.438015926338946704e-01
7.366487908833816434e-01
7.297687505941784503e-01
7.231792911297321158e-01
7.168986108664625601e-01
7.109451952227869853e-01
7.053377114470685827e-01
7.000948863531758493e-01
6.952353668077853044e-01
6.907775714608894724e-01
6.867395398160818232e-01
6.831387810287991025e-01
6.799921178483914197e-01
6.773155198169151792e-01
6.751239277574501152e-01
6.734310797509783786e-01
6.722493430719298502e-01
6.715895498302548727e-01
6.714608325912789777e-01
6.718704640544567175e-01
6.728237093658699930e-01
6.743236932633969172e-01
6.763712798022163408e-01
6.789649642338608793e-01
6.821007814758499599e-01
6.857722383598500171e-01
6.899702761419586050e-01
6.946832622798913004e-01
6.998970075460309026e-01
7.055948054124184798e-01
7.117574973322200460e-01
7.183635664079001115e-01
7.253892570732352052e-01
7.328087151802548105e-01
7.405941444378552063e-01
7.487159765371411702e-01
7.571430524266852258e-01
7.658428135500361389e-01
7.747815004255826921e-01
7.839243563277839000e-01
7.932358351395125684e-01
8.026798153691486748e-01
8.122198187582164719e-01
8.218192336420646615e-01
8.314415405164133910e-01
8.410505381750905673e-01
8.506105641621143354e-01
8.600867069192585923e-01
8.694450092865978474e-01
8.786526670923305860e-01
8.876782192479087952e-01
8.964917232752536158e-01
9.050649162269001069e-01
9.133713585514668942e-01
9.213865597596466728e-01
9.290880817058081442e-01
9.364556161953802027e-01
9.434710324709102425e-01
9.501183923988970603e-01
9.563839264148993324e-01
9.622559647383699399e-01
9.677248229674491053e-01
9.727826387869112912e-01
9.774231591224347149e-01
9.816414778456118428e-01
9.854337253963435517e-01
9.887967126193253353e-01
9.917275348243272948e-01
9.942231451941586640e-01
9.962799078332389424e-01
9.978931431656652418e-01
9.990566799132546416e-01
9.996428457753453456e-01
1.000000000000000000e+00
