1.000000000000000000e+00
1.000000000000000000e+00
1.000000000000000000e+00
1.000000000000097256e+00
1.000000000013266943e+00
1.000000000816641421e+00
1.000000024004778387e+00
1.000000410692218678e+00
1.000004661308601550e+00
1.000038271548420843e+00
1.000240511018727352e+00
1.001197098813930708e+00
1.004796243040162906e+00
1.015488974561212787e+00
1.039936596995595375e+00
1.081053143549697282e+00
1.127856607757095730e+00
1.155169910144236534e+00
1.141227733467145233e+00
1.084252206044899358e+00
1.000244011310192693e+00
9.104867853441148684e-01
8.323835665258352279e-01
7.763560785670809983e-01
7.463046935494528356e-01
7.413174319491728781e-01
7.574337816884701979e-01
7.892833197936062195e-01
8.314053411058383025e-01
8.790766739037778610e-01
9.286539400859663562e-01
9.775770795304393745e-01
1.024214436081950730e+00
1.067638685749227934e+00
1.107397986152263147e+00
1.143345293211187164e+00
1.175519545691215972e+00
1.204066718110863521e+00
1.229189125360742763e+00
1.251115473287375490e+00
1.270084052573632993e+00
1.286330735144952664e+00
1.300080538864585078e+00
1.311543410711285773e+00
1.320912526347124638e+00
1.328364031146943347e+00
1.334057599128523508e+00
1.338137773827165811e+00
1.340735609823114682e+00
1.343477879578546696e+00
1.346821181885250907e+00
1.349686956151466388e+00
1.351660536100323551e+00
1.352522018096930401e+00
1.352368804840323735e+00
1.351301858330999472e+00
1.349410476409021564e+00
1.346773946614183703e+00
1.343462807307379547e+00
1.339539926177424567e+00
1.335061431370505147e+00
1.330077513907708120e+00
1.324633125581388793e+00
1.318768582443208492e+00
1.312520149775332046e+00
1.305920557644789870e+00
1.298999378228115509e+00
1.291783347216171496e+00
1.284296652950811746e+00
1.276561200922346595e+00
1.268596853529050827e+00
1.260421649720732340e+00
1.252052000226510309e+00
1.243502890862810961e+00
1.234788068303908748e+00
1.225920167144800121e+00
1.216910814725231216e+00
1.207770726935313066e+00
1.198509797900714879e+00
1.189137182493617884e+00
1.179661374934557694e+00
1.170090282663492687e+00
1.160431296378938049e+00
1.150691375463902100e+00
1.140877123614129296e+00
1.130994831726719330e+00
1.121050517351980691e+00
1.111049967836914565e+00
1.100998784691746168e+00
1.090902429151041408e+00
1.080766264846325209e+00
1.070595598365324808e+00
1.060395716135842159e+00
1.050171919189975434e+00
1.039929561287608939e+00
1.029674078179697139e+00
1.019411004082438232e+00
1.009145990256129055e+00
9.988848267218729537e-01
9.886334645006877864e-01
9.783980411931397780e-01
9.681849080962505738e-01
9.580006587804186236e-01
9.478521564919004661e-01
9.377465622838703219e-01
9.276913612415051968e-01
9.176943870669818093e-01
9.077638449964060552e-01
8.979083270771485159e-01
8.881368188500605720e-01
8.784587023830320307e-01
8.688837584396352787e-01
8.594221662091608982e-01
8.500845016475625515e-01
8.408817335285214689e-01
8.318252202396069217e-01
8.229267075925086328e-01
8.141983295173665924e-01
8.056526104117520681e-01
7.973024663725408745e-01
7.891611974062769930e-01
7.812424686442246413e-01
7.735602787269896252e-01
7.661289161183832963e-01
7.589629069869491262e-01
7.520769599791475857e-01
7.454859037392180809e-01
7.392046155547637998e-01
7.332479464855836682e-01
7.276306406246708658e-01
7.223672479915194122e-01
7.174720315841331963e-01
7.129588709549377068e-01
7.088411608154203680e-01
7.051317030912652717e-01
7.018425930762797194e-01
6.989851056541076524e-01
6.965695858987424050e-01
6.946053459640367800e-01
6.931005657977455936e-01
6.920621943904364803e-01
6.914958529885498750e-01
6.914057464767501271e-01
6.917945854308961140e-01
6.926635171429412763e-01
6.940120629282654496e-01
6.958380636014371845e-01
6.981376375261726386e-01
7.009051517074752491e-01
7.041332036780690862e-01
7.078126130026319851e-01
7.119324240762229250e-01
7.164799235012189182e-01
7.214406749071144986e-01
7.267985697444686588e-01
7.325358909719300593e-01
7.386333872108422627e-01
7.450703589747064148e-01
7.518247580423489396e-01
7.588732983284239841e-01
7.661915748702515794e-01
7.737541885828386201e-01
7.815348753580174668e-01
7.895066382406207284e-01
7.976418822693114308e-01
8.059125507821971457e-01
8.142902622382327538e-01
8.227464473714908300e-01
8.312524881789211673e-01
8.397798581478246316e-01
8.483002640956832652e-01
8.567857883738697611e-01
8.652090306518543938e-01
8.735432457520883043e-01
8.817624760323163891e-01
8.898416780441337215e-01
8.977568454693893862e-01
9.054851260158153226e-01
9.130049284345768124e-01
9.202960192340918777e-01
9.273396072042375815e-01
9.341184145601811872e-01
9.406167317155882390e-01
9.468204531874528929e-01
9.527170914631455378e-01
9.582957669917017141e-01
9.635471697605370034e-01
9.684634888417055221e-01
9.730383090576071314e-01
9.772664726896477250e-01
9.811439058289387338e-01
9.846674096163640089e-01
9.878344175739092181e-01
9.906427210086117263e-01
9.930901668575503605e-01
9.951743343771969341e-01
9.968921979795114519e-01
9.982397851039980230e-01
9.992118390458601951e-01
9.997017322100079095e-01
1.000000000000000000e+00
