1.000000000000000000e+00
1.000000000000000000e+00
1.000000000000000000e+00
1.000000000000063949e+00
1.000000000009431789e+00
1.000000000579626569e+00
1.000000017005642228e+00
1.000000290263954428e+00
1.000003284859832808e+00
1.000026871746940493e+00
1.000168090813768673e+00
1.000831703494165170e+00
1.003306850433363984e+00
1.010571980375743362e+00
1.026887282800412526e+00
1.053500626927937667e+00
1.081783390483054497e+00
1.093649775640243682e+00
1.074309407653433857e+00
1.023840391337637712e+00
9.553362784252472650e-01
8.855804904439251724e-01
8.280126578204244359e-01
7.902527370497867132e-01
7.745215374766974969e-01
7.791852343567340355e-01
8.003691655296253371e-01
8.333707001906035527e-01
8.736870229262505561e-01
9.175786660068699918e-01
9.622445684978386815e-01
1.005760594094485372e+00
1.046925754431452749e+00
1.085076621476144254e+00
1.119908904449961939e+00
1.151346971186398394e+00
1.179453863996452467e+00
1.204371714027165030e+00
1.226283482685379456e+00
1.245390360511387629e+00
1.261899108141876225e+00
1.276012977823730354e+00
1.287925300373780502e+00
1.297816291618666629e+00
1.305851794441184044e+00
1.312183138170828878e+00
1.316947637102756641e+00
1.320269706793987918e+00
1.322262220831928570e+00
1.324535488444721354e+00
1.327531112469528374e+00
1.330021453332838499e+00
1.331578364748129406e+00
1.332104705066204708e+00
1.331702423626794696e+00
1.330461234023387451e+00
1.328460480867131199e+00
1.325770618659410927e+00
1.322454349587509626e+00
1.318567593579749175e+00
1.314160323104030192e+00
1.309277280979338043e+00
1.303958603166716745e+00
1.298240356685128827e+00
1.292155055049998502e+00
1.285732111758514540e+00
1.278998177753871701e+00
1.271977429650928304e+00
1.264691828372620064e+00
1.257161354881550563e+00
1.249404223399226854e+00
1.241437076199462419e+00
1.233275156864094946e+00
1.224932488227873151e+00
1.216422034751508674e+00
1.207755816650724734e+00
1.198945005133264630e+00
1.190000009453271890e+00
1.180930558215328885e+00
1.171745774187781697e+00
1.162454245308907064e+00
1.153064091300057159e+00
1.143583026654792389e+00
1.134018435288945081e+00
1.124377436871828451e+00
1.114666926707000849e+00
1.104893612483273779e+00
1.095064053556460193e+00
1.085184700797177104e+00
1.075261936972661925e+00
1.065302114429941938e+00
1.055311590685263923e+00
1.045296760685042070e+00
1.035264086948482376e+00
1.025220131870259177e+00
1.015171582572574671e+00
1.005125265242113652e+00
9.950881606129463597e-01
9.850674213547552238e-01
9.750703892627869962e-01
9.651046143890397166e-01
9.551778746411172527e-01
9.452981957210487840e-01
9.354738693001896088e-01
9.257134708410987844e-01
9.160258749773577680e-01
9.064202685991850084e-01
8.969061615864500903e-01
8.874933905653912269e-01
8.781921149736818810e-01
8.690128092289846062e-01
8.599662531280023448e-01
8.510635192575880525e-01
8.423159582275681068e-01
8.337351810518902617e-01
8.253330410056013422e-01
8.171216151838597286e-01
8.091131872043896278e-01
8.013202301737731847e-01
7.937553879111157729e-01
7.864314486548971139e-01
7.793613099918209608e-01
7.725579339213246577e-01
7.660342929143147961e-01
7.598033099928095391e-01
7.538777970536315598e-01
7.482703886799937365e-01
7.429934705544295470e-01
7.380591067621818935e-01
7.334789645532219238e-01
7.292642365242579805e-01
7.254255609000335170e-01
7.219729419223344102e-01
7.189156694917606671e-01
7.162622371438693847e-01
7.140202590051673015e-01
7.121963901568808541e-01
7.107962535229492840e-01
7.098243745927095283e-01
7.092841220863186358e-01
7.091776520593328081e-01
7.095058562710852001e-01
7.102683189787444284e-01
7.114632835951677503e-01
7.130876276272337666e-01
7.151368435981376726e-01
7.176050268922609110e-01
7.204848732172439707e-01
7.237676855877778204e-01
7.274433888401284909e-01
7.315005504817224669e-01
7.359264087192286530e-01
7.407069096709261169e-01
7.458267555080356770e-01
7.512694622868949512e-01
7.570174251689448797e-01
7.630519892534325388e-01
7.693535271193912006e-01
7.759015238450737151e-01
7.826746684190738490e-01
7.896509492923744489e-01
7.968077525736465549e-01
8.041219620392610068e-01
8.115700602505336869e-01
8.191282306716922701e-01
8.267724601296675413e-01
8.344786411222199218e-01
8.422226739977278775e-01
8.499805701797561452e-01
8.577285561251909440e-01
8.654431783469948014e-01
8.731014086707420407e-01
8.806807491810471067e-01
8.881593343638710669e-01
8.955160293210763234e-01
9.027305237497839085e-01
9.097834229205167267e-01
9.166563338422547558e-01
9.233319437104930971e-01
9.297940900741341608e-01
9.360278211130892423e-01
9.420194448792186259e-01
9.477565650871772052e-01
9.532281013792869295e-01
9.584242915279945763e-01
9.633366739841936477e-01
9.679580473366986570e-01
9.722824039410548069e-01
9.763048369634804713e-01
9.800214193163027110e-01
9.834290542229049414e-01
9.865252977115887001e-01
9.893081541227941589e-01
9.917758463847575756e-01
9.939265646000452481e-01
9.957581980235108432e-01
9.972680562531774928e-01
9.984525866572818709e-01
9.993070958550773764e-01
9.997378647489567616e-01
1.000000000000000000e+00
