1.000000000000000000e+00
1.000000000000000000e+00
1.000000000000000000e+00
1.000000000000162759e+00
1.000000000021227464e+00
1.000000001306896369e+00
1.000000038427849347e+00
1.000000657730879317e+00
1.000007469323068943e+00
1.000061371272487509e+00
1.000386035888853886e+00
1.001923625040087362e+00
1.007717603435480669e+00
1.024963546261867142e+00
1.064504342862937269e+00
1.131391974217397678e+00
1.208903757943837531e+00
1.258552117555341576e+00
1.247933192413592351e+00
1.174987977016977325e+00
1.062711233937223554e+00
9.403570949996719053e-01
8.312486407995760551e-01
7.493672941831074352e-01
7.003576485034812560e-01
6.837615839049804300e-01
6.950789102908636607e-01
7.277060926975920108e-01
7.746306466466167384e-01
8.296100848959231389e-01
8.877403659124850632e-01
9.455422877085837285e-01
1.000796011320667533e+00
1.052246710505808869e+00
1.099285532548923694e+00
1.141712518281151612e+00
1.179573319244810126e+00
1.213052300632889935e+00
1.242405082588531551e+00
1.267919820369445061e+00
1.289896254135309395e+00
1.308630426683565107e+00
1.324403768368857204e+00
1.337477875419563977e+00
1.348092594182276116e+00
1.356465936945501216e+00
1.362795000412690305e+00
1.367257901405758203e+00
1.370016064826106161e+00
1.372723847643050332e+00
1.375863034449762878e+00
1.378378054586211432e+00
1.380057069298627148e+00
1.380673210946194107e+00
1.380159713747471484e+00
1.378636463306454063e+00
1.376209564604387259e+00
1.372973289964588117e+00
1.369011530769872476e+00
1.364399044576447118e+00
1.359202537529857313e+00
1.353481600282367969e+00
1.347289525432650015e+00
1.340674015505781691e+00
1.333677886842085769e+00
1.326339692014483207e+00
1.318694158140933936e+00
1.310772557803294269e+00
1.302603044741447835e+00
1.294210963655634261e+00
1.285619132552143551e+00
1.276848103147435687e+00
1.267916392092563571e+00
1.258840729367653566e+00
1.249636285985695983e+00
1.240316820562881173e+00
1.230894797068402990e+00
1.221381492481552922e+00
1.211787098180214572e+00
1.202120813196124294e+00
1.192390933812342402e+00
1.182604938065348721e+00
1.172769566263250685e+00
1.162890925499470152e+00
1.152974581222461214e+00
1.143025602058775902e+00
1.133048600571030962e+00
1.123047780323159550e+00
1.113026985603356112e+00
1.102989753738495837e+00
1.092939363964465782e+00
1.082878883969875305e+00
1.072811211779494345e+00
1.062739115275106005e+00
1.052665277498067598e+00
1.042592329630072756e+00
1.032522865758328523e+00
1.022459461558059113e+00
1.012404698527549218e+00
1.002361190004671387e+00
9.923316133089871149e-01
9.823187454764892301e-01
9.723255026446452343e-01
9.623549792924770419e-01
9.524104903916777998e-01
9.424956126655676947e-01
9.326142255639980894e-01
9.227705520850358889e-01
9.129691905420729281e-01
9.032151358944706665e-01
8.935137983246643767e-01
8.838710234899366247e-01
8.742931122613383232e-01
8.647868417476789471e-01
8.553594864188724944e-01
8.460188442190355040e-01
8.367732683132664828e-01
8.276317076142111206e-01
8.186037543802602290e-01
8.096996946923821215e-01
8.009305493345734162e-01
7.923081017347459731e-01
7.838449096210955425e-01
7.755543010998755538e-01
7.674503603143350006e-01
7.595479106450486739e-01
7.518624881070928856e-01
7.444103015565565196e-01
7.372081873596484369e-01
7.302735537849649461e-01
7.236243131477912982e-01
7.172788013812270158e-01
7.112556876160682773e-01
7.055738700569313959e-01
7.002523541698734144e-01
6.953101129037502215e-01
6.907659375845154326e-01
6.866382856736904516e-01
6.829451277803596509e-01
6.797037891602714099e-01
6.769307795960788354e-01
6.746416136958152121e-01
6.728506320525717843e-01
6.715708278419068034e-01
6.708136765378629462e-01
6.705889649218045312e-01
6.709046236020148601e-01
6.717665719037821948e-01
6.731785774500552710e-01
6.751421281863274615e-01
6.776563164892904778e-01
6.807177400132494727e-01
6.843204267680725872e-01
6.884557912047878370e-01
6.931126203854214296e-01
6.982770862848330928e-01
7.039327811538617086e-01
7.100607797513633912e-01
7.166397310735382886e-01
7.236459771883951841e-01
7.310536934335696291e-01
7.388350458235757312e-01
7.469603629283033674e-01
7.553983196054084859e-01
7.641161313487023765e-01
7.730797565313443087e-01
7.822541042064579120e-01
7.916032464747169151e-01
8.010906374395274643e-01
8.106793370941823840e-01
8.203322402766527466e-01
8.300123080386736518e-01
8.396827997207646499e-01
8.493074992672912105e-01
8.588509330716405099e-01
8.682785789953483269e-01
8.775570704168267344e-01
8.866543916293733174e-01
8.955400583504480316e-01
9.041852833307081339e-01
9.125631245760559285e-01
9.206486150447430461e-01
9.284188695530354307e-01
9.358531655486111989e-01
9.429329932193316610e-01
9.496420727429444320e-01
9.559663315688470275e-01
9.618938361150539684e-01
9.674146769944810265e-01
9.725208044223282444e-01
9.772058131212786325e-01
9.814646768185594228e-01
9.852934337101760809e-01
9.886888252048863235e-01
9.916478940659247954e-01
9.941675512572071272e-01
9.962441219855963093e-01
9.978728839037293019e-01
9.990476119924408538e-01
9.996394034047094701e-01
1.000000000000000000e+00
