1.000000000000000000e+00
1.000000000000000000e+00
1.000000000000000000e+00
1.000000000000072831e+00
1.000000000010489387e+00
1.000000000645056675e+00
1.000000018939246393e+00
1.000000323563217330e+00
1.000003665862396307e+00
1.000030031303177358e+00
1.000188194758075966e+00
1.000933342280966309e+00
1.003722222488862226e+00
1.011947966712049007e+00
1.030555497772648765e+00
1.061290909613335831e+00
1.094905175492372207e+00
1.111319942788671300e+00
1.093702674531645824e+00
1.041497166504249172e+00
9.685598879880761292e-01
8.929645284178182596e-01
8.293327555845255716e-01
7.861426133311235631e-01
7.661370082223915023e-01
7.679075259028037559e-01
7.875557455193249456e-01
8.201801669572144071e-01
8.609949439772001112e-01
9.059720862592021140e-01
9.520644457320767140e-01
9.971620450539780967e-01
1.039937315300228704e+00
1.079648316321649482e+00
1.115946004421373594e+00
1.148732294127841058e+00
1.178061798551939043e+00
1.204076636389515009e+00
1.226964532934401664e+00
1.246934030810201488e+00
1.264200568194537633e+00
1.278976513549868965e+00
1.291464141215621586e+00
1.301852117782410279e+00
1.310314096169654663e+00
1.317008525159327537e+00
1.322079153545230978e+00
1.325656201312873206e+00
1.327857790803062210e+00
1.330298988097689428e+00
1.333425734045731614e+00
1.336062363035292133e+00
1.337778714463070839e+00
1.338434256328887129e+00
1.338134672256118929e+00
1.336972963694414762e+00
1.335031383164336560e+00
1.332382964135714554e+00
1.329092695314194161e+00
1.325218522749890715e+00
1.320812213056947515e+00
1.315920096168050613e+00
1.310583710236678412e+00
1.304840358857189297e+00
1.298723646713365376e+00
1.292263951086382034e+00
1.285488771148792120e+00
1.278423026082036840e+00
1.271089322775395880e+00
1.263508200062580356e+00
1.255698349766090960e+00
1.247676818792336828e+00
1.239459188849738602e+00
1.231059761737616443e+00
1.222491728487737239e+00
1.213767287369462267e+00
1.204897742059963361e+00
1.195893591379682652e+00
1.186764613156736425e+00
1.177519941397852321e+00
1.168168139611693190e+00
1.158717269637191905e+00
1.149174956784127843e+00
1.139548467648781038e+00
1.129844779204210115e+00
1.120070619720360927e+00
1.110232506472084157e+00
1.100336786298593106e+00
1.090389676913470884e+00
1.080397308935526768e+00
1.070365765176564121e+00
1.060301117838579943e+00
1.050209462297094332e+00
1.040096948775903751e+00
1.029969816520233117e+00
1.019834420144907217e+00
1.009697244857139964e+00
9.995649230982401878e-01
9.894442534377722032e-01
9.793422194756721266e-01
9.692660110756807779e-01
9.592230463644576544e-01
9.492209943798665117e-01
9.392677961166983058e-01
9.293716855113056674e-01
9.195412081230638357e-01
9.097852376877152425e-01
9.001129904870436294e-01
8.905340325377582023e-01
8.810582788127884202e-01
8.716959885968095234e-01
8.624577592741248244e-01
8.533545172251760791e-01
8.443975066977522648e-01
8.355982759083344646e-01
8.269686628837020770e-01
8.185207812705389552e-01
8.102670076604988614e-01
8.022199694462300856e-01
7.943925309852536421e-01
7.867977717137316640e-01
7.794489547519009021e-01
7.723594847115429207e-01
7.655428555387565615e-01
7.590125915885895802e-01
7.527821864575398036e-01
7.468650364528951480e-01
7.412743676272882665e-01
7.360231609726207713e-01
7.311240741135127674e-01
7.265893593617176460e-01
7.224307787962218619e-01
7.186595185026674049e-01
7.152861009763185063e-01
7.123202946269119318e-01
7.097710210652476981e-01
7.076462650439100388e-01
7.059529905162206243e-01
7.046970643092655973e-01
7.038831853883561473e-01
7.035148170192532247e-01
7.035941228279191106e-01
7.041219114702986781e-01
7.050975916324817572e-01
7.065191357415211426e-01
7.083830499753097643e-01
7.106843517447123393e-01
7.134165577728123209e-01
7.165716827976140735e-01
7.201402468093101028e-01
7.241112895999257670e-01
7.284723936554273749e-01
7.332097176993070953e-01
7.383080428936062978e-01
7.437508303674045251e-01
7.495202875373369045e-01
7.555974412507189264e-01
7.619622189622335950e-01
7.685935387757766302e-01
7.754694071072331107e-01
7.825670214144800907e-01
7.898628762715015350e-01
7.973328718033104723e-01
8.049524236317532333e-01
8.126965741522492737e-01
8.205401043493170121e-01
8.284576455479691903e-01
8.364237910807482690e-01
8.444132091398912632e-01
8.524007564399064263e-01
8.603615930423613722e-01
8.682712974117908766e-01
8.761059811040046164e-01
8.838424003283155139e-01
8.914580631656389142e-01
8.989313321476071206e-01
9.062415236327117096e-01
9.133690020345728300e-01
9.202952657521541457e-01
9.270030242700260104e-01
9.334762647424559301e-01
9.397003068956774063e-01
9.456618436760544366e-01
9.513489654490174807e-01
9.567511650373801135e-01
9.618593219333562150e-01
9.666656619517420834e-01
9.711636893457590292e-01
9.753480905995024486e-01
9.792146082242147997e-01
9.827598842580882454e-01
9.859812737566686636e-01
9.888766293939391661e-01
9.914440589973699813e-01
9.936816597884857716e-01
9.955872347725738258e-01
9.971579975074418289e-01
9.983902727869256033e-01
9.992792016338398753e-01
9.997272859802796008e-01
1.000000000000000000e+00
