1.000000000000000000e+00
1.000000000000000000e+00
1.000000000000000000e+00
1.000000000000181632e+00
1.000000000024167779e+00
1.000000001487540979e+00
1.000000043723412668e+00
1.000000748039711507e+00
1.000008490388802906e+00
1.000069715951667160e+00
1.000438175876311675e+00
1.002181218571872146e+00
1.008739388847452512e+00
1.028218592279730448e+00
1.072747208748031644e+00
1.147762069683316177e+00
1.234207404110666539e+00
1.289189743943728095e+00
1.277530018629454478e+00
1.197997642114582151e+00
1.076336419424233748e+00
9.443553501331306554e-01
8.269957355483621431e-01
7.389971790449582079e-01
6.861730897376471239e-01
6.678862913614969088e-01
6.792554534084138673e-01
7.132055592850413683e-01
7.622577695698117273e-01
8.197737331926563398e-01
8.805526050952036110e-01
9.409172381361822213e-01
9.985358957728803775e-01
1.052104561196730792e+00
1.101001165041324059e+00
1.145031615592819962e+00
1.184256588068643978e+00
1.218879119387519250e+00
1.249174255216055629e+00
1.275449266713781782e+00
1.298022547204906507e+00
1.317207897094945235e+00
1.333303110298766025e+00
1.346584615143594066e+00
1.357305597268492647e+00
1.365696027432647064e+00
1.371963718936454191e+00
1.376296471698427837e+00
1.378864577312769901e+00
1.381330552104643727e+00
1.384183718811002217e+00
1.386375454957998743e+00
1.387739443866264466e+00
1.388047627070826184e+00
1.387198295508568657e+00
1.385317083816639760e+00
1.382515252575957199e+00
1.378891718096241448e+00
1.374534549950281903e+00
1.369522259709267997e+00
1.363924921912136101e+00
1.357805144659528063e+00
1.351218918872624464e+00
1.344216354363874766e+00
1.336842419571959706e+00
1.329137596648701569e+00
1.321138335419116627e+00
1.312877436526507235e+00
1.304384399179289833e+00
1.295685743372493981e+00
1.286805304307572673e+00
1.277764504780987131e+00
1.268582597032201997e+00
1.259276925902177435e+00
1.249863170448705763e+00
1.240355495757397231e+00
1.230766673587690985e+00
1.221108192758326938e+00
1.211390363434818207e+00
1.201622413097188202e+00
1.191812579124172045e+00
1.181968196284118644e+00
1.172095780308034296e+00
1.162201139033825159e+00
1.152289469427193014e+00
1.142365402283502807e+00
1.132433042667960077e+00
1.122496017759867515e+00
1.112557527962004800e+00
1.102620401180637089e+00
1.092687143441448461e+00
1.082759987084691122e+00
1.072840933883720815e+00
1.062931795672031443e+00
1.053034241684708494e+00
1.043149832132132415e+00
1.033280031312894698e+00
1.023426225302464632e+00
1.013589746084911924e+00
1.003771897881833741e+00
9.939739906266703562e-01
9.841973777492227793e-01
9.744434983745452472e-01
9.647139196684469953e-01
9.550103828445025700e-01
9.453348485580672644e-01
9.356895424334173983e-01
9.260770009225481880e-01
9.165001074252765445e-01
9.069621171291143424e-01
8.974666793654356711e-01
8.880178625897551248e-01
8.786201795767606404e-01
8.692786149589845079e-01
8.599986538459852836e-01
8.507863172036312926e-01
8.416482048404453353e-01
8.325915497212339478e-01
8.236242817782649661e-01
8.147550965351787466e-01
8.059935143148011516e-01
7.973499262244733155e-01
7.888356230532962421e-01
7.804628078542413805e-01
7.722445980696379664e-01
7.641950263121225495e-01
7.563290312429599149e-01
7.486624345155598048e-01
7.412119124165983397e-01
7.339949565360561756e-01
7.270298209063796868e-01
7.203354549229430415e-01
7.139314246648230666e-01
7.078378179181803453e-01
7.020751278080193947e-01
6.966641142158809252e-01
6.916256525130664023e-01
6.869805763485168359e-01
6.827495168296213723e-01
6.789527321108503877e-01
6.756099198220205659e-01
6.727400143119771636e-01
6.703609806009801497e-01
6.684896102030625231e-01
6.671413159895785983e-01
6.663299215724307611e-01
6.660674502185272017e-01
6.663639239038799955e-01
6.672271755567911189e-01
6.686626722608467466e-01
6.706733494749610447e-01
6.732594623200908179e-01
6.764184634093308723e-01
6.801449159182624271e-01
6.844304415045640022e-01
6.892636990753333581e-01
6.946303913785615292e-01
7.005133044879309212e-01
7.068923837851259773e-01
7.137448440155627072e-01
7.210453069083782029e-01
7.287659616336701340e-01
7.368767449467198416e-01
7.453455379306153095e-01
7.541383778075864130e-01
7.632196814672808083e-01
7.725524777626245898e-01
7.820986471925308603e-01
7.918191711512188036e-01
8.016743885474432174e-01
8.116242597327304464e-01
8.216286343774898970e-01
8.316475210857986466e-01
8.416413509148106264e-01
8.515712314785492953e-01
8.613991911686736946e-01
8.710884180934436172e-01
8.806034894224699094e-01
8.899105838331816676e-01
8.989776772198782018e-01
9.077747189279237183e-01
9.162737874238613411e-01
9.244492206210445095e-01
9.322777172056069261e-01
9.397384038991104527e-01
9.468128663745011275e-01
9.534851356674961531e-01
9.597416236608768969e-01
9.655710067957485876e-01
9.709640541513618883e-01
9.759133991117360241e-01
9.804132546478002697e-01
9.844590736399588815e-01
9.880471566412624140e-01
9.911742138713172112e-01
9.938368918890825299e-01
9.960312766710005539e-01
9.977523876516353196e-01
9.989936790441238390e-01
9.996189278091393016e-01
1.000000000000000000e+00
