1.000000000000000000e+00
1.000000000000000000e+00
1.000000000000000000e+00
1.000000000000038414e+00
1.000000000006176837e+00
1.000000000378360898e+00
1.000000011053472360e+00
1.000000187668962148e+00
1.000002109748797663e+00
1.000017114363172865e+00
1.000105907082958101e+00
1.000516686885071671e+00
1.002016017030713080e+00
1.006280491401392307e+00
1.015391256098534756e+00
1.028930832291232278e+00
1.040070185960734417e+00
1.036979963350566081e+00
1.011620158686755033e+00
9.665433144965976942e-01
9.126608255583864571e-01
8.625204087811274567e-01
8.254549829325990018e-01
8.060190031347095330e-01
8.045816004855628201e-01
8.187647787759391171e-01
8.448453875300021565e-01
8.788558453278454419e-01
9.172758578179315281e-01
9.573348607955558531e-01
9.970426514527949147e-01
1.035082115903291688e+00
1.070665921020121703e+00
1.103389522173999548e+00
1.133098678629128386e+00
1.159795410120266768e+00
1.183574334949696771e+00
1.204581035104262288e+00
1.222985575960755300e+00
1.238967112725210429e+00
1.252705489578355369e+00
1.264375157868136590e+00
1.274140837992922881e+00
1.282155455899665952e+00
1.288559445313838703e+00
1.293480833721999179e+00
1.297035772866743875e+00
1.299329518349328305e+00
1.300457576835226448e+00
1.302014478421628096e+00
1.304427378917019542e+00
1.306265708342387644e+00
1.307110741012509347e+00
1.307038243957329815e+00
1.306137182953580611e+00
1.304485855134769334e+00
1.302153524195885703e+00
1.299201719613649608e+00
1.295685243046671209e+00
1.291653023589451221e+00
1.287148851362643898e+00
1.282212006818321148e+00
1.276877805397298005e+00
1.271178067339942430e+00
1.265141563330664631e+00
1.258794405891009216e+00
1.252160344718566298e+00
1.245261019468188124e+00
1.238116186086088533e+00
1.230743922449023531e+00
1.223160814004832675e+00
1.215382122952137767e+00
1.207421938774148051e+00
1.199293330966342497e+00
1.191008488178970426e+00
1.182578818261297737e+00
1.174015032482399468e+00
1.165327222467509749e+00
1.156524931850731575e+00
1.147617222137485182e+00
1.138612734938047932e+00
1.129519750160909997e+00
1.120346240802053472e+00
1.111099936255502962e+00
1.101788378566303184e+00
1.092418957561406279e+00
1.082998943085767163e+00
1.073535518745285300e+00
1.064035815609283508e+00
1.054506945828792119e+00
1.044956033652684635e+00
1.035390244297206497e+00
1.025816809708173905e+00
1.016243052132394631e+00
1.006676408761943753e+00
9.971244500540101807e-01
9.875948893968780062e-01
9.780955930551454847e-01
9.686345909363294204e-01
9.592200865272410004e-01
9.498604675896493710e-01
9.405643164489219110e-01
9.313404197390445782e-01
9.221977759848924983e-01
9.131456020620178915e-01
9.041933369509365104e-01
8.953506428883997170e-01
8.866274038877974828e-01
8.780337181944855018e-01
8.695798842178715793e-01
8.612763828354664808e-01
8.531338577147931090e-01
8.451630928041378166e-01
8.373749876727552000e-01
8.297805302879844858e-01
8.223907690397680437e-01
8.152167842729894920e-01
8.082696604814968433e-01
8.015604586316672497e-01
7.951001872849062790e-01
7.888997685118241954e-01
7.829699979109936425e-01
7.773214982144484031e-01
7.719646673549873661e-01
7.669096234316115090e-01
7.621661498027230142e-01
7.577436385425793119e-01
7.536510318121431018e-01
7.498967643837786134e-01
7.464887064298716401e-01
7.434341066773977325e-01
7.407395364921611769e-01
7.384108363654551255e-01
7.364530642083940704e-01
7.348704448008304135e-01
7.336663207927411889e-01
7.328431082480565406e-01
7.324022587291965092e-01
7.323442286202183071e-01
7.326684541376615734e-01
7.333733300586663395e-01
7.344561924837869071e-01
7.359133082286269945e-01
7.377398715350261815e-01
7.399300067227042588e-01
7.424767749352025881e-01
7.453721853718344725e-01
7.486072126075734579e-01
7.521718197170452758e-01
7.560549856603917540e-01
7.602447359731839827e-01
7.647281772236158570e-01
7.694915365207701807e-01
7.745202072083487987e-01
7.797987998913104013e-01
7.853111972589936762e-01
7.910406115625355783e-01
7.969696455727253159e-01
8.030803576420870726e-01
8.093543302563054320e-01
8.157727406871692066e-01
8.223164328748117091e-01
8.289659901204057268e-01
8.357018082469008791e-01
8.425041692819893457e-01
8.493533153312782247e-01
8.562295224046709841e-01
8.631131742885284064e-01
8.699848373099768883e-01
8.768253358141532283e-01
8.836158285827917513e-01
8.903378856111189288e-01
8.969735648249641535e-01
9.035054869740409833e-01
9.099169078327038473e-01
9.161917873604595863e-01
9.223148564864364074e-01
9.282716800979813332e-01
9.340487140519515563e-01
9.396333555834428530e-01
9.450139857639927587e-01
9.501800029585610874e-01
9.551218453695035082e-01
9.598310009843251667e-01
9.643000029435125908e-01
9.685224090020256860e-01
9.724927625477999271e-01
9.762065331534505175e-01
9.796600360337502922e-01
9.828503293328025858e-01
9.857750890958953960e-01
9.884324622502640434e-01
9.908208985465937202e-01
9.929389629684979290e-01
9.947851314240953036e-01
9.963575736684677775e-01
9.976539279962600704e-01
9.986710731308218181e-01
9.994049033321094067e-01
9.997749420313869484e-01
1.000000000000000000e+00
