1.000000000000000000e+00
1.000000000000000000e+00
1.000000000000000000e+00
1.000000000000062839e+00
1.000000000009296786e+00
1.000000000571293901e+00
1.000000016759335031e+00
1.000000286020870988e+00
1.000003236292932307e+00
1.000026468807848845e+00
1.000165525486946372e+00
1.000818724664547021e+00
1.003253759126072620e+00
1.010395886419314326e+00
1.026417056161638808e+00
1.052499829658610553e+00
1.080093101459602245e+00
1.091366490158761637e+00
1.071795662319108944e+00
1.021546012098130563e+00
9.536160980660719488e-01
8.846222232636734573e-01
8.278483374878778944e-01
7.908002719434683581e-01
7.756292447717898497e-01
7.806716542529268388e-01
8.020562909051754952e-01
8.351069558702881590e-01
8.753580364315630691e-01
9.191077441166413120e-01
9.635870383226018410e-01
1.006895933707041113e+00
1.047849911996092453e+00
1.085795799760867153e+00
1.120435189037001233e+00
1.151695434253761308e+00
1.179640735196108903e+00
1.204413276401042898e+00
1.226195441048345991e+00
1.245187495556820068e+00
1.261595096744669631e+00
1.275620330021740800e+00
1.287455376814804042e+00
1.297279363673394137e+00
1.305257124508400590e+00
1.311539067256460633e+00
1.316261672295756302e+00
1.319548602156229045e+00
1.321512049060064253e+00
1.323761704368957348e+00
1.326738606990595537e+00
1.329208106627617347e+00
1.330742339929691820e+00
1.331250046125527442e+00
1.330832684836841695e+00
1.329579538582551956e+00
1.327569570841482527e+00
1.324872898226725271e+00
1.321551923458686773e+00
1.317662301188585294e+00
1.313253769049582464e+00
1.308370862181812866e+00
1.303053533112684237e+00
1.297337687132250839e+00
1.291255695087423438e+00
1.284836844510484966e+00
1.278107675521924058e+00
1.271092267748103799e+00
1.263812497761130249e+00
1.256288273689888602e+00
1.248537747409511844e+00
1.240577508375257709e+00
1.232422756028569211e+00
1.224087476782822037e+00
1.215584605512649796e+00
1.206926139169034906e+00
1.198123231623898999e+00
1.189186280365455817e+00
1.180125007459665643e+00
1.170948534047618228e+00
1.161665451041564046e+00
1.152283885441375721e+00
1.142811563035428080e+00
1.133255882633576350e+00
1.123623982033051583e+00
1.113922777752615056e+00
1.104159001647262217e+00
1.094339240012605519e+00
1.084469973231505069e+00
1.074557615930531451e+00
1.064608554442960653e+00
1.054629182177119651e+00
1.044625931666557594e+00
1.034605304500080925e+00
1.024573903368258154e+00
1.014538456706344682e+00
1.004505832899174722e+00
9.944830555967824059e-01
9.844773208907894313e-01
9.744960142659800928e-01
9.645467294433427430e-01
9.546372876528926854e-01
9.447757572073580690e-01
9.349704712918787131e-01
9.252300453642993139e-01
9.155633920967793937e-01
9.059797340034744240e-01
8.964886136959118179e-01
8.870998971901857821e-01
8.778237695600824564e-01
8.686707266927872206e-01
8.596515652529560514e-01
8.507773696505939176e-01
8.420594968157590898e-01
8.335095581162638156e-01
8.251394007232616401e-01
8.169610886512621573e-01
8.089868849010743990e-01
8.012292338398350200e-01
7.937007418394820268e-01
7.864141504735725485e-01
7.793823010362138648e-01
7.726180893222607260e-01
7.661344115301914615e-01
7.599441042923160694e-01
7.540598830165733402e-01
7.484942758289678810e-01
7.432595522524176879e-01
7.383676508713448161e-01
7.338301045775699194e-01
7.296579633698415668e-01
7.258617153864341809e-01
7.224512081616428771e-01
7.194355692671190461e-01
7.168231254357751991e-01
7.146213208075617995e-01
7.128366386674639399e-01
7.114745297470750351e-01
7.105393483757810325e-01
7.100342946051220183e-01
7.099613598259005842e-01
7.103212766803361777e-01
7.111134773621303751e-01
7.123360617076346379e-01
7.139857735001300387e-01
7.160579827061268610e-01
7.185466745542069544e-01
7.214444480987731723e-01
7.247425241597423851e-01
7.284307606612966390e-01
7.324976741791942025e-01
7.369304685186423010e-01
7.417150722924915618e-01
7.468361872135940160e-01
7.522773458762663790e-01
7.580209767542019916e-01
7.640484746650797465e-01
7.703402777850496541e-01
7.768759519739996122e-01
7.836342813460109857e-01
7.905933628721582007e-01
7.977307035460212692e-01
8.050233193024193268e-01
8.124478349992684256e-01
8.199805853647118559e-01
8.275977162666731113e-01
8.352752858243637224e-01
8.429893653898763439e-01
8.507161415603716748e-01
8.584320189169727389e-01
8.661137238182960996e-01
8.737384084297995512e-01
8.812837544514819932e-01
8.887280740825351799e-01
8.960504071108615909e-01
9.032306138183223698e-01
9.102494649105453695e-01
9.170887266760625600e-01
9.237312385017254490e-01
9.301609821764891262e-01
9.363631413855423302e-01
9.423241502501302769e-01
9.480317285199333366e-01
9.534749013575180010e-01
9.586440012007870770e-01
9.635306501214933039e-01
9.681277192827386635e-01
9.724292627835900982e-01
9.764304251409738900e-01
9.801273209040430867e-01
9.835168861439083088e-01
9.865967021195737319e-01
9.893647921997770212e-01
9.918193937867473275e-01
9.939587087550060263e-01
9.957806374394890803e-01
9.972825019423763315e-01
9.984607657165679440e-01
9.993107571699144653e-01
9.997392531514016634e-01
1.000000000000000000e+00
