1.000000000000000000e+00
1.000000000000000000e+00
1.000000000000000000e+00
1.000000000000103917e+00
1.000000000014008128e+00
1.000000000862380833e+00
1.000000025353681599e+00
1.000000433864143501e+00
1.000004925637244524e+00
1.000040455515526894e+00
1.000254344359579717e+00
1.001266634912972631e+00
1.005078316925160475e+00
1.016414326245855371e+00
1.042372086996841585e+00
1.086140334872806923e+00
1.136248597720903586e+00
1.166195568767636193e+00
1.153008716347592166e+00
1.094691834717058665e+00
1.007850249216710514e+00
9.145834518485351783e-01
8.329644663746509359e-01
7.738632441264828854e-01
7.414370787339091828e-01
7.348786438517150854e-01
7.502046819197025762e-01
7.819276714445888565e-01
8.244210689892422783e-01
8.727911528294395316e-01
9.232485068271181206e-01
9.731234067541709720e-01
1.020711012460146838e+00
1.065040373771137139e+00
1.105636300435658415e+00
1.142341401715462279e+00
1.175192143613724927e+00
1.204336525460445451e+00
1.229981263028781635e+00
1.252360630452683310e+00
1.271719004871358472e+00
1.288298397418361940e+00
1.302329692093187274e+00
1.314028275875796403e+00
1.323592282604938219e+00
1.331202330360685915e+00
1.337022103969923270e+00
1.341199746669464732e+00
1.343869560794361373e+00
1.346661258123404981e+00
1.350034112508049944e+00
1.352911999285090205e+00
1.354905402538257198e+00
1.355793476136454512e+00
1.355652835817208635e+00
1.354586460111067758e+00
1.352685430830383506e+00
1.350030619074433336e+00
1.346693968482028048e+00
1.342739593156562439e+00
1.338224726030970313e+00
1.333200536398148284e+00
1.327712841219597095e+00
1.321802720300311096e+00
1.315507113875290290e+00
1.308859349428555863e+00
1.301889525998621178e+00
1.294624841343057442e+00
1.287089886393678162e+00
1.279306914807113671e+00
1.271296087404867103e+00
1.263075696222108357e+00
1.254662363622717658e+00
1.246071250209380699e+00
1.237316244845597879e+00
1.228410093933915759e+00
1.219364507822155552e+00
1.210190258050237722e+00
1.200897268423739783e+00
1.191494698794812956e+00
1.181991024927325995e+00
1.172394113574983132e+00
1.162711293694207226e+00
1.152949443785366235e+00
1.143115069146977802e+00
1.133214345148300772e+00
1.123253157003391012e+00
1.113237143463258194e+00
1.103171741856215027e+00
1.093062234447089720e+00
1.082913791862723407e+00
1.072731514391190855e+00
1.062520469526925249e+00
1.052285727384718594e+00
1.042032399698087808e+00
1.031765669666154350e+00
1.021490808548659146e+00
1.011213194541729310e+00
1.000938335021862358e+00
9.906718894420305510e-01
9.804196958331818923e-01
9.701877990441433175e-01
9.599824806546161104e-01
9.498102878242604685e-01
9.396780630814522972e-01
9.295929723128101285e-01
9.195625312472599511e-01
9.095946304177183750e-01
8.996975523673510500e-01
8.898799801030939927e-01
8.801510019782446959e-01
8.705201159260589350e-01
8.609972314089737733e-01
8.515926701899754203e-01
8.423171649902253533e-01
8.331818592194490947e-01
8.241983080680481688e-01
8.153784829284560498e-01
8.067347778586236862e-01
7.982800151747695416e-01
7.900274418528240306e-01
7.819907146295520528e-01
7.741838718225255711e-01
7.666212926109926551e-01
7.593176475379029844e-01
7.522878457762204318e-01
7.455469747290780491e-01
7.391102301853643697e-01
7.329928425889628008e-01
7.272099968679044402e-01
7.217767452075636303e-01
7.167079132371919625e-01
7.120180020369225593e-01
7.077210843074419611e-01
7.038306929532330836e-01
7.003597026899839317e-01
6.973202109206583232e-01
6.947234223995572000e-01
6.925795396841887275e-01
6.908976567634023125e-01
6.896856523832168850e-01
6.889500846005935930e-01
6.886960931740494507e-01
6.889273125037163048e-01
6.896457933976859467e-01
6.908519308996516894e-01
6.925444002717849878e-01
6.947201059128063072e-01
6.973741438226715994e-01
7.004997753441690733e-01
7.040884110432956700e-01
7.081296066152746871e-01
7.126110744058808955e-01
7.175187136859960679e-01
7.228366582012648589e-01
7.285473377888862512e-01
7.346315515310525290e-01
7.410685541860513315e-01
7.478361570509789447e-01
7.549108415096250635e-01
7.622678816591281770e-01
7.698814734952993399e-01
7.777248691090942190e-01
7.857705145073772268e-01
7.939901905756130418e-01
8.023551558606500933e-01
8.108362901184924532e-01
8.194042383891786407e-01
8.280295571560331025e-01
8.366828619237942632e-01
8.453349765851155828e-01
8.539570832279695933e-01
8.625208715402806758e-01
8.709986840555166143e-01
8.793636556494426326e-01
8.875898470197783885e-01
8.956523743094495504e-01
9.035275324476490511e-01
9.111929081764453819e-01
9.186274823700547598e-01
9.258117197078626903e-01
9.327276445084730083e-01
9.393588996216311049e-01
9.456907858011038837e-01
9.517102782661742699e-01
9.574060185725262739e-01
9.627682770314071048e-01
9.677888818863075171e-01
9.724611143845992567e-01
9.767795675565554836e-01
9.807399682740239877e-01
9.843389628239759270e-01
9.875738672182867717e-01
9.904423842589199500e-01
9.929422918863878289e-01
9.950711094742789031e-01
9.968257496605181789e-01
9.982021649700975052e-01
9.991949995616190572e-01
9.996953428952887188e-01
1.000000000000000000e+00
