1.000000000000000000e+00
1.000000000000000000e+00
1.000000000000000000e+00
9.999999999999995559e-01
9.999999999999880096e-01
9.999999999964652719e-01
9.999999997950669295e-01
9.999999943648886225e-01
9.999999062050657361e-01
9.999989248956643317e-01
9.999908285267863350e-01
9.999389824987788833e-01
9.996755195201403321e-01
9.986100597463380968e-01
9.952193293206214042e-01
9.868675318929677198e-01
9.711191918939722223e-01
9.483396764081474251e-01
9.227531092083492981e-01
9.003368623857728181e-01
8.858095420009733933e-01
8.812040466989299325e-01
8.861416454360664385e-01
8.988039244148710027e-01
9.168783432248870380e-01
9.381862049252117641e-01
9.609608908885581835e-01
9.839047523590223054e-01
1.006137686760202099e+00
1.027107684283479649e+00
1.046501041834271284e+00
1.064168404475871244e+00
1.080071583108693334e+00
1.094243903007800833e+00
1.106759566104993597e+00
1.117713974349830330e+00
1.127211439683917682e+00
1.135357733885496101e+00
1.142255741399946567e+00
1.148003371665048178e+00
1.152692828442622108e+00
1.156410054447165381e+00
1.159234323729356086e+00
1.161238263508963087e+00
1.162488118853371999e+00
1.163044140412123895e+00
1.162961028839870847e+00
1.162288464642249330e+00
1.161071651599312027e+00
1.160200267367353044e+00
1.159750725199163224e+00
1.158908919542871896e+00
1.157582272694198222e+00
1.155820622937933750e+00
1.153667842094833640e+00
1.151162753316521403e+00
1.148339907969998075e+00
1.145230207798680899e+00
1.141861396191784506e+00
1.138258471991204335e+00
1.134444041145242776e+00
1.130438616276403963e+00
1.126260873955082564e+00
1.121927875560788657e+00
1.117455269985164978e+00
1.112857470241180202e+00
1.108147792159440037e+00
1.103338573459330174e+00
1.098441279225853773e+00
1.093466596333768859e+00
1.088424517634114963e+00
1.083324417500361347e+00
1.078175118490529716e+00
1.072984955822052111e+00
1.067761835095155432e+00
1.062513275832138948e+00
1.057246448299362651e+00
1.051968206419655383e+00
1.046685117539804866e+00
1.041403489040692021e+00
1.036129392547385564e+00
1.030868685721774813e+00
1.025627031910497422e+00
1.020409921107034767e+00
1.015222687806483393e+00
1.010070521907870722e+00
1.004958478011160672e+00
9.998914843987883883e-01
9.948743512906064179e-01
9.899117783939005433e-01
9.850083611056839050e-01
9.801685955486664215e-01
9.753968822520729942e-01
9.706975287821334453e-01
9.660747522313657409e-01
9.615326797012279103e-01
9.570753462962573455e-01
9.527066930243310861e-01
9.484305647807810269e-01
9.442507080309766598e-01
9.401707686315120549e-01
9.361942895373254192e-01
9.323247084060601875e-01
9.285653547661699703e-01
9.249194470553648850e-01
9.213900892247802732e-01
9.179802669967093154e-01
9.146928438507931913e-01
9.115305560298129217e-01
9.084960065769457360e-01
9.055916591460922982e-01
9.028198320214420036e-01
9.001826922007818421e-01
8.976822497405465562e-01
8.953203523061054048e-01
8.930986803400385865e-01
8.910187429075996368e-01
8.890818744513064864e-01
8.872892323265358927e-01
8.856417948262140794e-01
8.841403588849214845e-01
8.827855373398953986e-01
8.815777556707524720e-01
8.805172483911671844e-01
8.796040555593950261e-01
8.788380199768933698e-01
8.782187846732397718e-01
8.777457905149377293e-01
8.774182744821603652e-01
8.772352683446283939e-01
8.771955976669156829e-01
8.772978811473611804e-01
8.775405304644005033e-01
8.779217504158134400e-01
8.784395391401130793e-01
8.790916884009901677e-01
8.798757843832519798e-01
8.807892092606214307e-01
8.818291435703363712e-01
8.829925690447749664e-01
8.842762715012937313e-01
8.856768438090277806e-01
8.871906893580150388e-01
8.888140261306397560e-01
8.905428911333790332e-01
8.923731448852763037e-01
8.943004760606206860e-01
8.963204065997077974e-01
8.984282972883049778e-01
9.006193536032605085e-01
9.028886317327862177e-01
9.052310449283467175e-01
9.076413704886163725e-01
9.101142576531217054e-01
9.126442363498252774e-01
9.152257266273946534e-01
9.178530486696896418e-01
9.205204336197377879e-01
9.232220354013844776e-01
9.259519435117239405e-01
9.287041966191044162e-01
9.314727968793216073e-01
9.342517249475771335e-01
9.370349556647001865e-01
9.398164744490935529e-01
9.425902943465785944e-01
9.453504736903872718e-01
9.480911343635876065e-01
9.508064807664737828e-01
9.534908194007158944e-01
9.561385790323828626e-01
9.587443312395239614e-01
9.613028111582403445e-01
9.638089379930104839e-01
9.662578349895108998e-01
9.686448486375002220e-01
9.709655670255648019e-01
9.732158368992611663e-01
9.753917788316451842e-01
9.774898001676058934e-01
9.795066052738958806e-01
9.814392026742585484e-01
9.832849085063168904e-01
9.850413457851516785e-01
9.867064389248353384e-01
9.882784031053518659e-01
9.897557279021444998e-01
9.911371547259942849e-01
9.924216479078384889e-01
9.936083592477865656e-01
9.946965860715216712e-01
9.956857229892569494e-01
9.965752077348269955e-01
9.973644616345407332e-01
9.980528255515807023e-01
9.986394924144006424e-01
9.991234376021246311e-01
9.995033486638925657e-01
9.997775559914282573e-01
9.999159560182293571e-01
1.000000000000000000e+00
