1.000000000000000000e+00
1.000000000000000000e+00
1.000000000000000000e+00
1.000000000000196732e+00
1.000000000026706193e+00
1.000000001643224445e+00
1.000000048280011766e+00
1.000000825594893339e+00
1.000009365152344731e+00
1.000076843669476911e+00
1.000482544722254064e+00
1.002399363283425826e+00
1.009599245348711705e+00
1.030934935607491942e+00
1.079549331450400551e+00
1.161069832222589193e+00
1.254368865919421427e+00
1.312956069802828196e+00
1.299660921137712810e+00
1.214253507756679173e+00
1.084870588822505644e+00
9.453858990755436009e-01
8.219578950019147401e-01
7.298075801609287261e-01
6.747391382521381598e-01
6.558391763486323134e-01
6.678283531717877919e-01
7.032167607715908986e-01
7.541641265813977535e-01
8.137552515599461023e-01
8.765982682248554259e-01
9.388976849410964887e-01
9.982619713140411521e-01
1.053367718110663986e+00
1.103594219996062442e+00
1.148758374456660514e+00
1.188935577263105836e+00
1.224344391837245194e+00
1.255274854092842673e+00
1.282048471901739761e+00
1.304997392739727369e+00
1.324448512387170540e+00
1.340711713536623551e+00
1.354074418661100676e+00
1.364799747989507317e+00
1.373126630638823897e+00
1.379270961894669911e+00
1.383427906910526417e+00
1.385774573813437049e+00
1.387979816655608323e+00
1.390538865922057443e+00
1.392416971917306734e+00
1.393469162618685031e+00
1.393459641888914025e+00
1.392272342027884413e+00
1.390037453334680873e+00
1.386870349308865658e+00
1.382873676296751064e+00
1.378138880907154418e+00
1.372747526661547646e+00
1.366772441605853761e+00
1.360278713297041309e+00
1.353324560909092700e+00
1.345962091656492943e+00
1.338238068532999314e+00
1.330194591157552342e+00
1.321869560751194994e+00
1.313297071647643754e+00
1.304507767600364243e+00
1.295529173192721650e+00
1.286385997395326886e+00
1.277100415234713848e+00
1.267692317893514664e+00
1.258179588003932592e+00
1.248578352780239653e+00
1.238903139691887256e+00
1.229166998973832525e+00
1.219381615818672548e+00
1.209557416706155353e+00
1.199703667318556155e+00
1.189828567383674152e+00
1.179939340483949328e+00
1.170042320058070739e+00
1.160143066230318931e+00
1.150246467496324199e+00
1.140356785118037175e+00
1.130477693109254611e+00
1.120612326635121336e+00
1.110763334243066058e+00
1.100932933801059610e+00
1.091122964586723532e+00
1.081334936879530417e+00
1.071570076107154046e+00
1.061829364385292296e+00
1.052113589605637722e+00
1.042423379451145715e+00
1.032759212925557613e+00
1.023121437036063730e+00
1.013510290700240235e+00
1.003925931200678745e+00
9.943684686723117672e-01
9.848380055110055320e-01
9.753346808439518068e-01
9.658587153658525493e-01
9.564104604620418115e-01
9.469904469176594342e-01
9.375994340785117620e-01
9.282384597197261833e-01
9.189088795032498425e-01
9.096123943394957001e-01
9.003510754458982079e-01
8.911273928184237914e-01
8.819442445093778060e-01
8.728049891391896908e-01
8.637134803142930695e-01
8.546741093425683777e-01
8.456918572834404291e-01
8.367723605773690343e-01
8.279219883313652106e-01
8.191479261554815983e-01
8.104582507782807088e-01
8.018619912483687662e-01
7.933691724215217178e-01
7.849908415988896548e-01
7.767390848333570741e-01
7.686270430819025501e-01
7.606689185994043312e-01
7.528799670038189840e-01
7.452764845564298080e-01
7.378757841928685890e-01
7.306961572483424705e-01
7.237568198889948734e-01
7.170778469170517866e-01
7.106800873765760640e-01
7.045850558643580452e-01
6.988147982137480341e-01
6.933917418427433255e-01
6.883385379488773381e-01
6.836778977816900804e-01
6.794324158370188549e-01
6.756243709969297351e-01
6.722755074285418075e-01
6.694068083256579094e-01
6.670382680660068564e-01
6.651886593797473601e-01
6.638752902652401700e-01
6.631137562724931378e-01
6.629177002524324624e-01
6.632985832114378644e-01
6.642654640091575358e-01
6.658247883091491515e-01
6.679801940987887265e-01
6.707323450857307634e-01
6.740788024739814421e-01
6.780139352969436484e-01
6.825288653624639323e-01
6.876114439403709921e-01
6.932462665324883311e-01
6.994147303437984187e-01
7.060951321247698198e-01
7.132627992868314504e-01
7.208902491395337009e-01
7.289473728045070544e-01
7.374016403527929864e-01
7.462183254165219992e-01
7.553607453768205193e-01
7.647905136315322761e-01
7.744678022040819565e-01
7.843516170065921722e-01
7.944000830420669956e-01
8.045707392744605446e-01
8.148208391207981682e-01
8.251076538586205045e-01
8.353887698197977052e-01
8.456223754534243353e-01
8.557675376556395097e-01
8.657844726260300883e-01
8.756348063362996426e-01
8.852818163124540618e-01
8.946906550418044501e-01
9.038285520353666058e-01
9.126649935062123298e-01
9.211718744212146204e-01
9.293236189971302297e-01
9.370972641076572573e-01
9.444725032576600787e-01
9.514316820241864869e-01
9.579597378222868276e-01
9.640440832057760590e-01
9.696744283904804584e-01
9.748425421370151556e-01
9.795419509637294242e-01
9.837675781533684605e-01
9.875153250172605812e-01
9.907816017978904322e-01
9.935628196699086701e-01
9.958548566536642443e-01
9.976525134062192990e-01
9.989489767968477985e-01
9.996019550723752589e-01
1.000000000000000000e+00
