1.000000000000000000e+00
1.000000000000000000e+00
1.000000000000000000e+00
1.000000000000046185e+00
1.000000000007202239e+00
1.000000000441776837e+00
1.000000012929378457e+00
1.000000220012627672e+00
1.000002480338651134e+00
1.000020192801886587e+00
1.000125536176556196e+00
1.000616193070702709e+00
1.002424133167579834e+00
1.007639031744796965e+00
1.019036876760569754e+00
1.036740504692058140e+00
1.053366875437168115e+00
1.055097709380404147e+00
1.031700524458938784e+00
9.848732795506585092e-01
9.261942703410466216e-01
8.695938693168298039e-01
8.257790172474864798e-01
8.003388405711269193e-01
7.942601496901994240e-01
8.053990889325126634e-01
8.299641494151007715e-01
8.637311537663462380e-01
9.028501169265447102e-01
9.442320471134298954e-01
9.856235219043782969e-01
1.025511674237935766e+00
1.062976037456248468e+00
1.097528597501368219e+00
1.128966509776430316e+00
1.157266420773097382e+00
1.182512420420525068e+00
1.204848680760147506e+00
1.224449204127243229e+00
1.241500106133893944e+00
1.256189829966364746e+00
1.268702087484181007e+00
1.279210842093811529e+00
1.287877869659574070e+00
1.294851869802023048e+00
1.300268470249482222e+00
1.304250740293435795e+00
1.306910209039520598e+00
1.308348076117737957e+00
1.310164051482446856e+00
1.312790045182636423e+00
1.314868255319121326e+00
1.315976274057123030e+00
1.316127234466479168e+00
1.315414491327889346e+00
1.313920197514618859e+00
1.311717017956343101e+00
1.308869490249179313e+00
1.305435076393122840e+00
1.301465057527963376e+00
1.297005302214634392e+00
1.292096926010399827e+00
1.286776862784711817e+00
1.281078357740755180e+00
1.275031436601942403e+00
1.268663317921294720e+00
1.261998722828052255e+00
1.255060139964308874e+00
1.247868062870420625e+00
1.240441205885522757e+00
1.232796699176498256e+00
1.224950266619974526e+00
1.216916384066217827e+00
1.208708440552451746e+00
1.200338885263214417e+00
1.191819332445241075e+00
1.183160649496211914e+00
1.174373037463771086e+00
1.165466106097517107e+00
1.156448942876320718e+00
1.147330178342190088e+00
1.138118047276416966e+00
1.128820446398911992e+00
1.119445001590469557e+00
1.109999127655843632e+00
1.100490065266588324e+00
1.090924914938248724e+00
1.081310672846324428e+00
1.071654266801063127e+00
1.061962592341397338e+00
1.052242546202101670e+00
1.042501057657143182e+00
1.032745116690664045e+00
1.022981800004900688e+00
1.013218298450813792e+00
1.003461937777104795e+00
9.937201901326035980e-01
9.840006861221681778e-01
9.743112280243119150e-01
9.646598023712722458e-01
9.550545936518021195e-01
9.455039978676182955e-01
9.360166358041955847e-01
9.266013642367499914e-01
9.172672862228804513e-01
9.080237587313262360e-01
8.988803977162952430e-01
8.898470805924298954e-01
8.809339422915356543e-01
8.721513643549071437e-01
8.635099602344675773e-01
8.550205585937710184e-01
8.466941836355877937e-01
8.385420331710317088e-01
8.305754539292991012e-01
8.228059160765849311e-01
8.152449871893637789e-01
8.079043069230815721e-01
8.007955617329468589e-01
7.939304581041398690e-01
7.873206897336320065e-01
7.809778978048252940e-01
7.749136236717598658e-01
7.691392548381972283e-01
7.636659668712419968e-01
7.585046648087068188e-01
7.536659220081840527e-01
7.491599158763997401e-01
7.449963640723841207e-01
7.411844601521042630e-01
7.377328087414372071e-01
7.346493608649424800e-01
7.319413510970331771e-01
7.296152358853906783e-01
7.276766323358211386e-01
7.261302579542026070e-01
7.249798747968569934e-01
7.242282403832682736e-01
7.238770662631262010e-01
7.239269825820842108e-01
7.243775065086829335e-01
7.252270149880520878e-01
7.264727248847288044e-01
7.281106814155977602e-01
7.301357534088723789e-01
7.325416333804024571e-01
7.353208429598865337e-01
7.384647455742208155e-01
7.419635661320370668e-01
7.458064160011391719e-01
7.499813222211992869e-01
7.544752615051820710e-01
7.592742005095722835e-01
7.643631436722175820e-01
7.697261876300549588e-01
7.753465804332833056e-01
7.812067842117434990e-01
7.872885421955098106e-01
7.935729507543060057e-01
8.000405356979003457e-01
8.066713311908759731e-01
8.134449602252703526e-01
8.203407161154220306e-01
8.273376445705837856e-01
8.344146263603302582e-01
8.415504601515945149e-01
8.487239452125974193e-01
8.559139640649134906e-01
8.630995660380419432e-01
8.702600515154094163e-01
8.773750571383753805e-01
8.844246413159674303e-01
8.913893695886024870e-01
8.982503978636025010e-01
9.049895525779860783e-01
9.115894074527431945e-01
9.180333576734754919e-01
9.243056899553262484e-01
9.303916460869482430e-01
9.362774793402808271e-01
9.419505023116049314e-01
9.473991251049685980e-01
9.526128817844982111e-01
9.575824432830595256e-01
9.622996146055867728e-01
9.667573149098632745e-01
9.709495376464846172e-01
9.748712885083523627e-01
9.785185005172282180e-01
9.818879250315374341e-01
9.849769984937322143e-01
9.877836852361834286e-01
9.903062973437835037e-01
9.925432931660329583e-01
9.944930575280718221e-01
9.961536679511651116e-01
9.975226518332446224e-01
9.985967405259698060e-01
9.993716269034846889e-01
9.997623304300237157e-01
1.000000000000000000e+00
