1.000000000000000000e+00
1.000000000000000000e+00
1.000000000000000000e+00
1.000000000000107248e+00
1.000000000014378942e+00
1.000000000885249207e+00
1.000000026027843658e+00
1.000000445440092811e+00
1.000005057617727733e+00
1.000041545278006261e+00
1.000261241454905692e+00
1.001301269626758472e+00
1.005218630551137471e+00
1.016873848623936594e+00
1.043578849473279169e+00
1.088653754254743200e+00
1.140379782945761367e+00
1.171599526831229809e+00
1.158754091096977579e+00
1.099754553252782596e+00
1.011513275481092489e+00
9.165316426811219719e-01
8.332072107354961954e-01
7.726237440190988348e-01
7.390590421275377020e-01
7.317533675845636632e-01
7.467104851315576886e-01
7.783850362113773347e-01
8.210695069280263825e-01
8.697872004021778292e-01
9.206778164721894919e-01
9.710185579286025881e-01
1.019069346695696154e+00
1.063838408397972612e+00
1.104839560364098139e+00
1.141910682827712353e+00
1.175087277307545586e+00
1.204518507734094745e+00
1.230413362552435830e+00
1.253008921283543797e+00
1.272552594833446848e+00
1.289289436658781041e+00
1.303453226789150765e+00
1.315262030759073664e+00
1.324916419074487317e+00
1.332599204883432975e+00
1.338476039496823145e+00
1.342696830162257271e+00
1.345397470688323383e+00
1.348209113363795009e+00
1.351592343142580477e+00
1.354472229230941016e+00
1.356471260412600355e+00
1.357368147739247854e+00
1.357229618058478415e+00
1.356159635918960271e+00
1.354250155821570489e+00
1.351582823915141507e+00
1.348230271963896332e+00
1.344257224682509744e+00
1.339721456464077365e+00
1.334674616248830104e+00
1.329162945352285741e+00
1.323227898322635987e+00
1.316906746705579057e+00
1.310233111384538685e+00
1.303237350268443784e+00
1.295946888240621764e+00
1.288386514190931642e+00
1.280578653022356628e+00
1.272543612370325983e+00
1.264299808801490954e+00
1.255863968825851718e+00
1.247251339071151932e+00
1.238475878398465735e+00
1.229550388253049187e+00
1.220486619828550445e+00
1.211295372004539406e+00
1.201986583087338412e+00
1.192569415201261585e+00
1.183052334762950020e+00
1.173443188142195615e+00
1.163749273442198362e+00
1.153977428782978931e+00
1.144134110352780231e+00
1.134225435852581843e+00
1.124257224411257861e+00
1.114235040533006149e+00
1.104164239455861729e+00
1.094050013891323392e+00
1.083897437806902397e+00
1.073711508075141596e+00
1.063497182327943325e+00
1.053259414672912619e+00
1.043003195106274150e+00
1.032733579626184950e+00
1.022455706859551672e+00
1.012174817056774367e+00
1.001896274569184619e+00
9.916255910423191766e-01
9.813684523464289988e-01
9.711307473451529226e-01
9.609185984431534155e-01
9.507383911241776842e-01
9.405968045340173944e-01
9.305008403171295406e-01
9.204578500150821796e-01
9.104755610158913326e-01
9.005620946898564849e-01
8.907259756940320017e-01
8.809761377464250254e-01
8.713219288622640057e-01
8.617731143866992349e-01
8.523398789601542846e-01
8.430328264637724223e-01
8.338629812090426752e-01
8.248417906719140991e-01
8.159811317894810623e-01
8.072933195044595944e-01
7.987911145748463060e-01
7.904877221194376302e-01
7.823967787231107529e-01
7.745323260483764072e-01
7.669087716871294536e-01
7.595408410748892836e-01
7.524435261218088700e-01
7.456320259857469601e-01
7.391216781290506077e-01
7.329278853178822217e-01
7.270660359066706269e-01
7.215514167313021865e-01
7.163991190491711958e-01
7.116239399516294251e-01
7.072402775054413837e-01
7.032620177838169173e-01
6.997024143743341140e-01
6.965739667434741600e-01
6.938883020784274436e-01
6.916560626472655349e-01
6.898867959873093980e-01
6.885888443433387796e-01
6.877692349335610134e-01
6.874335778543213538e-01
6.875859744414448693e-01
6.882289343513843249e-01
6.893632985583035833e-01
6.909881704670418623e-01
6.931008601134630576e-01
6.956968421387849100e-01
6.987697252599881503e-01
7.023112321211376630e-01
7.063111915235709137e-01
7.107575467844717831e-01
7.156363835057744094e-01
7.209319752751528476e-01
7.266268440309420207e-01
7.327018325110449259e-01
7.391361905986469916e-01
7.459076767652451645e-01
7.529926728161325800e-01
7.603663082189184852e-01
7.680025914085683025e-01
7.758745464591518815e-01
7.839543536744980612e-01
7.922134935793935240e-01
8.006228929265716276e-01
8.091530716092611986e-01
8.177742902121651891e-01
8.264566997857129005e-01
8.351704931400970588e-01
8.438860580255785893e-01
8.525741307997255491e-01
8.612059497058817126e-01
8.697534038899037423e-01
8.781891765202662903e-01
8.864868817440972881e-01
8.946211977205889010e-01
9.025679932510841663e-01
9.103044438740567346e-01
9.178091370490841783e-01
9.250621644642940122e-01
9.320452002742433129e-01
9.387415621082669803e-01
9.451362522329519456e-01
9.512159755146749607e-01
9.569691322830611302e-01
9.623857812218079566e-01
9.674575684078345894e-01
9.721776216306681206e-01
9.765404077483802459e-01
9.805415526389471559e-01
9.841776239759970624e-01
9.874458780597125118e-01
9.903439727403535731e-01
9.928696510421830546e-01
9.950204022810454907e-01
9.967931084109822315e-01
9.981836850383210002e-01
9.991867276428044731e-01
9.996922041544760162e-01
1.000000000000000000e+00
