1.000000000000000000e+00
1.000000000000000000e+00
1.000000000000000000e+00
9.999999999999987788e-01
9.999999999998512301e-01
9.999999999881975521e-01
9.999999995571925426e-01
9.999999904039377219e-01
9.999998627775983362e-01
9.999985840207499255e-01
9.999888111552640568e-01
9.999297408480916083e-01
9.996426952002687161e-01
9.985222798254123067e-01
9.950579366985112806e-01
9.867298282573322421e-01
9.713625456173330397e-01
9.495892029392181133e-01
9.256576335176525117e-01
9.052401694947549426e-01
8.925877499293112249e-01
8.893306259715458850e-01
8.948788298647120110e-01
9.073998988256325449e-01
9.246995502156590829e-01
9.447719548256500177e-01
9.660232914230847401e-01
9.873005915841258640e-01
1.007831826135991538e+00
1.027138945977894346e+00
1.044954925644014043e+00
1.061157087524013942e+00
1.075719829631464286e+00
1.088679708076714991e+00
1.100108571191134033e+00
1.110096348106973885e+00
1.118740317662364925e+00
1.126138614394089910e+00
1.132386448336143214e+00
1.137574305501698024e+00
1.141787338004499386e+00
1.145104898131747539e+00
1.147600195575568804e+00
1.149340332274628063e+00
1.150386550925376339e+00
1.150794591650618370e+00
1.150615098316970952e+00
1.149894100610214576e+00
1.148673507833027907e+00
1.147758662855316025e+00
1.147233435374050980e+00
1.146360516596383716e+00
1.145043123598038504e+00
1.143327430436074987e+00
1.141254105276074071e+00
1.138859155910358689e+00
1.136174644603181960e+00
1.133229260942079097e+00
1.130048774793283917e+00
1.126656417714510416e+00
1.123073206960821357e+00
1.119318221431901073e+00
1.115408838583737516e+00
1.111360937778516522e+00
1.107189086522144539e+00
1.102906702654173232e+00
1.098526182086035918e+00
1.094059008501199859e+00
1.089515850471895586e+00
1.084906648320897116e+00
1.080240691508858708e+00
1.075526688014834864e+00
1.070772825536070894e+00
1.065986830484321191e+00
1.061176020756408489e+00
1.056347345720438868e+00
1.051507420080144861e+00
1.046662554130948886e+00
1.041818781104214997e+00
1.036981881605481437e+00
1.032157405831656716e+00
1.027350693565403539e+00
1.022566892199849642e+00
1.017810975853617350e+00
1.013087761684047017e+00
1.008401920025257414e+00
1.003757983081623006e+00
9.991603533202358944e-01
9.946133112053912040e-01
9.901210222997133270e-01
9.856875431730951487e-01
9.813168262851846846e-01
9.770127236823580308e-01
9.727789897819882903e-01
9.686192840448202279e-01
9.645371719065550797e-01
9.605361235543306009e-01
9.566195126477680111e-01
9.527906151406705382e-01
9.490526078664258680e-01
9.454085672712383426e-01
9.418614680737464884e-01
9.384141818598981111e-01
9.350694753218403710e-01
9.318300084064391475e-01
9.286983321073501996e-01
9.256768859750770240e-01
9.227679954086465131e-01
9.199738681114310035e-01
9.172965897208458230e-01
9.147381192527825888e-01
9.123002847352610356e-01
9.099847789002710741e-01
9.077931551006473976e-01
9.057268233978541527e-01
9.037870471723206123e-01
9.019749403015775435e-01
9.002914651005177182e-01
8.987374309073206113e-01
8.973134930578643420e-01
8.960201515465024968e-01
8.948577492649330001e-01
8.938264697500560851e-01
8.929263345879728808e-01
8.921572008743471338e-01
8.915187592183013710e-01
8.910105319418455405e-01
8.906318713332036507e-01
8.903819584210220794e-01
8.902598020371454979e-01
8.902642381080039247e-01
8.903939291784550569e-01
8.906473643183406841e-01
8.910228592287778859e-01
8.915185563693164283e-01
8.921324250920974475e-01
8.928622621707843487e-01
8.937056929505938774e-01
8.946601731527039636e-01
8.957229910367472403e-01
8.968912695837000237e-01
8.981619687199570157e-01
8.995318879521584376e-01
9.009976695033536931e-01
9.025558017480287409e-01
9.042026226909392062e-01
9.059343235785489723e-01
9.077469529172791374e-01
9.096364209041707394e-01
9.115985041013340284e-01
9.136288502806526601e-01
9.157229835779330251e-01
9.178763102184560596e-01
9.200841250561017093e-01
9.223416188822561868e-01
9.246438863631151195e-01
9.269859345208838475e-01
9.293626919566045919e-01
9.317690189784105792e-01
9.341997186142089182e-01
9.366495483686697598e-01
9.391132326505146066e-01
9.415854758511095213e-01
9.440609760555015439e-01
9.465344394116854687e-01
9.490005951151667674e-01
9.514542109650820922e-01
9.538901094816661930e-01
9.563031846684192372e-01
9.586884193378922836e-01
9.610409029621551635e-01
9.633558498738435949e-01
9.656286176497396179e-01
9.678547252949811774e-01
9.700298709586291368e-01
9.721499489698459673e-01
9.742110661153942086e-01
9.762095567608988222e-01
9.781419962955675285e-01
9.800052125961883354e-01
9.817962950950661627e-01
9.835126010775080418e-01
9.851517587126230602e-01
9.867116663635258078e-01
9.881904876955120987e-01
9.895866422193140277e-01
9.908987907628494796e-01
9.921258154794554418e-01
9.932667942495879698e-01
9.943209693232469837e-01
9.952877102460396808e-01
9.961664712459669113e-01
9.969567434183640442e-01
9.976580021978633805e-01
9.982696508638824184e-01
9.987909610547341943e-01
9.992210114096132800e-01
9.995586256350679211e-01
9.998023114164974467e-01
9.999253118614946922e-01
1.000000000000000000e+00
