1.000000000000000000e+00
1.000000000000000000e+00
1.000000000000000000e+00
1.000000000000153877e+00
1.000000000019970248e+00
1.000000001229605973e+00
1.000000036159153005e+00
1.000000618979337341e+00
1.000007030323533774e+00
1.000057774827999069e+00
1.000363495769973854e+00
1.001811833653930117e+00
1.007271917974914777e+00
1.023534264061840560e+00
1.060852867312467751e+00
1.124055188209334588e+00
1.197388166174937263e+00
1.244329913479788718e+00
1.233834490668313411e+00
1.163617717988512101e+00
1.055514855323128609e+00
9.376292763884448433e-01
8.325128462766067106e-01
7.537455414051216218e-01
7.068315211747528970e-01
6.913367254817568419e-01
7.028944739084995730e-01
7.350989277084888363e-01
7.811532966366799835e-01
8.350106547717437433e-01
8.919208333358150664e-01
9.485115680419093920e-01
1.002627019153330412e+00
1.053043969622466491e+00
1.099165449935604277e+00
1.140792220957646652e+00
1.177964828003743580e+00
1.210859836273011858e+00
1.239724120665203433e+00
1.264836923472317132e+00
1.286489164412843778e+00
1.304968446261463022e+00
1.320548402438239011e+00
1.333483557962868327e+00
1.344007405860934812e+00
1.352332275148615981e+00
1.358650185402257238e+00
1.363134687604342865e+00
1.365943053018041864e+00
1.368725841579128577e+00
1.371961350610599650e+00
1.374590810984972267e+00
1.376378872695853239e+00
1.377099374244146635e+00
1.376704023666338816e+00
1.375310073048679138e+00
1.373021275963318022e+00
1.369929796238586794e+00
1.366117636249440714e+00
1.361657863031799032e+00
1.356615671543834223e+00
1.351049303514267663e+00
1.345010849397600516e+00
1.338546942750714619e+00
1.331699447587578744e+00
1.324506065819248013e+00
1.317000767844328957e+00
1.309214157332077244e+00
1.301173800996258789e+00
1.292904532448433175e+00
1.284428728843432621e+00
1.275766565711692779e+00
1.266936243254090488e+00
1.257954228161761279e+00
1.248835475157657804e+00
1.239593571044065312e+00
1.230240850943162378e+00
1.220788504552117404e+00
1.211246676092234686e+00
1.201624556231135399e+00
1.191930470259316532e+00
1.182171961192882037e+00
1.172355868884606078e+00
1.162488431668397881e+00
1.152575375561947668e+00
1.142621959039502810e+00
1.132633013830852908e+00
1.122612991582269792e+00
1.112566012930345183e+00
1.102495918932496988e+00
1.092406319147390503e+00
1.082300637429004508e+00
1.072182153232437596e+00
1.062054040608572114e+00
1.051919412590989200e+00
1.041781353854379422e+00
1.031642936080314765e+00
1.021507236960143228e+00
1.011377364372535892e+00
1.001256482159409211e+00
9.911478415924391827e-01
9.810548161206127382e-01
9.709809394354540490e-01
9.609299432528575213e-01
9.509057976759486275e-01
9.409127505298990890e-01
9.309553662186319523e-01
9.210385642056519995e-01
9.111676487020256010e-01
9.013483282463560231e-01
8.915867323987587412e-01
8.818894296965292812e-01
8.722634447776366207e-01
8.627162763352633768e-01
8.532559147530978105e-01
8.438908639887194862e-01
8.346301682701485758e-01
8.254834465201458249e-01
8.164609328586228676e-01
8.075735192037339916e-01
7.988327882350656495e-01
7.902510335799044494e-01
7.818412641063730018e-01
7.736171930150922416e-01
7.655932166132600747e-01
7.577843902684834321e-01
7.502063947150602319e-01
7.428754896060979496e-01
7.358084615712767729e-01
7.290225624367259183e-01
7.225354358874446215e-01
7.163650324020618410e-01
7.105295150271211391e-01
7.050471526822138513e-01
6.999361974598661273e-01
6.952147458516978462e-01
6.909005921507741510e-01
6.870110799694764125e-01
6.835629542526572289e-01
6.805722094863460025e-01
6.780539285567162011e-01
6.760221142762296020e-01
6.744895233767544962e-01
6.734675072610446511e-01
6.729658573595492799e-01
6.729926515115608465e-01
6.735541052268509965e-01
6.746544359428872095e-01
6.762957422803458352e-01
6.784778960341782961e-01
6.811984463684210844e-01
6.844525403082907244e-01
6.882328662342691583e-01
6.925296264018049319e-01
6.973305373848890376e-01
7.026208545551120288e-01
7.083834175521489529e-01
7.145987200876648959e-01
7.212450063616778761e-01
7.282983917578403910e-01
7.357330024278814218e-01
7.435211298786171819e-01
7.516333980181706398e-01
7.600389402565314034e-01
7.687055855551221395e-01
7.776000509679760198e-01
7.866881385870376775e-01
7.959349360563564568e-01
8.053050226042391957e-01
8.147626791466399121e-01
8.242721026644467264e-01
8.337976224737387865e-01
8.433039168687403997e-01
8.527562242105923840e-01
8.621205459854317521e-01
8.713638415088199585e-01
8.804542178211327563e-01
8.893611113419408465e-01
8.980554554715407534e-01
9.065098340561211776e-01
9.146986183313745578e-01
9.225980861894287344e-01
9.301865197149631337e-01
9.374442777831411000e-01
9.443538394094379562e-01
9.508998157015141617e-01
9.570689237371035052e-01
9.628499170851848588e-01
9.682334720759949720e-01
9.732120266837455125e-01
9.777795713820803813e-01
9.819313920932550843e-01
9.856637665832616024e-01
9.889736165729233752e-01
9.918581214000713464e-01
9.943143020626653561e-01
9.963385856157722653e-01
9.979263622199717743e-01
9.990715486073136198e-01
9.996484900630323578e-01
1.000000000000000000e+00
