1.000000000000000000e+00
1.000000000000000000e+00
1.000000000000000000e+00
1.000000000000192957e+00
1.000000000026079805e+00
1.000000001604838706e+00
1.000000047157048932e+00
1.000000806493148042e+00
1.000009149859496960e+00
1.000075091051207288e+00
1.000471647714735735e+00
1.002345867388427791e+00
1.009388797304748397e+00
1.030271859012205748e+00
1.077894721694928837e+00
1.157848009523616106e+00
1.249518669630416134e+00
1.307287072470746381e+00
1.294443491115545131e+00
1.210490971573770835e+00
1.082975993154982275e+00
9.452744449287522333e-01
8.232584980598466329e-01
7.320438079753851524e-01
6.774489374316839951e-01
6.586380964580609287e-01
6.704352017231149929e-01
7.054526367582436563e-01
7.559352196740052321e-01
8.150302190293758908e-01
8.773873140827265216e-01
9.392359111611531253e-01
9.981963729935796614e-01
1.052948402501332259e+00
1.102870130190009457e+00
1.147775447622871203e+00
1.187736128998360119e+00
1.222967074012933031e+00
1.253754854743923008e+00
1.280417717772037278e+00
1.303284657761910825e+00
1.322679557976675468e+00
1.338909511311608291e+00
1.352259394942330939e+00
1.362990021414170805e+00
1.371338231707331490e+00
1.377518030541216687e+00
1.381722853102833382e+00
1.384128198827689227e+00
1.386401419454284856e+00
1.389036339808336518e+00
1.390990448869963148e+00
1.392118891219520149e+00
1.392191502866281905e+00
1.391091010272160533e+00
1.388946520529969142e+00
1.385872426079068465e+00
1.381970480747996222e+00
1.377331320806262527e+00
1.372035775554300230e+00
1.366156009041032959e+00
1.359756509594031604e+00
1.352894956753611044e+00
1.345622973063702155e+00
1.337986885200501241e+00
1.330028398710654702e+00
1.321785060510817900e+00
1.313290648543527173e+00
1.304575526148316067e+00
1.295666971351320029e+00
1.286589478291134236e+00
1.277365036700094381e+00
1.268013380056182582e+00
1.258552257943633901e+00
1.248997686393585216e+00
1.239364102665468925e+00
1.229664487355013325e+00
1.219910476190170678e+00
1.210112465898318002e+00
1.200279711676399685e+00
1.190420421505165693e+00
1.180541845409528889e+00
1.170650360879233798e+00
1.160751588299750114e+00
1.150850491490807093e+00
1.140951422192917120e+00
1.131058160178629368e+00
1.121173961523092455e+00
1.111301610562534625e+00
1.101443475424266794e+00
1.091601559752376494e+00
1.081777551954457239e+00
1.071972869093946956e+00
1.062188698204238557e+00
1.052426044942633920e+00
1.042685767497675942e+00
1.032968588516817166e+00
1.023275112043752655e+00
1.013605847486035438e+00
1.003961236044339955e+00
9.943416849547932479e-01
9.847476065023559322e-01
9.751794619371962902e-01
9.656378057053487396e-01
9.561233338138916960e-01
9.466369317365468383e-01
9.371797226959248661e-01
9.277531165644815614e-01
9.183588485270867130e-01
9.089990058562997799e-01
8.996760523447723257e-01
8.903928559592370062e-01
8.811527171587079099e-01
8.719594002300140589e-01
8.628171663287683701e-01
8.537308144394798459e-01
8.447057312440520160e-01
8.357479540120339445e-01
8.268642446116658551e-01
8.180621696401542131e-01
8.093501712841147944e-01
8.007376248115966044e-01
7.922348785012958139e-01
7.838532768488795099e-01
7.756051734006986775e-01
7.675039431242721699e-01
7.595639849686854905e-01
7.518007101757040456e-01
7.442305256550791892e-01
7.368708061548953081e-01
7.297398522913912666e-01
7.228568335225252772e-01
7.162417187188935275e-01
7.099151889757761014e-01
7.038985268202022638e-01
6.982134806087223478e-01
6.928821142191619042e-01
6.879266491111779569e-01
6.833693010172288140e-01
6.792321044055535939e-01
6.755367160971882390e-01
6.723041998988673607e-01
6.695548050472761581e-01
6.673077439438105385e-01
6.655809659287595936e-01
6.643909220260895143e-01
6.637523261363885707e-01
6.636779244118569121e-01
6.641782763119461475e-01
6.652615450909855621e-01
6.669332980426214696e-01
6.691963235016917810e-01
6.720504754513136891e-01
6.754925557821108706e-01
6.795162342327580873e-01
6.841120020453016481e-01
6.892671564187120570e-01
6.949658217725941389e-01
7.011890121753419081e-01
7.079147325730488216e-01
7.151181118595628661e-01
7.227715627342826687e-01
7.308449649696286965e-01
7.393058687204236978e-01
7.481197161768232684e-01
7.572500777968328434e-01
7.666588997578047682e-01
7.763067609777667410e-01
7.861531419868534876e-01
7.961567030654661536e-01
8.062755714330397394e-01
8.164676336164047310e-01
8.266908304190423440e-01
8.369034456909222319e-01
8.470643851347083864e-01
8.571334445827680781e-01
8.670715728413147527e-01
8.768411243405256350e-01
8.864060935432828137e-01
8.957323313867706638e-01
9.047877408460565096e-01
9.135424505673905848e-01
9.219689614441377579e-01
9.300422622740138756e-01
9.377399090809557247e-01
9.450420657713478612e-01
9.519314972595382951e-01
9.583935080999191891e-01
9.644158258200697942e-01
9.699884247555006223e-01
9.751032895426891001e-01
9.797541182554722061e-01
9.839359666391075399e-01
9.876448358910986380e-01
9.908772112231403195e-01
9.936295624126295634e-01
9.958978188879531457e-01
9.976768349628106769e-01
9.989598627316610413e-01
9.996060884208355368e-01
1.000000000000000000e+00
