1.000000000000000000e+00
1.000000000000000000e+00
1.000000000000000000e+00
1.000000000000143885e+00
1.000000000018655744e+00
1.000000001148744655e+00
1.000000033783592812e+00
1.000000578360358938e+00
1.000006569584684035e+00
1.000053994376361333e+00
1.000339755984426704e+00
1.001693798338626262e+00
1.006799815192053194e+00
1.022013819454763439e+00
1.056946673010387583e+00
1.116148571689371982e+00
1.184858637943671189e+00
1.228664930210405570e+00
1.218062123758349768e+00
1.150626197072899481e+00
1.046995709238765171e+00
9.340304453868750745e-01
8.334182016582729613e-01
7.582627524202436575e-01
7.138724904954223405e-01
6.998018862282473496e-01
7.118037962966379251e-01
7.436764125390481484e-01
7.888591300803693418e-01
8.415267758870768056e-01
8.971079818142376761e-01
9.523573970018172075e-01
1.005197336471161274e+00
1.054445256600394787e+00
1.099521329153450466e+00
1.140229707180363095e+00
1.176606865151891723e+00
1.208821630738782904e+00
1.237111657439291745e+00
1.261746527363889481e+00
1.283007478943970492e+00
1.301172794793338694e+00
1.316507466675930660e+00
1.329258166180323997e+00
1.339651324188565029e+00
1.347892952827664415e+00
1.354169433053023397e+00
1.358649254483155655e+00
1.361485097903528008e+00
1.364323340444359545e+00
1.367638449123298017e+00
1.370368150318971079e+00
1.372249524990011516e+00
1.373057290114201523e+00
1.372765076896614866e+00
1.371487257044880170e+00
1.369325018328765520e+00
1.366368229543652779e+00
1.362696841716133367e+00
1.358382090089255367e+00
1.353487535537367670e+00
1.348069964034062318e+00
1.342180171127145716e+00
1.335863640995107460e+00
1.329161215675578767e+00
1.322109686141216711e+00
1.314742214100672824e+00
1.307088689736015885e+00
1.299176054752872345e+00
1.291028599567279223e+00
1.282668233614141728e+00
1.274114734038355845e+00
1.265385966561518138e+00
1.256498120237019345e+00
1.247465922390784021e+00
1.238302779830336320e+00
1.229020893315166951e+00
1.219631362177886480e+00
1.210144282624171952e+00
1.200568838134609351e+00
1.190913386048395362e+00
1.181185539110311655e+00
1.171392243031029068e+00
1.161539875094984575e+00
1.151634330849648835e+00
1.141681068744156979e+00
1.131685150893711134e+00
1.121651289254661066e+00
1.111583893965326197e+00
1.101487123805170665e+00
1.091364933401024029e+00
1.081221118187879027e+00
1.071059355056062756e+00
1.060883240737394040e+00
1.050696335181030561e+00
1.040502193803634956e+00
1.030304383386362987e+00
1.020106501315424463e+00
1.009912199602582383e+00
9.997252103077303165e-01
9.895493761967570912e-01
9.793886843504172601e-01
9.692473027384804762e-01
9.591296163561656707e-01
9.490402655903992235e-01
9.389841834052917724e-01
9.289666318369309561e-01
9.189932378705308880e-01
9.090700207797542953e-01
8.992034096822641986e-01
8.894002580623553422e-01
8.796678591223776600e-01
8.700139599671423696e-01
8.604467761490846023e-01
8.509750054634604988e-01
8.416078452338151550e-01
8.323550135767944225e-01
8.232267773293744373e-01
8.142339850555424530e-01
8.053881013795520794e-01
7.967012316740486044e-01
7.881861341820909361e-01
7.798562167001563683e-01
7.717255185084783697e-01
7.638086821592395825e-01
7.561209221555968973e-01
7.486779842325165246e-01
7.414960924284371702e-01
7.345918908113264756e-01
7.279823759259472782e-01
7.216848185025426243e-01
7.157166744152564375e-01
7.100954874391655069e-01
7.048387809034185603e-01
6.999639351516421248e-01
6.954880509397475263e-01
6.914278066048314964e-01
6.877993146662088053e-01
6.846179802043718121e-01
6.818983571670328425e-01
6.796539975980088188e-01
6.778972957535240873e-01
6.766393362195920469e-01
6.758897500026892491e-01
6.756565765827098335e-01
6.759461285717902612e-01
6.767628624474133492e-01
6.781092627049544186e-01
6.799857411032220744e-01
6.823905487230349509e-01
6.853197001386122089e-01
6.887669132394316218e-01
6.927235706267086401e-01
6.971787078713229668e-01
7.021190273801225512e-01
7.075289340782954239e-01
7.133905899225601033e-01
7.196839901488576441e-01
7.263870632117063186e-01
7.334757921700492123e-01
7.409243525102350292e-01
7.487052628102229823e-01
7.567895459142380821e-01
7.651468984390743522e-01
7.737458676475176267e-01
7.825540335007108439e-01
7.915381940532634220e-01
8.006645535087395515e-01
8.098989148064981158e-01
8.192068754958564680e-01
8.285540271587237271e-01
8.379061562644765093e-01
8.472294451163985274e-01
8.564906674961315636e-01
8.656573767559472277e-01
8.746980860618744913e-01
8.835824440131948565e-01
8.922814024520616671e-01
9.007673710777319709e-01
9.090143587083976406e-01
9.169980989083332812e-01
9.246961588101576535e-01
9.320880272954416013e-01
9.391551794653132390e-01
9.458811133206879163e-01
9.522513565532526592e-01
9.582534372131390477e-01
9.638768133127807447e-01
9.691127604691887054e-01
9.739542146659683208e-01
9.783955695410575526e-01
9.824324283484968667e-01
9.860613119208625488e-01
9.892793248543727547e-01
9.920837854588707705e-01
9.944718278114461629e-01
9.964399853505133686e-01
9.979837676200623564e-01
9.990972431537594733e-01
9.996582433884891872e-01
1.000000000000000000e+00
