1.000000000000000000e+00
1.000000000000000000e+00
1.000000000000000000e+00
1.000000000000021760e+00
1.000000000003863798e+00
1.000000000235264919e+00
1.000000006821279541e+00
1.000000114715312804e+00
1.000001274090253078e+00
1.000010175108225985e+00
1.000061679155660244e+00
1.000292592157002058e+00
1.001097397132068245e+00
1.003224157772636183e+00
1.007193569288555413e+00
1.011378853767544328e+00
1.010214299722904663e+00
9.964025554470966606e-01
9.669645986271186988e-01
9.265012496842608414e-01
8.843912509530864607e-01
8.498454934630325086e-01
8.288138024819403649e-01
8.233202104434325097e-01
8.322999843493703587e-01
8.529327699784992056e-01
8.817854977440714448e-01
9.155911795866893410e-01
9.516544244383859930e-01
9.879663205291423500e-01
1.023149248366653996e+00
1.056333969564959174e+00
1.087034591209100620e+00
1.115034234531317558e+00
1.140287182889009099e+00
1.162851446841098424e+00
1.182844077273843775e+00
1.200412440468040520e+00
1.215716245478173363e+00
1.228917406039842453e+00
1.240174785142311720e+00
1.249640348327225814e+00
1.257456392245504651e+00
1.263754357559381702e+00
1.268654583746599895e+00
1.272266594189575661e+00
1.274689674130332850e+00
1.276013765725268589e+00
1.276320470318838218e+00
1.277191641790331511e+00
1.278860371745903279e+00
1.279879574491504357e+00
1.279999489199460161e+00
1.279308946778172418e+00
1.277885794336723890e+00
1.275798565342006308e+00
1.273107915771258147e+00
1.269867767357599986e+00
1.266126197647559293e+00
1.261926194140370550e+00
1.257306299211531142e+00
1.252301162120865730e+00
1.246942015663457415e+00
1.241257086751368810e+00
1.235271982526329859e+00
1.229010028856003300e+00
1.222492528576301307e+00
1.215738982818751701e+00
1.208767288756727121e+00
1.201593918734181754e+00
1.194234081635460409e+00
1.186701869560815359e+00
1.179010388279007282e+00
1.171171888163837105e+00
1.163197883205775884e+00
1.155099237996507267e+00
1.146886241320449695e+00
1.138568673219896965e+00
1.130155867186209306e+00
1.121656767130379206e+00
1.113079980882542008e+00
1.104433829929144073e+00
1.095726395912610673e+00
1.086965573261769347e+00
1.078159115710298099e+00
1.069314665718032797e+00
1.060439781151275573e+00
1.051541962668101515e+00
1.042628680580370615e+00
1.033707401144474902e+00
1.024785610310263495e+00
1.015870835278718909e+00
1.006970663124607146e+00
9.980927571915740870e-01
9.892448737742823850e-01
9.804348733769708835e-01
9.716707247878939580e-01
9.629605088689995318e-01
9.543124224679323531e-01
9.457347811728434861e-01
9.372360221222399979e-01
9.288247059733190092e-01
9.205095179276422401e-01
9.122992665999737349e-01
9.042028815400430242e-01
8.962294082460128264e-01
8.883880007858631078e-01
8.806879120654700355e-01
8.731384792319178967e-01
8.657491039752102102e-01
8.585292299918222403e-01
8.514883189321948986e-01
8.446358242838093444e-01
8.379811637953739067e-01
8.315336902338772429e-01
8.253026619128194241e-01
8.192972132753260084e-01
8.135263264672105699e-01
8.079988035966524373e-01
8.027232387991278806e-01
7.977079873046379888e-01
7.929611311412573249e-01
7.884904412463538126e-01
7.843033367434676384e-01
7.804068432569711833e-01
7.768075526508161355e-01
7.735115829735045301e-01
7.705245383116959834e-01
7.678514708877113293e-01
7.654968447364522977e-01
7.634645010022900191e-01
7.617576251934513598e-01
7.603787173593253845e-01
7.593295646619079298e-01
7.586112157687026070e-01
7.582239572175742959e-01
7.581672937103196563e-01
7.584399335627165506e-01
7.590397796166070687e-01
7.599639243465430294e-01
7.612086476198998142e-01
7.627694171765844189e-01
7.646408934843327287e-01
7.668169393023461788e-01
7.692906328669377736e-01
7.720542833144888872e-01
7.750994485317154181e-01
7.784169564760895499e-01
7.819969297232561845e-01
7.858288121521873615e-01
7.899013971073248763e-01
7.942028573756955145e-01
7.987207778976408434e-01
8.034421920392812444e-01
8.083536209016644047e-01
8.134411146849234164e-01
8.186902954086198170e-01
8.240864016482941645e-01
8.296143358118180933e-01
8.352587136283912139e-01
8.410039149910905065e-01
8.468341356438562340e-01
8.527334395079870788e-01
8.586858114864582836e-01
8.646752108452453456e-01
8.706856249931776981e-01
8.767011235328010521e-01
8.827059126662417654e-01
8.886843905414119060e-01
8.946212034031775229e-01
9.005013026762433981e-01
9.063100025310286689e-01
9.120330375781221521e-01
9.176566193929990289e-01
9.231674911686692520e-01
9.285529801327838673e-01
9.338010480430825044e-01
9.389003386258824024e-01
9.438402202843084732e-01
9.486108234583056076e-01
9.532030715120997089e-01
9.576087042221669288e-01
9.618202923457029874e-01
9.658312419102766944e-01
9.696357866693730010e-01
9.732289676371806975e-01
9.766065978112552504e-01
9.797652105786472942e-01
9.827019913014115593e-01
9.854146913209084202e-01
9.879015243172761807e-01
9.901610453471290096e-01
9.921920133824236876e-01
9.939932386266123743e-01
9.955634168514847504e-01
9.969009538437981766e-01
9.980037835180478600e-01
9.988691839126500049e-01
9.994935957363061396e-01
9.998085396175255823e-01
1.000000000000000000e+00
