1.000000000000000000e+00
1.000000000000000000e+00
1.000000000000000000e+00
9.999999999999985567e-01
9.999999999997668532e-01
9.999999999831635789e-01
9.999999994150218230e-01
9.999999880941019548e-01
9.999998382840949995e-01
9.999984006036123363e-01
9.999877993323398329e-01
9.999256077038052304e-01
9.996308876105060026e-01
9.985047671457911722e-01
9.950862815163695752e-01
9.870022985294182316e-01
9.723140018509009996e-01
9.518240836548669259e-01
9.296890223768651262e-01
9.112254428833476139e-01
9.002512626118361894e-01
8.980760156539502326e-01
9.039798346228348214e-01
9.161692539619861186e-01
9.325887172785715107e-01
9.514021800233761761e-01
9.711733161821923810e-01
9.908750311362999330e-01
1.009826026670012311e+00
1.027608319151730676e+00
1.043991356518241709e+00
1.058872117424238812e+00
1.072233085252486173e+00
1.084111387429549378e+00
1.094575082910912434e+00
1.103707981510485769e+00
1.111600177375501985e+00
1.118342316373353018e+00
1.124022256114747931e+00
1.128723478963119087e+00
1.132524559638016903e+00
1.135498754084760753e+00
1.137713694317716406e+00
1.139231420796840810e+00
1.140108606624151255e+00
1.140396879437235667e+00
1.140143188652200434e+00
1.139390241703979623e+00
1.138176951491531641e+00
1.137238436939244979e+00
1.136664649792224813e+00
1.135781924750901783e+00
1.134489807627046654e+00
1.132831265887847216e+00
1.130844157029547770e+00
1.128562012271483894e+00
1.126014698360987554e+00
1.123228948184365583e+00
1.120228780801507451e+00
1.117035855015184431e+00
1.113669769611175919e+00
1.110148318999917949e+00
1.106487712627893139e+00
1.102702763279717946e+00
1.098807059216460047e+00
1.094813114032117340e+00
1.090732484983054196e+00
1.086575874645482109e+00
1.082353220873040422e+00
1.078073777201683958e+00
1.073746184449221763e+00
1.069378534866312513e+00
1.064978428718550418e+00
1.060553028682824639e+00
1.056109108478474834e+00
1.051653089888680004e+00
1.047191074169544933e+00
1.042728870116483186e+00
1.038272019426375925e+00
1.033825819374311283e+00
1.029395343428956222e+00
1.024985459815870303e+00
1.020600848264307636e+00
1.016246017671495583e+00
1.011925321222275853e+00
1.007642965972067151e+00
1.003403021119246841e+00
9.992094259902806197e-01
9.950659974235748217e-01
9.909764365778740425e-01
9.869443346730457645e-01
9.829731778148456112e-01
9.790663507671029109e-01
9.752271399168780386e-01
9.714587361448631109e-01
9.677642361612882604e-01
9.641466419455076986e-01
9.606088601503124380e-01
9.571537016089500804e-01
9.537838806462664021e-01
9.505020145326935621e-01
9.473106228843286569e-01
9.442121270157495250e-01
9.412088489878006614e-01
9.383030105831317025e-01
9.354967319740178366e-01
9.327920301463341612e-01
9.301908171344238641e-01
9.276948975222425453e-01
9.253059652188297957e-01
9.230256000695180596e-01
9.208552646292481603e-01
9.187963009795371283e-01
9.168499277324232422e-01
9.150172371704821117e-01
9.132991928277401916e-01
9.116966275473615822e-01
9.102102421825128964e-01
9.088406048348613986e-01
9.075881504025109514e-01
9.064531798211525881e-01
9.054358589025199855e-01
9.045362167091682837e-01
9.037541435933623690e-01
9.030893892491040909e-01
9.025415612014460187e-01
9.021101234283317449e-01
9.017943949906066514e-01
9.015935490777510219e-01
9.015066122663807358e-01
9.015324639397411799e-01
9.016698358722430306e-01
9.019173121112062930e-01
9.022733289975929383e-01
9.027361751716711513e-01
9.033039915536299480e-01
9.039747716393334853e-01
9.047463623106906105e-01
9.056164651921362330e-01
9.065826382979349507e-01
9.076422976793827591e-01
9.087927190933700050e-01
9.100310400175277703e-01
9.113542620942337580e-01
9.127592538306961156e-01
9.142427533366611625e-01
9.158013711806618495e-01
9.174315936070573940e-01
9.191297861222065269e-01
9.208921973064201350e-01
9.227149627910049556e-01
9.245941095247540709e-01
9.265255605609427070e-01
9.285051405785066381e-01
9.305285821020164994e-01
9.325915322998944434e-01
9.346895602895770594e-01
9.368181651237573737e-01
9.389727846019764179e-01
9.411488048906967441e-01
9.433415708308494629e-01
9.455463968690135390e-01
9.477585785958065889e-01
9.499734048746938386e-01
9.521861705827812106e-01
9.543921899247787000e-01
9.565868102800147987e-01
9.587654265709885104e-01
9.609234962227412025e-01
9.630565546385098097e-01
9.651602311531022327e-01
9.672302653070085077e-01
9.692625232888082421e-01
9.712530142064724759e-01
9.731979059455475589e-01
9.750935404225394842e-01
9.769364481557246682e-01
9.787233617979567146e-01
9.804512281688039232e-01
9.821172185113329345e-01
9.837187366020502255e-01
9.852534243783336310e-01
9.867191646420271356e-01
9.881140804354134888e-01
9.894365306628210011e-01
9.906851016356064132e-01
9.918585940947642898e-01
9.929560053670993813e-01
9.939765065298193925e-01
9.949194144523670902e-01
9.957841587572219266e-01
9.965702438609151947e-01
9.972772063988425417e-01
9.979045684720384557e-01
9.984517873809128918e-01
9.989182027123318930e-01
9.993029817740036735e-01
9.996050645262625212e-01
9.998231092705317513e-01
9.999331709389835954e-01
1.000000000000000000e+00
