1.000000000000000000e+00
1.000000000000000000e+00
1.000000000000000000e+00
1.000000000000052847e+00
1.000000000008057333e+00
1.000000000494624786e+00
1.000000014492442135e+00
1.000000246957504446e+00
1.000002789003583414e+00
1.000022756179288042e+00
1.000141875843780337e+00
1.000698989199098721e+00
1.002763515519211834e+00
1.008767824974962979e+00
1.022062400266822602e+00
1.043211529574868957e+00
1.064363098076452019e+00
1.070052804937728697e+00
1.048263320053526737e+00
1.000029120402021077e+00
9.374962472076165954e-01
8.757118841281739119e-01
8.264708465899827106e-01
7.961767493223342873e-01
7.863093189397154514e-01
7.949230614970054232e-01
8.181865860174082350e-01
8.516810034746373770e-01
8.912962872125185232e-01
9.336872624907135432e-01
9.763862468216789603e-01
1.017719992548721475e+00
1.056658681755799467e+00
1.092645774885988352e+00
1.125438626717227608e+00
1.154993209831253642e+00
1.181385128961103481e+00
1.204757523920225726e+00
1.225287706849299330e+00
1.243167538007033945e+00
1.258592510707559731e+00
1.271753897745071527e+00
1.282833184020914841e+00
1.291999326741648746e+00
1.299407716779759303e+00
1.305200121549993098e+00
1.309505188729757075e+00
1.312439499485581917e+00
1.314108833613921501e+00
1.316117063084992322e+00
1.318899909136814985e+00
1.321153361216661493e+00
1.322452511820377818e+00
1.322764643008181862e+00
1.322186538060083238e+00
1.320803364595369622e+00
1.318690449586462643e+00
1.315914687370529412e+00
1.312535626100720165e+00
1.308606392811081598e+00
1.304174488433597734e+00
1.299282470753355012e+00
1.293968546362823879e+00
1.288267081673448500e+00
1.282209090518382943e+00
1.275822662844740218e+00
1.269133285595989147e+00
1.262164117021880694e+00
1.254936232603874213e+00
1.247468848908115824e+00
1.239779525900794432e+00
1.231884351595281313e+00
1.223798106317769419e+00
1.215534430572196456e+00
1.207105978127545942e+00
1.198524524658369339e+00
1.189801058751767560e+00
1.180945865086794555e+00
1.171968602042546603e+00
1.162878373096366103e+00
1.153683794480671265e+00
1.144393058588667245e+00
1.135013993844998570e+00
1.125554134922346794e+00
1.116020785168051477e+00
1.106421054813408800e+00
1.096761896156090543e+00
1.087050140850442492e+00
1.077292537516457260e+00
1.067495789631017766e+00
1.057666590768195025e+00
1.047811657730944646e+00
1.037937760453892189e+00
1.028051749763651657e+00
1.018160586848626092e+00
1.008271365753643956e+00
9.983913261417330931e-01
9.885278668385304446e-01
9.786885608245072810e-01
9.688811697571076964e-01
9.591136599271882224e-01
9.493942182999192125e-01
9.397312685029103330e-01
9.301334848549692724e-01
9.206098056837058730e-01
9.111694440482864810e-01
9.018218959880665020e-01
8.925769462434897106e-01
8.834446673177726028e-01
8.744354112649839195e-01
8.655597976127172855e-01
8.568286993354936598e-01
8.482532258076265208e-01
8.398447034831502123e-01
8.316146537322466337e-01
8.235747699369271313e-01
8.157368940808374935e-01
8.081129941482140255e-01
8.007151415963360552e-01
7.935554871805291510e-01
7.866462301101869725e-01
7.799995795260812326e-01
7.736277074667117226e-01
7.675426942048684253e-01
7.617564687492969222e-01
7.562807483316341672e-01
7.511269745683485377e-01
7.463062456234832442e-01
7.418292482428515688e-01
7.377061884881629394e-01
7.339467212243716565e-01
7.305598790214679061e-01
7.275540022812837515e-01
7.249366698750595583e-01
7.227146295157820255e-01
7.208937284298094772e-01
7.194788481590067564e-01
7.184738461429690526e-01
7.178815051362942290e-01
7.177034887184527978e-01
7.179403006212740079e-01
7.185912484733674166e-01
7.196544154337335408e-01
7.211266408101897341e-01
7.230035081438845879e-01
7.252793386316792601e-01
7.279471905592592718e-01
7.309988669343477907e-01
7.344249311096184840e-01
7.382147285660246583e-01
7.423564137329111690e-01
7.468369824936124113e-01
7.516423120410504755e-01
7.567572095375698638e-01
7.621654684872390950e-01
7.678499308342358054e-01
7.737925532755859370e-01
7.799744787588178685e-01
7.863761138653634353e-01
7.929772111980889493e-01
7.997569549009393430e-01
8.066940480911061195e-01
8.137668015616730255e-01
8.209532232158136544e-01
8.282311082066288188e-01
8.355781292773545310e-01
8.429719269315635310e-01
8.503901994978279033e-01
8.578107941296247985e-01
8.652117984962311992e-01
8.725716334590356560e-01
8.798691460174138390e-01
8.870837020404956919e-01
8.941952766130525365e-01
9.011845409850545163e-01
9.080329457999098963e-01
9.147228015848744009e-01
9.212373548592792671e-01
9.275608572667467522e-01
9.336786271335866250e-01
9.395771019504075561e-01
9.452438806620259149e-01
9.506677535605110307e-01
9.558387178654762506e-01
9.607479766847724090e-01
9.653879198681495355e-01
9.697520837004988126e-01
9.738350869969724100e-01
9.776325428936890605e-01
9.811409450010516453e-01
9.843575277072796892e-01
9.872801009447875753e-01
9.899068604527259119e-01
9.922361751940628194e-01
9.942663551679831180e-01
9.959954042250261930e-01
9.974207631721661027e-01
9.985390495232465691e-01
9.993458009609789139e-01
9.997525403556484225e-01
1.000000000000000000e+00
