1.000000000000000000e+00
1.000000000000000000e+00
1.000000000000000000e+00
1.000000000000111688e+00
1.000000000014874324e+00
1.000000000915817200e+00
1.000000026928759222e+00
1.000000460904260979e+00
1.000005233854884601e+00
1.000042999721705073e+00
1.000270440763483037e+00
1.001347428126343031e+00
1.005405436381072048e+00
1.017484805330691522e+00
1.045180464815045118e+00
1.091981942150903162e+00
1.145834355726513376e+00
1.178709629709375983e+00
1.166282936327935671e+00
1.106358218654367898e+00
1.016262953014169801e+00
9.190296036255958256e-01
8.334790252156442092e-01
7.709704173537179628e-01
7.359345251114789432e-01
7.276702095309073304e-01
7.421620117321563459e-01
7.737878075754085483e-01
8.167337671132470778e-01
8.659146484292032930e-01
9.173776454429973803e-01
9.683308850555523151e-01
1.016988625980847827e+00
1.062332305707828883e+00
1.103861765112845061e+00
1.141409026221580802e+00
1.175008581057904511e+00
1.204811303797994171e+00
1.231029290821990863e+00
1.253903389079457975e+00
1.273685051014636471e+00
1.290623365358477104e+00
1.304955942480693132e+00
1.316904383622583996e+00
1.326672471181403967e+00
1.334445908849431817e+00
1.340392935711479883e+00
1.344665779588617216e+00
1.347402427987473228e+00
1.350235928630287185e+00
1.353628591880769561e+00
1.356507058175802971e+00
1.358509298377205798e+00
1.359413458959247700e+00
1.359273546370623809e+00
1.358194820938224856e+00
1.356270384436628174e+00
1.353582902369190322e+00
1.350205911899567512e+00
1.346204941459797411e+00
1.341638478397420453e+00
1.336558803431133313e+00
1.331012717003803747e+00
1.325042167572220153e+00
1.318684863500199311e+00
1.311974812667353829e+00
1.304942714568291029e+00
1.297616293886312278e+00
1.290020600886790270e+00
1.282178286635523357e+00
1.274109852703380952e+00
1.265833880186211902e+00
1.257367233206262869e+00
1.248725272077140458e+00
1.239922048186467229e+00
1.230970435745478708e+00
1.221882239933212766e+00
1.212668295727454160e+00
1.203338560510773148e+00
1.193902199253176422e+00
1.184367665778712109e+00
1.174742779184840158e+00
1.165034796362222513e+00
1.155250501523126916e+00
1.145396285303678097e+00
1.135478188418634904e+00
1.125501941745701062e+00
1.115473010595879000e+00
1.105396640479386239e+00
1.095277904336142027e+00
1.085121746777217400e+00
1.074933026182296691e+00
1.064716552946942008e+00
1.054477125581613661e+00
1.044219570657002105e+00
1.033948773249172559e+00
1.023669693581095164e+00
1.013387386147821534e+00
1.003107022476728671e+00
9.928339146876108412e-01
9.825735429656867748e-01
9.723315850052643983e-01
9.621139473731892267e-01
9.519267959342797569e-01
9.417765874618839739e-01
9.316700995721193257e-01
9.216144593096371462e-01
9.116171703823983119e-01
9.016861325047619280e-01
8.918296518038539844e-01
8.820564477514281077e-01
8.723756597090168707e-01
8.627968513808387252e-01
8.533300143515564207e-01
8.439855697349256669e-01
8.347743713029873724e-01
8.257077104126513412e-01
8.167973248172076817e-01
8.080554100122073757e-01
7.994946300406698958e-01
7.911281189485239729e-01
7.829694706250753811e-01
7.750327148781666065e-01
7.673322804679214570e-01
7.598829490056187019e-01
7.526998055223766970e-01
7.457981809386639016e-01
7.391935844683632517e-01
7.329016317512305756e-01
7.269379659155076334e-01
7.213181708110427692e-01
7.160576768068774856e-01
7.111716616009823300e-01
7.066749441801258858e-01
7.025818699647118359e-01
6.989061876903163162e-01
6.956609245838721867e-01
6.928582645876986135e-01
6.905094317239254265e-01
6.886245757986283467e-01
6.872126567281695575e-01
6.862813291262629400e-01
6.858368342328029499e-01
6.858839021424490978e-01
6.864256625760143393e-01
6.874635613372828136e-01
6.889972847986804982e-01
6.910246976477030234e-01
6.935417946844782966e-01
6.965426643842087540e-01
7.000194631437722803e-01
7.039624023649354578e-01
7.083597523448144084e-01
7.131978664556194447e-01
7.184612241401366894e-01
7.241324893778384730e-01
7.301925819788473992e-01
7.366207636199426645e-01
7.433947398896965097e-01
7.504907764850623497e-01
7.578838256887615588e-01
7.655476604051538736e-01
7.734550140610770841e-01
7.815777248414360612e-01
7.898868836920774905e-01
7.983529846192153334e-01
8.069460760993238946e-01
8.156359132914936527e-01
8.243921126732013382e-01
8.331843083429800734e-01
8.419823103509487261e-01
8.507562635860030920e-01
8.594768062991597901e-01
8.681152242304124300e-01
8.766435986419449655e-01
8.850349479906263195e-01
8.932633655904309578e-01
9.013041507092232063e-01
9.091339288328759149e-01
9.167307607441250727e-01
9.240742384149392974e-01
9.311455665195828013e-01
9.379276263320628360e-01
9.444050193390148840e-01
9.505640871312062146e-01
9.563929056485462876e-01
9.618812487534075251e-01
9.670205171342574069e-01
9.718036316648874795e-01
9.762248888999135454e-01
9.802797782475459742e-01
9.839647610400085176e-01
9.872770127446547361e-01
9.902141303770786163e-01
9.927738098310544546e-01
9.949535000937843598e-01
9.967500422759235645e-01
9.981593031414698336e-01
9.991758139553165163e-01
9.996880628418380876e-01
1.000000000000000000e+00
