1.000000000000000000e+00
1.000000000000000000e+00
1.000000000000000000e+00
1.000000000000146105e+00
1.000000000018939295e+00
1.000000001166192254e+00
1.000000034296354423e+00
1.000000587131608665e+00
1.000006669127723402e+00
1.000054811664445209e+00
1.000344892306838984e+00
1.001719362103075106e+00
1.006902195260986899e+00
1.022344106151799714e+00
1.057797124387855003e+00
1.117875057927690596e+00
1.187605000869907723e+00
1.232115087478167670e+00
1.221556851011278866e+00
1.153527706782424778e+00
1.048922798414311019e+00
9.348737773121726935e-01
8.332600950839849085e-01
7.572934074809561933e-01
7.123287641775243317e-01
6.979263711895816735e-01
7.098150485017407085e-01
7.417491846010613177e-01
7.871162772011470743e-01
8.400418019248636625e-01
8.959142510223547795e-01
9.514595675110164574e-01
1.004582209792870273e+00
1.054090175572920396e+00
1.099399508295808348e+00
1.140313382302853729e+00
1.176869026151982967e+00
1.209236889960557448e+00
1.237656615790092118e+00
1.262399894171671422e+00
1.283750088476363294e+00
1.301987532795223057e+00
1.317379124370544163e+00
1.330173268302885958e+00
1.340597955179805290e+00
1.348860592466146979e+00
1.355148806449624654e+00
1.359632203951964158e+00
1.362464477969287602e+00
1.365292926898229453e+00
1.368592860504771691e+00
1.371302775561963339e+00
1.373165972710661764e+00
1.373956966868704610e+00
1.373644422107718643e+00
1.372343343008342709e+00
1.370155480607476273e+00
1.367171207059832305e+00
1.363470922914201022e+00
1.359126264495416958e+00
1.354201150192654968e+00
1.348752684243868183e+00
1.342831945096045754e+00
1.336484667863986564e+00
1.329751917543782636e+00
1.322670683681749448e+00
1.315274304135283900e+00
1.307592824386408115e+00
1.299653322090023488e+00
1.291480205738805065e+00
1.283095486372491045e+00
1.274519027622174061e+00
1.265768767772639691e+00
1.256860956058840184e+00
1.247810369045048384e+00
1.238630452464363874e+00
1.229333436088291487e+00
1.219930438715577825e+00
1.210431566841050577e+00
1.200846005396986493e+00
1.191182104690315047e+00
1.181447462293816919e+00
1.171649000948447261e+00
1.161793067830066084e+00
1.151885521784865141e+00
1.141931778004648734e+00
1.131936848806077922e+00
1.121905389916741935e+00
1.111841748979560895e+00
1.101750016226375140e+00
1.091634071877770173e+00
1.081497631288798278e+00
1.071344285743903724e+00
1.061177540980390521e+00
1.051000860788072533e+00
1.040817699354772197e+00
1.030631517058241631e+00
1.020445799665096187e+00
1.010264082394852769e+00
1.000089975428867684e+00
9.899271947528698323e-01
9.797795960221024059e-01
9.696512114681925532e-01
9.595462864024429939e-01
9.494693180252481435e-01
9.394250930885921225e-01
9.294187249145232643e-01
9.194556898488677188e-01
9.095418551236459370e-01
8.996834968673429467e-01
8.898873151145622051e-01
8.801604497377879532e-01
8.705104952842577237e-01
8.609455162744169554e-01
8.514740618424423424e-01
8.421051840286573054e-01
8.328484602286890803e-01
8.237140225314221187e-01
8.147125923478625298e-01
8.058555165288484590e-01
7.971547938355155738e-01
7.886230887940796075e-01
7.802737300091954209e-01
7.721206936225408768e-01
7.641785765848214673e-01
7.564625668726465690e-01
7.489884042454154622e-01
7.417723286673714167e-01
7.348310233426088578e-01
7.281815483417701795e-01
7.218412633050118599e-01
7.158277391758143260e-01
7.101586615188796303e-01
7.048517224335557607e-01
6.999244978795791106e-01
6.953943105043505213e-01
6.912780858961630193e-01
6.875922079858816094e-01
6.843523759523805206e-01
6.815734586875734635e-01
6.792693417040991388e-01
6.774527684642422942e-01
6.761351853928806444e-01
6.753265946172435363e-01
6.750354123944727336e-01
6.752683298247071919e-01
6.760301794023473310e-01
6.773238149157352339e-01
6.791500064393255487e-01
6.815073481418835177e-01
6.843921782456546810e-01
6.877985147912281105e-01
6.917180132965458084e-01
6.961399517513172652e-01
7.010512417232646065e-01
7.064364617605868313e-01
7.122779100900163973e-01
7.185556796045066141e-01
7.252477571634241560e-01
7.323301449387683570e-01
7.397769987150492055e-01
7.475607794833855069e-01
7.556524159525398465e-01
7.640214757491154973e-01
7.726363443119251828e-01
7.814644092349603000e-01
7.904722481695058978e-01
7.996258195709465832e-01
8.088906581783971150e-01
8.182320739408124322e-01
8.276153546391220583e-01
8.370059700328167374e-01
8.463697761530554198e-01
8.556732142363174809e-01
8.648835020011125252e-01
8.739688169659191042e-01
8.828984751021151656e-01
8.916431015838479635e-01
9.001747881590372868e-01
9.084672370001549702e-01
9.164958887305829638e-01
9.242380334593183200e-01
9.316729009407698214e-01
9.387817267613409733e-01
9.455477904231766040e-01
9.519564232148129967e-01
9.579949795402620261e-01
9.636527666928281777e-01
9.689209321761157456e-01
9.737923056070328931e-01
9.782611945967921718e-01
9.823231347524218338e-01
9.859745951310597833e-01
9.892126413797277529e-01
9.920345621657132851e-01
9.944374673416247479e-01
9.964178673970273126e-01
9.979712459539390457e-01
9.990916384624156654e-01
9.996561159808186048e-01
1.000000000000000000e+00
