1.000000000000000000e+00
1.000000000000000000e+00
1.000000000000000000e+00
1.000000000000148326e+00
1.000000000019227508e+00
1.000000001183917631e+00
1.000000034817181804e+00
1.000000596038742140e+00
1.000006770183895499e+00
1.000055641082916669e+00
1.000350102564577348e+00
1.001745279306046399e+00
1.007005915478439650e+00
1.022678398011266143e+00
1.058656811765129824e+00
1.119617434626609231e+00
1.190370769650795912e+00
1.235580327633654552e+00
1.225055135918027505e+00
1.156419396845349779e+00
1.050829886555763037e+00
9.356924438623325235e-01
8.330782420391742438e-01
7.563055957962342424e-01
7.107744316768777049e-01
6.960489297611888171e-01
7.078325000707796910e-01
7.398349107089329246e-01
7.853914669934146664e-01
8.385783570012069754e-01
8.947441749445378401e-01
9.505864480777628245e-01
1.003992056937177413e+00
1.053759778477743048e+00
1.099301708032577540e+00
1.140420167990537026e+00
1.177153225674732129e+00
1.209673008021804330e+00
1.238221179426321150e+00
1.263071559894283213e+00
1.284509651983374079e+00
1.302817851584626485e+00
1.318264969013563936e+00
1.331101148679712631e+00
1.341555945548924100e+00
1.349838166429160324e+00
1.356136686578683026e+00
1.360622233610822907e+00
1.363449516545416573e+00
1.366266759082845450e+00
1.369550117905878439e+00
1.372238864352986365e+00
1.374082462486253320e+00
1.374855229082110109e+00
1.374520917626966598e+00
1.373195169155468687e+00
1.370980301426198533e+00
1.367967193296802053e+00
1.364236698039424045e+00
1.359860856097563353e+00
1.354903946234990997e+00
1.349423393629029189e+00
1.343470562113547206e+00
1.337091440039372081e+00
1.330327317494259809e+00
1.323215384586760468e+00
1.315789157162164713e+00
1.308078837685507034e+00
1.300111641284884101e+00
1.291912095895375590e+00
1.283502315372418101e+00
1.274902250894806910e+00
1.266129914227801745e+00
1.257201615575784581e+00
1.248132181414622677e+00
1.238935096961391036e+00
1.229622621439667940e+00
1.220205893433269129e+00
1.210695029922387533e+00
1.201099217363321037e+00
1.191426798979161594e+00
1.181685356995781255e+00
1.171881790887333796e+00
1.162022417310164313e+00
1.152113057890802761e+00
1.142159083934014996e+00
1.132165457212837900e+00
1.122136776363806598e+00
1.112077325554343687e+00
1.101991125371306390e+00
1.091881980414536768e+00
1.081753524627391494e+00
1.071609262238417459e+00
1.061452606420739464e+00
1.051286923115699601e+00
1.041115563470912830e+00
1.030941879519846394e+00
1.020769243332786624e+00
1.010601071119435090e+00
1.000440848819620587e+00
9.902921631274539394e-01
9.801587356105860849e-01
9.700444599486386377e-01
9.599534388022568088e-01
9.498900230655082932e-01
9.398588500052598160e-01
9.298648808034947200e-01
9.199134375882028758e-01
9.100102318177841765e-01
9.001613827429751913e-01
8.903734329006565140e-01
8.806533646246608171e-01
8.710086155350708070e-01
8.614470945919477929e-01
8.519771975851925250e-01
8.426078264416263508e-01
8.333484128705334060e-01
8.242089491300321757e-01
8.152000243015524727e-01
8.063328622205537810e-01
7.976193497600225779e-01
7.890720524503355149e-01
7.807042144562528208e-01
7.725297435984822547e-01
7.645631861473314306e-01
7.568196986209130284e-01
7.493150100651733148e-01
7.420653718760431561e-01
7.350875021977744117e-01
7.283985207864195344e-01
7.220158727662652209e-01
7.159572411992186636e-01
7.102404510245620139e-01
7.048833612921621139e-01
6.999037424088080384e-01
6.953191384442007905e-01
6.911467225126362024e-01
6.874031510145079960e-01
6.841044191013421205e-01
6.812657133233852580e-01
6.789012562260090533e-01
6.770241448862237554e-01
6.756461928029920960e-01
6.747777792548922404e-01
6.744277040562111081e-01
6.746030442611515854e-01
6.753090164541211138e-01
6.765488523046759850e-01
6.783236892031867526e-01
6.806324737044664452e-01
6.834718771507418689e-01
6.868362272492875009e-01
6.907174618624547513e-01
6.951051106108440125e-01
6.999863030978046297e-01
7.053457999174332915e-01
7.111660434313363810e-01
7.174272314023638630e-01
7.241074155770479415e-01
7.311826229298582502e-01
7.386269943930863224e-01
7.464129373487893293e-01
7.545112894586156749e-01
7.628914915540544461e-01
7.715217685612044685e-01
7.803693161557699876e-01
7.894004912041613364e-01
7.985810052431303596e-01
8.078761229033284419e-01
8.172508639466410374e-01
8.266702091544835262e-01
8.360993078382605859e-01
8.455036855553623720e-01
8.548494464090141687e-01
8.641034675855794323e-01
8.732335858221244029e-01
8.822087791677011293e-01
8.909993407469776194e-01
8.995770389577191217e-01
9.079152639767970046e-01
9.159891582480919059e-01
9.237757297882547292e-01
9.312539443795934124e-01
9.384047935213464253e-01
9.452113339595057395e-01
9.516586966735957054e-01
9.577340588954806888e-01
9.634265740717702364e-01
9.687272588727893208e-01
9.736288342354254555e-01
9.781255198257564620e-01
9.822127820580238700e-01
9.858870370078831602e-01
9.891453104633030069e-01
9.919848607823245068e-01
9.944027731090935296e-01
9.963955346173368754e-01
9.979586026889525341e-01
9.990859793537056888e-01
9.996539678816592778e-01
1.000000000000000000e+00
