1.000000000000000000e+00
1.000000000000000000e+00
1.000000000000000000e+00
1.000000000000129452e+00
1.000000000016901147e+00
1.000000001040726616e+00
1.000000030606919221e+00
1.000000523974578170e+00
1.000005951735447596e+00
1.000048915148589623e+00
1.000307784548023937e+00
1.001534354476185662e+00
1.006159597293022179e+00
1.019941374954723479e+00
1.051586411300418744e+00
1.105202878353309659e+00
1.167315041869178893e+00
1.206415380909101165e+00
1.195259438345400715e+00
1.131405119902251899e+00
1.033926355471075365e+00
9.279549164818150508e-01
8.339236554483611119e-01
7.642009841713331975e-01
7.237492369545764914e-01
7.120462283988688856e-01
7.249723103087758469e-01
7.565948440730245750e-01
8.006865122582901284e-01
8.517463424372463399e-01
9.054707020360691638e-01
9.588083131642594070e-01
1.009804450838440504e+00
1.057343791076769568e+00
1.100877633710942050e+00
1.140219488599326869e+00
1.175402911048318622e+00
1.206587437500451276e+00
1.233998555440109168e+00
1.257892593167918127e+00
1.278537257560025564e+00
1.296197678089749061e+00
1.311126576249016740e+00
1.323559429590022596e+00
1.333712580470558740e+00
1.341783008170416958e+00
1.347949030537891835e+00
1.352371908741399231e+00
1.355197785227756579e+00
1.358067097511409527e+00
1.361448888690297787e+00
1.364275933985269917e+00
1.366243248347941641e+00
1.367126961724468570e+00
1.366934567709987114e+00
1.365776372044989584e+00
1.363749949336630740e+00
1.360941944933764525e+00
1.357429435731060563e+00
1.353281096367958458e+00
1.348558208474410991e+00
1.343315531724026402e+00
1.337602062826381610e+00
1.331461692300435207e+00
1.324933848093823308e+00
1.318054063622552174e+00
1.310854386634519031e+00
1.303363726479963347e+00
1.295608167284511669e+00
1.287611255479938821e+00
1.279394261011109091e+00
1.270976417288831151e+00
1.262375134339793759e+00
1.253606223795508345e+00
1.244684104740405806e+00
1.235621940784756845e+00
1.226431751840462603e+00
1.217124516269241452e+00
1.207710266728208026e+00
1.198198178318228280e+00
1.188596652848370239e+00
1.178913398136438362e+00
1.169155503350102654e+00
1.159329533479456220e+00
1.149441612585961670e+00
1.139497468108127798e+00
1.129502471431256705e+00
1.119461683287096943e+00
1.109379901001687152e+00
1.099261707553351508e+00
1.089111517503895454e+00
1.078933620735377019e+00
1.068732222096341999e+00
1.058511478846122067e+00
1.048275542556864393e+00
1.038028590664749284e+00
1.027774842879715322e+00
1.017518580543769646e+00
1.007264170240849133e+00
9.970160885371985859e-01
9.867789513466074247e-01
9.765575457981355845e-01
9.663568645902006482e-01
9.561821396852093757e-01
9.460388777553471185e-01
9.359328942272731044e-01
9.258703463383006760e-01
9.158577652400146096e-01
9.059020798776701300e-01
8.960106314918148129e-01
8.861911848822596749e-01
8.764519399274403044e-01
8.668015414957290776e-01
8.572490891058277551e-01
8.478041452839077952e-01
8.384767464399993653e-01
8.292774166633445354e-01
8.202171868296178614e-01
8.113076175365587783e-01
8.025608224241737032e-01
7.939894819178342500e-01
7.856068447722189818e-01
7.774267148744667955e-01
7.694634240010278514e-01
7.617317947975500436e-01
7.542471004258120004e-01
7.470250153007468308e-01
7.400815545013796903e-01
7.334330082118986072e-01
7.270958677972221285e-01
7.210867423897076023e-01
7.154222661758775637e-01
7.101189988971451372e-01
7.051933171718132165e-01
7.006612941043903753e-01
6.965385675386679409e-01
6.928402042130397120e-01
6.895805650794478714e-01
6.867731740443142607e-01
6.844305868133958581e-01
6.825642554835339437e-01
6.811843907260761721e-01
6.802998297410676187e-01
6.799179134988178053e-01
6.800443714011411567e-01
6.806832102610319568e-01
6.818366105445283765e-01
6.835048362157171153e-01
6.856861594323112596e-01
6.883767977969369456e-01
6.915708632643583487e-01
6.952603255565986684e-01
6.994349950468266019e-01
7.040825295012343998e-01
7.091884632830178781e-01
7.147362554022924641e-01
7.207073535543632170e-01
7.270812765418430690e-01
7.338357166756774852e-01
7.409466600673074721e-01
7.483885203253713980e-01
7.561342824620036485e-01
7.641556549712900104e-01
7.724232282045390141e-01
7.809066382654722416e-01
7.895747345822452523e-01
7.983957496365217121e-01
8.073374703539831776e-01
8.163674129164519844e-01
8.254529999958738484e-01
8.345617407303338453e-01
8.436614116466587543e-01
8.527202374014747344e-01
8.617070666104288401e-01
8.705915407896844815e-01
8.793442561343142172e-01
8.879369209445266975e-01
8.963425058197203033e-01
9.045353817734078650e-01
9.124914460178009668e-01
9.201882332685131782e-01
9.276050113844597211e-01
9.347228577891025791e-01
9.415247137898737906e-01
9.479954130169351290e-01
9.541216819578666186e-01
9.598921069266774797e-01
9.652970629717866347e-01
9.703286038298173377e-01
9.749803102895755469e-01
9.792470964344325290e-01
9.831249739461855874e-01
9.866107757602868844e-01
9.897018412242875041e-01
9.923956679151768601e-01
9.946895378108790986e-01
9.965801265470844994e-01
9.980631064662843777e-01
9.991327554296749458e-01
9.996717221338279336e-01
1.000000000000000000e+00
