1.000000000000000000e+00
1.000000000000000000e+00
1.000000000000000000e+00
1.000000000000109468e+00
1.000000000014626522e+00
1.000000000900517216e+00
1.000000026477879000e+00
1.000000453165698966e+00
1.000005145673131590e+00
1.000042272085955419e+00
1.000265839334273155e+00
1.001324345316326081e+00
1.005312046932973935e+00
1.017179490033643940e+00
1.044380492594507270e+00
1.090320682412082576e+00
1.143113992949593261e+00
1.175167207736349306e+00
1.162536302878336425e+00
1.103076459032732437e+00
1.013906727128521146e+00
9.177946336409497086e-01
8.333506524157719975e-01
7.717975904905595153e-01
7.374907981941648538e-01
7.297005283646925689e-01
7.444212222000511359e-01
7.760691090025820804e-01
8.188833018773622463e-01
8.678325487419299433e-01
9.190100208402306459e-01
9.696581490011061399e-01
1.018013839217356109e+00
1.063071785870585151e+00
1.104338722247613758e+00
1.141649536264529807e+00
1.175039185446102641e+00
1.204657666345843703e+00
1.230715510107131427e+00
1.253451675846959379e+00
1.273115595390542198e+00
1.289954342465243764e+00
1.304203616304114632e+00
1.316083255001422536e+00
1.325795439917047958e+00
1.333524434288964722e+00
1.339437187870088142e+00
1.343684772378155534e+00
1.346404132221423522e+00
1.349227370743580012e+00
1.352615938597938827e+00
1.355495693311682404e+00
1.357496936184882097e+00
1.358398092464746965e+00
1.358259465337539940e+00
1.357185669721626020e+00
1.355269235887641255e+00
1.352592321491671967e+00
1.349228012568663759e+00
1.345241437041207799e+00
1.340690726938475352e+00
1.335627848085113367e+00
1.330099322214460145e+00
1.324146851561550653e+00
1.317807926706414889e+00
1.311116362560685866e+00
1.304102688274418220e+00
1.296794479009309109e+00
1.289216654661572203e+00
1.281391753482862494e+00
1.273340180299428859e+00
1.265080434127478393e+00
1.256629310435253943e+00
1.248002112816272158e+00
1.239212846491433151e+00
1.230274349363485564e+00
1.221198399675410551e+00
1.211995814398418414e+00
1.202676541408705946e+00
1.193249744277425251e+00
1.183723883143846356e+00
1.174106790757905472e+00
1.164405744632494688e+00
1.154627555950714424e+00
1.144778648144201050e+00
1.134865100445392905e+00
1.124892687889891940e+00
1.114866925427728361e+00
1.104793113487846590e+00
1.094676384965345584e+00
1.084521749235780375e+00
1.074334134030815679e+00
1.064118423491638765e+00
1.053879494079412948e+00
1.043622254257128956e+00
1.033351674772036599e+00
1.023072805293677279e+00
1.012790793477762463e+00
1.002510907588938904e+00
9.922385598815205432e-01
9.819793338052780207e-01
9.717390131156994348e-01
9.615236128336515087e-01
9.513394092313683936e-01
9.411929709334445615e-01
9.310911883065743355e-01
9.210413014559635236e-01
9.110509268216313572e-01
9.011280759222574099e-01
8.912811652150979258e-01
8.815190224533021590e-01
8.718508925804646648e-01
8.622864414767674734e-01
8.528357587131890627e-01
8.435093583504025272e-01
8.343181810989205305e-01
8.252735981488613648e-01
8.163874187218387313e-01
8.076719000121643788e-01
7.991397564884638038e-01
7.908041598867527888e-01
7.826787276742787069e-01
7.747774978822242753e-01
7.671148910360644502e-01
7.597056630477503347e-01
7.525648547988562642e-01
7.457077337431383679e-01
7.391497256163948038e-01
7.329063419798007573e-01
7.269931008692710472e-01
7.214254398332063944e-01
7.162186217750203809e-01
7.113876360373944108e-01
7.069470929261996162e-01
7.029111097725639912e-01
6.992931891032510006e-01
6.961060953884530278e-01
6.933617350542701230e-01
6.910710418272121291e-01
6.892438646661254165e-01
6.878888546345219845e-01
6.870133523219572602e-01
6.866232827603503397e-01
6.867230607232286399e-01
6.873155046612989816e-01
6.884017564439887105e-01
6.899812091783342760e-01
6.920514482061828065e-01
6.946082060176801409e-01
6.976453287986191798e-01
7.011547535131605891e-01
7.051264975961951675e-01
7.095486651142581813e-01
7.144074727757935284e-01
7.196872943141824353e-01
7.253707199364268776e-01
7.314386282256907235e-01
7.378702723603703939e-01
7.446433818828241957e-01
7.517342781912403904e-01
7.591179999597020833e-01
7.667684358221152907e-01
7.746584626684411834e-01
7.827600880643880155e-01
7.910445962518074525e-01
7.994826963023656807e-01
8.080446712766669037e-01
8.167005281015434770e-01
8.254201497684939826e-01
8.341734491236171278e-01
8.429305246129812357e-01
8.516618165485602132e-01
8.603382629969462680e-01
8.689314513386448002e-01
8.774137638322447863e-01
8.857585169163111338e-01
8.939400965448138781e-01
9.019340870382128728e-01
9.097173892511797311e-01
9.172683276926116847e-01
9.245667446146110802e-01
9.315940798774028364e-01
9.383334333921591330e-01
9.447696074990944437e-01
9.508891258854758055e-01
9.566802271313367134e-01
9.621328279337935108e-01
9.672384520716370560e-01
9.719901242386990159e-01
9.763822264646094817e-01
9.804103166728924679e-01
9.840709096010973322e-01
9.873612213199202126e-01
9.902788794007630901e-01
9.928216033929538886e-01
9.949868624912791004e-01
9.967715182260605822e-01
9.981714617372572373e-01
9.991812563109487844e-01
9.996901280235763743e-01
1.000000000000000000e+00
