1.000000000000000000e+00
1.000000000000000000e+00
1.000000000000000000e+00
1.000000000000120570e+00
1.000000000015875745e+00
1.000000000977553594e+00
1.000000028747323189e+00
1.000000492100809879e+00
1.000005589123491578e+00
1.000045929022426838e+00
1.000288947739139456e+00
1.001440157345371951e+00
1.005780031850556533e+00
1.018707020973812938e+00
1.048374522816276855e+00
1.098592526162147198e+00
1.156613176515816521e+00
1.192672742624484306e+00
1.180961518531250531e+00
1.119124232766789406e+00
1.025342040960945056e+00
9.236989680299632077e-01
8.338354807626309206e-01
7.676321967101314980e-01
7.298009747223180854e-01
7.197413142296594790e-01
7.333917045677830204e-01
7.649762244498633512e-01
8.084726520668664707e-01
8.585847266773265485e-01
9.111807525434921784e-01
9.633360034273312777e-01
1.013177645330053389e+00
1.059636726739182189e+00
1.102187379823509783e+00
1.140651401177111390e+00
1.175062197278678555e+00
1.205574605185781634e+00
1.232407216682234630e+00
1.255808525895988792e+00
1.276038081429296200e+00
1.293352997811601401e+00
1.307998468157448357e+00
1.320203070659705658e+00
1.330176911378641469e+00
1.338111376107110839e+00
1.344179785657679149e+00
1.348538923020999647e+00
1.351330886561909139e+00
1.354192447360976104e+00
1.357589306584427558e+00
1.360451193314118568e+00
1.362445473738860935e+00
1.363349242390425431e+00
1.363192462817990114e+00
1.362082937620034961e+00
1.360116021089262883e+00
1.357376381732863679e+00
1.353939337170545709e+00
1.349871997478269137e+00
1.345234253995285290e+00
1.340079632379279850e+00
1.334456035526167650e+00
1.328406386311116405e+00
1.321969255455012204e+00
1.315179415434507115e+00
1.308068241116030483e+00
1.300664050319171983e+00
1.292992410714566054e+00
1.285076421287111526e+00
1.276936967862134509e+00
1.268592957645130248e+00
1.260061527594022124e+00
1.251358263504388724e+00
1.242497400377161165e+00
1.233491956875637507e+00
1.224353845337287527e+00
1.215093972309063464e+00
1.205722332811856257e+00
1.196248097040646829e+00
1.186679693158672055e+00
1.177024885182416325e+00
1.167290846933764392e+00
1.157484254038047666e+00
1.147611365102640946e+00
1.137678065732905752e+00
1.127689908895294968e+00
1.117652159781370891e+00
1.107569842340003996e+00
1.097447787443810441e+00
1.087290677999791066e+00
1.077103091892445352e+00
1.066889540960498595e+00
1.056654507801060960e+00
1.046402486722166181e+00
1.036138014780904060e+00
1.025865688365180883e+00
1.015590182490353932e+00
1.005316274036662794e+00
9.950488659524018287e-01
9.847930157229224379e-01
9.745539660750504041e-01
9.643371778830821528e-01
9.541483622773353490e-01
9.439935142191111517e-01
9.338789445378073983e-01
9.238113107991151596e-01
9.137976470200658285e-01
9.038453853312526931e-01
8.939623684871594866e-01
8.841568590179795795e-01
8.744375483080327749e-01
8.648135638163304550e-01
8.552944757028416722e-01
8.458903018460821599e-01
8.366115148412680558e-01
8.274690513338701647e-01
8.184743259227987844e-01
8.096392482143898173e-01
8.009762397681672308e-01
7.924982415575737571e-01
7.842187095026130761e-01
7.761515957296704071e-01
7.683113162653852912e-01
7.607127092464838203e-01
7.533709897609843775e-01
7.463016961549908679e-01
7.395206256178897819e-01
7.330437651151336942e-01
7.268872145791036576e-01
7.210671014228519082e-01
7.155994866737868110e-01
7.105002652120984141e-01
7.057850579983745432e-01
7.014690940547392284e-01
6.975670826643735056e-01
6.940930826989113456e-01
6.910603740846197329e-01
6.884813335907751242e-01
6.863673118971200804e-01
6.847285079212871439e-01
6.835738421552808308e-01
6.829108366363703109e-01
6.827455047898277618e-01
6.830822493381998317e-01
6.839237653049536902e-01
6.852709507505434505e-01
6.871228310126096250e-01
6.894764974606225616e-01
6.923270584698969499e-01
6.956676016160948661e-01
6.994891695750656835e-01
7.037807541708891446e-01
7.085293124846558932e-01
7.137198035770098148e-01
7.193352423365220183e-01
7.253567676962776600e-01
7.317637273569415068e-01
7.385337804338945045e-01
7.456430160512745875e-01
7.530660837070347613e-01
7.607763324526044535e-01
7.687459570236793160e-01
7.769461492227014432e-01
7.853472538835651884e-01
7.939189277677832779e-01
8.026303000457196690e-01
8.114501339661970292e-01
8.203469914058436618e-01
8.292893994267764857e-01
8.382460191870897415e-01
8.471858155789006029e-01
8.560782265758338783e-01
8.648933279216594050e-01
8.736019913301673601e-01
8.821760359271649810e-01
8.905883755100011401e-01
8.988131589125227805e-01
9.068258989274003978e-01
9.146035894821732404e-01
9.221248089950665472e-01
9.293698087203027258e-01
9.363205826908661544e-01
9.429609164837938762e-01
9.492764112029533630e-01
9.552544807040860286e-01
9.608843167257726803e-01
9.661568176848164269e-01
9.710644802504482254e-01
9.756012512231941880e-01
9.797623392233365536e-01
9.835439863913456593e-01
9.869432013671178838e-01
9.899574556553990545e-01
9.925843483093746977e-01
9.948212462578777115e-01
9.966649086001042601e-01
9.981111050550646180e-01
9.991542399500485949e-01
9.996798758343016233e-01
1.000000000000000000e+00
