1.000000000000000000e+00
1.000000000000000000e+00
1.000000000000000000e+00
1.000000000000086153e+00
1.000000000012021717e+00
1.000000000739770467e+00
1.000000021736393574e+00
1.000000371695943135e+00
1.000004216063924201e+00
1.000034588727377605e+00
1.000217151932052850e+00
1.001079476513881961e+00
1.004318042481455064e+00
1.013915645248495645e+00
1.035779821984876170e+00
1.072327575684162815e+00
1.113372733755121580e+00
1.135998042973712874e+00
1.120570085806051885e+00
1.065778929291279598e+00
9.866394870811481255e-01
9.030272264112721992e-01
8.311534744284919674e-01
7.806221017390496675e-01
7.548530546956777609e-01
7.527311161974606923e-01
7.703264141406723775e-01
8.024713926337557757e-01
8.439966700307494074e-01
8.904796104449780314e-01
9.385347470236249379e-01
9.857964409718474874e-01
1.030763794153157553e+00
1.072588501944213180e+00
1.110861931706914829e+00
1.145457056049905331e+00
1.176418610517386609e+00
1.203890113068929013e+00
1.228066957463275655e+00
1.249168660488368943e+00
1.267423264428912066e+00
1.283056191442208727e+00
1.296282404151174461e+00
1.307302478731510176e+00
1.316301019487464696e+00
1.323446419531634444e+00
1.328891388243348626e+00
1.332774211740399117e+00
1.335220297643100240e+00
1.337851308108409132e+00
1.341119191104995334e+00
1.343915177016024476e+00
1.345806704791524311e+00
1.346597926487358432e+00
1.346399619626215127e+00
1.345309272440774029e+00
1.343413108417984336e+00
1.340787685670097762e+00
1.337501120202253535e+00
1.333614131131593883e+00
1.329180942227474516e+00
1.324250058342577585e+00
1.318864940225587645e+00
1.313064587866229260e+00
1.306884103857663515e+00
1.300355189649966769e+00
1.293506510741103677e+00
1.286364008030882911e+00
1.278951177690027530e+00
1.271289326876195780e+00
1.263397805370659599e+00
1.255294217591691686e+00
1.246994611083040327e+00
1.238513671924160731e+00
1.229864903208719884e+00
1.221060748214699121e+00
1.212112692404547332e+00
1.203031356656530493e+00
1.193826584476639363e+00
1.184507522243769317e+00
1.175082695565915714e+00
1.165560081006089543e+00
1.155947174037013969e+00
1.146251071155722334e+00
1.136478542682892057e+00
1.126636074884699079e+00
1.116729908760026424e+00
1.106766082141845464e+00
1.096750472811131027e+00
1.086688842595186832e+00
1.076586878647567858e+00
1.066450232630122841e+00
1.056284556343560554e+00
1.046095535249752961e+00
1.035888924971535285e+00
1.025670579406779304e+00
1.015446466811927850e+00
1.005222687688188010e+00
9.950054954133440432e-01
9.848013171707995506e-01
9.746167777700088797e-01
9.644587246614167997e-01
9.543342540497387061e-01
9.442507356424831855e-01
9.342158377715662487e-01
9.242375504285641474e-01
9.143242064358054755e-01
9.044845007098939460e-01
8.947275020831468861e-01
8.850626568002830652e-01
8.754997882509802931e-01
8.660490954979899181e-01
8.567211491350105179e-01
8.475268854355139103e-01
8.384775979565979309e-01
8.295849293892502141e-01
8.208608638988046380e-01
8.123177216727774930e-01
8.039681545507669780e-01
7.958251402067083591e-01
7.879019676746780165e-01
7.802122124742578713e-01
7.727696997456453554e-01
7.655884561867064564e-01
7.586826542307902876e-01
7.520665534286374854e-01
7.457544353584075747e-01
7.397605306984050832e-01
7.340989434818689929e-01
7.287835705072572834e-01
7.238280155818942463e-01
7.192454992035155481e-01
7.150487659569576548e-01
7.112499883770121434e-01
7.078606659555168878e-01
7.048915199769134610e-01
7.023523896724963578e-01
7.002521336374186722e-01
6.985985382495036866e-01
6.973982308434562016e-01
6.966565946381479968e-01
6.963776866619597605e-01
6.965641642065225625e-01
6.972172219559991113e-01
6.983365381288213491e-01
6.999202270657217673e-01
7.019647998156598456e-01
7.044651365260683473e-01
7.074144708872802667e-01
7.108043844382930798e-01
7.146248095169664971e-01
7.188640422133213415e-01
7.235087681403326032e-01
7.285441034698177942e-01
7.339536498073808701e-01
7.397195600570470875e-01
7.458226130432928924e-01
7.522422983009895425e-01
7.589569119811552245e-01
7.659436624022922802e-01
7.731787822415334688e-01
7.806376453023087247e-01
7.882948866371448648e-01
7.961245249523531964e-01
8.041000869928306427e-01
8.121947328997960458e-01
8.203813817579084233e-01
8.286328372303120027e-01
8.369219146824404820e-01
8.452215693085516346e-01
8.535050256305672933e-01
8.617459072731082914e-01
8.699183663219062224e-01
8.779972090960339592e-01
8.859580169658072268e-01
8.937772619367038152e-01
9.014324187412861011e-01
9.089020712930205859e-01
9.161660099806904212e-01
9.232053193266211988e-01
9.300024542118701110e-01
9.365413034851388652e-01
9.428072381531966695e-01
9.487871417892639325e-01
9.544694201954846413e-01
9.598439885551098838e-01
9.649022319018669691e-01
9.696369355795896317e-01
9.740421848672854432e-01
9.781132318764630407e-01
9.818463293648800327e-01
9.852385317330423220e-01
9.882874643705571449e-01
9.909910632662384256e-01
9.933472889830960995e-01
9.953538209693779670e-01
9.970077390263779593e-01
9.983052002130069491e-01
9.992411204204862951e-01
9.997128410911045870e-01
1.000000000000000000e+00
