1.000000000000000000e+00
1.000000000000000000e+00
1.000000000000000000e+00
1.000000000000176081e+00
1.000000000023263169e+00
1.000000001431962771e+00
1.000000042095140484e+00
1.000000720292200773e+00
1.000008176949934491e+00
1.000067157251001593e+00
1.000422211015361329e+00
1.002102488578792583e+00
1.008427833703948284e+00
1.027229198831954182e+00
1.070252188761826151e+00
1.142834582248307917e+00
1.226647027822707736e+00
1.280124284495592013e+00
1.268885436447690029e+00
1.191404227535748372e+00
1.072574671272061186e+00
9.434390233329104092e-01
8.284662506740227972e-01
7.421875571940490524e-01
6.903866224788820505e-01
6.724986443721613361e-01
6.837692675490413263e-01
7.172696270348491998e-01
7.656586005892926927e-01
8.224105288580472184e-01
8.824066835246948681e-01
9.420233362289052170e-01
9.989578696943142155e-01
1.051918019025317452e+00
1.100283864161561320e+00
1.143858580617420406e+00
1.182697906945568533e+00
1.216999172784244410e+00
1.247031668550378836e+00
1.273097085958482255e+00
1.295508401171851842e+00
1.314574262300902241e+00
1.330587715651777803e+00
1.343820883241553021e+00
1.354523072637925152e+00
1.362920771578601808e+00
1.369218665075239372e+00
1.373601717978888859e+00
1.376237615817030413e+00
1.378786467618035472e+00
1.381735364648650100e+00
1.384033621853889118e+00
1.385502198612482472e+00
1.385913339893269258e+00
1.385174970180909959e+00
1.383411012003928686e+00
1.380731186996876581e+00
1.377233021931473900e+00
1.373003333444702490e+00
1.368119505043029704e+00
1.362650597103680195e+00
1.356658307548510134e+00
1.350197811939447101e+00
1.343318491436461981e+00
1.336064661903321626e+00
1.328476219275993575e+00
1.320589089050442588e+00
1.312435605967261942e+00
1.304044858304270971e+00
1.295443006488215421e+00
1.286653573977113885e+00
1.277697716108801451e+00
1.268594458807531966e+00
1.259360957284598737e+00
1.250012733442007473e+00
1.240563826163487704e+00
1.231026911158399351e+00
1.221413410584800019e+00
1.211733596509963373e+00
1.201996686099531475e+00
1.192210933328646583e+00
1.182383715591422080e+00
1.172521616365108210e+00
1.162630534322098175e+00
1.152715778682032566e+00
1.142782113981994030e+00
1.132833800642765176e+00
1.122874642593308048e+00
1.112908037968014741e+00
1.102937032791655003e+00
1.092964371067620899e+00
1.082992542473994124e+00
1.073023825112812801e+00
1.063060325808373285e+00
1.053104026829349449e+00
1.043156819296256144e+00
1.033220516831291569e+00
1.023296873580436861e+00
1.013387608403213402e+00
1.003494431133157949e+00
9.936190756691761772e-01
9.837633371576525176e-01
9.739291133556101654e-01
9.641184460553202662e-01
9.543335659425401518e-01
9.445769367615357570e-01
9.348512994903650508e-01
9.251597167041394343e-01
9.155056074209956263e-01
9.058927709390173222e-01
8.963254081129574669e-01
8.868081449662611471e-01
8.773460562979206179e-01
8.679446913091541926e-01
8.586101000100857528e-01
8.493488658386232348e-01
8.401681452736576849e-01
8.310757179817908069e-01
8.220800457033905495e-01
8.131903353436744641e-01
8.044165925836576081e-01
7.957696623451802065e-01
7.872612524025792702e-01
7.789039408884931293e-01
7.707111733295636258e-01
7.626972579596779100e-01
7.548773511262789615e-01
7.472674289537377668e-01
7.398842535860028491e-01
7.327453286255344311e-01
7.258688413890471702e-01
7.192735914029142474e-01
7.129789077444065315e-01
7.070045508388745903e-01
7.013705939673635648e-01
6.960972838365262483e-01
6.912048894683304745e-01
6.867135459850928214e-01
6.826430956535409766e-01
6.790129205952627478e-01
6.758417600663519931e-01
6.731475143163890840e-01
6.709470464819560220e-01
6.692559875084851395e-01
6.680885414467173655e-01
6.674572868351771326e-01
6.673729789451324779e-01
6.678443629592538677e-01
6.688780009126990000e-01
6.704781101669340382e-01
6.726464133443532667e-01
6.753820053334134155e-01
6.786812462125810796e-01
6.825376881770075510e-01
6.869420358971776164e-01
6.918821363090128518e-01
6.973429947815573682e-01
7.033068223180921619e-01
7.097531170711601778e-01
7.166587777411889126e-01
7.239982425765346674e-01
7.317436494156414062e-01
7.398650137404750859e-01
7.483304217928935520e-01
7.571062373104869847e-01
7.661573187253084560e-01
7.754472440677316891e-01
7.849385423182538846e-01
7.945929333389192273e-01
8.043715743615085234e-01
8.142353130378063852e-01
8.241449439188018866e-01
8.340614663166771026e-01
8.439463361521912788e-01
8.537617086645327147e-01
8.634706715555861001e-01
8.730374729380644405e-01
8.824277399772321173e-01
8.916086812603337686e-01
9.005492730011895874e-01
9.092204264216946497e-01
9.175951352048608012e-01
9.256485983996902700e-01
9.333583152197815203e-01
9.407041468370824777e-01
9.476683429125610791e-01
9.542355250339412676e-01
9.603926208893189820e-01
9.661287483154988864e-01
9.714350455216186342e-01
9.763044467361358114e-01
9.807314033262795050e-01
9.847115518002037549e-01
9.882413310667447215e-01
9.913175555345861145e-01
9.939369541439826428e-01
9.960956866744044014e-01
9.977888513904878964e-01
9.990099997849201108e-01
9.996251242279179383e-01
1.000000000000000000e+00
