1.000000000000000000e+00
1.000000000000000000e+00
1.000000000000000000e+00
1.000000000000013989e+00
1.000000000002601475e+00
1.000000000157190705e+00
1.000000004514742358e+00
1.000000075009845446e+00
1.000000820036889504e+00
1.000006412414449208e+00
1.000037758044821423e+00
1.000171768126804750e+00
1.000604033665514203e+00
1.001590642402188092e+00
1.002839028961012291e+00
1.002130073005065958e+00
9.946565653921864980e-01
9.756157091093922151e-01
9.447552190731068888e-01
9.077166141819136280e-01
8.729056543352320396e-01
8.475249376591071915e-01
8.355159623679956349e-01
8.374634039244208683e-01
8.515791305556466018e-01
8.749295313345470948e-01
9.043736721704729309e-01
9.371268557815496392e-01
9.710017131082824271e-01
1.004430549938049033e+00
1.036376788771957935e+00
1.066213618346610437e+00
1.093614588821907541e+00
1.118459671942102496e+00
1.140757261253646293e+00
1.160591472331347518e+00
1.178087760512664506e+00
1.193391128473746621e+00
1.206652692732711252e+00
1.218022327207256783e+00
1.227645056288362291e+00
1.235658391729209438e+00
1.242190400542546813e+00
1.247358983562824930e+00
1.251271865919764359e+00
1.254026980106730527e+00
1.255713059375197505e+00
1.256410474005018374e+00
1.256192141160049847e+00
1.256631983043368095e+00
1.257791782178854456e+00
1.258236085050017161e+00
1.257867328911147498e+00
1.256765672537883294e+00
1.255001396152210846e+00
1.252636412312194913e+00
1.249725559999529834e+00
1.246317636026041287e+00
1.242456200513964104e+00
1.238180258267138845e+00
1.233524840498150477e+00
1.228521502133130827e+00
1.223198750664432177e+00
1.217582415273835039e+00
1.211695992107637343e+00
1.205560946614828710e+00
1.199196945764027911e+00
1.192622057210060094e+00
1.185852926974402033e+00
1.178904940057480921e+00
1.171792364886989901e+00
1.164528484336026404e+00
1.157125712147160757e+00
1.149595708926247406e+00
1.141949487325823576e+00
1.134197489589579666e+00
1.126349653250656724e+00
1.118415470819186908e+00
1.110404044888873898e+00
1.102324138404914722e+00
1.094184221586434358e+00
1.085992515280873372e+00
1.077757031205368365e+00
1.069485616893541602e+00
1.061185995130688342e+00
1.052865788757896270e+00
1.044532542854488710e+00
1.036193747171088919e+00
1.027856857785847566e+00
1.019529317942015734e+00
1.011218576436404115e+00
1.002932103856273960e+00
9.946774060624067326e-01
9.864620355125839346e-01
9.782936025045738671e-01
9.701797816547229614e-01
9.621283122035714230e-01
9.541469978430999754e-01
9.462437064101543172e-01
9.384263684084741541e-01
9.307029753660780447e-01
9.230815773123666190e-01
9.155702793144769869e-01
9.081772361164087704e-01
9.009106455710876871e-01
8.937787399668067900e-01
8.867897753845241926e-01
8.799520191710428207e-01
8.732737335613193208e-01
8.667631553362381558e-01
8.604284734019810310e-01
8.542778054131705545e-01
8.483191730531598473e-01
8.425604765128426044e-01
8.370094680532800258e-01
8.316737258455116910e-01
8.265606283514403962e-01
8.216773300182155237e-01
8.170307380718641044e-01
8.126274897373498840e-01
8.084739277081758324e-01
8.045760736140054048e-01
8.009395993453439777e-01
7.975697968522086345e-01
7.944715478956551058e-01
7.916492956004179682e-01
7.891070168329040735e-01
7.868481951341326219e-01
7.848757959850936050e-01
7.831922438250245033e-01
7.817994007929356393e-01
7.806985473814206378e-01
7.798903656747006030e-01
7.793749246781336293e-01
7.791516672176626024e-01
7.792193984439229615e-01
7.795762773662212597e-01
7.802198122728339902e-01
7.811468601878307494e-01
7.823536293144510712e-01
7.838356832208183134e-01
7.855879467668289706e-01
7.876047149957451365e-01
7.898796652064928869e-01
7.924058713497957873e-01
7.951758196773663911e-01
7.981814257880738284e-01
8.014140538734683128e-01
8.048645379923171639e-01
8.085232045683447000e-01
8.123798956412604522e-01
8.164239931680075113e-01
8.206444451175608501e-01
8.250297940366569938e-01
8.295682077376015373e-01
8.342475114147284154e-01
8.390552207127408568e-01
8.439785763028502252e-01
8.490045804168807608e-01
8.541200351399357293e-01
8.593115818541517958e-01
8.645657414875053126e-01
8.698689554469313245e-01
8.752076271415103470e-01
8.805681641924089087e-01
8.859370212077137818e-01
8.913007430306120193e-01
8.966460085219134513e-01
9.019596753100609376e-01
9.072288253847999862e-01
9.124408116002243885e-01
9.175833047054777758e-01
9.226443405827945421e-01
9.276123666442329663e-01
9.324762867815862277e-01
9.372255045117037220e-01
9.418499644653669511e-01
9.463401912563690344e-01
9.506873243506366311e-01
9.548831483513448015e-01
9.589201177262260956e-01
9.627913751508266893e-01
9.664907621907394830e-01
9.700128211715789428e-01
9.733527869438355351e-01
9.765065676174070619e-01
9.794707127450855699e-01
9.822423677496419092e-01
9.848192141746933137e-01
9.871993951747461971e-01
9.893814262233295853e-01
9.913640913492230977e-01
9.931463256302168752e-01
9.947270850590032021e-01
9.961052056706289903e-01
9.972792545012278964e-01
9.982473753373061198e-01
9.990071327460904316e-01
9.995553582413978511e-01
9.998319214971288504e-01
1.000000000000000000e+00
