1.000000000000000000e+00
1.000000000000000000e+00
1.000000000000000000e+00
1.000000000000047296e+00
1.000000000007346568e+00
1.000000000450682380e+00
1.000000013192788417e+00
1.000000224553845740e+00
1.000002532365959373e+00
1.000020624931766910e+00
1.000128291144319448e+00
1.000630155986711234e+00
1.002481383917041002e+00
1.007829525746368082e+00
1.019547745198005284e+00
1.037833965057511243e+00
1.055226690140781853e+00
1.057629493802155318e+00
1.034506199925233405e+00
9.874395943534339803e-01
9.281026972627787197e-01
8.706162203762884966e-01
8.258740184542957552e-01
7.996055636094104857e-01
7.928822699340757341e-01
8.035936903727132208e-01
8.279406636654326190e-01
8.616650745809467660e-01
9.008722141363346703e-01
9.424293329102692018e-01
9.840465595645623287e-01
1.024183802930991094e+00
1.061902046598640847e+00
1.096701645841904105e+00
1.128372990880876836e+00
1.156889204340451061e+00
1.182332920516219632e+00
1.204848123005336946e+00
1.224609366054165482e+00
1.241803733871620352e+00
1.256620862722091614e+00
1.269245746661637586e+00
1.279853626569759095e+00
1.288607499516956523e+00
1.295657204151654085e+00
1.301139414232909575e+00
1.305178150131338199e+00
1.307885802773388395e+00
1.309364353408162707e+00
1.311214222584536682e+00
1.313867971573158933e+00
1.315977257454359339e+00
1.317119219266410290e+00
1.317298899264456979e+00
1.316610243269769720e+00
1.315135923713412813e+00
1.312949064145977784e+00
1.310114608048406515e+00
1.306690376594435987e+00
1.302727968644727063e+00
1.298273533658300449e+00
1.293368435313679177e+00
1.288049826393445674e+00
1.282351144915372165e+00
1.276302586491396607e+00
1.269931519457966118e+00
1.263262796549727618e+00
1.256319021459682217e+00
1.249120787702616031e+00
1.241686895890454778e+00
1.234034550020231880e+00
1.226179536524262037e+00
1.218136383570849413e+00
1.209918523422574665e+00
1.201538440451336953e+00
1.193007776700356626e+00
1.184337420482382885e+00
1.175537587347104340e+00
1.166617895579861841e+00
1.157587435643870455e+00
1.148454835920546202e+00
1.139228324276092996e+00
1.129915786141321377e+00
1.120524832253642078e+00
1.111062858883952620e+00
1.101537085007003425e+00
1.091954586495947233e+00
1.082322332201437920e+00
1.072647220216864872e+00
1.062936114290619738e+00
1.053195877607776998e+00
1.043433404450818669e+00
1.033655648678682093e+00
1.023869650046445701e+00
1.014082561996396903e+00
1.004301672717919258e+00
9.945344168785529293e-01
9.847883879472411062e-01
9.750713517274774977e-01
9.653912592808390203e-01
9.557562610253600432e-01
9.461747207258019987e-01
9.366552292366051580e-01
9.272066161965702991e-01
9.178379608427802427e-01
9.085586001704253345e-01
8.993781345495495128e-01
8.903064307519845677e-01
8.813536185164759784e-01
8.725300800940147816e-01
8.638464359859432395e-01
8.553135286866626608e-01
8.469424034407984081e-01
8.387442867349875764e-01
8.307305620113506484e-01
8.229127445935935370e-01
8.153024560689945410e-01
8.079113993796255278e-01
8.007513339638631100e-01
7.938340493754998395e-01
7.871713327447873443e-01
7.807749291975936146e-01
7.746564945249393430e-01
7.688275409882159295e-01
7.632993789266948603e-01
7.580830577712576179e-01
7.531893043699222634e-01
7.486284580458862914e-01
7.444104060293780245e-01
7.405445182087899703e-01
7.370395812836365579e-01
7.339037329537175802e-01
7.311443978364836616e-01
7.287682244528495001e-01
7.267810225608259955e-01
7.251877013451236698e-01
7.239922119784398813e-01
7.231974969583290225e-01
7.228054471391331948e-01
7.228168647888497667e-01
7.232314305102485186e-01
7.240476745138560988e-01
7.252629553730459699e-01
7.268734471938953501e-01
7.288741337255805197e-01
7.312588073815152745e-01
7.340200737260286212e-01
7.371493633796092348e-01
7.406369510930106426e-01
7.444719802604456982e-01
7.486424918019782826e-01
7.531354579833122731e-01
7.579368226827372101e-01
7.630315494289848788e-01
7.684036762041333013e-01
7.740363751936757408e-01
7.799120161111856575e-01
7.860122340107235095e-01
7.923180022574958237e-01
7.988097098783232264e-01
8.054672416079083908e-01
8.122700595475074170e-01
8.191972858829623672e-01
8.262277862023176267e-01
8.333402534216688418e-01
8.405132918845265033e-01
8.477255013194835431e-01
8.549555607350730613e-01
8.621823132209738283e-01
8.693848514393326399e-01
8.765426040777298811e-01
8.836354226011930990e-01
8.906436678464050294e-01
8.975482944444931332e-01
9.043309321169740178e-01
9.109739635108421441e-01
9.174605994323378200e-01
9.237749499201297620e-01
9.299020887210621700e-01
9.358281105575056991e-01
9.415401797400467787e-01
9.470265690318769858e-01
9.522766866690434151e-01
9.572810897063592783e-01
9.620314815026597133e-01
9.665206919160292953e-01
9.707426373511763851e-01
9.746922583776232996e-01
9.783654342403234061e-01
9.817588730272009956e-01
9.848699773067637331e-01
9.876966855537959722e-01
9.902372903674486748e-01
9.924902350858808564e-01
9.944538918794149085e-01
9.961263256829834267e-01
9.975050489755105110e-01
9.985867734136069096e-01
9.993671649944484425e-01
9.997606391460048814e-01
1.000000000000000000e+00
