1.000000000000000000e+00
1.000000000000000000e+00
1.000000000000000000e+00
1.000000000000178302e+00
1.000000000023623103e+00
1.000000001454091070e+00
1.000000042743524276e+00
1.000000731343351656e+00
1.000008301812568057e+00
1.000068176823736277e+00
1.000428574771361268e+00
1.002133884997626678e+00
1.008552148962780670e+00
1.027624281594634370e+00
1.071249499013959605e+00
1.144806827464875942e+00
1.229678397710707527e+00
1.283767336425130079e+00
1.272369495361748148e+00
1.194072506383498489e+00
1.074108533852696334e+00
9.438271467454063535e-01
8.278879745113074673e-01
7.409077285911301880e-01
6.886841998121451258e-01
6.706255303498166453e-01
6.819277537736958550e-01
7.156038282485027713e-01
7.642570866923578121e-01
8.213159593528334135e-01
8.816280067837913847e-01
9.415474304072352085e-01
9.987594698128070547e-01
1.051966846259406063e+00
1.100548606624648595e+00
1.144308939913283307e+00
1.183305536859718732e+00
1.217738019400590677e+00
1.247878005293017178e+00
1.274029449227999100e+00
1.296507525583885601e+00
1.315622972364906662e+00
1.331670760751828331e+00
1.344924757762735457e+00
1.355635841417676790e+00
1.364031908894568712e+00
1.370318910084429520e+00
1.374682955030982701e+00
1.377292780691467877e+00
1.379809466203191226e+00
1.382721001166502983e+00
1.384977530158910008e+00
1.386405203491925642e+00
1.386776139911869654e+00
1.385994320828045634e+00
1.384184356488914247e+00
1.381456586300166656e+00
1.377909094465686657e+00
1.373629199951678537e+00
1.368694738275938017e+00
1.363175175971160780e+00
1.357132575288193754e+00
1.350622438006576331e+00
1.343694436679024662e+00
1.336393148012108512e+00
1.328758702139865244e+00
1.320827233928510536e+00
1.312631264070748482e+00
1.304200044780628343e+00
1.295559879864944364e+00
1.286734417032933120e+00
1.277744918170012678e+00
1.268610499308715944e+00
1.259348391113420229e+00
1.249974177968377065e+00
1.240501948883686589e+00
1.230944417667919399e+00
1.221313032862832992e+00
1.211618081539962866e+00
1.201868784805629309e+00
1.192073389864467980e+00
1.182239256983806275e+00
1.172372942522890593e+00
1.162480308854840327e+00
1.152566620384010365e+00
1.142636588292038180e+00
1.132694411056648365e+00
1.122743822165496841e+00
1.112788140978780316e+00
1.102830326651868420e+00
1.092873028434339977e+00
1.082918633565378430e+00
1.072969310170829305e+00
1.063027047693204885e+00
1.053093703860823016e+00
1.043171038162684416e+00
1.033260725286984094e+00
1.023364373012789041e+00
1.013483546378854072e+00
1.003619793973657526e+00
9.937746811814457404e-01
9.839498276065433702e-01
9.741469487717929754e-01
9.643678979128187390e-01
9.546147112969752824e-01
9.448896528816191909e-01
9.351952590321493952e-01
9.255343834858303920e-01
9.159102327113286535e-01
9.063263901524420962e-01
8.967868379428225456e-01
8.872959810714114992e-01
8.778586716307725801e-01
8.684802352144860293e-01
8.591664982144683327e-01
8.499238215484737902e-01
8.407591416255045802e-01
8.316800221599823795e-01
8.226947150261695318e-01
8.138122255585301668e-01
8.050423683968066513e-01
7.963958101538388679e-01
7.878840951355094990e-01
7.795196548699354633e-01
7.713158071695755957e-01
7.632867536179825940e-01
7.554475671479516929e-01
7.478141657966854705e-01
7.404032810827655409e-01
7.332324155080996997e-01
7.263197867334237889e-01
7.196842578059781115e-01
7.133452560504304207e-01
7.073226761109753236e-01
7.016367622609013255e-01
6.963079692626850115e-01
6.913568111445812514e-01
6.868037045348426295e-01
6.826688089080757971e-01
6.789718579965570155e-01
6.757319750838857164e-01
6.729674741790252490e-01
6.706956587012470328e-01
6.689326227378000755e-01
6.676930521528092743e-01
6.669900211680812596e-01
6.668347892869511684e-01
6.672366088465313538e-01
6.682025461154953438e-01
6.697373137085038675e-01
6.718431142968371850e-01
6.745195013991693855e-01
6.777632663492557663e-01
6.815683597663469984e-01
6.859258470275727548e-01
6.908238937399092672e-01
6.962477781683034106e-01
7.021799354377571412e-01
7.086000369162985812e-01
7.154851023492624362e-01
7.228096383712979689e-01
7.305457987690320287e-01
7.386635634151454965e-01
7.471309328691044804e-01
7.559141371663085085e-01
7.649778555614055175e-01
7.742854443920069718e-01
7.837991717567441841e-01
7.934804611585586365e-01
8.032901420218920840e-01
8.131887070633140313e-01
8.231365732927159451e-01
8.330943445349348053e-01
8.430230679021705198e-01
8.528844810167076629e-01
8.626412495407637104e-01
8.722571994749920288e-01
8.816975400356762416e-01
8.909290700111361927e-01
8.999203677260465550e-01
9.086419619240936330e-01
9.170664824699367168e-01
9.251687861870283580e-01
9.329260542345892970e-01
9.403178560595693014e-01
9.473261776551320512e-01
9.539354061657208117e-01
9.601322645677845546e-01
9.659056955707592262e-01
9.712466909757671019e-01
9.761480657281759177e-01
9.806041767050204250e-01
9.846105876534346768e-01
9.881636826652233641e-01
9.912602348521858397e-01
9.938969404563116061e-01
9.960699298904404086e-01
9.977742699683131988e-01
9.990034733045692894e-01
9.996226463799183781e-01
1.000000000000000000e+00
