1.000000000000000000e+00
1.000000000000000000e+00
1.000000000000000000e+00
1.000000000000202949e+00
1.000000000027881919e+00
1.000000001715314779e+00
1.000000050388077266e+00
1.000000861435613952e+00
1.000009768861397363e+00
1.000080127624841220e+00
1.000502943409716128e+00
1.002499382175363163e+00
1.009992078201917609e+00
1.032170026751222158e+00
1.082622539482633428e+00
1.167031158775158506e+00
1.263297928379268908e+00
1.323323894192743877e+00
1.309120222047410742e+00
1.220988228616423532e+00
1.088171238022406451e+00
9.454586410498305726e-01
8.195236948688430223e-01
7.257631916949601747e-01
6.699342399242508295e-01
6.509621972310984939e-01
6.633661248536438793e-01
6.994654144011758223e-01
7.512682489931648000e-01
8.117530165538193732e-01
8.754597992142996166e-01
9.385537159420749287e-01
9.986255597855151489e-01
1.054348608668120413e+00
1.105105428918753629e+00
1.150718779581947571e+00
1.191270607938862192e+00
1.226985892721905502e+00
1.258160638353192917e+00
1.285121947065217540e+00
1.308207401258127511e+00
1.327749125748809655e+00
1.344061872356153264e+00
1.357437527952478185e+00
1.368143279510918298e+00
1.376421752821437305e+00
1.382492204965180882e+00
1.386552892190772601e+00
1.388783812387433425e+00
1.390856531483657621e+00
1.393268827962165224e+00
1.394999531482175481e+00
1.395903483579259419e+00
1.395735138018430632e+00
1.394380630652131359e+00
1.391972135349684114e+00
1.388626826173932294e+00
1.384448991216274738e+00
1.379531570744648716e+00
1.373957484221259850e+00
1.367800788141766866e+00
1.361127680564199860e+00
1.353997382338175903e+00
1.346462901729788886e+00
1.338571814196487075e+00
1.330366954388858103e+00
1.321886885459220284e+00
1.313166293772282334e+00
1.304236348608372786e+00
1.295125037356064990e+00
1.285857472904076149e+00
1.276456179277913883e+00
1.266941345277923681e+00
1.257331105200246268e+00
1.247641797147642340e+00
1.237888120290511873e+00
1.228083258049550430e+00
1.218238990960398116e+00
1.208365803811742856e+00
1.198472984346457881e+00
1.188568719057574663e+00
1.178660183996189881e+00
1.168753631840036222e+00
1.158854511348395233e+00
1.148967571202066384e+00
1.139096904205518124e+00
1.129245987019105835e+00
1.119417728792757361e+00
1.109614523907085371e+00
1.099838308682589139e+00
1.090090614157038118e+00
1.080372616333787894e+00
1.070685180812055881e+00
1.061028904757855162e+00
1.051404166818859620e+00
1.041811161347450998e+00
1.032249909176955027e+00
1.022720273822419701e+00
1.013221985272309444e+00
1.003754666488958724e+00
9.943178683555508046e-01
9.849111098256246866e-01
9.755339234311602992e-01
9.661859012488266396e-01
9.568667454361629021e-01
9.475763184335214140e-01
9.383146937523990649e-01
9.290822076322802214e-01
9.198794999500079506e-01
9.107075426288900877e-01
9.015676658108219277e-01
8.924615877945075715e-01
8.833914460393974544e-01
8.743598318042600237e-01
8.653698270622522948e-01
8.564250504210828563e-01
8.475297131764556458e-01
8.386886899932588513e-01
8.299076022498762528e-01
8.211929087463379906e-01
8.125519872815369915e-01
8.039932027310824347e-01
7.955259571281120268e-01
7.871607226650642053e-01
7.789090644538355646e-01
7.707836637353555620e-01
7.627983314511569413e-01
7.549680073644937650e-01
7.473087547161493260e-01
7.398377435866115848e-01
7.325732196840960553e-01
7.255344574381069611e-01
7.187417000967204483e-01
7.122160808464698123e-01
7.059795183883997849e-01
7.000545853955590925e-01
6.944643604973893547e-01
6.892322711739921060e-01
6.843819297269144730e-01
6.799369545991195141e-01
6.759207673782373638e-01
6.723563671913445061e-01
6.692660961078590320e-01
6.666714012857911653e-01
6.645925901500245869e-01
6.630485729514533633e-01
6.620565985820296984e-01
6.616319964207335591e-01
6.617879281047016615e-01
6.625351469281287597e-01
6.638817654319831840e-01
6.658330390976204827e-01
6.683911783257496797e-01
6.715552000763702623e-01
6.753208196376383476e-01
6.796803786314047358e-01
6.846228064890486076e-01
6.901336223779487300e-01
6.961949827176523442e-01
7.027857720373972272e-01
7.098817298296024036e-01
7.174556080760062793e-01
7.254773558870724059e-01
7.339143276487570811e-01
7.427315128392727450e-01
7.518917833678452345e-01
7.613561546833352844e-01
7.710840587445170202e-01
7.810336312270339532e-01
7.911620099980879450e-01
8.014256444789850109e-01
8.117806115116137367e-01
8.221829347726318238e-01
8.325888979738310658e-01
8.429553476339486373e-01
8.532399847452248887e-01
8.634016509021518182e-01
8.734006036825295860e-01
8.831987724997536482e-01
8.927599953069775829e-01
9.020502330715004513e-01
9.110377610048036034e-01
9.196933310864329192e-01
9.279903018252098068e-01
9.359047295040356929e-01
9.434154185414159732e-01
9.505039214229363820e-01
9.571544807212769568e-01
9.633539124473444737e-01
9.690914262063929918e-01
9.743583812599945215e-01
9.791479784373010586e-01
9.834548893760182153e-01
9.872748255829024711e-01
9.906040549709609344e-01
9.934388778090842420e-01
9.957750754074227162e-01
9.976073481640344021e-01
9.989287616256921076e-01
9.995942792009231415e-01
1.000000000000000000e+00
