1.000000000000000000e+00
1.000000000000000000e+00
1.000000000000000000e+00
1.000000000000118350e+00
1.000000000015623725e+00
1.000000000962016022e+00
1.000000028289744769e+00
1.000000484253703803e+00
1.000005499793441999e+00
1.000045192805133709e+00
1.000284299047585757e+00
1.001416881812553950e+00
1.005686093503959322e+00
1.018400893509087135e+00
1.047575776741611620e+00
1.096942799873186880e+00
1.153930265428534829e+00
1.189208367556050083e+00
1.177333347786284179e+00
1.115982937684167897e+00
1.023121598495636997e+00
9.225713088542547569e-01
8.337705841678313412e-01
7.684730888224337031e-01
7.313233743498471773e-01
7.216978531940045904e-01
7.355475657804216860e-01
7.671351936755002043e-01
8.104901956427514875e-01
8.603683933963743868e-01
9.126821077791466008e-01
9.645392015070588521e-01
1.014088107020036489e+00
1.060272083824346456e+00
1.102571417023572975e+00
1.140810276052148575e+00
1.175022222903086222e+00
1.205361035675038828e+00
1.232043646156733452e+00
1.255316620931260507e+00
1.275437480839238580e+00
1.292661337258667276e+00
1.307231495020819256e+00
1.319374797600519233e+00
1.329299780472264159e+00
1.337196419221955423e+00
1.343236774043306880e+00
1.347576498099512854e+00
1.350356669940962151e+00
1.353213136686044482e+00
1.356610757834177727e+00
1.359478495655173758e+00
1.361476546306237267e+00
1.362382258470478114e+00
1.362231446375685939e+00
1.361131281951593941e+00
1.359176560486021978e+00
1.356451453184487344e+00
1.353030835435781620e+00
1.348981424313207444e+00
1.344362762167438552e+00
1.339228065095553477e+00
1.333624961772227557e+00
1.327596132623194203e+00
1.321179933726307043e+00
1.314410947168983101e+00
1.307320379580662273e+00
1.299936400978116913e+00
1.292284450061462531e+00
1.284387514135553188e+00
1.276266383196613230e+00
1.267939883104621801e+00
1.259425082748919067e+00
1.250737511657949552e+00
1.241891358998990391e+00
1.232899607368180162e+00
1.223774142345993132e+00
1.214525852615843782e+00
1.205164723822019779e+00
1.195699924897746902e+00
1.186139890483675519e+00
1.176492398451999710e+00
1.166764643505445953e+00
1.156963328558950899e+00
1.147094745401034288e+00
1.137164818626460905e+00
1.127179145936702209e+00
1.117143042861477031e+00
1.107061589104755717e+00
1.096939676482117765e+00
1.086782053819377980e+00
1.076593369689894608e+00
1.066378211215222249e+00
1.056141140699760728e+00
1.045886736337754641e+00
1.035619623111297516e+00
1.025344489397800540e+00
1.015066106234429721e+00
1.004789350446616991e+00
9.945192287010268251e-01
9.842609057357426527e-01
9.740197347595916932e-01
9.638012899824550672e-01
9.536113983132730176e-01
9.434561724539267669e-01
9.333420424208407340e-01
9.232757858527314010e-01
9.132645571155233455e-01
9.033159083955029089e-01
8.934378016951505241e-01
8.836386174409645022e-01
8.739271629381649698e-01
8.643126789075066263e-01
8.548048453455128204e-01
8.454137857035958215e-01
8.361500729192454795e-01
8.270247376439959774e-01
8.180492808646928626e-01
8.092356895159128483e-01
8.005964518704977717e-01
7.921445634746221431e-01
7.838935212288226095e-01
7.758573033190256929e-01
7.680503357082828497e-01
7.604874492262975183e-01
7.531838332930275159e-01
7.461549812109453672e-01
7.394166248947038333e-01
7.329846650376663497e-01
7.268750936999048839e-01
7.211039084275052691e-01
7.156870182255175017e-01
7.106401438608944687e-01
7.059787104453577600e-01
7.017177301326382732e-01
6.978716754186382598e-01
6.944543498665602943e-01
6.914787612042787579e-01
6.889569989561503682e-01
6.869001136295943555e-01
6.853179935158801861e-01
6.842192408279252902e-01
6.836110546636773311e-01
6.834991239627279391e-01
6.838875286640810902e-01
6.847786461227737265e-01
6.861730653487344567e-01
6.880695147020992053e-01
6.904648039987335562e-01
6.933537787321852885e-01
6.967292853911060124e-01
7.005821502708243775e-01
7.049011760998801224e-01
7.096731602823949103e-01
7.148829333004462772e-01
7.205134138228534990e-01
7.265456777900999308e-01
7.329590435547655991e-01
7.397311744551079427e-01
7.468381968736987897e-01
7.542548296819651110e-01
7.619545221731066631e-01
7.699095986627505495e-01
7.780914081007970218e-01
7.864704780509753634e-01
7.950166714334325757e-01
8.036993447251823408e-01
8.124875072447955704e-01
8.213499831952891794e-01
8.302555756237056661e-01
8.391732326466747605e-01
8.480722143566178373e-01
8.569222594159489059e-01
8.656937470571423043e-01
8.743578526930596562e-01
8.828866968693056538e-01
8.912534900769292223e-01
8.994326707534593401e-01
9.074000319959580896e-01
9.151328366698942007e-01
9.226099188582860267e-01
9.298117704599412336e-01
9.367206095841523750e-01
9.433204279935739622e-01
9.495970140327192333e-01
9.555379490791841013e-01
9.611325722601811172e-01
9.663719092545879352e-01
9.712485642973280875e-01
9.757565729511676889e-01
9.798912151599196152e-01
9.836487887900507987e-01
9.870263449216583052e-01
9.900213869848515369e-01
9.926315386187377632e-01
9.948541874882215197e-01
9.966861132829143433e-01
9.981231099584857436e-01
9.991596134615722269e-01
9.996819150635937179e-01
1.000000000000000000e+00
