1.000000000000000000e+00
1.000000000000000000e+00
1.000000000000000000e+00
1.000000000000202061e+00
1.000000000027705171e+00
1.000000001704471897e+00
1.000000050070994906e+00
1.000000856044284347e+00
1.000009708127597152e+00
1.000079633520818634e+00
1.000499873638777126e+00
1.002484326423646488e+00
1.009932922562056579e+00
1.031983930587761389e+00
1.082159069328939793e+00
1.166130776243851086e+00
1.261945606562304478e+00
1.321745091233978542e+00
1.307662783265457263e+00
1.219920798872745626e+00
1.087597825202254676e+00
9.453476987622864147e-01
8.197684760955094019e-01
7.262327645234555318e-01
6.705067954570317346e-01
6.515414652361104508e-01
6.638861710807555383e-01
6.998876957102421192e-01
7.515749514046387025e-01
8.119402226963128300e-01
8.755321741918827838e-01
9.385208003426261936e-01
9.984990216030360521e-01
1.054140437954732556e+00
1.104827154680689816e+00
1.150381182636932786e+00
1.190883655582009037e+00
1.226558762904412792e+00
1.257701773919186916e+00
1.284639092616780554e+00
1.307707606588953686e+00
1.327238757572003713e+00
1.343546651452138807e+00
1.356922575536323228e+00
1.367633164885452057e+00
1.375920538958362860e+00
1.382003490560817616e+00
1.386079845546913658e+00
1.388329196076159011e+00
1.390422724469634996e+00
1.392857846425262558e+00
1.394611392388787507e+00
1.395538244836669106e+00
1.395394312301775352e+00
1.394065409798210364e+00
1.391683421931287690e+00
1.388365259736815682e+00
1.384214971066060063e+00
1.379325277277219763e+00
1.373778898827436867e+00
1.367649711687189740e+00
1.361003750530509482e+00
1.353900088674306890e+00
1.346391601540058103e+00
1.338525744678732199e+00
1.330345244146369232e+00
1.321888565205459498e+00
1.313190306592582068e+00
1.304281559744042029e+00
1.295190243448426370e+00
1.285941410686836317e+00
1.276557533694523405e+00
1.267058757085812726e+00
1.257463177775168583e+00
1.247787102523441494e+00
1.238045204972622049e+00
1.228250648738403061e+00
1.218415200183322167e+00
1.208549335441645445e+00
1.198662339009623379e+00
1.188762399404432291e+00
1.178856699827269816e+00
1.168951505076066821e+00
1.159052280609284891e+00
1.149163796065066689e+00
1.139290169495211558e+00
1.129434907137819577e+00
1.119600952017613338e+00
1.109790736611757866e+00
1.100006239444204725e+00
1.090249037760371520e+00
1.080520357677359655e+00
1.070821118741865252e+00
1.061151975836550854e+00
1.051513368970719453e+00
1.041905557472282418e+00
1.032328630877503040e+00
1.022782525204487314e+00
1.013267046762508450e+00
1.003781898646006310e+00
9.943267156130618512e-01
9.849011041243644904e-01
9.755046876964548197e-01
9.661371526996392900e-01
9.567982986837473280e-01
9.474880883581886515e-01
9.382066981387351401e-01
9.289545695392817937e-01
9.197324498673937754e-01
9.105414204810892143e-01
9.013829227994308857e-01
8.922587880268695315e-01
8.831712679050761627e-01
8.741230690399540704e-01
8.651173894502408590e-01
8.561579640155947413e-01
8.472491199386287253e-01
8.383958466777589047e-01
8.296038783923470605e-01
8.208797836298983297e-01
8.122310458689505630e-01
8.036661305753437512e-01
7.951945343035201619e-01
7.868268167526319967e-01
7.785746225663801035e-01
7.704507034901230123e-01
7.624689308699639234e-01
7.546442937173485355e-01
7.469928922575393981e-01
7.395319201878902682e-01
7.322796323986346945e-01
7.252552970553547418e-01
7.184791347364126723e-01
7.119722387052798140e-01
7.057564698219931376e-01
6.998543245554850190e-01
6.942887866891896964e-01
6.890831700731029352e-01
6.842609545990457898e-01
6.798456077583839852e-01
6.758603822208694156e-01
6.723280911597151466e-01
6.692708748605827873e-01
6.667099643265720355e-01
6.646654382153986962e-01
6.631559675172441493e-01
6.621985538113835945e-01
6.618082737760240253e-01
6.619980338082912530e-01
6.627783324631687512e-01
6.641570312519488040e-01
6.661391416237593122e-01
6.687266401799498716e-01
6.719183233651180309e-01
6.757097020582228941e-01
6.800929321625881485e-01
6.850567784117120862e-01
6.905866182733825243e-01
6.966644910112755884e-01
7.032691896418918898e-01
7.103763884773233173e-01
7.179588009551437500e-01
7.259863642121920924e-01
7.344264468183993033e-01
7.432440778458945241e-01
7.524021931625693993e-01
7.618618952362481433e-01
7.715827245667330470e-01
7.815229451114720227e-01
7.916398407743970855e-01
8.018900225947767080e-01
8.122297423035780284e-01
8.226152093292146139e-01
8.330029015870852316e-01
8.433498658835237860e-01
8.536140072691449365e-01
8.637543728629443196e-01
8.737314249821759304e-01
8.835072948699426165e-01
8.930460173908336685e-01
9.023137436299475400e-01
9.112789303769629479e-01
9.199125010664590540e-01
9.281879741370597792e-01
9.360815530887321989e-01
9.435721758746269394e-01
9.506415141478204989e-01
9.572739149325407704e-01
9.634562839573340698e-01
9.691779061561228703e-01
9.744302024433524334e-01
9.792064227107323271e-01
9.835012765234956156e-01
9.873105040022278622e-01
9.906303945059944382e-01
9.934572649810918810e-01
9.957869112223508568e-01
9.976140485733989705e-01
9.989317606068507382e-01
9.995954180219828178e-01
1.000000000000000000e+00
