1.000000000000000000e+00
1.000000000000000000e+00
1.000000000000000000e+00
1.000000000000093925e+00
1.000000000012895240e+00
1.000000000793701771e+00
1.000000023328038168e+00
1.000000399061990786e+00
1.000004528570920037e+00
1.000037174137465179e+00
1.000233554554828652e+00
1.001162096324624606e+00
1.004654074995541491e+00
1.015021815067193467e+00
1.038704384153753324e+00
1.078472103227319234e+00
1.123583774837440874e+00
1.149532282904279779e+00
1.135175011017204083e+00
1.078860343808038857e+00
9.962906876058655881e-01
9.083343782193206151e-01
8.320476440036193022e-01
7.776167914819642757e-01
7.488052587382173497e-01
7.446439290174114989e-01
7.611822917460918658e-01
7.931095479526228953e-01
8.350502129238704940e-01
8.823689678072623721e-01
9.314977836849791526e-01
9.799333196941197865e-01
1.026081945040132837e+00
1.069039184071370663e+00
1.108365576104367811e+00
1.143919708500559462e+00
1.175742034291898719e+00
1.203977668804171897e+00
1.228826796591907966e+00
1.250515356417801094e+00
1.269278580680323509e+00
1.285349238025958130e+00
1.298949369547882426e+00
1.310286154164194805e+00
1.319550239651234635e+00
1.326915487713722586e+00
1.332539522407513610e+00
1.336565046331712026e+00
1.339121452899055598e+00
1.341834011206607169e+00
1.345157951804020424e+00
1.348013468013809835e+00
1.349972680335098874e+00
1.350816188660681538e+00
1.350652352880264973e+00
1.349581100593028049e+00
1.347690814901048695e+00
1.345059971757087469e+00
1.341758389628866066e+00
1.337848297961994559e+00
1.333385259405281964e+00
1.328418964425862381e+00
1.322993922288077995e+00
1.317150058515545785e+00
1.310923293402270762e+00
1.304346051802872886e+00
1.297447636845384666e+00
1.290254548349568209e+00
1.282790769211702431e+00
1.275078027295200922e+00
1.267136032779763166e+00
1.258982695541128072e+00
1.250634318381013133e+00
1.242105797988436455e+00
1.233410808544106452e+00
1.224561927635797520e+00
1.215570740254487081e+00
1.206447933846035436e+00
1.197203387271940089e+00
1.187846252657453139e+00
1.178385033336126098e+00
1.168827657093376438e+00
1.159181545596124518e+00
1.149453698841144345e+00
1.139650769950518283e+00
1.129779107846279107e+00
1.119844796519253061e+00
1.109853697876801881e+00
1.099811495751047197e+00
1.089723741039383631e+00
1.079595893978342991e+00
1.069433364309683387e+00
1.059241547809322004e+00
1.049025860701156443e+00
1.038791777316848686e+00
1.028544859038999393e+00
1.018290770684100233e+00
1.008035298900936905e+00
9.977843735905302935e-01
9.875440897822813646e-01
9.773207327171727909e-01
9.671208043665916465e-01
9.569510513036892929e-01
9.468184913440527151e-01
9.367304408088872325e-01
9.266945398284107682e-01
9.167187759378545575e-01
9.068115059330431604e-01
8.969814701446988670e-01
8.872377981972976446e-01
8.775900110825316514e-01
8.680480222631627996e-01
8.586221362651788036e-01
8.493230457804085143e-01
8.401618263973487100e-01
8.311499319210469139e-01
8.222991905423611136e-01
8.136218036795779263e-01
8.051303462930610166e-01
7.968377659727462481e-01
7.887573731021599865e-01
7.809028201934243851e-01
7.732880686313430285e-01
7.659273435956381881e-01
7.588350807396274655e-01
7.520258698408436304e-01
7.455143914200680344e-01
7.393153447854011739e-01
7.334433727582611029e-01
7.279129808292803538e-01
7.227384502997046267e-01
7.179337459604566707e-01
7.135124206502428956e-01
7.094875152746545899e-01
7.058714527886257306e-01
7.026759268049219687e-01
6.999117906568804726e-01
6.975889511191083470e-01
6.957162686479049230e-01
6.943014617457373694e-01
6.933510122496671091e-01
6.928700729197893038e-01
6.928623833307856472e-01
6.933301964619368318e-01
6.942742142980389275e-01
6.956935297888020564e-01
6.975855769507683934e-01
6.999460933346441927e-01
7.027690952577707595e-01
7.060468635677620286e-01
7.097699387454983189e-01
7.139271269243060436e-01
7.185055199637332413e-01
7.234905323122974297e-01
7.288659531997577767e-01
7.346140111446447518e-01
7.407154484070830325e-01
7.471496069319297773e-01
7.538945268121907128e-01
7.609270556779857975e-01
7.682229657426031810e-01
7.757570762431305056e-01
7.835033799127935072e-01
7.914351722768099284e-01
7.995251833933639807e-01
8.077457108989780643e-01
8.160687534603748849e-01
8.244661444756644642e-01
8.329096874963121122e-01
8.413712928099298383e-01
8.498231155567157469e-01
8.582376941783272928e-01
8.665880884442350718e-01
8.748480136358509629e-01
8.829919694268362207e-01
8.909953631863024581e-01
8.988346296280121939e-01
9.064873445393892837e-01
9.139323288488246932e-01
9.211497425898343971e-01
9.281211669027304989e-01
9.348296728847237391e-01
9.412598743545121938e-01
9.473979620734849227e-01
9.532317163155754614e-01
9.587504959691947048e-01
9.639451997426548013e-01
9.688081959440675295e-01
9.733332199925939232e-01
9.775152376396881726e-01
9.813502735128768473e-01
9.848352052352453700e-01
9.879675243124484973e-01
9.907450657489764723e-01
9.931657106822956438e-01
9.952270683087270919e-01
9.969261442593926326e-01
9.982590041330202668e-01
9.992204419000705329e-01
9.997049961561971232e-01
1.000000000000000000e+00
