9.772774818213604275e-01
9.785808506932193174e-01
9.807454935113945060e-01
9.819422339281289602e-01
9.844057554291300027e-01
9.864288210250258260e-01
9.894772103702805799e-01
9.929938114332107491e-01
9.976461478472714584e-01
1.003547271634225746e+00
1.011115382089992298e+00
1.020686274246630276e+00
1.032649528117057347e+00
1.047374514749942698e+00
1.065202433710762620e+00
1.086408199065639346e+00
1.111163245903539876e+00
1.139491634292913336e+00
1.171224611991189768e+00
1.205956865310147119e+00
1.243009215228377595e+00
1.281402273097335787e+00
1.319844255064891225e+00
1.356737699644462447e+00
1.390217592554618298e+00
1.418249327785288560e+00
1.438812399397841224e+00
1.450142008893907875e+00
1.450964049396550770e+00
1.440664200154824437e+00
1.419354664045800574e+00
1.387847187997697906e+00
1.347552401269459299e+00
1.300336880443587528e+00
1.248366098797338397e+00
1.193934731120754655e+00
1.139309745196996682e+00
1.086580872855703594e+00
1.037510045900441158e+00
9.934084470708667292e-01
9.550357097540562723e-01
9.225812940974428278e-01
8.957325892977677784e-01
8.737853675832634170e-01
8.558190440674883215e-01
8.408554747518084405e-01
8.280075990582558276e-01
8.165875090971248529e-01
8.061153154029319090e-01
7.963170276811645243e-01
7.870812411054228797e-01
7.784403743346228755e-01
7.705623100139857851e-01
7.637113816729290683e-01
7.582342339182184254e-01
7.545142209691734214e-01
7.529486265507471243e-01
7.539118059782414782e-01
7.577311577683509825e-01
7.646623134048317061e-01
7.748143117796777446e-01
7.880681943687467550e-01
8.039650812688224901e-01
8.216626370381687750e-01
8.400253710966107956e-01
8.578948266494081931e-01
8.744106811639505983e-01
8.891870466306958098e-01
9.022478710668885293e-01
9.138157688848280724e-01
9.241243480022162116e-01
9.333393853880307400e-01
9.415699328710224192e-01
9.489005724394024011e-01
9.554115342152209589e-01
9.611799381679300147e-01
9.662786844611981341e-01
9.707740590761410049e-01
9.747274103291994063e-01
9.781943562967950756e-01
9.812263973033042985e-01
9.838700039285790400e-01
9.861681491882734463e-01
9.881593324092752262e-01
9.898788369095720130e-01
9.913576208827664660e-01
9.926236763534139751e-01
9.937027775826056120e-01
9.946178506656431217e-01
9.953906052121725967e-01
9.960395493733121830e-01
9.965814864408155671e-01
9.970308745412159723e-01
9.974002592093558217e-01
9.977021395565216499e-01
9.979463947723821171e-01
9.981418187174753154e-01
9.982969356058879473e-01
9.984182760497651854e-01
9.985120230844609646e-01
9.985837160821132708e-01
9.986373185571103539e-01
9.986768327455555205e-01
9.987059442328238834e-01
9.987269103135166803e-01
9.987419673997682823e-01
9.987536933025865649e-01
9.987634427118756708e-01
9.987721263853025500e-01
9.987811982727790028e-01
9.987918664736663565e-01
9.988043826236195910e-01
9.988188740806304144e-01
9.988359537802676824e-01
9.988560391672479666e-01
9.988791528442482193e-01
9.989050961310925736e-01
9.989338682880152254e-01
9.989655888500829084e-01
9.990002846086263322e-01
9.990378990263001358e-01
9.990781753631571283e-01
9.991208250457348505e-01
9.991656982294966349e-01
9.992126433251180551e-01
9.992614822500862637e-01
9.993120212933563895e-01
9.993640702695588685e-01
9.994174409421652250e-01
9.994719510653721217e-01
9.995274087213218417e-01
9.995836082672335809e-01
9.996403371700289808e-01
9.996973897867033054e-01
9.997545743012953290e-01
9.998117128516577079e-01
9.998686490113009029e-01
9.999252552209956235e-01
9.999814212628264087e-01
1.000037034136368685e+00
1.000091976171982866e+00
1.000146125698968325e+00
1.000199360670822157e+00
1.000251554605193549e+00
1.000302587486574746e+00
1.000352332580238146e+00
1.000400643444500748e+00
1.000447406127576544e+00
1.000492554680803448e+00
1.000536037527027799e+00
1.000577791213615786e+00
1.000617733627522821e+00
1.000655804855777209e+00
1.000691968801023846e+00
1.000726152221623089e+00
1.000758260377342834e+00
1.000788220622462754e+00
1.000815943703616373e+00
1.000841359025320010e+00
1.000864451063801841e+00
1.000885203774791066e+00
1.000903621952504263e+00
1.000919703176230025e+00
1.000933450174317896e+00
1.000944880568041429e+00
1.000954020676579459e+00
1.000960904829388376e+00
1.000965585099783617e+00
1.000968139300014048e+00
1.000968629501948426e+00
1.000967143048440589e+00
1.000963778369882817e+00
1.000958641051026721e+00
1.000951871974025575e+00
1.000943637771929851e+00
1.000934117656855138e+00
1.000923526806555275e+00
1.000912119461743632e+00
1.000900160248819004e+00
1.000887927963155288e+00
1.000875716812616778e+00
1.000863826096904274e+00
1.000852570892866833e+00
1.000842296731722758e+00
1.000833383461713799e+00
1.000826251540682721e+00
1.000821362414153759e+00
1.000819219254472703e+00
1.000820405622097953e+00
1.000825672187463988e+00
1.000836074124935804e+00
1.000853230224491019e+00
1.000879901834270669e+00
1.000921431435269238e+00
1.000989717035139837e+00
1.001116988360753135e+00
1.001421553704734180e+00
1.002583942685375096e+00
1.009252369293082596e+00
1.001702351896275989e+00
9.987985175849009023e-01
