9.407879569249512075e-01
9.474545262214442154e-01
9.552890862658829363e-01
9.620681145958638325e-01
9.705043102890242857e-01
9.785133180044335299e-01
9.878597162794459097e-01
9.978382722165933805e-01
1.009218059266257184e+00
1.022076245063081590e+00
1.036839292304928994e+00
1.053808485757945723e+00
1.073322870380933880e+00
1.095668102353934970e+00
1.121067680595711158e+00
1.149640418177599654e+00
1.181362643206179674e+00
1.216026363641345531e+00
1.253199695432916094e+00
1.292192784997919341e+00
1.332033462649217181e+00
1.371456153542255807e+00
1.408907524062956718e+00
1.442579009840914361e+00
1.470489572173753867e+00
1.490643246875800187e+00
1.501248772270302734e+00
1.500944807177883034e+00
1.488981751937312970e+00
1.465328721733305750e+00
1.430689568612564022e+00
1.386445635131078102e+00
1.334541243808526012e+00
1.277332027820645033e+00
1.217413273022930120e+00
1.157423675355217840e+00
1.099850302593715412e+00
1.046834451426161605e+00
9.999824345366657985e-01
9.602296080415859691e-01
9.277697536424424074e-01
9.021187155019914083e-01
8.822981992436798038e-01
8.670528404664894495e-01
8.550881393911808903e-01
8.452331957093419668e-01
8.365486812687532581e-01
8.283788846383960403e-01
8.203098146670313451e-01
8.121314575954186044e-01
8.037758630617519717e-01
7.952914921546008209e-01
7.868376441435679380e-01
7.786558960160903098e-01
7.710685719788966663e-01
7.644474093339421739e-01
7.592026627836203634e-01
7.557567127875594037e-01
7.545338867036325281e-01
7.559573224900782984e-01
7.604100840458508648e-01
7.681996563511012122e-01
7.794697570328904535e-01
7.940914888213690404e-01
8.115330347150083723e-01
8.308084114971634460e-01
8.506008305966857863e-01
8.695874864371406776e-01
8.868149110987092465e-01
9.018974107035885313e-01
9.149403970097992334e-01
9.262860599977685849e-01
9.362744831567614279e-01
9.451322581230208186e-01
9.529853217750692274e-01
9.599143085354723270e-01
9.659958361458397258e-01
9.713104071805598316e-01
9.759379693725868110e-01
9.799513618831471318e-01
9.834168314860710636e-01
9.863940093936325315e-01
9.889380168171074681e-01
9.910985348252302485e-01
9.929209598233501577e-01
9.944453216541935259e-01
9.957077818226185428e-01
9.967415970775327372e-01
9.975766540454626963e-01
9.982410722480283827e-01
9.987591056099719422e-01
9.991525234235588693e-01
9.994400489369910101e-01
9.996380192098874851e-01
9.997623709240088807e-01
9.998259593378350241e-01
9.998401128738007015e-01
9.998155873360794477e-01
9.997607687661957954e-01
9.996834144066057970e-01
9.995903589057054672e-01
9.994864586347836921e-01
9.993765165595107636e-01
9.992648997004092148e-01
9.991541063063230643e-01
9.990465780095461046e-01
9.989452429854981386e-01
9.988513881980876086e-01
9.987656441467056556e-01
9.986894739310407942e-01
9.986240506454530097e-01
9.985691402286918095e-01
9.985243266244765437e-01
9.984899824708358684e-01
9.984662610447411213e-01
9.984527150102013859e-01
9.984485792309796270e-01
9.984534327715324231e-01
9.984670919129916555e-01
9.984892631316190093e-01
9.985195350401512293e-01
9.985572012210142123e-01
9.986015259310826453e-01
9.986520177980996449e-01
9.987082090442097604e-01
9.987696065187595673e-01
9.988357084176273659e-01
9.989060342612662291e-01
9.989801217005308542e-01
9.990575312867081559e-01
9.991378200145427657e-01
9.992205333866940320e-01
9.993052157725464957e-01
9.993914322081061119e-01
9.994787790847143860e-01
9.995668837361982861e-01
9.996554160369204300e-01
9.997440999270587048e-01
9.998326938700644595e-01
9.999209572285630010e-01
1.000008646519856770e+00
1.000095516148643782e+00
1.000181323921631726e+00
1.000265824135787129e+00
1.000348785033468690e+00
1.000429966822851569e+00
1.000509100205643209e+00
1.000585971870353141e+00
1.000660449887112113e+00
1.000732428127549145e+00
1.000801782727716027e+00
1.000868360822192660e+00
1.000932047593645624e+00
1.000992768752901663e+00
1.001050390152813163e+00
1.001104743354092719e+00
1.001155697210397211e+00
1.001203094232507862e+00
1.001246808467383786e+00
1.001286805295064752e+00
1.001323049952898003e+00
1.001355542465518944e+00
1.001384271483221733e+00
1.001409234531944747e+00
1.001430454003321202e+00
1.001447966909263965e+00
1.001461823696528253e+00
1.001472104224883086e+00
1.001478930854178051e+00
1.001482400176133547e+00
1.001482650426073429e+00
1.001479838129486710e+00
1.001474131589234373e+00
1.001465757154700542e+00
1.001454983477194860e+00
1.001442099790841089e+00
1.001427454350012125e+00
1.001411459473305676e+00
1.001394544283632948e+00
1.001377160845621894e+00
1.001359786106198912e+00
1.001342904767612563e+00
1.001327026675814302e+00
1.001312710699368891e+00
1.001300570682167601e+00
1.001291285190909930e+00
1.001285597200705757e+00
1.001284313827191630e+00
1.001288367509563626e+00
1.001298954518453632e+00
1.001317753402298338e+00
1.001347336518303210e+00
1.001392091299052378e+00
1.001460513033864963e+00
1.001571538567738617e+00
1.001776500718527751e+00
1.002263866000851156e+00
1.004117033610953724e+00
1.014563837712767924e+00
1.002441923584932226e+00
9.984886378190548362e-01
