9.610092908574463522e-01
9.644396035727115235e-01
9.692799863358406709e-01
9.725490960176141897e-01
9.778108899847229862e-01
9.822424060901614462e-01
9.881217684129797174e-01
9.944342244297198485e-01
1.002114973715454438e+00
1.011174806201877496e+00
1.022088722702448660e+00
1.035172368609634130e+00
1.050807036539291195e+00
1.069328696650718946e+00
1.091027869465897693e+00
1.116105565397700339e+00
1.144635680170840386e+00
1.176521164585929036e+00
1.211451070863890145e+00
1.248861508453537938e+00
1.287905162413943927e+00
1.327433320638133685e+00
1.365993407591704401e+00
1.401848883927622635e+00
1.433039878490424135e+00
1.457514417222806280e+00
1.473337738484184145e+00
1.478931090084340871e+00
1.473280075859358051e+00
1.456069243182914530e+00
1.427719303046741439e+00
1.389342317708132546e+00
1.342633914217115310e+00
1.289727901825021172e+00
1.233034804167557397e+00
1.175061425727928599e+00
1.118235650309096219e+00
1.064732181020909163e+00
1.016295925229693031e+00
9.741015046919341280e-01
9.386545270703263721e-01
9.098043788303897816e-01
8.868690941423784668e-01
8.688081710339318198e-01
8.544444265272248540e-01
8.426388943456643021e-01
8.324271961521957364e-01
8.231014202272028957e-01
8.141915984915453208e-01
8.054428748348401168e-01
7.967606621018787916e-01
7.881869923243779441e-01
7.798928600643981746e-01
7.721441376236312104e-01
7.652931574613497379e-01
7.597392835288998558e-01
7.559107873401231803e-01
7.542323208647898625e-01
7.551086341013276693e-01
7.589136632182542641e-01
7.659381375618953269e-01
7.763325990839972102e-01
7.899958178659275410e-01
8.064647523166451615e-01
8.248489570009599481e-01
8.439286270579172688e-01
8.624417616699528999e-01
8.794418204373953829e-01
8.945054532119798285e-01
9.076757869954958924e-01
9.192322515568756014e-01
9.294660580053993870e-01
9.385789771753849653e-01
9.466901825774917123e-01
9.538838097709343433e-01
9.602381973349475297e-01
9.658332697962059843e-01
9.707450504466997865e-01
9.750439683299232385e-01
9.787934472431256694e-01
9.820520056719648228e-01
9.848726338801732094e-01
9.873043414565466636e-01
9.893911492226716842e-01
9.911733238430666670e-01
9.926862910617635372e-01
9.939620637081891807e-01
9.950300979905657428e-01
9.959167436462283973e-01
9.966468596800439617e-01
9.972417700212928837e-01
9.977207061572760383e-01
9.981002064771582472e-01
9.983946682939842665e-01
9.986182793670241864e-01
9.987823673036508865e-01
9.988969551555694215e-01
9.989716618693863515e-01
9.990139168369683853e-01
9.990306707122101892e-01
9.990281022323476146e-01
9.990106043537143599e-01
9.989825755841308386e-01
9.989480470834062320e-01
9.989093929073233902e-01
9.988689558431068649e-01
9.988295013345671602e-01
9.987923573890317153e-01
9.987583065828633533e-01
9.987288216742156166e-01
9.987051060183181894e-01
9.986871866771904749e-01
9.986749420181506576e-01
9.986688830999203015e-01
9.986693100005241686e-01
9.986760306696494949e-01
9.986885862192017571e-01
9.987067854627432739e-01
9.987306114944866087e-01
9.987599454398767840e-01
9.987945695555846548e-01
9.988340207330715925e-01
9.988778050821516263e-01
9.989256171296196918e-01
9.989771607368662654e-01
9.990321136193195395e-01
9.990901409470560601e-01
9.991509195620773554e-01
9.992141355879792242e-01
9.992794888819579446e-01
9.993466723023108900e-01
9.994153658737789936e-01
9.994852452717607472e-01
9.995559993561093926e-01
9.996273388612253452e-01
9.996989962683558995e-01
9.997707352210681853e-01
9.998423598841934545e-01
9.999136996835418234e-01
9.999845828853755059e-01
1.000054833864870263e+00
1.000124273803944641e+00
1.000192725209220646e+00
1.000260006512940780e+00
1.000325946054536841e+00
1.000390364791563513e+00
1.000453059337657269e+00
1.000513869722263083e+00
1.000572699511221186e+00
1.000629471934203263e+00
1.000684095583905808e+00
1.000736455534647851e+00
1.000786466434854471e+00
1.000834074531806950e+00
1.000879178301485428e+00
1.000921648733307912e+00
1.000961385997247932e+00
1.000998269087764569e+00
1.001032201654075804e+00
1.001063159335937147e+00
1.001091117411908815e+00
1.001116078509627805e+00
1.001138036092719785e+00
1.001156990510746914e+00
1.001172961658800986e+00
1.001185980892095762e+00
1.001196090107013603e+00
1.001203354389956779e+00
1.001207872392732012e+00
1.001209722343907593e+00
1.001209015389397772e+00
1.001205877125702859e+00
1.001200442462844897e+00
1.001192892230422293e+00
1.001183440737170471e+00
1.001172318609048872e+00
1.001159803202751775e+00
1.001146222612051329e+00
1.001131918315903757e+00
1.001117250062204977e+00
1.001102597437924846e+00
1.001088346372734472e+00
1.001074902956309298e+00
1.001062712414874101e+00
1.001052263955194421e+00
1.001044098678685046e+00
1.001038809649159367e+00
1.001037042181563086e+00
1.001039543048542368e+00
1.001047271431451335e+00
1.001061574250073916e+00
1.001084516619545006e+00
1.001119621009208371e+00
1.001173705576682949e+00
1.001261962779408154e+00
1.001425563691486831e+00
1.001815660334431479e+00
1.003301468941650842e+00
1.011747023479639962e+00
1.002057294433617907e+00
9.986402421923918915e-01
