1.334870629223787963e+00
1.335236098546233707e+00
1.339554676564256308e+00
1.343312714537137076e+00
1.351548005807459818e+00
1.359407226970318572e+00
1.372362048249319511e+00
1.385156030948262673e+00
1.403745024004225961e+00
1.422367333913396648e+00
1.447490202133240755e+00
1.472681544683692056e+00
1.504898596306581959e+00
1.536790831875712637e+00
1.575737368983336273e+00
1.613182044434251061e+00
1.656976083820640877e+00
1.697298997869837844e+00
1.743101443805132211e+00
1.783151587226130097e+00
1.823603724712217655e+00
1.841503803715019316e+00
1.844908633098483630e+00
1.820252254537328973e+00
1.778366905113256902e+00
1.714444410071631397e+00
1.639069654842813417e+00
1.553248005729193082e+00
1.465212260389034959e+00
1.378720067316274056e+00
1.298771137230703143e+00
1.227574515637524399e+00
1.167286763622823464e+00
1.116763796042147483e+00
1.075964882221009944e+00
1.042407982500028085e+00
1.014127490312437985e+00
9.900943216630941901e-01
9.687980302889807049e-01
9.499308105061230467e-01
9.326636797408096591e-01
9.162883885174314402e-01
9.010856371506060780e-01
8.867929896421804514e-01
8.736090630032883331e-01
8.613387728200984084e-01
8.496756466259562934e-01
8.388650725916672046e-01
8.287859959850335523e-01
8.195763355698837405e-01
8.111043203934673596e-01
8.032082069570113392e-01
7.959612681290817449e-01
7.892585083501910681e-01
7.832157588890852340e-01
7.777983838950269790e-01
7.730693247231829046e-01
7.690090485390372876e-01
7.655801637242389823e-01
7.629197596108513446e-01
7.611063328656990645e-01
7.603940377766719161e-01
7.610113210858348021e-01
7.633117286187999229e-01
7.676588821468408597e-01
7.744964209367317665e-01
7.842907711045201680e-01
7.975196148665233409e-01
8.146191049168850506e-01
8.358378935846233482e-01
8.610962467053194791e-01
8.896763398982333593e-01
9.201972060077938664e-01
9.507219986649922960e-01
9.794955196311937451e-01
1.005247890114315812e+00
1.027484983838093724e+00
1.046080228898013553e+00
1.061324889236056279e+00
1.073504870920190202e+00
1.083065611961570918e+00
1.090305504235991707e+00
1.095596306809137443e+00
1.099159226865862982e+00
1.101260219454538447e+00
1.102065485593445748e+00
1.101741264452267499e+00
1.100445705014187592e+00
1.098280253646858773e+00
1.095395527752955678e+00
1.091869741567148555e+00
1.087814912428504588e+00
1.083314589425018237e+00
1.078432857637499298e+00
1.073266844270910791e+00
1.067869594759714325e+00
1.062304232045134356e+00
1.056642013606333030e+00
1.050926007293356168e+00
1.045212678106073767e+00
1.039554336704677340e+00
1.033984819952022738e+00
1.028546874901584918e+00
1.023282381010376607e+00
1.018215210020404049e+00
1.013371705144638257e+00
1.008787058380065993e+00
1.004476808905543139e+00
1.000452777019630757e+00
9.967340927687211583e-01
9.933361826275757256e-01
9.902584582420441706e-01
9.874967751428986862e-01
9.850548596795681844e-01
9.829307657357317929e-01
9.811162962965720435e-01
9.795970671131948304e-01
9.783620460917140660e-01
9.774020454975886896e-01
9.767055961709965040e-01
9.762597854599009972e-01
9.760466012579877004e-01
9.760469850426548577e-01
9.762450963269304616e-01
9.766251316006315797e-01
9.771713921472907627e-01
9.778681852330346480e-01
9.787003842187698144e-01
9.796533765384782821e-01
9.807132673838711012e-01
9.818664742377846144e-01
9.830996681677280913e-01
9.843999341142763981e-01
9.857551361988883265e-01
9.871541176283965546e-01
9.885867133615683366e-01
9.900439148008717272e-01
9.915180078964607180e-01
9.930022316303507290e-01
9.944902030858570052e-01
9.959758229130691864e-01
9.974532284554729067e-01
9.989168782311852457e-01
1.000361401320421839e+00
1.001781863553391494e+00
1.003173438143366347e+00
1.004531053984900835e+00
1.005850715646246618e+00
1.007129845482740871e+00
1.008366407585023827e+00
1.009558238011254216e+00
1.010702817523533525e+00
1.011798267546519137e+00
1.012843386104423038e+00
1.013836103596233773e+00
1.014773863888047911e+00
1.015654731204929329e+00
1.016476403111758131e+00
1.017237108144708913e+00
1.017936518087988684e+00
1.018574304907029493e+00
1.019150708824418938e+00
1.019665783363943534e+00
1.020119717489146982e+00
1.020513066661345336e+00
1.020846600309463614e+00
1.021121287670187394e+00
1.021338526368713140e+00
1.021500359638097377e+00
1.021608415719537089e+00
1.021664955222250315e+00
1.021672503812462995e+00
1.021633762626922737e+00
1.021552317956275990e+00
1.021432404782649073e+00
1.021278580083213594e+00
1.021096310714416200e+00
1.020892052831480656e+00
1.020672526832258065e+00
1.020444810458526863e+00
1.020216362809079458e+00
1.019994757411562869e+00
1.019787945510208571e+00
1.019604615662916158e+00
1.019454273145689926e+00
1.019347371997451290e+00
1.019295284141946700e+00
1.019310260955714531e+00
1.019406330495808533e+00
1.019601363127725424e+00
1.019920322971921811e+00
1.020401404296119363e+00
1.021109831179155769e+00
1.022172468962892822e+00
1.023875070681065313e+00
1.027006523096150703e+00
1.034512836234504185e+00
1.059815747830945565e+00
1.182097544597768612e+00
1.021468982988953611e+00
1.001299216639969902e+00
