9.957829765794027344e-01
9.955609249382525450e-01
9.949521880097246251e-01
9.949111606176221922e-01
9.944349730768839990e-01
9.944966853672612128e-01
9.945603395134298141e-01
9.951351056783388493e-01
9.961861113227391540e-01
9.980094327293934642e-01
1.000809667702243111e+00
1.004885190368939529e+00
1.010550810054753779e+00
1.018156285969880503e+00
1.028063638724449058e+00
1.040629213289563149e+00
1.056174726160882926e+00
1.074951663829931903e+00
1.097098859525086345e+00
1.122595879712603439e+00
1.151215784095544592e+00
1.182481832984741965e+00
1.215631993319526760e+00
1.249594599498261349e+00
1.282978623635129711e+00
1.314091654779988794e+00
1.341020705409063041e+00
1.361808331645280923e+00
1.374709316842782192e+00
1.378451786924572486e+00
1.372416819657569009e+00
1.356701168363142918e+00
1.332061582235369190e+00
1.299777116882983918e+00
1.261477128474346898e+00
1.218955672176349481e+00
1.174012023446659558e+00
1.128321006156463469e+00
1.083326457706986545e+00
1.040179596759088554e+00
9.997013338454715514e-01
9.623997192611002394e-01
9.285252200874594131e-01
8.981160172630926475e-01
8.710680811300477444e-01
8.471849117482079805e-01
8.262440982272316603e-01
8.080624280758551548e-01
7.925003830895251955e-01
7.794778590295478038e-01
7.689566577542173986e-01
7.609479659211425551e-01
7.555227154656459776e-01
7.527831958347646069e-01
7.528556038224490932e-01
7.558468540714259332e-01
7.618163822634165250e-01
7.707226624587578678e-01
7.823671910896844439e-01
7.963454275276288241e-01
8.120036204188814111e-01
8.284983995386121514e-01
8.449449124363707098e-01
8.606257648483308653e-01
8.751200872935456232e-01
8.882955335259604679e-01
9.001964187555425712e-01
9.109297926156469938e-01
9.206037111826422814e-01
9.293121611209131938e-01
9.371393316832890008e-01
9.441627048048406579e-01
9.504551435408442606e-01
9.560837632784114914e-01
9.611112004962365507e-01
9.655945687071736394e-01
9.695869817908818744e-01
9.731365716005786481e-01
9.762880597279531836e-01
9.790816923594812815e-01
9.815547286049118858e-01
9.837404974943635416e-01
9.856698837068607055e-01
9.873703437718767129e-01
9.888672019673608871e-01
9.901825343200560958e-01
9.913363599367090995e-01
9.923471561594934265e-01
9.932311012769857728e-01
9.940037104720583772e-01
9.946780091080479336e-01
9.952660549145279090e-01
9.957782604482536826e-01
9.962235886231730619e-01
9.966111481802217842e-01
9.969480380019758448e-01
9.972406909601194691e-01
9.974954066963742649e-01
9.977170009190000632e-01
9.979101242217781609e-01
9.980789811323367289e-01
9.982266941382392789e-01
9.983564128448556563e-01
9.984710394513601761e-01
9.985725500322121251e-01
9.986628828710042427e-01
9.987441304271178488e-01
9.988176124019518820e-01
9.988843758060614864e-01
9.989457278047757516e-01
9.990027888251299393e-01
9.990561223750341613e-01
9.991061995343563096e-01
9.991537194366575392e-01
9.991992339071367191e-01
9.992430639931058067e-01
9.992853888854354993e-01
9.993264689991099292e-01
9.993666022203713251e-01
9.994060157723647642e-01
9.994448781715095098e-01
9.994832365502853699e-01
9.995211065083094981e-01
9.995585616826412334e-01
9.995956602641994371e-01
9.996324351909777750e-01
9.996689005541524731e-01
9.997050623623446874e-01
9.997409184223265965e-01
9.997764613564669167e-01
9.998116712223102942e-01
9.998465141645700438e-01
9.998809464930085156e-01
9.999149222716711138e-01
9.999483973492585553e-01
9.999813298611389678e-01
1.000013684481725784e+00
1.000045436625450312e+00
1.000076566920814258e+00
1.000107051260933133e+00
1.000136860175437681e+00
1.000165959425527662e+00
1.000194312114006223e+00
1.000221876807012356e+00
1.000248613340341430e+00
1.000274476271664215e+00
1.000299408381229771e+00
1.000323367502912175e+00
1.000346334560953565e+00
1.000368296540289803e+00
1.000389233244158405e+00
1.000409113921101767e+00
1.000427918224255253e+00
1.000445637132631349e+00
1.000462241905235139e+00
1.000477692154349008e+00
1.000491958171694451e+00
1.000505001201813737e+00
1.000516791511644854e+00
1.000527327036622394e+00
1.000536605035641013e+00
1.000544633070356237e+00
1.000551414711905229e+00
1.000556955896998890e+00
1.000561269933138986e+00
1.000564374369116827e+00
1.000566290675901859e+00
1.000567049241843254e+00
1.000566693486732106e+00
1.000565258711281658e+00
1.000562793062226286e+00
1.000559350312828721e+00
1.000554987881125069e+00
1.000549781219615575e+00
1.000543818968396614e+00
1.000537196261199080e+00
1.000530026692339591e+00
1.000522443932720718e+00
1.000514587137292466e+00
1.000506602929921440e+00
1.000498646105111966e+00
1.000490874450380430e+00
1.000483454321762888e+00
1.000476568306372993e+00
1.000470417445094240e+00
1.000465224821292409e+00
1.000461236336320781e+00
1.000458722014097468e+00
1.000457997262833354e+00
1.000459469776060262e+00
1.000463714460914977e+00
1.000471615017710203e+00
1.000484679150002165e+00
1.000505819473598512e+00
1.000541510998906425e+00
1.000609266997475100e+00
1.000773324955494203e+00
1.001403265525703912e+00
1.005101398593115425e+00
1.001059360669355858e+00
9.991470833457062328e-01
