1.000000000000000000e+00
9.999605463702350150e-01
9.998239990703484681e-01
9.995818549120963903e-01
9.992588583539352420e-01
9.989281195423247439e-01
9.987321157033368646e-01
9.989099290074991977e-01
9.998285483482844960e-01
1.002014878280638177e+00
1.006181258008445933e+00
1.013244928930926658e+00
1.024337390885943666e+00
1.040805103075875593e+00
1.064197944682129027e+00
1.096122522910359498e+00
1.137965249351053920e+00
1.189803311867396962e+00
1.248990992373747222e+00
1.309784505583415193e+00
1.365968744958123926e+00
1.416269846382650854e+00
1.512837403435260075e+00
1.691117353622900499e+00
1.751741216961606673e+00
1.739041509946502639e+00
1.687214405303959497e+00
1.609735834797030751e+00
1.517849907210052640e+00
1.424794834954780542e+00
1.337047230595955094e+00
1.259622765368365149e+00
1.194708735132508526e+00
1.141156006530686273e+00
1.097841505618731617e+00
1.061691830683062943e+00
1.030596791523625599e+00
1.003646122728804935e+00
9.797017606147457869e-01
9.584286519368582224e-01
9.391178921850172889e-01
9.211693318216078730e-01
9.046847889988138824e-01
8.894353248011797053e-01
8.754548066259341121e-01
8.625245196101045675e-01
8.503691751264647047e-01
8.390833191370878907e-01
8.285510364952136664e-01
8.188119186026607821e-01
8.097429678633462080e-01
8.012133558880124573e-01
7.932619087900341093e-01
7.858464379985391490e-01
7.790923279435472137e-01
7.730714044755180314e-01
7.679551546049827593e-01
7.639055322459813446e-01
7.611166624559405625e-01
7.599230521563946628e-01
7.606471612244275482e-01
7.637145394473264792e-01
7.695215487449011960e-01
7.784901909389324581e-01
7.909628552583659600e-01
8.071442467031981760e-01
8.268925304667352760e-01
8.494113567749626004e-01
8.729455282775420155e-01
8.950542562147795200e-01
9.140490978459874238e-01
9.297882242920876283e-01
9.429367407438485893e-01
9.540768041119445098e-01
9.636170369889633935e-01
9.717870653441869067e-01
9.787880422804530189e-01
9.847446365145822167e-01
9.897979910428780226e-01
9.940374431411852507e-01
9.975726012244199303e-01
1.000473180321043598e+00
1.002828023384793266e+00
1.004693654362726285e+00
1.006141933346814232e+00
1.007219316491198002e+00
1.007973401804969749e+00
1.008454341535923282e+00
1.008693627597473386e+00
1.008739380294244370e+00
1.008616833796170065e+00
1.008359418945259822e+00
1.007992002732223114e+00
1.007531601052252590e+00
1.007007410310019946e+00
1.006432378267851924e+00
1.005821066299671385e+00
1.005191812590690015e+00
1.004552454810563988e+00
1.003914414445689074e+00
1.003288092462528924e+00
1.002677335678977544e+00
1.002088954130020637e+00
1.001529547685054533e+00
1.001000133425815619e+00
1.000503065038671702e+00
1.000043063753541572e+00
9.996200530332766121e-01
9.992331287635155546e-01
9.988840156856568786e-01
9.985737610142638720e-01
9.983001759428224986e-01
9.980610503725033666e-01
9.978562419920946613e-01
9.976849515266391633e-01
9.975452619199521864e-01
9.974346496726629319e-01
9.973514756827692729e-01
9.972946258882302573e-01
9.972627658778320248e-01
9.972544351761599701e-01
9.972675769997348949e-01
9.973001306580665526e-01
9.973506143435104665e-01
9.974176033854562640e-01
9.974996639445903313e-01
9.975953806951459724e-01
9.977034165320860515e-01
9.978224996690463477e-01
9.979514347524337525e-01
9.980890442631509263e-01
9.982341517559457644e-01
9.983856010157268202e-01
9.985422990058635540e-01
9.987032356857575843e-01
9.988674809992272863e-01
9.990342071813718139e-01
9.992027111154485608e-01
9.993723731002264188e-01
9.995425871536584017e-01
9.997127532553009566e-01
9.998822775719152789e-01
1.000050583077260580e+00
1.000217094051788047e+00
1.000381271490941915e+00
1.000542567759129975e+00
1.000700381729923594e+00
1.000854231781904025e+00
1.001003805563716709e+00
1.001148846987952812e+00
1.001289068677074345e+00
1.001424128621271725e+00
1.001553765050684941e+00
1.001677800990516509e+00
1.001795941662991130e+00
1.001907826212385944e+00
1.002013171504386957e+00
1.002111643210758185e+00
1.002202972055367125e+00
1.002287073457533761e+00
1.002363863229986052e+00
1.002433328107882105e+00
1.002495432721874691e+00
1.002550160216468589e+00
1.002597544025726206e+00
1.002637647195959492e+00
1.002670559911115422e+00
1.002696431280791112e+00
1.002715495486770969e+00
1.002727935103945756e+00
1.002734015939983792e+00
1.002734040151195272e+00
1.002728333182672182e+00
1.002717336119411051e+00
1.002701574127928374e+00
1.002681613027139429e+00
1.002658135956814300e+00
1.002631953336277082e+00
1.002603908417366574e+00
1.002574889416537163e+00
1.002545833164249611e+00
1.002517690613001777e+00
1.002491461101099990e+00
1.002468239356202995e+00
1.002449226441784580e+00
1.002435747841063707e+00
1.002429250758013479e+00
1.002431300338481712e+00
1.002443696399377693e+00
1.002468740533336122e+00
1.002509655154248502e+00
1.002571371932012179e+00
1.002662300477749513e+00
1.002798737036652676e+00
1.003017038133675820e+00
1.003415802147620273e+00
1.004356767010389451e+00
1.007907903267002192e+00
1.027163398454963295e+00
1.003730014377523849e+00
9.985393824291525222e-01
