9.930335036215325317e-01
9.930087720760478742e-01
9.925360526367696945e-01
9.927416597814067156e-01
9.924489676644707714e-01
9.928075052870433126e-01
9.931900583746663402e-01
9.941979969474052936e-01
9.957893106881985368e-01
9.983069052893381867e-01
1.001979537855043345e+00
1.007137956972485204e+00
1.014122029115084311e+00
1.023301010742253103e+00
1.035045933419285857e+00
1.049708544077077255e+00
1.067588617504361848e+00
1.088895142435024832e+00
1.113701439663527193e+00
1.141897399546949465e+00
1.173142850170072693e+00
1.206826924456388284e+00
1.242037363126990313e+00
1.277543407246178431e+00
1.311797549634686089e+00
1.342973689047918029e+00
1.369078896696226844e+00
1.388158415921280753e+00
1.398557678630680812e+00
1.399161696467779326e+00
1.389539848778099662e+00
1.369976834334249771e+00
1.341398615541504524e+00
1.305230889222394719e+00
1.263232453407129530e+00
1.217317799478065954e+00
1.169403352614977187e+00
1.121277662531086960e+00
1.074487631258636444e+00
1.030263147280225500e+00
9.894618455657623324e-01
9.525710243180199877e-01
9.197549845127858115e-01
8.909038328340148638e-01
8.657203162492861370e-01
8.437949752727770258e-01
8.247001462804168792e-01
8.080779394042971742e-01
7.936579940217175499e-01
7.812775881766771402e-01
7.708616511701118501e-01
7.624240590391619943e-01
7.560713972684421913e-01
7.519686461043892933e-01
7.503273322577289628e-01
7.513599434951000466e-01
7.552538292295649658e-01
7.621232967766663480e-01
7.719595864362452931e-01
7.845739570377773253e-01
7.995128346897046878e-01
8.160393765221840567e-01
8.332051194718180787e-01
8.500598992112610164e-01
8.658860149555470676e-01
8.803250648155248603e-01
8.933267962068779378e-01
9.050017992678179857e-01
9.154940480105639988e-01
9.249257038156823985e-01
9.333952138568096801e-01
9.409876429158156030e-01
9.477821556534048453e-01
9.538520575223519149e-01
9.592658338423388775e-01
9.640859458634493118e-01
9.683704226708711449e-01
9.721719314282223356e-01
9.755393899267941205e-01
9.785169101518412793e-01
9.811453065829802700e-01
9.834611678063334139e-01
9.854983650008178886e-01
9.872870747012945092e-01
9.888550690198451010e-01
9.902265975458950376e-01
9.914236271262045763e-01
9.924664156729187114e-01
9.933727768497483401e-01
9.941597274950906282e-01
9.948416116697796907e-01
9.954316366212618838e-01
9.959411943230367381e-01
9.963801081424780159e-01
9.967583221620535117e-01
9.970836016977236982e-01
9.973629497262629373e-01
9.976032196594815105e-01
9.978096399913807257e-01
9.979872418292189407e-01
9.981405679641450757e-01
9.982729522472312267e-01
9.983877665435926252e-01
9.984881201415655161e-01
9.985760729854484818e-01
9.986536542766180080e-01
9.987230917698465271e-01
9.987857323188578107e-01
9.988426130824210603e-01
9.988950946128523078e-01
9.989443349017760321e-01
9.989908457653633445e-01
9.990350401101680822e-01
9.990776142706629948e-01
9.991191039299053278e-01
9.991597784789520986e-01
9.991997476413381207e-01
9.992392267817128415e-01
9.992784851609445296e-01
9.993177156057040378e-01
9.993570468015036123e-01
9.993964685943254045e-01
9.994359387376358095e-01
9.994754896985702519e-01
9.995151406795024229e-01
9.995548849667724722e-01
9.995946972871381231e-01
9.996345463706094447e-01
9.996743945269449538e-01
9.997142009308307431e-01
9.997539125107632874e-01
9.997934620654357341e-01
9.998327729395648511e-01
9.998717679331037278e-01
9.999103739573772520e-01
9.999485224708681841e-01
9.999861544265900015e-01
1.000023225168771956e+00
1.000059697660493629e+00
1.000095530409546241e+00
1.000130676593209866e+00
1.000165084676174487e+00
1.000198700849908251e+00
1.000231466699782690e+00
1.000263326094899208e+00
1.000294217252724494e+00
1.000324064877322616e+00
1.000352812327650165e+00
1.000380431225851963e+00
1.000406900947685251e+00
1.000432192659858943e+00
1.000456265232007924e+00
1.000479090379323477e+00
1.000500653734240686e+00
1.000520917520593134e+00
1.000539830221861548e+00
1.000557353376691383e+00
1.000573437864789028e+00
1.000588045591432884e+00
1.000601171867608441e+00
1.000612811342803665e+00
1.000622971170774367e+00
1.000631653826165923e+00
1.000638864724738397e+00
1.000644618224378890e+00
1.000648933853112599e+00
1.000651835913923815e+00
1.000653359475622173e+00
1.000653555303736786e+00
1.000652464441482481e+00
1.000650143386062396e+00
1.000646655406893348e+00
1.000642068155054520e+00
1.000636470941643097e+00
1.000629968904823697e+00
1.000622674956739955e+00
1.000614724149147428e+00
1.000606275601587880e+00
1.000597494953156419e+00
1.000588556727052048e+00
1.000579645148435670e+00
1.000570947890274009e+00
1.000562662726193652e+00
1.000555006672122937e+00
1.000548218562645086e+00
1.000542563221478165e+00
1.000538332175181955e+00
1.000535844873174929e+00
1.000535473658445529e+00
1.000537699125365387e+00
1.000543198337907835e+00
1.000553011425550087e+00
1.000568912884472361e+00
1.000594332274124199e+00
1.000636897912043688e+00
1.000717252037105709e+00
1.000911128541859485e+00
1.001654249998264801e+00
1.005990368466150642e+00
1.001205830094536564e+00
9.990583881692884916e-01
