9.726188680191696356e-01
9.751191644185263074e-01
9.768262733474307735e-01
9.798754419183212105e-01
9.820151943675369255e-01
9.854043565804015969e-01
9.888063173648559134e-01
9.932970198125891104e-01
9.986992186267128480e-01
1.005530547327935231e+00
1.014047900256481505e+00
1.024652693538244508e+00
1.037710838668404856e+00
1.053591486312113856e+00
1.072620011182612076e+00
1.095050463554196440e+00
1.121024471768367281e+00
1.150528108930345406e+00
1.183346854549093718e+00
1.219023289794565645e+00
1.256821937029720226e+00
1.295705658897057244e+00
1.334326675924107919e+00
1.371037454264646405e+00
1.403935739196461308e+00
1.430973257528369125e+00
1.450148968106503844e+00
1.459751350335101616e+00
1.458585375841616960e+00
1.446130114382193854e+00
1.422595165355958313e+00
1.388887249029301163e+00
1.346507078603322194e+00
1.297406081048488424e+00
1.243828859406170162e+00
1.188141237334478628e+00
1.132668588032691659e+00
1.079538979225933781e+00
1.030523857455002634e+00
9.869076139692235516e-01
9.493841084735333835e-01
9.180441706014517145e-01
8.924589650492944504e-01
8.718100250343989721e-01
8.550817863726677404e-01
8.412292748623689809e-01
8.293261789258631334e-01
8.186665333884043383e-01
8.087654475123747799e-01
7.993502052126535418e-01
7.903128212233431205e-01
7.816892198637003242e-01
7.736506719791027553e-01
7.664659756417532277e-01
7.604887312934306420e-01
7.561132623641136918e-01
7.537529361843179343e-01
7.538045513764088934e-01
7.566271566547804195e-01
7.625224911663494032e-01
7.716679318323165226e-01
7.840416625889564672e-01
7.993052858375621073e-01
8.167290392588459902e-01
8.352254642604327595e-01
8.535738535775331259e-01
8.707562210030120875e-01
8.862117771403277278e-01
8.998532614440681865e-01
9.118794936768790382e-01
9.225539033275447220e-01
9.320787335481676150e-01
9.405826095805821518e-01
9.481548900452462236e-01
9.548761070543335672e-01
9.608248635826505124e-01
9.660769143167777795e-01
9.707015195690268383e-01
9.747626239636180134e-01
9.783181486386290926e-01
9.814217246116317961e-01
9.841218061064331835e-01
9.864631963700536410e-01
9.884860678223044150e-01
9.902272144734194370e-01
9.917189480277340818e-01
9.929904779648766056e-01
9.940686934016298437e-01
9.949775567645481322e-01
9.957397302925874438e-01
9.963745724003194582e-01
9.968996189928507334e-01
9.973299548186296271e-01
9.976786835110255103e-01
9.979588159350958332e-01
9.981806667971701019e-01
9.983533988643815693e-01
9.984858683564604709e-01
9.985848753386017407e-01
9.986568345053723483e-01
9.987074800999757862e-01
9.987409040438148811e-01
9.987612296773659137e-01
9.987722498612812139e-01
9.987762573753504736e-01
9.987755225037797668e-01
9.987726832979025859e-01
9.987690881036744850e-01
9.987656113931530077e-01
9.987637159591625791e-01
9.987646111795038806e-01
9.987684839968898887e-01
9.987753904239903280e-01
9.987859159915000173e-01
9.988004453207437461e-01
9.988189395814391913e-01
9.988411252317778155e-01
9.988669472793318960e-01
9.988964866272467269e-01
9.989297284862561632e-01
9.989665702974759309e-01
9.990066959313921302e-01
9.990497576944319391e-01
9.990955611753891130e-01
9.991439132979694770e-01
9.991945945509981275e-01
9.992473706507452036e-01
9.993020131761872760e-01
9.993582977449604332e-01
9.994160081888396885e-01
9.994749194065444264e-01
9.995347927973441404e-01
9.995953835784850972e-01
9.996564556632908660e-01
9.997177891106052705e-01
9.997791801773406872e-01
9.998404493672579108e-01
9.999014494283701149e-01
9.999620527390561397e-01
1.000022129348075106e+00
1.000081544845691672e+00
1.000140161040673936e+00
1.000197839848288472e+00
1.000254438838279913e+00
1.000309823039926327e+00
1.000363850559164991e+00
1.000416358428816377e+00
1.000467219350671177e+00
1.000516358552367979e+00
1.000563717168317046e+00
1.000609223645732904e+00
1.000652786347189238e+00
1.000694337981884896e+00
1.000733837341723165e+00
1.000771202968058882e+00
1.000806330152700596e+00
1.000839138347562329e+00
1.000869529059137175e+00
1.000897424198582852e+00
1.000922805683976513e+00
1.000945654955879505e+00
1.000965976192709883e+00
1.000983765787500257e+00
1.000999025788418040e+00
1.001011774493491879e+00
1.001022039704054345e+00
1.001029857969842007e+00
1.001035285173363487e+00
1.001038405220205707e+00
1.001039284908628701e+00
1.001038018539744723e+00
1.001034712483697353e+00
1.001029480895233137e+00
1.001022476326716593e+00
1.001013879337020906e+00
1.001003884155357682e+00
1.000992724118635602e+00
1.000980675034130352e+00
1.000968023970878917e+00
1.000955073364413694e+00
1.000942142355885522e+00
1.000929555545075456e+00
1.000917654590305572e+00
1.000906814141155898e+00
1.000897445988788048e+00
1.000890005833658947e+00
1.000884993576003579e+00
1.000882953928054597e+00
1.000884518159953052e+00
1.000890497904741272e+00
1.000902033645539646e+00
1.000920874691657581e+00
1.000950004970273977e+00
1.000995198487108384e+00
1.001069316599070946e+00
1.001207203654838507e+00
1.001536773027808191e+00
1.002793751097715624e+00
1.009983584937059975e+00
1.001808080084631625e+00
9.987493254625896544e-01
