9.267976280822720625e-01
9.356237406495104825e-01
9.460400235426802418e-01
9.549505431240147280e-01
9.660554249293425988e-01
9.764172611665613566e-01
9.883919123520372718e-01
1.000908089468154794e+00
1.014910852478684511e+00
1.030373756114580042e+00
1.047738735475355787e+00
1.067266042949077676e+00
1.089265880745531989e+00
1.113981703171245563e+00
1.141589683973248892e+00
1.172154036584549530e+00
1.205590968228995807e+00
1.241628433780521457e+00
1.279769148739561491e+00
1.319259676384293201e+00
1.359069633107896413e+00
1.397884363743186364e+00
1.434115236230896206e+00
1.465940095854535885e+00
1.491399046388211191e+00
1.508563742275418784e+00
1.515756856107797423e+00
1.511765640373060382e+00
1.496007717199893561e+00
1.468622999124255424e+00
1.430478600756353469e+00
1.383104730069232069e+00
1.328575470339584452e+00
1.269352013821501091e+00
1.208103914958781111e+00
1.147503737160669113e+00
1.090022744136499577e+00
1.037730352884229212e+00
9.921056674206643056e-01
9.539137867267061255e-01
9.231596101974859359e-01
8.991833354257086075e-01
8.808730094612190475e-01
8.668962548567200610e-01
8.559360923286003509e-01
8.468394868100799222e-01
8.387071680303384014e-01
8.309301626836952392e-01
8.231371784634570199e-01
8.151504140052376890e-01
8.069205807515624773e-01
7.985003028959725135e-01
7.900394190749480128e-01
7.817590773446257968e-01
7.739539734472820065e-01
7.669659529830802347e-01
7.611781832411628201e-01
7.569935240050196246e-01
7.548285693606702207e-01
7.551144345029211502e-01
7.582633193360410750e-01
7.646422100788170528e-01
7.744986006365759401e-01
7.878645413649096874e-01
8.044186756276026085e-01
8.233812945753385959e-01
8.435380421002272033e-01
8.634792939954617497e-01
8.819882238111390604e-01
8.983623974915757593e-01
9.124834760714911619e-01
9.246297398285681091e-01
9.351992403797820819e-01
9.445111335112826856e-01
9.527538389803648089e-01
9.600276154199790524e-01
9.664063854581722568e-01
9.719671250266341822e-01
9.767925457023067803e-01
9.809616419897060346e-01
9.845464827754646375e-01
9.876112452360036320e-01
9.902148681680015274e-01
9.924105549890943623e-01
9.942469568567868787e-01
9.957670478487296029e-01
9.970096428951999989e-01
9.980104287355642256e-01
9.988015553510888322e-01
9.994132328452320913e-01
9.998716026007269386e-01
1.000200077672148025e+00
1.000418802650360872e+00
1.000545373532932159e+00
1.000596856209096774e+00
1.000587102948049534e+00
1.000528299960091738e+00
1.000431942977803690e+00
1.000307047923589820e+00
1.000161900513559354e+00
1.000003759802035486e+00
9.998377923743452245e-01
9.996690624067415820e-01
9.995021452059157374e-01
9.993396238553408084e-01
9.991840014557199501e-01
9.990382964119297604e-01
9.989037647219876082e-01
9.987809328426890954e-01
9.986712438178141360e-01
9.985758388226176896e-01
9.984943034098640036e-01
9.984260149982175925e-01
9.983712403487911002e-01
9.983300257769843755e-01
9.983017435645977766e-01
9.982854131777919582e-01
9.982804491884362807e-01
9.982865474864091038e-01
9.983032901700152895e-01
9.983301274755176369e-01
9.983661811600366143e-01
9.984105446989538502e-01
9.984625941050514486e-01
9.985217397156200825e-01
9.985873671828753295e-01
9.986588563327422063e-01
9.987356151356621137e-01
9.988170760394297076e-01
9.989027008762302318e-01
9.989919504846105358e-01
9.990842752846358366e-01
9.991791269343800463e-01
9.992759830778492613e-01
9.993743594206572212e-01
9.994738091271931912e-01
9.995739359183893891e-01
9.996744070793696091e-01
9.997749309421835040e-01
9.998752182658084964e-01
9.999749777622807256e-01
1.000073916856309530e+00
1.000171747878307205e+00
1.000268180116813843e+00
1.000362939655176975e+00
1.000455744140898773e+00
1.000546278208011008e+00
1.000634291232611828e+00
1.000719626390691896e+00
1.000802156960363787e+00
1.000881736362649432e+00
1.000958185250523824e+00
1.001031368221182882e+00
1.001101196604693211e+00
1.001167513524322317e+00
1.001230123111159109e+00
1.001288872416865372e+00
1.001343578596542550e+00
1.001394095125364148e+00
1.001440380221438664e+00
1.001482392131198607e+00
1.001520129040330609e+00
1.001553576235990173e+00
1.001582729260932725e+00
1.001607612211572240e+00
1.001628265995752276e+00
1.001644746961381838e+00
1.001657145181516162e+00
1.001665599416041497e+00
1.001670218954870739e+00
1.001671160772606761e+00
1.001668602792985752e+00
1.001662736422622713e+00
1.001653819513850019e+00
1.001642158331645716e+00
1.001628082677325837e+00
1.001611989884567677e+00
1.001594350582195148e+00
1.001575654569565099e+00
1.001556417820895550e+00
1.001537184681497994e+00
1.001518508223805837e+00
1.001500970107235489e+00
1.001485207850079107e+00
1.001471921544863752e+00
1.001461884867568708e+00
1.001455944485721616e+00
1.001455019386069623e+00
1.001460170325656707e+00
1.001472757381581591e+00
1.001494688177878345e+00
1.001528885407084513e+00
1.001580333879494633e+00
1.001658687213443200e+00
1.001785468361803266e+00
1.002019027728724199e+00
1.002573592651969658e+00
1.004680308618812523e+00
1.016499095084050674e+00
1.002698634122492161e+00
9.983974474644385921e-01
