1.000000000000000000e+00
9.999730712536409882e-01
9.998800148577282609e-01
9.997161308597851681e-01
9.995003135244132642e-01
9.992848197855694892e-01
9.991690009470325373e-01
9.993178585790778445e-01
9.999850932806757520e-01
1.001539484896107446e+00
1.004489930182133284e+00
1.009507078130412516e+00
1.017435071967967231e+00
1.029291743156149685e+00
1.046259427186519542e+00
1.069611202370343461e+00
1.100623912465921617e+00
1.140135132503192761e+00
1.187949784559524380e+00
1.242149842016297745e+00
1.298765418184178122e+00
1.354477262476544430e+00
1.410417668300716576e+00
1.484867239971545017e+00
1.575276126111228914e+00
1.624740932849917163e+00
1.630204039566859553e+00
1.601938153697644918e+00
1.549612269816852406e+00
1.483446836499664245e+00
1.410241739712020603e+00
1.335321115656284530e+00
1.262721604156386457e+00
1.194891526329159293e+00
1.135032129661372569e+00
1.083697394931627977e+00
1.040697452964405967e+00
1.005639514351122088e+00
9.768198462412812644e-01
9.531007472197783326e-01
9.329946270416508147e-01
9.153232799333266279e-01
8.996846381608771814e-01
8.855259060889059120e-01
8.726281494495728985e-01
8.606452163344122663e-01
8.492386400323700402e-01
8.384215391873249823e-01
8.280597308770761833e-01
8.181766328660416976e-01
8.086793892066475031e-01
7.994919544756244889e-01
7.907153112128217920e-01
7.824115117781280659e-01
7.748223650647242389e-01
7.681683422860283716e-01
7.627733037940906957e-01
7.589547465814154847e-01
7.570475727316116066e-01
7.574799042244516611e-01
7.606350509063164456e-01
7.669330378392734682e-01
7.766971393852143413e-01
7.901352973412388847e-01
8.071313316873159893e-01
8.270101881917397701e-01
8.482792031256497500e-01
8.689106259849671554e-01
8.874119628659281611e-01
9.034256715886591627e-01
9.172656101956561114e-01
9.293017284133515687e-01
9.398320184768353958e-01
9.490454043638802961e-01
9.571128258882148909e-01
9.641489324071825795e-01
9.702788130507772335e-01
9.755876651645261077e-01
9.801763067158247855e-01
9.841131677069653305e-01
9.874803167932242332e-01
9.903337071256103075e-01
9.927410093913033862e-01
9.947484030619155870e-01
9.964110115453639338e-01
9.977669454917853509e-01
9.988542085229464851e-01
9.997115652102414041e-01
1.000365257048821066e+00
1.000851209810549758e+00
1.001190346565165701e+00
1.001408088370032923e+00
1.001523956858098474e+00
1.001552119772436855e+00
1.001513788162131879e+00
1.001419746719630188e+00
1.001281425322028129e+00
1.001112226288034757e+00
1.000918860544457889e+00
1.000709978557962065e+00
1.000493385168265803e+00
1.000272738052346178e+00
1.000053327451795759e+00
9.998401697598510163e-01
9.996348116991045085e-01
9.994395056470638528e-01
9.992578259702288301e-01
9.990904050005258163e-01
9.989373227453663961e-01
9.988001662577785655e-01
9.986800663079764551e-01
9.985761920335408659e-01
9.984876660145500793e-01
9.984148008108170158e-01
9.983574884645491920e-01
9.983149334847946088e-01
9.982859587254810929e-01
9.982698863569816616e-01
9.982663264478647269e-01
9.982747392177317991e-01
9.982944923848698915e-01
9.983245858416081031e-01
9.983640016319366151e-01
9.984120477356643875e-01
9.984680518523685322e-01
9.985313233166358549e-01
9.986011702320524153e-01
9.986769353874693778e-01
9.987579894095909294e-01
9.988437380175338998e-01
9.989335881973288034e-01
9.990269389398608313e-01
9.991231930837533026e-01
9.992217831623687596e-01
9.993221836302261796e-01
9.994239096265228328e-01
9.995265306523741788e-01
9.996296842844973884e-01
9.997330523555343351e-01
9.998363202513111947e-01
9.999391726880755282e-01
1.000041294171801098e+00
1.000142375580034937e+00
1.000242105287155292e+00
1.000340190372211779e+00
1.000436330056554857e+00
1.000530189353273203e+00
1.000621501686811410e+00
1.000710098699143957e+00
1.000795843618246250e+00
1.000878579560016135e+00
1.000958115796908299e+00
1.001034307861289774e+00
1.001107060448633179e+00
1.001176207329749879e+00
1.001241542067152990e+00
1.001302903477319983e+00
1.001360099193719488e+00
1.001412974801148881e+00
1.001461485086662329e+00
1.001505584657268022e+00
1.001545269940060878e+00
1.001580523943640166e+00
1.001611340454139798e+00
1.001637742992984359e+00
1.001659772572889073e+00
1.001677486269388240e+00
1.001690976180003023e+00
1.001700385033037488e+00
1.001705824860453120e+00
1.001707457282084768e+00
1.001705465625130298e+00
1.001700047168138541e+00
1.001691468153546927e+00
1.001680045023875198e+00
1.001666118580546216e+00
1.001650099665077898e+00
1.001632475123273247e+00
1.001613751596092783e+00
1.001594462797849694e+00
1.001575171767630890e+00
1.001556450436901891e+00
1.001538900195273030e+00
1.001523180116419942e+00
1.001510013814027156e+00
1.001500200711886501e+00
1.001494615190545057e+00
1.001494205507604374e+00
1.001500065240936266e+00
1.001513595692282932e+00
1.001536761498417860e+00
1.001572571954318702e+00
1.001626159436801888e+00
1.001707465164167310e+00
1.001838658225714829e+00
1.002079854809015513e+00
1.002651777888543538e+00
1.004820856216095404e+00
1.016895970545303785e+00
1.002631943551601568e+00
9.985699226289640462e-01
