9.911614743767772628e-01
9.918229126110030824e-01
9.905076921340809637e-01
9.919834853097193594e-01
9.909557591028439472e-01
9.921267036785141880e-01
9.923911916496656049e-01
9.938549683619546382e-01
9.957064282049975512e-01
9.986676670165858249e-01
1.002828299649917154e+00
1.008590010007980986e+00
1.016282665368264615e+00
1.026288184547564208e+00
1.038976256523456154e+00
1.054692384763993740e+00
1.073720567179353713e+00
1.096244017729743447e+00
1.122299356446933460e+00
1.151728896216460907e+00
1.184134960112533053e+00
1.218841195355852003e+00
1.254864776801222215e+00
1.290903246301942087e+00
1.325342208768864660e+00
1.356303509343680602e+00
1.381771062977569686e+00
1.399806502955343035e+00
1.408809986607975517e+00
1.407747676832946881e+00
1.396280819176825894e+00
1.374783687722131775e+00
1.344262770128586970e+00
1.306214440545708566e+00
1.262460931459675750e+00
1.214976254610844908e+00
1.165734384488675834e+00
1.116578572475634967e+00
1.069103300081791774e+00
1.024571581776987816e+00
9.838507257719039112e-01
9.474068432027293873e-01
9.153495070536356026e-01
8.874844889962361094e-01
8.634114753716558566e-01
8.426136220085794770e-01
8.245651804734351886e-01
8.088290799582940060e-01
7.950786345720395332e-01
7.831173112866569586e-01
7.728559534793895125e-01
7.643103552385228650e-01
7.576018873156289413e-01
7.529209327794508244e-01
7.505133819559675068e-01
7.506341138910432864e-01
7.535215354552802225e-01
7.593523569284705843e-01
7.681965390259526405e-01
7.799632250242262144e-01
7.943074874161591969e-01
8.105832078421121301e-01
8.278691199128588307e-01
8.451481771878076588e-01
8.615633469680361589e-01
8.766129271788433153e-01
8.901600602074679625e-01
9.022952137841820930e-01
9.131783423647241715e-01
9.229514191697573144e-01
9.317238854565084161e-01
9.395851445267631163e-01
9.466168490989044226e-01
9.528949015551899659e-01
9.584904938716027889e-01
9.634686235606499949e-01
9.678896445410940519e-01
9.718083721066635983e-01
9.752757226430845972e-01
9.783376601134318173e-01
9.810367101799826184e-01
9.834110369944577545e-01
9.854959598950366884e-01
9.873229776582141959e-01
9.889210540839608043e-01
9.903154997584941999e-01
9.915292332138585518e-01
9.925833831233700222e-01
9.934965667534128020e-01
9.942865382635494020e-01
9.949682923223562847e-01
9.955556004938286296e-01
9.960603353237832414e-01
9.964927445912464821e-01
9.968631790007320692e-01
9.971797326246907289e-01
9.974496880416710010e-01
9.976801666706334171e-01
9.978765995995912963e-01
9.980442017376799368e-01
9.981876778898772784e-01
9.983104625080075900e-01
9.984160319673993644e-01
9.985075925794137941e-01
9.985872401970857792e-01
9.986570430632699669e-01
9.987192907360131766e-01
9.987753376846396636e-01
9.988262093455697599e-01
9.988732876074960521e-01
9.989177443437550208e-01
9.989600590606850794e-01
9.990006090025967955e-01
9.990400841971294188e-01
9.990790077704204686e-01
9.991176179752185860e-01
9.991559842712139927e-01
9.991942948826367799e-01
9.992328009820674595e-01
9.992716745637417741e-01
9.993110207155936342e-01
9.993507966542951593e-01
9.993909273753825984e-01
9.994314215861200834e-01
9.994722760945421447e-01
9.995134615732711447e-01
9.995549304157312909e-01
9.995966302450901564e-01
9.996385033248739171e-01
9.996804899721172255e-01
9.997225185196096930e-01
9.997645031372666136e-01
9.998063488199687709e-01
9.998479609934154411e-01
9.998892504982764828e-01
9.999301339861357274e-01
9.999705392317872477e-01
1.000010410395256732e+00
1.000049700581146173e+00
1.000088358628828500e+00
1.000126328100705786e+00
1.000163547909626027e+00
1.000199954930322210e+00
1.000235481422709016e+00
1.000270062495217216e+00
1.000303627428164033e+00
1.000336091085471280e+00
1.000367388923285361e+00
1.000397487434544708e+00
1.000426361783769869e+00
1.000453978392537913e+00
1.000480290469827116e+00
1.000505265381854469e+00
1.000528885802536960e+00
1.000551109041579068e+00
1.000571877561030165e+00
1.000591148150658416e+00
1.000608866090042737e+00
1.000624988757718992e+00
1.000639509999642796e+00
1.000652423013633330e+00
1.000663734678270966e+00
1.000673446829883240e+00
1.000681564555504943e+00
1.000688102724070827e+00
1.000693081871759649e+00
1.000696527765901678e+00
1.000698477925975993e+00
1.000698986989141392e+00
1.000698099017141018e+00
1.000695874915483286e+00
1.000692382972586669e+00
1.000687696251138403e+00
1.000681911405036706e+00
1.000675142320880839e+00
1.000667511340474158e+00
1.000659164904010634e+00
1.000650275644152432e+00
1.000641023262661689e+00
1.000631597096587333e+00
1.000622196997190017e+00
1.000613026501223635e+00
1.000604300056278984e+00
1.000596252948360743e+00
1.000589144063644520e+00
1.000583260364384497e+00
1.000578917562723102e+00
1.000576461284637064e+00
1.000576293998511890e+00
1.000578934847082380e+00
1.000585114889125826e+00
1.000595956912574858e+00
1.000613376385237618e+00
1.000641076070759361e+00
1.000687293947334799e+00
1.000774326575484263e+00
1.000983986411242421e+00
1.001786962184697316e+00
1.006458666704310945e+00
1.001280463771929252e+00
9.990156853987143259e-01
