9.771646653637391378e-01
9.783945499049899741e-01
9.807449254210948153e-01
9.817732245017148918e-01
9.844098795178721772e-01
9.863500318579561110e-01
9.894793867227039685e-01
9.929893853405599158e-01
9.976798828949615672e-01
1.003602613749161820e+00
1.011201779130019407e+00
1.020803490495841626e+00
1.032800703235957407e+00
1.047561521910167492e+00
1.065427058927984394e+00
1.086671494358779633e+00
1.111465365690386120e+00
1.139831533496032723e+00
1.171599793124042055e+00
1.206363160758512798e+00
1.243440638733102510e+00
1.281850958644571437e+00
1.320300499025270469e+00
1.357190135408447462e+00
1.390653581112273329e+00
1.418655689278150556e+00
1.439176465442551178e+00
1.450452720148007746e+00
1.451212807385438452e+00
1.440845347520227637e+00
1.419465623366127582e+00
1.387888383446122642e+00
1.347527096677808789e+00
1.300251010894668324e+00
1.248228099433860372e+00
1.193755312080579500e+00
1.139101534093474699e+00
1.086357838734170356e+00
1.037286647504259696e+00
9.931985257661697375e-01
9.548512562378290713e-01
9.224313523861915609e-01
8.956225929007237685e-01
8.737170751269760505e-01
8.557910432319605354e-01
8.408640178485308203e-01
8.280474742831454016e-01
8.166527473278760718e-01
8.061996556684811743e-01
7.964141693042207093e-01
7.871849589603833186e-01
7.785445602581638758e-01
7.706609996625016779e-01
7.637988119533710707e-01
7.583049382287573303e-01
7.545631658792598673e-01
7.529713787300552630e-01
7.539047386270244511e-01
7.576917550586010908e-01
7.645896535808788252e-01
7.747097996351155480e-01
7.879364673791048324e-01
8.038146371084707864e-01
8.215053219712744603e-01
8.398740325141177410e-01
8.577597464551310891e-01
8.742968721626512840e-01
8.890942035312288105e-01
9.021726621763304088e-01
9.137544976917133521e-01
9.240743584781077047e-01
9.332990714493444306e-01
9.415381860190162877e-01
9.488763868606494567e-01
9.553939192899109090e-01
9.611679634287567664e-01
9.662715122684271130e-01
9.707709424955356381e-01
9.747276815984226017e-01
9.781974189578117596e-01
9.812317211812926487e-01
9.838771204781026070e-01
9.861766466903689743e-01
9.881688511048706269e-01
9.898890639619044585e-01
9.913682854808795186e-01
9.926345454792500078e-01
9.937136528269441271e-01
9.946285657847305783e-01
9.954010235211311342e-01
9.960495605506183292e-01
9.965910028773908858e-01
9.970398280420791348e-01
9.974085988712212414e-01
9.977098303760649767e-01
9.979534152274901482e-01
9.981481586987721588e-01
9.983025953264179631e-01
9.984232640538117654e-01
9.985163551032499862e-01
9.985874139189520049e-01
9.986404079844334314e-01
9.986793433150064070e-01
9.987079088640324898e-01
9.987283630344192531e-01
9.987429433162229309e-01
9.987542294368728646e-01
9.987635759156270332e-01
9.987718924214429306e-01
9.987806332213218230e-01
9.987910064910608954e-01
9.988032619044413529e-01
9.988175246599292345e-01
9.988344068879908555e-01
9.988543250510730775e-01
9.988772998927611946e-01
9.989031304614681694e-01
9.989318143784958748e-01
9.989634700152775215e-01
9.989981229060851398e-01
9.990357151218075549e-01
9.990759881197925907e-01
9.991186515314963712e-01
9.991635541624529493e-01
9.992105431655056158e-01
9.992594392014588767e-01
9.993100473280920326e-01
9.993621761996767106e-01
9.994156364824813288e-01
9.994702449009108536e-01
9.995258085293227124e-01
9.995821207235543460e-01
9.996389679703202580e-01
9.996961437011598894e-01
9.997534552450803025e-01
9.998107239530651391e-01
9.998677926972769914e-01
9.999245333199909824e-01
9.999808350744335828e-01
1.000036584444876420e+00
1.000091663252590690e+00
1.000145949324270367e+00
1.000199320125352953e+00
1.000251648687981332e+00
1.000302814541318863e+00
1.000352690488922835e+00
1.000401129585482218e+00
1.000448017472584938e+00
1.000493287932997299e+00
1.000536889167775056e+00
1.000578757477614378e+00
1.000618810459194874e+00
1.000656987974779755e+00
1.000693253771459457e+00
1.000727534357060300e+00
1.000759734687273417e+00
1.000789781875375928e+00
1.000817586386061775e+00
1.000843077395238589e+00
1.000866239301280380e+00
1.000887055983333163e+00
1.000905532217049032e+00
1.000921665545703387e+00
1.000935458677078671e+00
1.000946929253332840e+00
1.000956103639123462e+00
1.000963016231931846e+00
1.000967719221640406e+00
1.000970290606852942e+00
1.000970792604025217e+00
1.000969312768791752e+00
1.000965949774317076e+00
1.000960809467381418e+00
1.000954033086896011e+00
1.000945787691590150e+00
1.000936252952605132e+00
1.000925644602732811e+00
1.000914217541840401e+00
1.000902237082257340e+00
1.000889982741895778e+00
1.000877749490684199e+00
1.000865837401620162e+00
1.000854562364036360e+00
1.000844270799190250e+00
1.000835343531727650e+00
1.000828202096803787e+00
1.000823309115530968e+00
1.000821169030302382e+00
1.000822366860430357e+00
1.000827655140610117e+00
1.000838091654127959e+00
1.000855299182662250e+00
1.000882045881575033e+00
1.000923687429110087e+00
1.000992151294369137e+00
1.001119747165418072e+00
1.001425077091008031e+00
1.002590358980846696e+00
1.009274753823339754e+00
1.001705611585134603e+00
9.987969737528462622e-01
