9.532114747345381556e-01
9.578509755461984687e-01
9.638388553975114625e-01
9.684108851118837791e-01
9.748898032826028848e-01
9.806650530943931132e-01
9.878704082598139813e-01
9.955814912622197310e-01
1.004688111156498476e+00
1.015221511463755721e+00
1.027643599100980465e+00
1.042265497039945643e+00
1.059454436237736497e+00
1.079528020747883232e+00
1.102751259321525401e+00
1.129292651881805387e+00
1.159186384533849257e+00
1.192289126497551477e+00
1.228238349977888166e+00
1.266415280716770342e+00
1.305916983434910916e+00
1.345541334356719965e+00
1.383787985351277339e+00
1.418883397187924666e+00
1.448850547986294979e+00
1.471651851673537292e+00
1.485404389494600075e+00
1.488614165773410880e+00
1.480373586094429150e+00
1.460484190358690260e+00
1.429484585787507811e+00
1.388600239968060812e+00
1.339633071208605308e+00
1.284813919215340050e+00
1.226637363411576365e+00
1.167675021937919499e+00
1.110391897206969070e+00
1.056962859741325422e+00
1.009088875980449496e+00
9.678557254686317446e-01
9.336442688583159732e-01
9.061629075118617926e-01
8.845976219066671309e-01
8.678058150559999628e-01
8.545481771792433623e-01
8.436610222952040106e-01
8.341818563940577302e-01
8.254187022311776367e-01
8.169212086107286996e-01
8.084510184226423313e-01
7.999236492385745079e-01
7.913838807014839105e-01
7.829989762977414003e-01
7.750269569426224692e-01
7.678110125223360782e-01
7.617432772764759497e-01
7.572494070261283072e-01
7.547582754356599866e-01
7.546881432482231977e-01
7.574393197073227002e-01
7.633481936576482774e-01
7.726399673110245780e-01
7.853259667763559104e-01
8.010892426945607214e-01
8.191827287496975529e-01
8.384580584599502506e-01
8.575915320270688369e-01
8.754505232862341835e-01
8.913906845169985438e-01
9.053032646568668351e-01
9.174274882529317443e-01
9.280932878115454310e-01
9.375586853874797733e-01
9.459773319723154827e-01
9.534428016966469688e-01
9.600323941821481410e-01
9.658259489302003509e-01
9.709025597003394514e-01
9.753367497942379005e-01
9.791955235132931978e-01
9.825403681764526276e-01
9.854269398825835635e-01
9.879067314529460520e-01
9.900260498932512698e-01
9.918272259584121064e-01
9.933475370108593161e-01
9.946206641713527530e-01
9.956775916775377766e-01
9.965460908629478753e-01
9.972523303779982085e-01
9.978188091418315198e-01
9.982657745787665293e-01
9.986106383773912798e-01
9.988685739047760137e-01
9.990544703565606977e-01
9.991802652511421190e-01
9.992565015735714873e-01
9.992932533234614167e-01
9.992983307031573226e-01
9.992790062785555927e-01
9.992417221240634806e-01
9.991910546750718547e-01
9.991315649891088224e-01
9.990674212631153184e-01
9.990010465985182941e-01
9.989348243509381664e-01
9.988715888627492934e-01
9.988126529724098424e-01
9.987587400581489083e-01
9.987113223512472659e-01
9.986715940133320535e-01
9.986394804157578964e-01
9.986147459046782471e-01
9.985978498945212722e-01
9.985890364885915416e-01
9.985880150022251600e-01
9.985942079418140827e-01
9.986073357740666845e-01
9.986273176707223254e-01
9.986539674637631148e-01
9.986869928736125113e-01
9.987258366656796005e-01
9.987699113743706558e-01
9.988188398915263111e-01
9.988722598201255076e-01
9.989297828812812030e-01
9.989910097338581263e-01
9.990555564399986599e-01
9.991230517446452186e-01
9.991931416694589396e-01
9.992654665384347323e-01
9.993396543311999780e-01
9.994153298991117484e-01
9.994921341651998858e-01
9.995697335938421579e-01
9.996478199506276807e-01
9.997261205720718857e-01
9.998044085736530473e-01
9.998824859209044513e-01
9.999601542000853271e-01
1.000037211497298628e+00
1.000113453109557016e+00
1.000188676454148107e+00
1.000262675077178587e+00
1.000335253995344287e+00
1.000406210577557964e+00
1.000475315819667976e+00
1.000542389026864099e+00
1.000607319989974764e+00
1.000670020547270722e+00
1.000730386685405593e+00
1.000788288726501829e+00
1.000843629866689621e+00
1.000896348379890055e+00
1.000946330048216426e+00
1.000993430508902104e+00
1.001037537742410999e+00
1.001078516532231122e+00
1.001116258997339470e+00
1.001150736790489493e+00
1.001181921284227005e+00
1.001209814101780671e+00
1.001234406838453772e+00
1.001255698751169154e+00
1.001273710717131449e+00
1.001288476305930653e+00
1.001300040756896381e+00
1.001308474926660308e+00
1.001313886723203872e+00
1.001316361545947498e+00
1.001316021116589905e+00
1.001313003105400945e+00
1.001307455457582041e+00
1.001299576769073996e+00
1.001289602557034586e+00
1.001277786320227348e+00
1.001264433082710292e+00
1.001249903805007113e+00
1.001234574167239266e+00
1.001218839942291661e+00
1.001203118710713103e+00
1.001187834948451538e+00
1.001173435237829867e+00
1.001160409157288100e+00
1.001149294559143588e+00
1.001140686200885588e+00
1.001135235666784196e+00
1.001133651443970152e+00
1.001136752807903374e+00
1.001145591535040014e+00
1.001161644073763624e+00
1.001187173670235575e+00
1.001226040657210214e+00
1.001285718286226034e+00
1.001382861575817129e+00
1.001562610915585960e+00
1.001990695480409421e+00
1.003620027592482700e+00
1.012849465287511297e+00
1.002209582087185691e+00
9.985779303760852210e-01
