9.771267569150001719e-01
9.783319664038336860e-01
9.807447368943205124e-01
9.817164652905915334e-01
9.844112828420409356e-01
9.863235919397050910e-01
9.894801485518841533e-01
9.929879334288467252e-01
9.976912507380263362e-01
1.003621237819834811e+00
1.011230829157657274e+00
1.020842882891268566e+00
1.032851487630280340e+00
1.047624322125217056e+00
1.065502469329839830e+00
1.086759862874475235e+00
1.111566739203202037e+00
1.139945556837261398e+00
1.171725624540980393e+00
1.206499399196116817e+00
1.243585274313821598e+00
1.282001352424449570e+00
1.320453397319954147e+00
1.357341728500704114e+00
1.390799634342401614e+00
1.418791788362501638e+00
1.439298369011719370e+00
1.450556727097391585e+00
1.451296041764735367e+00
1.440905919029992655e+00
1.419502673681017013e+00
1.387902059993555648e+00
1.347518498510428930e+00
1.300222132342023995e+00
1.248181772636390852e+00
1.193695131205188442e+00
1.139031734884978553e+00
1.086283104627987051e+00
1.037211823315013381e+00
9.931282460587024241e-01
9.547895319954939897e-01
9.223812045146243532e-01
8.955858313342686117e-01
8.736942791594435320e-01
8.557817320138516592e-01
8.408669312853928046e-01
8.280608650683243255e-01
8.166746172666247139e-01
8.062279108585832521e-01
7.964467037960366591e-01
7.872196926388824734e-01
7.785794521162558990e-01
7.706940563280667567e-01
7.638281065762799749e-01
7.583286421458343973e-01
7.545795942659716538e-01
7.529790464513392845e-01
7.539024293121011633e-01
7.576786228868725992e-01
7.645653847457559715e-01
7.746748573546958783e-01
7.878923957079554397e-01
8.037642730994030149e-01
8.214526283782629390e-01
8.398233156735496197e-01
8.577144618107992446e-01
8.742587131095408415e-01
8.890630776393269041e-01
9.021474555424570108e-01
9.137339688355989864e-01
9.240576135757682108e-01
9.332855701639842794e-01
9.415275564215748183e-01
9.488682920008663091e-01
9.553880271807216884e-01
9.611639620635371584e-01
9.662691207265540205e-01
9.707699103000937413e-01
9.747277848394338973e-01
9.781984576376610008e-01
9.812335175277999699e-01
9.838795173852949993e-01
9.861795061082621050e-01
9.881720524073176470e-01
9.898925022572635513e-01
9.913718699702893655e-01
9.926381980372999125e-01
9.937173069339192422e-01
9.946321657073475819e-01
9.954045234385638929e-01
9.960529234831783096e-01
9.965941994621918543e-01
9.970428354270864935e-01
9.974114000034786098e-01
9.977124135342628763e-01
9.979557732116640656e-01
9.981502881366589586e-01
9.983044963069943600e-01
9.984249394603319505e-01
9.985178102290729329e-01
9.985886560932852873e-01
9.986414458677199679e-01
9.986801868346915079e-01
9.987085690764088142e-01
9.987288513673143742e-01
9.987432715585229381e-01
9.987544100194249985e-01
9.987636212116481893e-01
9.987718144384850616e-01
9.987804440726354427e-01
9.987907183149796753e-01
9.988028861807055625e-01
9.988170721432788612e-01
9.988338880625060590e-01
9.988537500708941641e-01
9.988766782878859551e-01
9.989024709994200890e-01
9.989311252765290527e-01
9.989627590999043960e-01
9.989973975817760810e-01
9.990349823257718143e-01
9.990752541841151357e-01
9.991179221857051651e-01
9.991628346828952401e-01
9.992098384062833016e-01
9.992587535948231903e-01
9.993093848930135747e-01
9.993615405656187667e-01
9.994150309106037966e-01
9.994696723067000299e-01
9.995252714899851565e-01
9.995816214801723776e-01
9.996385084349651562e-01
9.996957254752710798e-01
9.997530796431048916e-01
9.998103920253377241e-01
9.998675052587233658e-01
9.999242909846480787e-01
9.999806382788234416e-01
1.000036433452557993e+00
1.000091558156248839e+00
1.000145890047895447e+00
1.000199306429124135e+00
1.000251680169128132e+00
1.000302890644249043e+00
1.000352810503080558e+00
1.000401292631287298e+00
1.000448222533986575e+00
1.000493533903802801e+00
1.000537174867349721e+00
1.000579081642535728e+00
1.000619171728619028e+00
1.000657384912427394e+00
1.000693684888841695e+00
1.000727998081607506e+00
1.000760229344367591e+00
1.000790305709517103e+00
1.000818137547133224e+00
1.000843653956401180e+00
1.000866839309565881e+00
1.000887677460069014e+00
1.000906173177329217e+00
1.000922323992532892e+00
1.000936132606557782e+00
1.000947616668566242e+00
1.000956802558474301e+00
1.000963724696589008e+00
1.000968435311905935e+00
1.000971012465562637e+00
1.000971518422531847e+00
1.000970040809849637e+00
1.000966678382146036e+00
1.000961537074128938e+00
1.000954758244425591e+00
1.000946509094609693e+00
1.000936969449858216e+00
1.000926355229216247e+00
1.000914921553743397e+00
1.000902933965948982e+00
1.000890672226205869e+00
1.000878431560169979e+00
1.000866512300333078e+00
1.000855230608673319e+00
1.000844933205117915e+00
1.000836001241964146e+00
1.000828856615877838e+00
1.000823962342461293e+00
1.000821823290290791e+00
1.000823024968218844e+00
1.000828320536514937e+00
1.000838768653919297e+00
1.000855993441570169e+00
1.000882765339065728e+00
1.000924444453136664e+00
1.000992968139010841e+00
1.001120672916654852e+00
1.001426259407920405e+00
1.002592512044608641e+00
1.009282264881229851e+00
1.001706705016653487e+00
9.987964562940219171e-01
