9.927443363225079143e-01
9.921917322241248227e-01
9.927848355947962444e-01
9.918752054132171647e-01
9.925687345544591533e-01
9.923377481216838492e-01
9.931405699422330979e-01
9.940324993528786290e-01
9.957877376668512470e-01
9.983739358473924241e-01
1.002182320763051138e+00
1.007486759469727877e+00
1.014650798640477580e+00
1.024038871734478162e+00
1.036024334751638021e+00
1.050956939438126625e+00
1.069132843068566707e+00
1.090754630740169207e+00
1.115886412126357863e+00
1.144405983596411547e+00
1.175958414644986627e+00
1.209915882658188835e+00
1.245347698996080554e+00
1.281004204891361020e+00
1.315320045381762615e+00
1.346454907993562822e+00
1.372408992579419840e+00
1.391230965511094819e+00
1.401279861866335352e+00
1.401461444882740714e+00
1.391368841679091695e+00
1.371309985927415598e+00
1.342231695146292703e+00
1.305577885796011417e+00
1.263123628966591250e+00
1.216798658364466323e+00
1.168534181687208351e+00
1.120132912931365077e+00
1.073154256909731430e+00
1.028837093808243841e+00
9.880422288106568418e-01
9.512523499807866711e-01
9.186185491649391244e-01
8.900099510265089275e-01
8.651031643141344762e-01
8.434610456743921736e-01
8.246302546732460215e-01
8.082318646604330636e-01
7.939803336490668384e-01
7.817036919329246603e-01
7.713229264308478772e-01
7.628523437088421399e-01
7.564025035476830139e-01
7.521452732119551232e-01
7.503015090990899916e-01
7.510952052876304075e-01
7.547275800722132999e-01
7.613298914890818114e-01
7.709146436409279879e-01
7.833191099096160626e-01
7.981176325564769414e-01
8.145949989623647580e-01
8.318063361090521912e-01
8.487807508445384119e-01
8.647633180014782095e-01
8.793602067579265880e-01
8.925015322124600914e-01
9.042945304394355288e-01
9.148876667920112782e-01
9.244078228872092406e-01
9.329559243963726489e-01
9.406180587571653096e-01
9.474740647998242116e-01
9.535979507786713771e-01
9.590589094226585898e-01
9.639200574672778243e-01
9.682400255116785370e-01
9.720720369959847673e-01
9.754655267687781794e-01
9.784650853152008221e-01
9.811119687931116884e-01
9.834431720929167620e-01
9.854929395987145346e-01
9.872917884280404399e-01
9.888677975462573100e-01
9.902454895788979083e-01
9.914470762228425604e-01
9.924930393786303151e-01
9.934013992168696516e-01
9.941893620672050957e-01
9.948714390189742351e-01
9.954609823472417851e-01
9.959695075343765192e-01
9.964069468957472697e-01
9.967833492361938275e-01
9.971065642526742989e-01
9.973836667710878068e-01
9.976215793205073235e-01
9.978255824378403638e-01
9.980007546334066504e-01
9.981516805784939050e-01
9.982817201344330593e-01
9.983942722913196066e-01
9.984924715508992632e-01
9.985783873719688009e-01
9.986540593091997042e-01
9.987217312812727288e-01
9.987827524217892661e-01
9.988381572716720225e-01
9.988893121560949995e-01
9.989373789022777395e-01
9.989828614240235938e-01
9.990261638785511433e-01
9.990679812727074616e-01
9.991088463336476044e-01
9.991490207897959497e-01
9.991886043797035821e-01
9.992278057902727051e-01
9.992668898720941106e-01
9.993060443303819484e-01
9.993453920255913614e-01
9.993849146846397469e-01
9.994245619005395209e-01
9.994643602448949338e-01
9.995043233575675590e-01
9.995444388998905305e-01
9.995846760375208806e-01
9.996249982426429481e-01
9.996653628287383020e-01
9.997057242689060264e-01
9.997460248511371717e-01
9.997861927208071542e-01
9.998261466355706784e-01
9.998658050507083228e-01
9.999050908583045905e-01
9.999439318132166132e-01
9.999822655728164422e-01
1.000020044686150689e+00
1.000057229653184665e+00
1.000093776564317860e+00
1.000129636190989713e+00
1.000164754606134077e+00
1.000199075667165260e+00
1.000232538621639522e+00
1.000265085142015176e+00
1.000296651203363085e+00
1.000327159038297165e+00
1.000356550022124758e+00
1.000384794492191309e+00
1.000411870770190337e+00
1.000437748833324703e+00
1.000462386130024806e+00
1.000485753284621415e+00
1.000507835188993777e+00
1.000528592832460761e+00
1.000547973184156669e+00
1.000565936589099092e+00
1.000582432518171805e+00
1.000597421738319781e+00
1.000610899194446013e+00
1.000622859173027734e+00
1.000633308761468054e+00
1.000642250276231771e+00
1.000649689052858671e+00
1.000655639580762424e+00
1.000660121644802114e+00
1.000663159919806366e+00
1.000664790095209478e+00
1.000665063915651798e+00
1.000664023188147844e+00
1.000661725524352841e+00
1.000658235462208667e+00
1.000653622020378775e+00
1.000647976364842373e+00
1.000641405843343490e+00
1.000634025749536082e+00
1.000625974010991515e+00
1.000617413159250235e+00
1.000608512384180360e+00
1.000599449949441277e+00
1.000590414025789743e+00
1.000581596292011044e+00
1.000573198732298774e+00
1.000565442976318220e+00
1.000558572922495282e+00
1.000552858985816362e+00
1.000548598801839217e+00
1.000546118433158105e+00
1.000545797835104445e+00
1.000548127344143223e+00
1.000553797671316580e+00
1.000563869839043329e+00
1.000580153976034170e+00
1.000606148694969111e+00
1.000649636399653097e+00
1.000731677429205213e+00
1.000929541916419474e+00
1.001687789845987719e+00
1.006108824539961422e+00
1.001224854229108008e+00
9.990473540832607302e-01
