9.603521839644710845e-01
9.640197022788352665e-01
9.686892327896668986e-01
9.723526447105710346e-01
9.774709796160995223e-01
9.821697396357410570e-01
9.880617731598323461e-01
9.945318435850212246e-01
1.002305920868076461e+00
1.011492500494868274e+00
1.022525482296581245e+00
1.035735540828096379e+00
1.051497662906718533e+00
1.070148094654748361e+00
1.091974841322346679e+00
1.117176397183146763e+00
1.145823325396004844e+00
1.177814677127890564e+00
1.212835087603432616e+00
1.250315907747895139e+00
1.289404937698166442e+00
1.328948708075796015e+00
1.367490307521592952e+00
1.403289710338869067e+00
1.434385163891408466e+00
1.458725434321950010e+00
1.474379708566667224e+00
1.479776075599429142e+00
1.473908967199393016e+00
1.456472721232060508e+00
1.427897985431253680e+00
1.389306430831926509e+00
1.342402750114223720e+00
1.289329121896668262e+00
1.232503467357030535e+00
1.174438520407098396e+00
1.117565922588390492e+00
1.064061150263996502e+00
1.015666207581042535e+00
9.735489250450012344e-01
9.382048203127572039e-01
9.094714247594563039e-01
8.866552624991196341e-01
8.687065549702123191e-01
8.544421068755980730e-01
8.427201539360174021e-01
8.325759122652380828e-01
8.233024143539972028e-01
8.144310870405884195e-01
8.057083151756451178e-01
7.970403008717330540e-01
7.884693205135517857e-01
7.801661374978755559e-01
7.723961141221954430e-01
7.655110252507791868e-01
7.599098861167598029e-01
7.560210368078551513e-01
7.542697857835809483e-01
7.550623355150518634e-01
7.587751996879311678e-01
7.657034012965093783e-01
7.760043409119372626e-01
7.895868642821380901e-01
8.060005005212321771e-01
8.243662619524889656e-01
8.434686119296158635e-01
8.620381632714693154e-01
8.791114487738472816e-01
8.942470133840040303e-01
9.074769182469396567e-01
9.190788151398764372e-01
9.293477689992845070e-01
9.384899693275098320e-01
9.466269324851647182e-01
9.538432829865495233e-01
9.602172581856321942e-01
9.658288559677166152e-01
9.707543965749964032e-01
9.750646450091173811e-01
9.788233094564116055e-01
9.820891498527706265e-01
9.849153773526087008e-01
9.873512073099323105e-01
9.894408493565436391e-01
9.912247405029800396e-01
9.927384592982664291e-01
9.940141562151629806e-01
9.950814135180128250e-01
9.959666982024154569e-01
9.966949772543494124e-01
9.972876713890161948e-01
9.977640957006694844e-01
9.981408603802027768e-01
9.984324265833617318e-01
9.986530398822166532e-01
9.988140779939105318e-01
9.989256066289730063e-01
9.989972822123668328e-01
9.990365653688388914e-01
9.990504332097982498e-01
9.990450862091140305e-01
9.990249323279120075e-01
9.989943835022401242e-01
9.989574823191390562e-01
9.989166068496915241e-01
9.988741032874862702e-01
9.988327429486677511e-01
9.987938526673284523e-01
9.987582102509786619e-01
9.987272885921686383e-01
9.987022904431417381e-01
9.986832346538003780e-01
9.986699904137806838e-01
9.986630647270168248e-01
9.986627532114252803e-01
9.986688558870487897e-01
9.986809043135835839e-01
9.986987002216027864e-01
9.987222215926028213e-01
9.987513441505015965e-01
9.987858441718402425e-01
9.988252509708127613e-01
9.988690631232660655e-01
9.989169694033336322e-01
9.989686683455740734e-01
9.990238323578726209e-01
9.990821214207901146e-01
9.991432074869573965e-01
9.992067720632488159e-01
9.992725106751668696e-01
9.993401119524357723e-01
9.994092517289888677e-01
9.994796015864798600e-01
9.995508465230841244e-01
9.996226937067177465e-01
9.996948723381905433e-01
9.997671431359905769e-01
9.998393077641677396e-01
9.999111934370648047e-01
9.999826262714565095e-01
1.000053428523781207e+00
1.000123419289028925e+00
1.000192419050524917e+00
1.000260244232784590e+00
1.000326721293453902e+00
1.000391669286176288e+00
1.000454882755619446e+00
1.000516200057897986e+00
1.000575523647507792e+00
1.000632775835204491e+00
1.000687864196120103e+00
1.000740672612881355e+00
1.000791114809074012e+00
1.000839136388562256e+00
1.000884634801450401e+00
1.000927479795880481e+00
1.000967570556483999e+00
1.001004784928437807e+00
1.001039025628512658e+00
1.001070267974595751e+00
1.001098486929718367e+00
1.001123685040891109e+00
1.001145855621081271e+00
1.001164998931957539e+00
1.001181134948653462e+00
1.001194295206156992e+00
1.001204521871975173e+00
1.001211880500127327e+00
1.001216470492280353e+00
1.001218370658019996e+00
1.001217692999974984e+00
1.001214564092644421e+00
1.001209119901895983e+00
1.001201542696227964e+00
1.001192048501962972e+00
1.001180869797411832e+00
1.001168286179814348e+00
1.001154628404446800e+00
1.001140240719846863e+00
1.001125485791195535e+00
1.001110746282193320e+00
1.001096411244074558e+00
1.001082890045780882e+00
1.001070631505434516e+00
1.001060128769517110e+00
1.001051927285146581e+00
1.001046624856152256e+00
1.001044871914834822e+00
1.001047421107709168e+00
1.001055239118410656e+00
1.001069683362036500e+00
1.001092835008252635e+00
1.001128243903668169e+00
1.001182781287871082e+00
1.001271758128060796e+00
1.001436667132919567e+00
1.001829841588577796e+00
1.003327281214979383e+00
1.011836463018984222e+00
1.002069742556722431e+00
9.986350298035113759e-01
