9.468290049749511494e-01
9.529419078007758115e-01
9.590069708100823487e-01
9.656275380812332498e-01
9.723103752808881506e-01
9.797263902209175646e-01
9.877068338478653953e-01
9.967082900350363595e-01
1.006894356574501215e+00
1.018630855513081634e+00
1.032232500232318717e+00
1.048055616419271807e+00
1.066436714755998771e+00
1.087683109257781666e+00
1.112037377188521248e+00
1.139643106972517472e+00
1.170504479236020856e+00
1.204444379542289667e+00
1.241063607103930266e+00
1.279705387881051371e+00
1.319429318458213540e+00
1.358998421325581907e+00
1.396882565204231152e+00
1.431287361363821953e+00
1.460230655381610454e+00
1.481693388624663932e+00
1.493837699601570757e+00
1.495236822014370581e+00
1.485064442000855189e+00
1.463209095989404851e+00
1.430295755120285950e+00
1.387631896763178441e+00
1.337095027895269572e+00
1.280983143788855916e+00
1.221846303947625723e+00
1.162294984394400599e+00
1.104810316453489039e+00
1.051554582528280157e+00
1.004183866849148510e+00
9.637086167825656968e-01
9.304130584413359273e-01
9.039036154253239363e-01
8.832770083107926995e-01
8.673272434573836565e-01
8.547817662117062065e-01
8.444695214348180157e-01
8.354375448141687643e-01
8.270111217301404638e-01
8.187578434514434234e-01
8.104535291131973462e-01
8.020220217323604794e-01
7.935100071595515558e-01
7.850808903362513913e-01
7.769847657454914680e-01
7.695549587245981149e-01
7.631743195425702009e-01
7.582620714955473629e-01
7.552454325838997562e-01
7.545476357829449254e-01
7.565828609522801118e-01
7.617142147775566308e-01
7.702129179936041403e-01
7.821630991138650568e-01
7.973489836602951630e-01
8.151351799371445717e-01
8.344506589675084740e-01
8.539621809566005917e-01
8.724259326949389548e-01
8.890334067210791114e-01
9.035389284238324326e-01
9.161235823481009843e-01
9.271315638664040515e-01
9.368646825018986934e-01
9.455113059265026765e-01
9.531785363160352187e-01
9.599441744392265274e-01
9.658867109198505663e-01
9.710865268440752596e-01
9.756211286151244000e-01
9.795604567387895534e-01
9.829683720850681539e-01
9.859025609869267459e-01
9.884163907895098244e-01
9.905579074140381524e-01
9.923710169591636321e-01
9.938944103667900487e-01
9.951630426665092344e-01
9.962090651837479660e-01
9.970613354144242102e-01
9.977470234118004377e-01
9.982895282306648577e-01
9.987098771317793888e-01
9.990261533624416046e-01
9.992541264021426173e-01
9.994092225762402082e-01
9.995038490534013942e-01
9.995489502836960582e-01
9.995549494487819819e-01
9.995299509930684057e-01
9.994814753922193207e-01
9.994161660258813473e-01
9.993387419674013561e-01
9.992538883708645958e-01
9.991658761773680730e-01
9.990771666761343317e-01
9.989901733672955642e-01
9.989077800103225435e-01
9.988312865979325217e-01
9.987613694505570461e-01
9.986994973213659810e-01
9.986468546379571043e-01
9.986032860715792214e-01
9.985684649040101890e-01
9.985428074685487321e-01
9.985265123457841563e-01
9.985192098736930255e-01
9.985202278660795239e-01
9.985292156677286757e-01
9.985460407785562431e-01
9.985704629807993227e-01
9.986021300626998221e-01
9.986404095545341475e-01
9.986846392095209968e-01
9.987343844013540917e-01
9.987892296417640869e-01
9.988487338052430831e-01
9.989124459115796828e-01
9.989799333694356909e-01
9.990507790095169982e-01
9.991245857743943359e-01
9.992009519777860227e-01
9.992794640082656166e-01
9.993597061239122281e-01
9.994412809689684485e-01
9.995238196604395720e-01
9.996069814599950476e-01
9.996904647170834490e-01
9.997740177452405508e-01
9.998574205708762319e-01
9.999404534798644884e-01
1.000022893583214278e+00
1.000104515538897454e+00
1.000185096768584359e+00
1.000264410999397446e+00
1.000342244677429493e+00
1.000418376401218890e+00
1.000492556804485567e+00
1.000564588712652414e+00
1.000634350947593010e+00
1.000701746274877735e+00
1.000766660652717910e+00
1.000828952683049611e+00
1.000888516458714905e+00
1.000945283907668237e+00
1.000999130735389597e+00
1.001049900401981718e+00
1.001097471215560031e+00
1.001141696692739558e+00
1.001182459810566971e+00
1.001219729051641583e+00
1.001253472686361334e+00
1.001283691532205644e+00
1.001310375696592425e+00
1.001333523562929262e+00
1.001353156777466280e+00
1.001369310654533828e+00
1.001382033071601674e+00
1.001391399444663488e+00
1.001397524999338762e+00
1.001400500802667848e+00
1.001400456937852068e+00
1.001397540622006810e+00
1.001391910107804373e+00
1.001383778042431727e+00
1.001373396718033604e+00
1.001361037725180703e+00
1.001347027973695569e+00
1.001331754424155562e+00
1.001315619812200186e+00
1.001299048408660797e+00
1.001282487848791813e+00
1.001266393099098817e+00
1.001251242770706762e+00
1.001237561522419384e+00
1.001225925680601980e+00
1.001216972436173691e+00
1.001211399647820022e+00
1.001209965745553765e+00
1.001213547312548302e+00
1.001223269303375352e+00
1.001240710522729005e+00
1.001268290774152359e+00
1.001310137355807983e+00
1.001374241157327649e+00
1.001478412886686709e+00
1.001670929303130952e+00
1.002129036332538137e+00
1.003871748994727531e+00
1.013718581064557256e+00
1.002328002432866461e+00
9.985315802513757832e-01
