1.411047763100614860e+00
1.411379659730306768e+00
1.415199253886131325e+00
1.418608068015297929e+00
1.425870347436865693e+00
1.433004108542686339e+00
1.444425326957876177e+00
1.456055850217649938e+00
1.472449831401996700e+00
1.489411587074894738e+00
1.511565924694657559e+00
1.534554134254729529e+00
1.562920370135447046e+00
1.592065011740020353e+00
1.626216106304112508e+00
1.660484362408033876e+00
1.698611728096099061e+00
1.735681628593329195e+00
1.775137459868273648e+00
1.811894315753262763e+00
1.843709312335128470e+00
1.856802868652308369e+00
1.852733670389755227e+00
1.824289967853759853e+00
1.777652500175194383e+00
1.711740475793849470e+00
1.634239322716773968e+00
1.548109791743386365e+00
1.459906186356493718e+00
1.374178335495666703e+00
1.295039636152669260e+00
1.224886263443416778e+00
1.165478662942152743e+00
1.115697422412210038e+00
1.075424698093530473e+00
1.042222888868136854e+00
1.014151005197945654e+00
9.902336455094029599e-01
9.689841549901977436e-01
9.501324418364743840e-01
9.328611851575008274e-01
9.164649757516284412e-01
9.012425735009287342e-01
8.869301983049171501e-01
8.737346504600889130e-01
8.614575407348683544e-01
8.497858360579416681e-01
8.389710358712695326e-01
8.288892232060983689e-01
8.196821423662792316e-01
8.112156685302046588e-01
8.033251765813773648e-01
7.960864274931224172e-01
7.893923664916864258e-01
7.833614488842156609e-01
7.779572408949471107e-01
7.732420445162168088e-01
7.691922158497694895e-01
7.657637468447056062e-01
7.630890678149033768e-01
7.612379092499517164e-01
7.604577840067318073e-01
7.609675142340324161e-01
7.631128652763273790e-01
7.672488319745234264e-01
7.738128609488368337e-01
7.832675395079761183e-01
7.960929213368522772e-01
8.127400511360647339e-01
8.334963733044433720e-01
8.583630405203533931e-01
8.867560623570488465e-01
9.174646586692675188e-01
9.486850833427014074e-01
9.786799563735707475e-01
1.006069155215152389e+00
1.030186612585985761e+00
1.050721377664506129e+00
1.067818352827150763e+00
1.081657343738005705e+00
1.092634706653888399e+00
1.101030408742676103e+00
1.107231928389435627e+00
1.111482381483783310e+00
1.114079713715945719e+00
1.115216100304041946e+00
1.115082883738172104e+00
1.113856061474438608e+00
1.111651904240057886e+00
1.108631681958140991e+00
1.104881644760129067e+00
1.100520738057447545e+00
1.095637426924748858e+00
1.090300952936855472e+00
1.084611952393209400e+00
1.078627565381357067e+00
1.072415055744788237e+00
1.066049551804169493e+00
1.059578814569478666e+00
1.053064351977078150e+00
1.046563973704365269e+00
1.040117825951896613e+00
1.033775447086548782e+00
1.027586208292688763e+00
1.021582098083376966e+00
1.015797755819851211e+00
1.010277853740844334e+00
1.005046871243643114e+00
1.000125880301021786e+00
9.955432696233798007e-01
9.913236312897332203e-01
9.874740769720982136e-01
9.839969463632277646e-01
9.809025424903812240e-01
9.781938712429547600e-01
9.758664953654480056e-01
9.739077285075017354e-01
9.723077510255992983e-01
9.710579176853953998e-01
9.701461074884132341e-01
9.695578045506548781e-01
9.692716671385231963e-01
9.692643729052864421e-01
9.695158136501764723e-01
9.700054829960622627e-01
9.707128084633270815e-01
9.716169959236569120e-01
9.726978162660342431e-01
9.739355837051187903e-01
9.753114860139087128e-01
9.768071318856451635e-01
9.784045325838109930e-01
9.800863222799667263e-01
9.818362317470527012e-01
9.836393562085302689e-01
9.854821864100183904e-01
9.873528058032954302e-01
9.892410410930611020e-01
9.911380308316561916e-01
9.930355054283263039e-01
9.949256552865580749e-01
9.968010505226785334e-01
9.986547406593028198e-01
1.000480056222537772e+00
1.002270925660214029e+00
1.004021480482405471e+00
1.005725624861943945e+00
1.007378625248055881e+00
1.008977502920808567e+00
1.010519968640486210e+00
1.012003613336455388e+00
1.013425615463545482e+00
1.014783926548338044e+00
1.016077313011549910e+00
1.017303499544421008e+00
1.018459623552422588e+00
1.019543569959586504e+00
1.020552783487554738e+00
1.021485351592848811e+00
1.022341099966458389e+00
1.023119844332241790e+00
1.023822085158494932e+00
1.024448083603412218e+00
1.024998254225694572e+00
1.025473438286070849e+00
1.025874723328413340e+00
1.026203428738813761e+00
1.026461375259538844e+00
1.026651153423227880e+00
1.026774843990531760e+00
1.026835283216755546e+00
1.026835618697959029e+00
1.026779206462859806e+00
1.026670465406063437e+00
1.026514595828379228e+00
1.026317189731812851e+00
1.026084938337778363e+00
1.025825729521709251e+00
1.025547776257212051e+00
1.025259729173689571e+00
1.024970704465280713e+00
1.024689962517551844e+00
1.024427225470894376e+00
1.024193110400845930e+00
1.023999224509606565e+00
1.023858323544996951e+00
1.023784274119970306e+00
1.023792009455802399e+00
1.023898619252008979e+00
1.024125858592412452e+00
1.024504105895094330e+00
1.025079841953043580e+00
1.025932475667902466e+00
1.027216610431488819e+00
1.029281458172698560e+00
1.033092260364022019e+00
1.042260527494653477e+00
1.072210353112735381e+00
1.213394689150443018e+00
1.025540575979563496e+00
1.003057577133918743e+00
