1.069413848238053300e+00
1.069825394956503306e+00
1.074022534814334850e+00
1.078233566235965890e+00
1.086207371734291716e+00
1.095115330972834755e+00
1.107948497214674699e+00
1.122776592886730151e+00
1.141883643118755787e+00
1.164175386257588096e+00
1.191213311940617414e+00
1.222641674322320737e+00
1.259159258989644981e+00
1.300979724350354694e+00
1.347632463973208905e+00
1.399633342909300859e+00
1.454993651713607505e+00
1.514354178107665039e+00
1.574557802568634646e+00
1.637048336443731156e+00
1.699040569146956337e+00
1.755408930040696536e+00
1.785948377427683420e+00
1.793697610727782665e+00
1.771498935020693111e+00
1.727156019041040880e+00
1.661327952929307683e+00
1.582578188844786071e+00
1.494977668241183277e+00
1.406565623492831207e+00
1.321537586323106916e+00
1.244681787828741948e+00
1.178695716336644939e+00
1.123586291631190726e+00
1.079436644645339172e+00
1.043718027246670843e+00
1.014215275863163068e+00
9.895774857261685487e-01
9.681007875902335469e-01
9.492460319521947021e-01
9.320956810932712333e-01
9.159123911422499820e-01
9.008778231935092862e-01
8.867356587055067463e-01
8.736432472240799330e-01
8.614242498160561423e-01
8.498090286524599968e-01
8.390121234755738566e-01
8.289305790487917491e-01
8.196823196058913297e-01
8.111482984479641001e-01
8.031819537404433218e-01
7.958428489150940477e-01
7.890385970264071069e-01
7.828726929783421662e-01
7.773242595489672224e-01
7.724652289941001948e-01
7.683061794266676792e-01
7.648560875240189016e-01
7.622912641763077701e-01
7.607538480034246042e-01
7.605514936572806972e-01
7.619810695134953127e-01
7.654514421079197106e-01
7.713788055893395779e-01
7.802325432573128383e-01
7.924642056481113750e-01
8.084471763286240620e-01
8.283414349696585077e-01
8.518246151963551061e-01
8.778508286729640453e-01
9.045065594740432369e-01
9.296640846220310950e-01
9.518665323700363778e-01
9.707632928209146694e-01
9.865441446007513493e-01
9.996770585245214891e-01
1.010522227632487224e+00
1.019454725489679747e+00
1.026694392920214360e+00
1.032493112187953699e+00
1.036992900019838126e+00
1.040382825354185137e+00
1.042770756688421896e+00
1.044304014738927755e+00
1.045075021406971727e+00
1.045181319187292290e+00
1.044724799163995188e+00
1.043768290327779180e+00
1.042413549341067558e+00
1.040711594433473941e+00
1.038735975382663268e+00
1.036541261332788677e+00
1.034165854087677694e+00
1.031674387473938470e+00
1.029097171592369575e+00
1.026470063185396020e+00
1.023835827609492544e+00
1.021214825366400847e+00
1.018636120005536494e+00
1.016125731921608821e+00
1.013695327870608454e+00
1.011362900306070900e+00
1.009145575428397779e+00
1.007047678413667491e+00
1.005076001423587329e+00
1.003242765254341862e+00
1.001548329815668215e+00
9.999909512539031375e-01
9.985746322811016595e-01
9.973015770032082061e-01
9.961655951781891449e-01
9.951599202282465084e-01
9.942829494222618081e-01
9.935311155583648191e-01
9.928979779045912224e-01
9.923751179955986323e-01
9.919564611301544543e-01
9.916373883956851598e-01
9.914126699018781519e-01
9.912767571248358722e-01
9.912222918991753229e-01
9.912418581244683002e-01
9.913297479936437062e-01
9.914804573008453303e-01
9.916885515663030892e-01
9.919486895680743599e-01
9.922558099136130627e-01
9.926050917079745073e-01
9.929919979332244573e-01
9.934120929747365381e-01
9.938609939350043776e-01
9.943344269947745895e-01
9.948283622091016465e-01
9.953390795982884898e-01
9.958631631585715960e-01
9.963975686246578922e-01
9.969396885868030411e-01
9.974872204666583864e-01
9.980379429869319363e-01
9.985896866314675213e-01
9.991403274726680106e-01
9.996878208524405673e-01
1.000230148322673651e+00
1.000765428181400685e+00
1.001291775790781768e+00
1.001807161257188605e+00
1.002309953156049094e+00
1.002799071208868575e+00
1.003273630164333685e+00
1.003732664265160945e+00
1.004175046452158826e+00
1.004599908638247330e+00
1.005006656926906272e+00
1.005394332760972231e+00
1.005761773454589392e+00
1.006108067416270568e+00
1.006432146688706952e+00
1.006733155700594295e+00
1.007010829871032298e+00
1.007264908211533028e+00
1.007495360519222949e+00
1.007702086743982983e+00
1.007885046956116915e+00
1.008044360281222795e+00
1.008180240092268587e+00
1.008292986687929327e+00
1.008383085883982178e+00
1.008451294211337057e+00
1.008498203255912218e+00
1.008524669196064538e+00
1.008531662753623603e+00
1.008520228983059708e+00
1.008491780446174602e+00
1.008447997595879553e+00
1.008390691533536110e+00
1.008322047146671840e+00
1.008244654886851555e+00
1.008161210520458262e+00
1.008074553382089178e+00
1.007987677138276972e+00
1.007903619660556194e+00
1.007825571565934775e+00
1.007757024911814847e+00
1.007701806714292658e+00
1.007664134511178533e+00
1.007648604846519635e+00
1.007660177327121209e+00
1.007704540998129561e+00
1.007788956929261071e+00
1.007923579647697965e+00
1.008123945441839142e+00
1.008416563828903989e+00
1.008852896205227001e+00
1.009548203563232605e+00
1.010818045995311776e+00
1.013832565116412621e+00
1.024767096303415448e+00
1.081720473424960360e+00
1.009966217879453287e+00
9.982554045753946337e-01
