9.312746226117578630e-01
9.394727107326489302e-01
9.489116425112462672e-01
9.572823052102418240e-01
9.673937673379797708e-01
9.770764884214058199e-01
9.881504589722996945e-01
9.998703095559484666e-01
1.013016189655150834e+00
1.027646418497952130e+00
1.044177322975399003e+00
1.062891034395290424e+00
1.084104734133530146e+00
1.108076680504045175e+00
1.134998131618190964e+00
1.164950776856424897e+00
1.197869658895957645e+00
1.233502490175791388e+00
1.271371794694370339e+00
1.310742998248663804e+00
1.350602533132846395e+00
1.389649362412011424e+00
1.426303830441254972e+00
1.458745612791918500e+00
1.485005498189331918e+00
1.503131400635364878e+00
1.511408350770246489e+00
1.508575915456915384e+00
1.493998989146550604e+00
1.467764321107406733e+00
1.430688810936994848e+00
1.384257526642782343e+00
1.330506006797770757e+00
1.271865142837251161e+00
1.210984632537516648e+00
1.150530320800206230e+00
1.092982448978986554e+00
1.040436571478209560e+00
9.944141820327419001e-01
9.557345469091693690e-01
9.244605466923665471e-01
8.999844415876983028e-01
8.812322023250949155e-01
8.668916258020402665e-01
8.556495750432249192e-01
8.463452569475129472e-01
8.380656070365904986e-01
8.301863807425180486e-01
8.223226022843472816e-01
8.142862012142264572e-01
8.060219163343472770e-01
7.975809903354185160e-01
7.891162470498953585e-01
7.808554337287394453e-01
7.731023443135344175e-01
7.662089147420019231e-01
7.605677935016000868e-01
7.565891612436294045e-01
7.546933949014998921e-01
7.553106322418573493e-01
7.588457749089433380e-01
7.656496010996903800e-01
7.759403651878814534e-01
7.897034156081209622e-01
8.065538164617304107e-01
8.256451315717991957e-01
8.457224937745333460e-01
8.653915690060438592e-01
8.835095971008428695e-01
8.994737064347310129e-01
9.132435684065229875e-01
9.251267141290198115e-01
9.355078862144343699e-01
9.446766332410083677e-01
9.527986120399789538e-01
9.599654752036600458e-01
9.662514186640076552e-01
9.717350303445373427e-01
9.764986358466765104e-01
9.806193888098529987e-01
9.841674308967982565e-01
9.872054387546703724e-01
9.897911395670765389e-01
9.919766334411710407e-01
9.938095453409918623e-01
9.953319163005235337e-01
9.965817199369554347e-01
9.975938728740680883e-01
9.983998076884326167e-01
9.990290714613664358e-01
9.995072061746159697e-01
9.998571020185710312e-01
1.000098450918005311e+00
1.000248448133366663e+00
1.000323800465112267e+00
1.000338042363740243e+00
1.000303086074337600e+00
1.000230191353401965e+00
1.000128172807658089e+00
1.000005147373782100e+00
9.998682388575778068e-01
9.997225142058517866e-01
9.995729543702123188e-01
9.994240689660138788e-01
9.992784135791885625e-01
9.991384717920581693e-01
9.990072344450926511e-01
9.988859676387046305e-01
9.987752312085359518e-01
9.986764756464170389e-01
9.985908532634393264e-01
9.985180078151509875e-01
9.984573836369105004e-01
9.984092824961658952e-01
9.983737856912773267e-01
9.983503240830340353e-01
9.983379870349707863e-01
9.983362427350519486e-01
9.983448263855819738e-01
9.983633605679587131e-01
9.983913406073968710e-01
9.984279440972567699e-01
9.984723200127931797e-01
9.985238875737222353e-01
9.985820967821054106e-01
9.986463727216318143e-01
9.987161337269661043e-01
9.987908240617828781e-01
9.988699103969439497e-01
9.989528866802304119e-01
9.990392450229585997e-01
9.991284667597970515e-01
9.992200336852535836e-01
9.993134518481485706e-01
9.994082631781029402e-01
9.995040449433519880e-01
9.996004223641978825e-01
9.996970811425157644e-01
9.997937459076737809e-01
9.998901432135119949e-01
9.999859973028646376e-01
1.000081030858152031e+00
1.000174970975878930e+00
1.000267541553094608e+00
1.000358482355595990e+00
1.000447524839360280e+00
1.000534368575971111e+00
1.000618775042332098e+00
1.000700595492333811e+00
1.000779709886405744e+00
1.000855979012469144e+00
1.000929232106632094e+00
1.000999340439338914e+00
1.001066220004755758e+00
1.001129721289802044e+00
1.001189657308971137e+00
1.001245882175842539e+00
1.001298221255169096e+00
1.001346534682454159e+00
1.001390782996208983e+00
1.001430926706292190e+00
1.001466964594942999e+00
1.001498883038527854e+00
1.001526678222448119e+00
1.001550373692271068e+00
1.001570009095873903e+00
1.001585638872368733e+00
1.001597349790629199e+00
1.001605275304752185e+00
1.001609520596665082e+00
1.001610236578592383e+00
1.001607594251612721e+00
1.001601777547940664e+00
1.001593034127866044e+00
1.001581658087131510e+00
1.001567966102236085e+00
1.001552339627795885e+00
1.001535230426747525e+00
1.001517108667064004e+00
1.001498469645679235e+00
1.001479835902081339e+00
1.001461738388917722e+00
1.001444735532324826e+00
1.001429439406140043e+00
1.001416522200914594e+00
1.001406726825469162e+00
1.001400866405796064e+00
1.001399823744968387e+00
1.001404618101002786e+00
1.001416556578587080e+00
1.001437472726121936e+00
1.001470175952716479e+00
1.001519457904412658e+00
1.001594597648014506e+00
1.001716281908907380e+00
1.001940592006227870e+00
1.002473426458555972e+00
1.004498173172025499e+00
1.015874187731758749e+00
1.002616325980302925e+00
9.984258723689336534e-01
