9.770462847316262467e-01
9.781991200858703994e-01
9.807443610859815086e-01
9.815960026174259667e-01
9.844143044745191640e-01
9.862675112359359231e-01
9.894818205538128408e-01
9.929849075393243352e-01
9.977154378481883912e-01
1.003660821377593715e+00
1.011292531632739911e+00
1.020926519059040860e+00
1.032959277115977459e+00
1.047757579965606700e+00
1.065662447817351310e+00
1.086947291441169083e+00
1.111781709130769347e+00
1.140187307534167749e+00
1.171992364833834177e+00
1.206788153678661546e+00
1.243891778853975172e+00
1.282320011665930126e+00
1.320777315367309468e+00
1.357662833592196971e+00
1.391108956894794080e+00
1.419079980946661435e+00
1.439556453010652826e+00
1.450776870162677090e+00
1.451472160402548006e+00
1.441034017884802232e+00
1.419580943351844704e+00
1.387930821538792436e+00
1.347500089004656454e+00
1.300160785641826466e+00
1.248083497475247938e+00
1.193567550045071091e+00
1.138883827691856032e+00
1.086124796727813369e+00
1.037053377395994014e+00
9.929794738493590289e-01
9.546589185816268808e-01
9.222751332488891007e-01
8.955081184714330789e-01
8.736461353328288659e-01
8.557621260985923684e-01
8.408731869222502153e-01
8.280892794213314811e-01
8.167209607819159167e-01
8.062877546802151851e-01
7.965155956180234309e-01
7.872932357338786602e-01
7.786533324598953199e-01
7.707640598831418943e-01
7.638901587124592441e-01
7.583788743056407711e-01
7.546144404260114458e-01
7.529953612935280649e-01
7.538976343884864484e-01
7.576509218623306285e-01
7.645141047467522988e-01
7.746009672671950730e-01
7.877991500329326602e-01
8.036576644732869035e-01
8.213410399880575197e-01
8.397158718925991083e-01
8.576184990445911982e-01
8.741778411180421982e-01
8.889971170076795826e-01
9.020940508731473129e-01
9.136904856203678094e-01
9.240221520611303641e-01
9.332569821368954521e-01
9.415050531932490641e-01
9.488511599374653827e-01
9.553755629545700456e-01
9.611555043788539976e-01
9.662640741041278458e-01
9.707677438324269215e-01
9.747280239591135098e-01
9.782006784636362307e-01
9.812373432844115895e-01
9.838846150996544138e-01
9.861855831979293718e-01
9.881788532204991427e-01
9.898998044920854777e-01
9.913794811954601549e-01
9.926459526839490621e-01
9.937250640323759265e-01
9.946398071508015803e-01
9.954119521308008034e-01
9.960600610682710521e-01
9.966009837293491325e-01
9.970492179666964327e-01
9.974173446983581881e-01
9.977178955677099559e-01
9.979607773512637614e-01
9.981548072640541447e-01
9.983085306397596614e-01
9.984284951395422381e-01
9.985208985042872687e-01
9.985912925286167807e-01
9.986436488493269925e-01
9.986819774337306610e-01
9.987099707557743899e-01
9.987298883771974500e-01
9.987439689137300736e-01
9.987547940943084512e-01
9.987637182577411288e-01
9.987716499313095131e-01
9.987800437106991724e-01
9.987901078490502016e-01
9.988020899644519668e-01
9.988161129923073256e-01
9.988327882176180061e-01
9.988525310726502626e-01
9.988753603527448233e-01
9.989010727264225897e-01
9.989296640972638031e-01
9.989612516168782097e-01
9.989958595021130039e-01
9.990334283652934078e-01
9.990736977750296344e-01
9.991163754820678866e-01
9.991613088773863005e-01
9.992083437958624303e-01
9.992572995815844905e-01
9.993079800023764170e-01
9.993601924967586703e-01
9.994137465814388888e-01
9.994684579018959791e-01
9.995241324766503954e-01
9.995805626124403265e-01
9.996375337690929230e-01
9.996948384086267181e-01
9.997522829643112896e-01
9.998096879628048939e-01
9.998668955415314086e-01
9.999237769157639510e-01
9.999802207846761881e-01
1.000036113092702017e+00
1.000091335127798242e+00
1.000145764190152553e+00
1.000199277233939421e+00
1.000251746782733875e+00
1.000303051888739025e+00
1.000353064871877251e+00
1.000401638259320158e+00
1.000448657266737706e+00
1.000494055395559467e+00
1.000537780614506156e+00
1.000579768965891292e+00
1.000619937742350807e+00
1.000658226570714460e+00
1.000694599035125698e+00
1.000728981381002747e+00
1.000761278245557051e+00
1.000791416489643870e+00
1.000819306282670906e+00
1.000844876561107544e+00
1.000868111641775471e+00
1.000888995323598429e+00
1.000907532362769858e+00
1.000923720264831784e+00
1.000937561716012336e+00
1.000949074380324655e+00
1.000958284670039111e+00
1.000965227053863815e+00
1.000969953843739546e+00
1.000972543233419332e+00
1.000973057590761162e+00
1.000971584694221983e+00
1.000968223471194518e+00
1.000963080042854170e+00
1.000956296021711989e+00
1.000948038912272908e+00
1.000938488866379261e+00
1.000927862198066620e+00
1.000916414497483142e+00
1.000904411795282556e+00
1.000892134366033526e+00
1.000879877977715271e+00
1.000867943513136460e+00
1.000856647712477621e+00
1.000846337929059082e+00
1.000837396010032521e+00
1.000830244618727161e+00
1.000825347607336324e+00
1.000823210748246428e+00
1.000824420588467767e+00
1.000829731614916396e+00
1.000840204342886786e+00
1.000857465734074081e+00
1.000884291072199783e+00
1.000926049855375588e+00
1.000994700404107984e+00
1.001122636140153510e+00
1.001428766726812913e+00
1.002597078000333042e+00
1.009298192863967936e+00
1.001709023179917724e+00
9.987953599083946310e-01
