9.760527816559342318e-01
9.774734310726819198e-01
9.798909777058444348e-01
9.811660483823847478e-01
9.838876249446425470e-01
9.860470893571317008e-01
9.893253079798927097e-01
9.930398924953126594e-01
9.979277903032049979e-01
1.004073057188872076e+00
1.011908731584981513e+00
1.021766576640163349e+00
1.034037651523624701e+00
1.049088982249730018e+00
1.067258211260473821e+00
1.088814269340671492e+00
1.113920237578272410e+00
1.142589338415888500e+00
1.174639671969378352e+00
1.209650852093455686e+00
1.246927317179998385e+00
1.285472777793213561e+00
1.323978961052758585e+00
1.360833525931894439e+00
1.394160148622028084e+00
1.421919568734636652e+00
1.442096144308200545e+00
1.452939814293070508e+00
1.453198840133521630e+00
1.442285555133510533e+00
1.420340046335926143e+00
1.388201240847864115e+00
1.347305501007645567e+00
1.299543621942993443e+00
1.247103727941411444e+00
1.192301049631611320e+00
1.137419774039466702e+00
1.084561504913013064e+00
1.035492196213119387e+00
9.915169284751612633e-01
9.533780555396715872e-01
9.212379502377441298e-01
8.947511381552246679e-01
8.731802321743681317e-01
8.555762964674171744e-01
8.409405368712676854e-01
8.283731432468882661e-01
8.171797801195918032e-01
8.068782264740399501e-01
7.971943197388419167e-01
7.880174162110572533e-01
7.793809807016802704e-01
7.714541145490717566e-01
7.645028365085267952e-01
7.588763015147628188e-01
7.549615897289381206e-01
7.531612100982347791e-01
7.538565987430311255e-01
7.573849588563205115e-01
7.640160399359730015e-01
7.738795667018514290e-01
7.868854951990638114e-01
8.026098189597403731e-01
8.202410586095925105e-01
8.386540011656499205e-01
8.566682845647820566e-01
8.733764281804109464e-01
8.883438297907637615e-01
9.015659195892143929e-01
9.132611883957373333e-01
9.236725017049202124e-01
9.329753924286554589e-01
9.412836758090682432e-01
9.486829546083237474e-01
9.552535784460748358e-01
9.610731847215941981e-01
9.662155107604989412e-01
9.707476714896150494e-01
9.747317380650063479e-01
9.782239773070334765e-01
9.812764920871986929e-01
9.839363134165518554e-01
9.862469311253072579e-01
9.882473170642587235e-01
9.899731812530599973e-01
9.914558640928706756e-01
9.927237013377444574e-01
9.938027820169182958e-01
9.947163247854517998e-01
9.954863081237679268e-01
9.961314800304350570e-01
9.966688504336294052e-01
9.971130541153323534e-01
9.974767939541379080e-01
9.977727136382914530e-01
9.980108150556636915e-01
9.981999959522275256e-01
9.983488743850150726e-01
9.984640568131245564e-01
9.985517916446122744e-01
9.986176734238523256e-01
9.986657018002562669e-01
9.986999133350608071e-01
9.987240241592972856e-01
9.987403016295747227e-01
9.987509918999543101e-01
9.987586901067525558e-01
9.987647493267322041e-01
9.987700703284952963e-01
9.987761098496751311e-01
9.987840766016705674e-01
9.987942042708836121e-01
9.988066004490171457e-01
9.988218706464609964e-01
9.988404232911650693e-01
9.988622639688060634e-01
9.988871732220530042e-01
9.989151353030737424e-01
9.989462590833541045e-01
9.989805598451011459e-01
9.990179683097565322e-01
9.990582112495517420e-01
9.991009836742458239e-01
9.991461233862160007e-01
9.991934672884918989e-01
9.992428258028832611e-01
9.992939939570757435e-01
9.993467709524199716e-01
9.994009585173719845e-01
9.994563649878618339e-01
9.995127892300244010e-01
9.995700164446417180e-01
9.996278251366251810e-01
9.996860012018708996e-01
9.997443450073114635e-01
9.998026714970167372e-01
9.998608178324484008e-01
9.999186509822218794e-01
9.999760558928129095e-01
1.000032914852605259e+00
1.000089105538010337e+00
1.000144501684110399e+00
1.000198976783430949e+00
1.000252399916444102e+00
1.000304646906347461e+00
1.000355586799158258e+00
1.000405068551618815e+00
1.000452974496406355e+00
1.000499236230165012e+00
1.000543800148516294e+00
1.000586600544591365e+00
1.000627552653162722e+00
1.000666594507422458e+00
1.000703688588263196e+00
1.000738759365218611e+00
1.000771709320407377e+00
1.000802463606498716e+00
1.000830930394863483e+00
1.000857037001784633e+00
1.000880767191903553e+00
1.000902104221041311e+00
1.000921052713324100e+00
1.000937609918653992e+00
1.000951778377085155e+00
1.000963575900090774e+00
1.000973029221664756e+00
1.000980173291960762e+00
1.000985061248233388e+00
1.000987772603915360e+00
1.000988370750673484e+00
1.000986944973845105e+00
1.000983595920135416e+00
1.000978431566448723e+00
1.000971596052040891e+00
1.000963259896380242e+00
1.000953606502483328e+00
1.000942856115644597e+00
1.000931268994803336e+00
1.000919116029060918e+00
1.000906682610695153e+00
1.000894269905365785e+00
1.000882184273071074e+00
1.000870748208679162e+00
1.000860315369491049e+00
1.000851274518282708e+00
1.000844055948614475e+00
1.000839131838762830e+00
1.000837016955887115e+00
1.000838308178580105e+00
1.000843773196040232e+00
1.000854490999060209e+00
1.000872116816869717e+00
1.000899474138993384e+00
1.000942025921288669e+00
1.001011939119848870e+00
1.001142173413610781e+00
1.001453718721847519e+00
1.002642516245876525e+00
1.009456663836231893e+00
1.001732049301350624e+00
9.987845138032904746e-01
