9.825020863412629035e-01
9.831597957745134009e-01
9.846104378666474810e-01
9.851384564024409096e-01
9.868363410781103573e-01
9.881027906616325351e-01
9.903106820431692991e-01
9.929386695526420947e-01
9.966152975065899478e-01
1.001452767123494958e+00
1.007853538123913761e+00
1.016148203418704821e+00
1.026724049059302590e+00
1.039956388330763426e+00
1.056201329311909687e+00
1.075759638071798197e+00
1.098840609997049578e+00
1.125518634953570629e+00
1.155687214704920196e+00
1.189013532401434370e+00
1.224898315407977556e+00
1.262445704322322504e+00
1.300446547109910478e+00
1.337379388848763506e+00
1.371439481847959163e+00
1.400622119196051063e+00
1.422891525649360611e+00
1.436418952469892041e+00
1.439827553924073911e+00
1.432377868415820821e+00
1.414050219469071834e+00
1.385528038806933315e+00
1.348101274707267372e+00
1.303523556142557771e+00
1.253854507452145439e+00
1.201291218449784814e+00
1.148015741902788323e+00
1.096053860366965838e+00
1.047135907153627254e+00
1.002585493973596309e+00
9.632263606460966798e-01
9.293613502730744269e-01
9.008255931985703624e-01
8.770733436836145591e-01
8.573283401595699349e-01
8.407256203994950550e-01
8.264550985616476719e-01
8.138738371986219411e-01
8.025237585144830987e-01
7.921382953814054551e-01
7.826052456159647841e-01
7.739517567712571600e-01
7.663371842706200310e-01
7.600133123005803348e-01
7.553090932801799218e-01
7.525837200909796243e-01
7.522027954337922040e-01
7.544996766744139771e-01
7.597466546091997674e-01
7.681217696199905687e-01
7.796236161777241325e-01
7.939858720523987889e-01
8.105853130169160536e-01
8.284559283154473430e-01
8.464562612593726776e-01
8.635724287065299487e-01
8.791785084366968706e-01
8.930951350488377516e-01
9.054443415797216455e-01
9.164449690086698963e-01
9.262847510123450867e-01
9.350921439440996741e-01
9.429610745261817195e-01
9.499733412182983505e-01
9.562078470304266054e-01
9.617385622238352472e-01
9.666344354466772648e-01
9.709580793211430860e-01
9.747675942522363579e-01
9.781156266856538828e-01
9.810509087877364864e-01
9.836173420289070490e-01
9.858555312075744093e-01
9.878018094736695787e-01
9.894895038788108499e-01
9.909478214774416482e-01
9.922031800153975345e-01
9.932799120635540380e-01
9.941996042988022753e-01
9.949827359459212373e-01
9.956467189964351983e-01
9.962074123130245651e-01
9.966784674328913463e-01
9.970717116447569417e-01
9.973989806248478862e-01
9.976695942949113105e-01
9.978918733101357352e-01
9.980739105865258365e-01
9.982218916261724750e-01
9.983417001034740057e-01
9.984386208516874417e-01
9.985164528379377735e-01
9.985790394444449269e-01
9.986299235448536926e-01
9.986713155773039308e-01
9.987054052188684139e-01
9.987346875903906351e-01
9.987605226940496905e-01
9.987838641084682001e-01
9.988061499273535038e-01
9.988285827692052754e-01
9.988514930028361549e-01
9.988750944598724368e-01
9.989000308076573242e-01
9.989267581117184935e-01
9.989553734228981963e-01
9.989857694156325518e-01
9.990180108327779696e-01
9.990522634814532621e-01
9.990886044237951014e-01
9.991270328284103108e-01
9.991673645289252947e-01
9.992093832583683888e-01
9.992529933504248341e-01
9.992980937668054509e-01
9.993445569709662468e-01
9.993922388025253678e-01
9.994409957843861658e-01
9.994906838631302248e-01
9.995411622673114893e-01
9.995922796943531585e-01
9.996438708873969237e-01
9.996957628671993001e-01
9.997477873444218233e-01
9.997997870177615098e-01
9.998516157921634173e-01
9.999031455522476852e-01
9.999542728861617880e-01
1.000004908909230883e+00
1.000054961420327793e+00
1.000104333310665172e+00
1.000152923220331447e+00
1.000200628834047922e+00
1.000247343309298209e+00
1.000292965052723693e+00
1.000337386020675678e+00
1.000380480178162612e+00
1.000422150041756719e+00
1.000462340523552207e+00
1.000501009011327547e+00
1.000538102034802312e+00
1.000573549242701255e+00
1.000607299823338847e+00
1.000639323968959937e+00
1.000669558595456587e+00
1.000697921301606508e+00
1.000724349216857378e+00
1.000748764532125579e+00
1.000771105929521232e+00
1.000791361031789117e+00
1.000809516892351425e+00
1.000825579043522318e+00
1.000839546514142198e+00
1.000851422854428519e+00
1.000861224822217066e+00
1.000868976873281913e+00
1.000874710557009273e+00
1.000878473192394758e+00
1.000880334998229593e+00
1.000880352152585084e+00
1.000878603329933947e+00
1.000875177072348077e+00
1.000870168292695928e+00
1.000863703347368849e+00
1.000855931539563315e+00
1.000847013394584817e+00
1.000837141497158411e+00
1.000826543258758639e+00
1.000815455386493191e+00
1.000804127266390120e+00
1.000792822087631873e+00
1.000781807672710189e+00
1.000771366025012377e+00
1.000761806444228075e+00
1.000753469029647125e+00
1.000746730379257876e+00
1.000742004072417979e+00
1.000739741560104701e+00
1.000740466981325127e+00
1.000744855062494443e+00
1.000753854689271360e+00
1.000768922019129148e+00
1.000792541053092899e+00
1.000829516592225188e+00
1.000890546366957956e+00
1.001004602454478309e+00
1.001278024875115635e+00
1.002322548330722540e+00
1.008339105321429896e+00
1.001567940000156032e+00
9.988638285348555579e-01
