9.813400828675920007e-01
9.827416418032062229e-01
9.831825153995554789e-01
9.851145955457090153e-01
9.859082902427290795e-01
9.880243640931832827e-01
9.899882507441204460e-01
9.929909496151849702e-01
9.967672662450887122e-01
1.001850503489964739e+00
1.008470488114900254e+00
1.017026180739242891e+00
1.027882543348682676e+00
1.041421377750000099e+00
1.057993874978103932e+00
1.077896279801221713e+00
1.101330051715461611e+00
1.128359207766349126e+00
1.158864204141136556e+00
1.192496884117762335e+00
1.228640911780760181e+00
1.266382439951274197e+00
1.304494367253613563e+00
1.341438539406209163e+00
1.375396652861045732e+00
1.404356658670424363e+00
1.426284923408824401e+00
1.439365319784845720e+00
1.442242138711238963e+00
1.434202058349568487e+00
1.415253086438449381e+00
1.386105551743601172e+00
1.348074570258550819e+00
1.302937209535333540e+00
1.252775052539858436e+00
1.199805604507502954e+00
1.146229071582994363e+00
1.094085567454229801e+00
1.045113634015764070e+00
1.000636432349302662e+00
9.614666639516261659e-01
9.278855147579097018e-01
8.996983829631510776e-01
8.763262939177230981e-01
8.569615117409111749e-01
8.407133198926808326e-01
8.267532229791441090e-01
8.144268161669052652e-01
8.032699106178441406e-01
7.930134257443799406e-01
7.835449097989101164e-01
7.748926454285263166e-01
7.672181534254767232e-01
7.607764823381719665e-01
7.559011002024708104e-01
7.529571725861329279e-01
7.523179175202304725e-01
7.543263518081843033e-01
7.592675756703948231e-01
7.673374505586126881e-01
7.785594811134251003e-01
7.926995629668597276e-01
8.091684536829222285e-01
8.270224813968604094e-01
8.451153470841861193e-01
8.623976617042637960e-01
8.781936436275676883e-01
8.922844445508775202e-01
9.047764295626540276e-01
9.158918851178007303e-01
9.258280675098089496e-01
9.347200303763431029e-01
9.426640211798437141e-01
9.497422568836604295e-01
9.560340351184459795e-01
9.616140580263088378e-01
9.665520907073025247e-01
9.709114853888435315e-01
9.747510045337752782e-01
9.781239061762719844e-01
9.810794924587797894e-01
9.836621931801123875e-01
9.859131001131518079e-01
9.878689919403713660e-01
9.895635980696322331e-01
9.910264855572503695e-01
9.922843957159672712e-01
9.933619574367680283e-01
9.942810326046478409e-01
9.950623531747442296e-01
9.957235561003904278e-01
9.962806940980328818e-01
9.967475841620471178e-01
9.971362008735097371e-01
9.974585164610929588e-01
9.977239654300495975e-01
9.979409653587077988e-01
9.981176980398869247e-01
9.982604196072401015e-01
9.983750752800781836e-01
9.984670024776918229e-01
9.985400338820200616e-01
9.985980457693537371e-01
9.986446107376547587e-01
9.986819489887642787e-01
9.987122601153154422e-01
9.987380566914721980e-01
9.987606979303499388e-01
9.987811290318671098e-01
9.988007917750488796e-01
9.988208902760632446e-01
9.988417392121282656e-01
9.988635352071373319e-01
9.988869160618482068e-01
9.989123302756592881e-01
9.989398600815749818e-01
9.989693799037623334e-01
9.990009414741368721e-01
9.990347014431149031e-01
9.990707268778090677e-01
9.991090058615946790e-01
9.991493397163383472e-01
9.991914977097513528e-01
9.992353733689776085e-01
9.992808555616620181e-01
9.993278066511895874e-01
9.993760725707533377e-01
9.994255005037000483e-01
9.994759375591315553e-01
9.995272346688728327e-01
9.995792324009249441e-01
9.996317574101256653e-01
9.996846287919112228e-01
9.997376707709280108e-01
9.997907191282355832e-01
9.998436214011910961e-01
9.998962438001368636e-01
9.999484780754412938e-01
1.000000231069201329e+00
1.000051406411897714e+00
1.000101902872092330e+00
1.000151615015392625e+00
1.000200436566957007e+00
1.000248256741081532e+00
1.000294970245218851e+00
1.000340465280767921e+00
1.000384611710041005e+00
1.000427308739985310e+00
1.000468499102806774e+00
1.000508138387575796e+00
1.000546171119229166e+00
1.000582524581890231e+00
1.000617146135142299e+00
1.000650004709017216e+00
1.000681035176315792e+00
1.000710152652195761e+00
1.000737292299250569e+00
1.000762374004260602e+00
1.000785334581795416e+00
1.000806161023412022e+00
1.000824839760747320e+00
1.000841376180134468e+00
1.000855769020690289e+00
1.000868021669367058e+00
1.000878151060536903e+00
1.000886182028092541e+00
1.000892146684351447e+00
1.000896093309378232e+00
1.000898093655704368e+00
1.000898205092241477e+00
1.000896508043992439e+00
1.000893093049624261e+00
1.000888057176662738e+00
1.000881529713550488e+00
1.000873663461183227e+00
1.000864622716321373e+00
1.000854604623140132e+00
1.000843842007117734e+00
1.000832577209364027e+00
1.000821065550619782e+00
1.000809576479593899e+00
1.000798384171073918e+00
1.000787777303064452e+00
1.000778072487370052e+00
1.000769617845551851e+00
1.000762798828028544e+00
1.000758038676079931e+00
1.000755799282297964e+00
1.000756616783626596e+00
1.000761181242166842e+00
1.000770463008447742e+00
1.000785951084830927e+00
1.000810185485136117e+00
1.000848079597038032e+00
1.000910573545545690e+00
1.001027297281966932e+00
1.001307007867618948e+00
1.002375334977428700e+00
1.008523744711598447e+00
1.001595345121636615e+00
9.988502481308439984e-01
