1.408142732396024721e+00
1.408475619891162545e+00
1.412316124166300035e+00
1.415735549549888228e+00
1.423039763000653490e+00
1.430195902504401095e+00
1.441683502075912449e+00
1.453350406598235001e+00
1.469839046712628550e+00
1.486853377079335292e+00
1.509134732043139415e+00
1.532193445436487833e+00
1.560722791177013402e+00
1.589955996380543635e+00
1.624308054808069279e+00
1.658678614475815660e+00
1.697041409951758562e+00
1.734214225187468816e+00
1.773933349175970786e+00
1.810797859508774144e+00
1.842964955086836110e+00
1.856220386255486687e+00
1.852453510040331430e+00
1.824136539554040759e+00
1.777693261318117557e+00
1.711844692779249000e+00
1.634433052403447384e+00
1.548307870387245710e+00
1.460115207664102188e+00
1.374354786766551539e+00
1.295187557345482299e+00
1.224993670207714658e+00
1.165553913725271729e+00
1.115744889888418356e+00
1.075453035400035118e+00
1.042238360613602532e+00
1.014159172444267343e+00
9.902378818043227060e-01
9.689870215065032877e-01
9.501349939779055731e-01
9.328640697035056606e-01
9.164688208213562781e-01
9.012472192446303598e-01
8.869356323685290144e-01
8.737404706666099807e-01
8.614634994208312246e-01
8.497920231808447911e-01
8.389772060770143147e-01
8.288953209731787508e-01
8.196878965895301183e-01
8.112209342124305778e-01
8.033299605743563498e-01
7.960905885442728369e-01
7.893958934749274459e-01
7.833641718533729259e-01
7.779590811336337675e-01
7.732429123503694601e-01
7.691921754140358392e-01
7.657631199723045068e-01
7.630883063480007333e-01
7.612377974146031789e-01
7.604593121981476633e-01
7.609720299220550377e-01
7.631219874701581363e-01
7.672645128028946493e-01
7.738373054397931217e-01
7.833031546919281274e-01
7.961421371667043445e-01
8.128049427500476654e-01
8.335779216074524767e-01
8.584597607319035539e-01
8.868622040823710417e-01
9.175687209442290326e-01
9.487704981826663442e-01
9.787283224543914528e-01
1.006064408497156837e+00
1.030117507980478075e+00
1.050582607892547093e+00
1.067609948739205450e+00
1.081383805595307113e+00
1.092303247756937878e+00
1.100649835331368287e+00
1.106811214797440712e+00
1.111030165336370557e+00
1.113603680516844330e+00
1.114723028672334415e+00
1.114578561587443506e+00
1.113345543436754959e+00
1.111139589491617841e+00
1.108121532195977643e+00
1.104377268824579428e+00
1.100025483964677031e+00
1.095154464831672447e+00
1.089833270946001242e+00
1.084162449406684159e+00
1.078199012415902214e+00
1.072010110092940671e+00
1.065670770699308711e+00
1.059228611483504778e+00
1.052744990325123142e+00
1.046277541444138315e+00
1.039866190008864599e+00
1.033560230833102001e+00
1.027408753677830466e+00
1.021443419128764685e+00
1.015698521551687605e+00
1.010218329567986961e+00
1.005026917651711260e+00
1.000144923689042065e+00
9.956002950998158463e-01
9.914171733162141509e-01
9.876022641924483425e-01
9.841575482092719263e-01
9.810929676121105114e-01
9.784112381779428436e-01
9.761076835430979592e-01
9.741694738582190594e-01
9.725866777696758891e-01
9.713505797885627624e-01
9.704490514701880066e-01
9.698676217684210066e-01
9.695850796457793352e-01
9.695782852838253918e-01
9.698273237074294117e-01
9.703119087303999635e-01
9.710117003511837819e-01
9.719061511613790172e-01
9.729752811577953020e-01
9.741996538766347635e-01
9.755606996819767840e-01
9.770402643903106643e-01
9.786205882333184336e-01
9.802845230812478050e-01
9.820160009526543998e-01
9.838002986089520174e-01
9.856240676814406187e-01
9.874755305537685768e-01
9.893446306812567759e-01
9.912226053895577538e-01
9.931012725209286129e-01
9.949729004749997552e-01
9.968301297403129313e-01
9.986660720528646173e-01
1.000474114306418860e+00
1.002248233427856405e+00
1.003982604337009699e+00
1.005671173014949904e+00
1.007309234743569037e+00
1.008893824813894335e+00
1.010422661352441853e+00
1.011893341972532889e+00
1.013303054133018355e+00
1.014649752840752539e+00
1.015932202255126926e+00
1.017148132231268320e+00
1.018294689711404022e+00
1.019369763870923373e+00
1.020370806865170010e+00
1.021295908909973349e+00
1.022144886067918756e+00
1.022917545061188704e+00
1.023614372493839131e+00
1.024235618119536895e+00
1.024781684500830847e+00
1.025253398581237541e+00
1.025651832397753038e+00
1.025978288613093481e+00
1.026234568362961452e+00
1.026423237434134883e+00
1.026546355984683467e+00
1.026606734543185739e+00
1.026607493122369208e+00
1.026551958809709175e+00
1.026444514077519798e+00
1.026290317181474787e+00
1.026094915072669700e+00
1.025864945856757693e+00
1.025608235440220728e+00
1.025332932151201470e+00
1.025047618466970789e+00
1.024761338768614971e+00
1.024483280270009233e+00
1.024223088277188332e+00
1.023991296250269523e+00
1.023799420328677545e+00
1.023660116636416983e+00
1.023587143889589601e+00
1.023595319353444166e+00
1.023701600426909497e+00
1.023927574489182479e+00
1.024303386358819123e+00
1.024875159270097758e+00
1.025721689624438993e+00
1.026996381334398301e+00
1.029045690199121177e+00
1.032827223206579381e+00
1.041923645436358070e+00
1.071681490293798555e+00
1.212110962951526316e+00
1.025365703548595464e+00
1.002973817929938338e+00
