9.404894315405062377e-01
9.469922695966696002e-01
9.552885204396965868e-01
9.616749244839262190e-01
9.705419096654352984e-01
9.783631341113214752e-01
9.879153494585368733e-01
9.978860462603410530e-01
1.009362591941366682e+00
1.022273318876579573e+00
1.037106465433598634e+00
1.054139082121887006e+00
1.073717615058303654e+00
1.096124146854922987e+00
1.121581756629852933e+00
1.150207672537430614e+00
1.181976713358513287e+00
1.216679173855024665e+00
1.253881392592961275e+00
1.292891737957571952e+00
1.332736359234952594e+00
1.372148198220285886e+00
1.409572758400606585e+00
1.443200836515651231e+00
1.471051625554308240e+00
1.491130614373059826e+00
1.501649268862556452e+00
1.501249972900350338e+00
1.489187430236779575e+00
1.465435232656611797e+00
1.430701580492218072e+00
1.386371854379893964e+00
1.334393988053419022e+00
1.277126674330954836e+00
1.217167523232397963e+00
1.157156567067403996e+00
1.099580943594759885e+00
1.046580524536483869e+00
9.997586417968256089e-01
9.600463553709863707e-01
9.276324253170388223e-01
9.020277975752998278e-01
8.822502385343796716e-01
8.670419020387113429e-01
8.551073047252690795e-01
8.452757328813749194e-01
8.366087333569994788e-01
8.284517210507026386e-01
8.203917690300004395e-01
8.122196746048265803e-01
8.038679559616945802e-01
7.953851749354708955e-01
7.869303920390442464e-01
7.787446839085488959e-01
7.711497177178685547e-01
7.645165488833075562e-01
7.592548542013403123e-01
7.557866560992275717e-01
7.545362470947657441e-01
7.559271577977791923e-01
7.603434335481216166e-01
7.680944050800518896e-01
7.793268854047272765e-01
7.939165964986832913e-01
8.113374285174106415e-01
8.306084270403520931e-01
8.504143898471074881e-01
8.694288458536131303e-01
8.866905865254994801e-01
9.018058591054791684e-01
9.148752599853687828e-01
9.262403685813616061e-01
9.362432559901472384e-01
9.451127833532274591e-01
9.529761325473320444e-01
9.599141915827189564e-01
9.660034680628145631e-01
9.713244367746041164e-01
9.759571656813121887e-01
9.799746584308061115e-01
9.834433007910741154e-01
9.864228347119707863e-01
9.889684794134243617e-01
9.911300074036089036e-01
9.929528987805923412e-01
9.944772586733046094e-01
9.957393164190884161e-01
9.967723909159391660e-01
9.976064266612061360e-01
9.982695965876106081e-01
9.987862027525505892e-01
9.991780562720897763e-01
9.994639164974855605e-01
9.996601524914824344e-01
9.997827296850809731e-01
9.998445286293139445e-01
9.998568994486269901e-01
9.998306167140504908e-01
9.997740823887140138e-01
9.996950670901620928e-01
9.996004162463879572e-01
9.994949940164665758e-01
9.993836100034190206e-01
9.992706365986985251e-01
9.991585741562056810e-01
9.990498658820912148e-01
9.989474423816585569e-01
9.988525898635214340e-01
9.987659362181169342e-01
9.986889441595139250e-01
9.986227860834745451e-01
9.985672234367451994e-01
9.985218350509270646e-01
9.984869910223516110e-01
9.984628420168525365e-01
9.984489362474811003e-01
9.984445032562255795e-01
9.984491180700397761e-01
9.984625940231645069e-01
9.984846345326485739e-01
9.985148248128953297e-01
9.985524542091481770e-01
9.985967827670265695e-01
9.986473158564703745e-01
9.987035827002808119e-01
9.987650871642700379e-01
9.988313245299715870e-01
9.989018115717204216e-01
9.989760833499005122e-01
9.990536979851584176e-01
9.991342101036564394e-01
9.992171628648767179e-01
9.993020983526333945e-01
9.993885794481999207e-01
9.994762005534084670e-01
9.995645871729992304e-01
9.996534075500036476e-01
9.997423842279894446e-01
9.998312744347522818e-01
9.999198363342659546e-01
1.000007825264343619e+00
1.000094994469992171e+00
1.000181100634973896e+00
1.000265896944226185e+00
1.000349150598340398e+00
1.000430620753308020e+00
1.000510036970964078e+00
1.000587185016836189e+00
1.000661932345789040e+00
1.000734172320475679e+00
1.000803780515103103e+00
1.000870603408623438e+00
1.000934525674196163e+00
1.000995472666980302e+00
1.001053309676712022e+00
1.001107867584211775e+00
1.001159014702859729e+00
1.001206592914717364e+00
1.001250475756606972e+00
1.001290628431185770e+00
1.001327016002479642e+00
1.001359638449696332e+00
1.001388484339809537e+00
1.001413551149678671e+00
1.001434861313379887e+00
1.001452451939643273e+00
1.001466373621805683e+00
1.001476706473243716e+00
1.001483573261004123e+00
1.001487070892118192e+00
1.001487338067201360e+00
1.001484531843046533e+00
1.001478821096161598e+00
1.001470432958070589e+00
1.001459637013905946e+00
1.001446723504935576e+00
1.001432041903966397e+00
1.001416005977157742e+00
1.001399046353735445e+00
1.001381616684923870e+00
1.001364195590878081e+00
1.001347269471256407e+00
1.001331349954964089e+00
1.001316997863301195e+00
1.001304829181661971e+00
1.001295524838396789e+00
1.001289830383644386e+00
1.001288555711569606e+00
1.001292636448863238e+00
1.001303272935654354e+00
1.001322149411817186e+00
1.001351846939134482e+00
1.001396767793119036e+00
1.001465436043640356e+00
1.001576852791975059e+00
1.001782525228098075e+00
1.002271560050280730e+00
1.004131029284199839e+00
1.014612018753195066e+00
1.002448381640824282e+00
9.984862513562247077e-01
