1.412695405230473433e+00
1.413026750861460901e+00
1.416834423186566827e+00
1.420237322113905742e+00
1.427475653712669379e+00
1.434596923959260195e+00
1.445980222760615996e+00
1.457590415041154497e+00
1.473930332266229160e+00
1.490862674345933669e+00
1.512944494776140125e+00
1.535893218927915305e+00
1.564166378297996873e+00
1.593261379000502131e+00
1.627297855748381927e+00
1.661508753170314545e+00
1.699501896691294700e+00
1.736514148636999044e+00
1.775819880025796049e+00
1.812516264230378482e+00
1.844130802022257987e+00
1.857133253015688323e+00
1.852892000706366060e+00
1.824377019393996768e+00
1.777628982733337581e+00
1.711681418974070334e+00
1.634129240276373851e+00
1.547997540771715919e+00
1.459787611123734896e+00
1.374078391092319773e+00
1.294955819161733634e+00
1.224825472588513486e+00
1.165436074643093400e+00
1.115670585797872150e+00
1.075408690167516390e+00
1.042214167513091150e+00
1.014146419462220949e+00
9.902312876708381228e-01
9.689825756700132242e-01
9.501310444471213756e-01
9.328596035804949116e-01
9.164628539801140672e-01
9.012400015757160432e-01
8.869271828055332874e-01
8.737314186928701876e-01
8.614542324786205185e-01
8.497823999558640207e-01
8.389676101325866941e-01
8.288858385012770613e-01
8.196789509077239133e-01
8.112127506649221553e-01
8.033225261642061854e-01
7.960841216663144815e-01
7.893904085569187767e-01
7.833599320717717918e-01
7.779562073660502008e-01
7.732415437182553752e-01
7.691922118591189017e-01
7.657640602510652483e-01
7.630894486092090201e-01
7.612379226774499408e-01
7.604568819469146312e-01
7.609649492896638501e-01
7.631077380423370027e-01
7.672400545487463308e-01
7.737991999715956304e-01
7.832476418906175741e-01
7.960654113529168630e-01
8.127037386996521784e-01
8.334506659968495823e-01
8.583087154240830463e-01
8.866962877613198124e-01
9.174058503694687561e-01
9.486365412296982047e-01
9.786520595795095145e-01
1.006071016328135892e+00
1.030224670089064487e+00
1.050798745839566672e+00
1.067935136349027259e+00
1.081811106487173380e+00
1.092821449064009798e+00
1.101245196121176662e+00
1.107469699306060651e+00
1.111738241711842878e+00
1.114349293798958529e+00
1.115495537867369213e+00
1.115368877153787519e+00
1.114145725930523634e+00
1.111942730029359616e+00
1.108921409043145845e+00
1.105168215499710227e+00
1.100802242996155700e+00
1.095912057393070294e+00
1.090567003003874325e+00
1.084867764989188021e+00
1.078871554697300006e+00
1.072645698493709165e+00
1.066265379314114803e+00
1.059778437924914440e+00
1.053246465310160307e+00
1.046727368895619792e+00
1.040261419007745269e+00
1.033898291137196113e+00
1.027687515557477838e+00
1.021661267202614187e+00
1.015854382066335049e+00
1.010311762976427108e+00
1.005058121675236116e+00
1.000114779907511853e+00
9.955103807443158592e-01
9.912697766534760424e-01
9.874003148738905722e-01
9.839045443535523461e-01
9.807929783239455190e-01
9.780687924608493233e-01
9.757276901361834343e-01
9.737570706047192770e-01
9.721471811672204311e-01
9.708894192235596465e-01
9.699716698910335611e-01
9.693793928948664096e-01
9.690911723578837789e-01
9.690835815223929339e-01
9.693364011240073186e-01
9.698289978538241485e-01
9.705406649957922793e-01
9.714504657957959699e-01
9.725380270252369508e-01
9.737835185820705730e-01
9.751679877777416072e-01
9.766729060168479748e-01
9.782801520350167257e-01
9.799722340480355731e-01
9.817327664395206765e-01
9.835467394891818094e-01
9.854005509915668704e-01
9.872822041794970804e-01
9.891814583849439790e-01
9.910893952087946879e-01
9.929976947093612782e-01
9.948985024344552119e-01
9.967843480830017588e-01
9.986482454978521384e-01
1.000483492925546614e+00
1.002283991096841520e+00
1.004043846751909941e+00
1.005756940250855713e+00
1.007418521688704383e+00
1.009025604491414541e+00
1.010575895381571998e+00
1.012066981655047604e+00
1.013496036809742318e+00
1.014861010568514743e+00
1.016160670824551193e+00
1.017392739491840281e+00
1.018554348691856459e+00
1.019643381080937994e+00
1.020657277288967046e+00
1.021594123349655492e+00
1.022453750608649292e+00
1.023235980076042884e+00
1.023941320282719225e+00
1.024570039031526880e+00
1.025122557855695282e+00
1.025599726306574588e+00
1.026002640890191886e+00
1.026332630643552957e+00
1.026591527598616826e+00
1.026781936510679394e+00
1.026905949987724664e+00
1.026966419058169988e+00
1.026966507147974772e+00
1.026909586890450754e+00
1.026800098060521416e+00
1.026643265054717702e+00
1.026444705692108883e+00
1.026211141625065437e+00
1.025950496225890296e+00
1.025671019500315140e+00
1.025381401120145419e+00
1.025090798419902693e+00
1.024808513707200053e+00
1.024544313143871621e+00
1.024308861709587015e+00
1.024113818774267548e+00
1.023971997153751978e+00
1.023897325264634173e+00
1.023904802746704812e+00
1.024011595076597558e+00
1.024239553385972501e+00
1.024619189873698710e+00
1.025197190105657352e+00
1.026053313780955545e+00
1.027342851348810093e+00
1.029416593990568840e+00
1.033244156153526161e+00
1.042453572237472592e+00
1.072512967673950435e+00
1.214127034002557171e+00
1.025640700310985531e+00
1.003105883546202781e+00
