9.417304640497925483e-01
9.489222307179701055e-01
9.552842302917650130e-01
9.633197039527022776e-01
9.703821135697323630e-01
9.789932682104298678e-01
9.876845036317839499e-01
9.976903984725911112e-01
1.008763252401293942e+00
1.021455620352848648e+00
1.035996587190400442e+00
1.052764801715301513e+00
1.072075618346104875e+00
1.094226061371786463e+00
1.119440928020701609e+00
1.147844058765621122e+00
1.179416578047349340e+00
1.213955954752726774e+00
1.251035986662500266e+00
1.289972521679459749e+00
1.329798800029571959e+00
1.369254043735792736e+00
1.406788711710513340e+00
1.440596381380597757e+00
1.468695400800498652e+00
1.489085305926147740e+00
1.499966256801408715e+00
1.499965124896147639e+00
1.488318647268435768e+00
1.464981694203408846e+00
1.430644255821658106e+00
1.386674775999167331e+00
1.335006010293702250e+00
1.277983749034226735e+00
1.218195742128819425e+00
1.158276262432277104e+00
1.100711965592549468e+00
1.047648496419466335e+00
1.000701500916267639e+00
9.608199226216888045e-01
9.282135323633081692e-01
9.024138639208142409e-01
8.824553257947785889e-01
8.670906385398930993e-01
8.550285988170187590e-01
8.450978363871664012e-01
8.363563190943376080e-01
8.281447989026362588e-01
8.200459255002585657e-01
8.118471203263655234e-01
8.034789508860741281e-01
7.949895597272859105e-01
7.865389993058393703e-01
7.783704207270337738e-01
7.708082075627448182e-01
7.642262219985189731e-01
7.590365014673892130e-01
7.556625021294376410e-01
7.545285938018078120e-01
7.560565900581165399e-01
7.606263415069599576e-01
7.685393401906804867e-01
7.799293001142086901e-01
7.946524720502585737e-01
8.121588316628092219e-01
8.314465938120452204e-01
8.511943960158946387e-01
8.700916302747515596e-01
8.872097166314476535e-01
9.021884298241982236e-01
9.151480658194213191e-01
9.264323776850804659e-01
9.363750016752712124e-01
9.451954041567625087e-01
9.530157090025118682e-01
9.599158221363355281e-01
9.659727115655715179e-01
9.712669424263709050e-01
9.758780667410702492e-01
9.798784020827211450e-01
9.833337579029131081e-01
9.863034152945375777e-01
9.888421840647459993e-01
9.909994547215906779e-01
9.928203580082692881e-01
9.943446848786191561e-01
9.956083815945122595e-01
9.966445076927209490e-01
9.974827661715474081e-01
9.981511070903154037e-01
9.986736316909153865e-01
9.990719766286270120e-01
9.993647506793552626e-01
9.995681894196392081e-01
9.996981383473488858e-01
9.997673725370714859e-01
9.997871516315398610e-01
9.997681719352656815e-01
9.997187690342848043e-01
9.996466577775022788e-01
9.995586386289532221e-01
9.994595432992203765e-01
9.993541537040099287e-01
9.992468197997133039e-01
9.991400331764372922e-01
9.990362304679032412e-01
9.989383320904980934e-01
9.988476273888603485e-01
9.987647551182210481e-01
9.986911795526439706e-01
9.986280759584074129e-01
9.985752244808390188e-01
9.985322252203044924e-01
9.984994588177037445e-01
9.984770867887187151e-01
9.984646758596579241e-01
9.984614777109582784e-01
9.984670841555085552e-01
9.984813207760699916e-01
9.985039037106961946e-01
9.985344323032122604e-01
9.985722135228241036e-01
9.986165249312931591e-01
9.986668854443241372e-01
9.987228367577379862e-01
9.987838951450793701e-01
9.988495680080706762e-01
9.989193835415252076e-01
9.989928875792470908e-01
9.990696483505410175e-01
9.991492303325438806e-01
9.992311864304739277e-01
9.993150682346051417e-01
9.994004475885963634e-01
9.994869271694843960e-01
9.995741400900434170e-01
9.996617613787467382e-01
9.997495193881087427e-01
9.998371764853405397e-01
9.999244958201822797e-01
1.000011237636707406e+00
1.000097160004051355e+00
1.000182024277384896e+00
1.000265588267888139e+00
1.000347623510149608e+00
1.000427893537679802e+00
1.000506132655029301e+00
1.000582130467908337e+00
1.000655756990873169e+00
1.000726907704038826e+00
1.000795460519219526e+00
1.000861264643386539e+00
1.000924206869670430e+00
1.000984214032995201e+00
1.001041153766318414e+00
1.001094859779771307e+00
1.001145202634978526e+00
1.001192026830450832e+00
1.001235208025956558e+00
1.001274712162246727e+00
1.001310505024592734e+00
1.001342586781164279e+00
1.001370946345625290e+00
1.001395581399015855e+00
1.001416514198693930e+00
1.001433781450379090e+00
1.001447433137272025e+00
1.001457548317178814e+00
1.001464248062341245e+00
1.001467627967415952e+00
1.001467824796403727e+00
1.001464993394747927e+00
1.001459300251369866e+00
1.001450969242466238e+00
1.001440266066532248e+00
1.001427476773039560e+00
1.001412945763612061e+00
1.001397080779595772e+00
1.001380306180884583e+00
1.001363069015213325e+00
1.001345840938674403e+00
1.001329101286197121e+00
1.001313354265910727e+00
1.001299152571653028e+00
1.001287103275674051e+00
1.001277877476830058e+00
1.001272210007568386e+00
1.001270899197213460e+00
1.001274867405223645e+00
1.001285298033174787e+00
1.001303851631200725e+00
1.001333073029439191e+00
1.001377302721599083e+00
1.001444944982299745e+00
1.001554733454461443e+00
1.001757449524212307e+00
1.002239535170084794e+00
1.004072774098961451e+00
1.014411435877423884e+00
1.002421470257587766e+00
9.984962309576757011e-01
