1.147888686514449530e+00
1.148347418328379721e+00
1.153199006461640419e+00
1.157889763053274068e+00
1.167037417195790683e+00
1.176838390276154334e+00
1.191274017995936685e+00
1.207249826349826360e+00
1.228167028884242340e+00
1.251510810047382627e+00
1.280188934897317887e+00
1.311991040592024094e+00
1.349448540115854023e+00
1.390156882954304063e+00
1.436450754281464182e+00
1.484966452066716069e+00
1.538285673372344009e+00
1.591271323937224036e+00
1.648178877313978274e+00
1.701696235490940845e+00
1.758566102232035355e+00
1.796831949821318331e+00
1.816374292534881141e+00
1.808364022698806473e+00
1.776876524631516352e+00
1.722784468895348642e+00
1.651737449948634806e+00
1.569213739274904817e+00
1.480745166671863844e+00
1.393065621761462092e+00
1.310213934675460878e+00
1.236175366055712432e+00
1.173003577332413006e+00
1.120264122116282790e+00
1.077822688278139651e+00
1.043209044041508493e+00
1.014316225909204006e+00
9.899643420033181762e-01
9.685561939349570659e-01
9.496700248333026506e-01
9.324381033399016250e-01
9.161426534366678975e-01
9.010107720365599926e-01
8.867850506313287307e-01
8.736398891770100761e-01
8.613900447493235690e-01
8.497493617089879603e-01
8.389441554592304007e-01
8.288632950133200117e-01
8.196324497649991603e-01
8.111270264896803805e-01
8.031940935107602098e-01
7.958989398020699380e-01
7.891441294692722597e-01
7.830382342786517125e-01
7.775544416773939593e-01
7.727601735391911308e-01
7.686521315097608609e-01
7.652178997369477598e-01
7.626145352877191641e-01
7.609541192650269847e-01
7.605179294235711041e-01
7.615701365202588446e-01
7.644926781787214631e-01
7.696771017782303437e-01
7.775820837662074103e-01
7.886717356000405577e-01
8.033829791584056190e-01
8.220373730117632727e-01
8.446378843305329953e-01
8.706619077416390962e-01
8.987683971534498051e-01
9.269930754804713846e-01
9.532906557863922714e-01
9.764473873382415459e-01
9.960461753537204199e-01
1.012325865832621963e+00
1.025637223662422493e+00
1.036459073893919669e+00
1.045109048995249035e+00
1.051939052690695986e+00
1.057149301886508352e+00
1.060987378835682948e+00
1.063591040224228568e+00
1.065142612424116342e+00
1.065755055394762341e+00
1.065546942751282034e+00
1.064639969617376503e+00
1.063109371393453184e+00
1.061076817450440579e+00
1.058603147091362828e+00
1.055777648679175673e+00
1.052666720529363831e+00
1.049318278890886358e+00
1.045811175046039043e+00
1.042184112099092674e+00
1.038483380880448337e+00
1.034763160355053557e+00
1.031051414920010068e+00
1.027387013716624331e+00
1.023805040518528164e+00
1.020323534931762310e+00
1.016968110180770157e+00
1.013763269291450442e+00
1.010717834876995624e+00
1.007843282559496512e+00
1.005157832184996769e+00
1.002664491869069252e+00
1.000363444275703007e+00
9.982616693112853490e-01
9.963636601191707687e-01
9.946627322953262018e-01
9.931509409067944549e-01
9.918268393599279920e-01
9.906860493236291365e-01
9.897202681130209401e-01
9.889181576377956695e-01
9.882713505887587013e-01
9.877733175377979569e-01
9.874165733765580821e-01
9.871931117043362125e-01
9.870922634136203300e-01
9.871031608909756061e-01
9.872172528404630221e-01
9.874262319935735999e-01
9.877219022189966946e-01
9.880961810095425513e-01
9.885413774112868923e-01
9.890501411442386148e-01
9.896155369910677457e-01
9.902307879415257474e-01
9.908892127013536610e-01
9.915843082891689919e-01
9.923099473294056949e-01
9.930604780533440756e-01
9.938307196842074420e-01
9.946160592810127099e-01
9.954125420132681201e-01
9.962166796160866200e-01
9.970251262666033343e-01
9.978346330760474725e-01
9.986420347156417243e-01
9.994442982687867794e-01
1.000238444264458071e+00
1.001021704673220825e+00
1.001791324837281394e+00
1.002544359105335792e+00
1.003278448911724574e+00
1.003992037160226003e+00
1.004683857165332928e+00
1.005352538395481776e+00
1.005996486094913767e+00
1.006614478964370729e+00
1.007205690871850301e+00
1.007768777635020152e+00
1.008302105361460477e+00
1.008804402135047074e+00
1.009274175212773628e+00
1.009710239087198813e+00
1.010112256182382540e+00
1.010479893563684062e+00
1.010813150518393932e+00
1.011111924426326469e+00
1.011376197668726107e+00
1.011606177760508096e+00
1.011802205264090926e+00
1.011964743791512689e+00
1.012094519372321866e+00
1.012192643879758824e+00
1.012259991108623192e+00
1.012297812070735770e+00
1.012307519764034103e+00
1.012290632811075897e+00
1.012249194602489188e+00
1.012185631517090956e+00
1.012102557490660582e+00
1.012003121498261660e+00
1.011891053308361821e+00
1.011770234416814684e+00
1.011644752769639055e+00
1.011518917782262994e+00
1.011397102771363077e+00
1.011283900132625257e+00
1.011184333743261554e+00
1.011103906425802501e+00
1.011048678727501038e+00
1.011025251575488060e+00
1.011040742853692054e+00
1.011103311674660166e+00
1.011223365010088138e+00
1.011415451365661022e+00
1.011701828481502696e+00
1.012120482452675496e+00
1.012745193270444988e+00
1.013741454718869006e+00
1.015563718973337970e+00
1.019901303422624084e+00
1.035315681581018943e+00
1.113670489760719917e+00
1.013465046988461848e+00
9.988803184963349624e-01
