9.947202335065046253e-01
9.946382144582219809e-01
9.939319430863380322e-01
9.941292473649828709e-01
9.935859684794406954e-01
9.938377426039953777e-01
9.939674646662746138e-01
9.947288210694542610e-01
9.959762806429894866e-01
9.980762534890328386e-01
1.001222926254359713e+00
1.005736986631456498e+00
1.011941924222636402e+00
1.020197722172738963e+00
1.030871302052337013e+00
1.044318702467889048e+00
1.060854070301171737e+00
1.080712700029073936e+00
1.104007385291445820e+00
1.130681118346229308e+00
1.160459863961945004e+00
1.192810140204697333e+00
1.226905324222788529e+00
1.261604187097566276e+00
1.295445873664145875e+00
1.326676349409358302e+00
1.353342682061853486e+00
1.373482662846179592e+00
1.385385277911399315e+00
1.387843261378229665e+00
1.380317564134620811e+00
1.362985695319227641e+00
1.336677386099568210e+00
1.302734799095582652e+00
1.262842723501678144e+00
1.218846604195397365e+00
1.172595698644357309e+00
1.125813536567157769e+00
1.079988493384477000e+00
1.036306513243525851e+00
9.956061709921646408e-01
9.583896265818848681e-01
9.248743721819382424e-01
8.950395174819134603e-01
8.687022060728053496e-01
8.455774191462415157e-01
8.253558952229981260e-01
8.077792134420943571e-01
7.926505811580577543e-01
7.798531890894345731e-01
7.693322041374967002e-01
7.610999303885207512e-01
7.552434083999995940e-01
7.518933463493654434e-01
7.512147019004217219e-01
7.533624498607425224e-01
7.584544114344411447e-01
7.665199949845606930e-01
7.774455862474921597e-01
7.909192341984658814e-01
8.063654715533702388e-01
8.229698112846473013e-01
8.397998612415522590e-01
8.560265656243448706e-01
8.711055726786790521e-01
8.848217478630772126e-01
8.971916720596495587e-01
9.083290143862606802e-01
9.183565045290995599e-01
9.273782347062974329e-01
9.354835920098828472e-01
9.427533002154954156e-01
9.492631111462936921e-01
9.550828944044568170e-01
9.602778321434159992e-01
9.649073567658582595e-01
9.690267134119253667e-01
9.726859966328529339e-01
9.759317393603749169e-01
9.788058525399802035e-01
9.813471233633658253e-01
9.835902792265823757e-01
9.855674842609518649e-01
9.873073589782441761e-01
9.888362745378587171e-01
9.901772355227803635e-01
9.913510928048111515e-01
9.923770838209652334e-01
9.932720834892608819e-01
9.940522469571213549e-01
9.947311604326947165e-01
9.953213716131205091e-01
9.958337106594804533e-01
9.962775065683352471e-01
9.966622252752057598e-01
9.969952492319357207e-01
9.972832545316471231e-01
9.975327781553804396e-01
9.977488119122993604e-01
9.979361697079891513e-01
9.980992016716234705e-01
9.982411216668074516e-01
9.983651757028857432e-01
9.984743558796671525e-01
9.985706760242937241e-01
9.986561152200050806e-01
9.987328251998365269e-01
9.988021393515539303e-01
9.988651030019790600e-01
9.989230478012427472e-01
9.989771118205811318e-01
9.990278390493814165e-01
9.990756783242660255e-01
9.991213293355688529e-01
9.991653386924685964e-01
9.992080074929641231e-01
9.992494875213042693e-01
9.992900217795417372e-01
9.993298973918809391e-01
9.993693283312256037e-01
9.994084675755839919e-01
9.994473394446206083e-01
9.994859364329861107e-01
9.995243158896491842e-01
9.995625205447391526e-01
9.996005675541600466e-01
9.996384552993343720e-01
9.996761748957835314e-01
9.997137099504351809e-01
9.997510396941863275e-01
9.997881308913074694e-01
9.998249362744456858e-01
9.998613988709023070e-01
9.998974601373117332e-01
9.999330642494448362e-01
9.999681585786591720e-01
1.000002698232121290e+00
1.000036650541871408e+00
1.000069989027585926e+00
1.000102682574308677e+00
1.000134694704322369e+00
1.000165984182626033e+00
1.000196507263628076e+00
1.000226215626514037e+00
1.000255062628585989e+00
1.000282996187343620e+00
1.000309951720928625e+00
1.000335881176128927e+00
1.000360761712091318e+00
1.000384577239516126e+00
1.000407304059921954e+00
1.000428907198746664e+00
1.000449363086297616e+00
1.000468660541397714e+00
1.000486767141900213e+00
1.000503637954650804e+00
1.000519239700901952e+00
1.000533529389004306e+00
1.000546473871678943e+00
1.000558070028752855e+00
1.000568314067828757e+00
1.000577213403714305e+00
1.000584771176060039e+00
1.000590993125812123e+00
1.000595893010251203e+00
1.000599489209288873e+00
1.000601804375190529e+00
1.000602870837550507e+00
1.000602735053596870e+00
1.000601434701483994e+00
1.000599021378237419e+00
1.000595552778656749e+00
1.000591090545480233e+00
1.000585715847686519e+00
1.000579524128011100e+00
1.000572617849912804e+00
1.000565119451546581e+00
1.000557173090350416e+00
1.000548928834614104e+00
1.000540544804792376e+00
1.000532187923292682e+00
1.000524028294306866e+00
1.000516245223099787e+00
1.000509035487848308e+00
1.000502615708899867e+00
1.000497226178473253e+00
1.000493131613230169e+00
1.000490622427994802e+00
1.000490037529986997e+00
1.000491814710438687e+00
1.000496571061133766e+00
1.000505254886061568e+00
1.000519484072753151e+00
1.000542384712425736e+00
1.000580908030873184e+00
1.000653859182369709e+00
1.000830222134521552e+00
1.001506886828639420e+00
1.005469002593096350e+00
1.001120793805647224e+00
9.991090309602623787e-01
