9.911078809290743141e-01
9.917251010144030321e-01
9.905080233221814634e-01
9.918873854704431947e-01
9.909510312927898301e-01
9.920730210873273114e-01
9.923790485068449962e-01
9.938370704433243663e-01
9.957084966318308084e-01
9.986818869097908724e-01
1.002861801511994555e+00
1.008644610091591565e+00
1.016362658877016267e+00
1.026397246820249354e+00
1.039118324798217419e+00
1.054871014376970617e+00
1.073938752178347666e+00
1.096503808361393162e+00
1.122601495568195329e+00
1.152072461675665904e+00
1.184517039370369007e+00
1.219256638705946250e+00
1.255306051063378669e+00
1.291360428181528297e+00
1.325803183633469384e+00
1.356754515167505559e+00
1.382197703419349111e+00
1.400195088861508674e+00
1.409148800845205773e+00
1.408027823771256903e+00
1.396496552913033540e+00
1.374932321375273103e+00
1.344344374819303578e+00
1.306231525361204460e+00
1.262418209007722281e+00
1.214880509513857731e+00
1.165594394729871697e+00
1.116404986935077170e+00
1.068908357124006780e+00
1.024368567749093017e+00
9.836531230369672807e-01
9.472272349877056685e-01
9.151984174500936708e-01
8.873693966287111712e-01
8.633362377215313410e-01
8.425784125475596076e-01
8.245668834137135361e-01
8.088619826949412506e-01
7.951352175873618311e-01
7.831889952501938090e-01
7.729337343579233410e-01
7.643853075208261183e-01
7.576655639555792687e-01
7.529656976836246463e-01
7.505326939544638698e-01
7.506227838843114730e-01
7.534760019938476772e-01
7.592710479224071829e-01
7.680804105100006440e-01
7.798164461346304144e-01
7.941379565944289842e-01
8.104022346394366139e-01
8.276895632855899576e-01
8.449812639675808867e-01
8.614158068243176203e-01
8.764863179195014897e-01
8.900524540939541707e-01
9.022036177584109584e-01
9.131002201794223838e-01
9.228849855753142872e-01
9.316678073737522103e-01
9.395382615782615909e-01
9.465780814627149375e-01
9.528632520597015709e-01
9.584650565743797479e-01
9.634485797588105971e-01
9.678742554012418342e-01
9.717969724440281842e-01
9.752677158631445353e-01
9.783325132931309787e-01
9.810339493069375472e-01
9.834102423632397061e-01
9.854967617581039674e-01
9.873250519119588509e-01
9.889241177801911808e-01
9.903193066210284057e-01
9.915335698706072565e-01
9.925880663157353734e-01
9.935014410502995830e-01
9.942914737639527711e-01
9.949731816851472566e-01
9.955603559184428297e-01
9.960648856505518456e-01
9.964970333797831259e-01
9.968671638488088016e-01
9.971833825347160563e-01
9.974529817007451449e-01
9.976830920010691939e-01
9.978791515447797966e-01
9.980463815755257206e-01
9.981894924632374044e-01
9.983119221164366008e-01
9.984171504806225173e-01
9.985083871750159989e-01
9.985877292449760745e-01
9.986572462269930339e-01
9.987192297668417984e-01
9.987750345390328244e-01
9.988256855021000469e-01
9.988725652300276536e-01
9.989168460274661099e-01
9.989590062085514921e-01
9.989994217063060677e-01
9.990387822757624825e-01
9.990776105583915045e-01
9.991161436661469830e-01
9.991544495976908413e-01
9.991927155825988116e-01
9.992311921231412652e-01
9.992700504493683411e-01
9.993093947878932681e-01
9.993491811763395294e-01
9.993893334282586416e-01
9.994298593892466664e-01
9.994707550562972331e-01
9.995119902845116533e-01
9.995535166610004518e-01
9.995952810472857886e-01
9.996372249840094204e-01
9.996792881084652915e-01
9.997213980839236847e-01
9.997634684104295122e-01
9.998054034236533161e-01
9.998471079254059868e-01
9.998884921793803615e-01
9.999294723056386669e-01
9.999699756058074707e-01
1.000009945838009617e+00
1.000049335752448920e+00
1.000088093841258186e+00
1.000126163321861439e+00
1.000163482764700351e+00
1.000199988710747778e+00
1.000235613086135400e+00
1.000270290685804087e+00
1.000303950470542214e+00
1.000336506952919979e+00
1.000367895306680799e+00
1.000398081840985443e+00
1.000427041569321052e+00
1.000454740743416115e+00
1.000481132370037329e+00
1.000506183659855219e+00
1.000529877180693195e+00
1.000552170066845825e+00
1.000573004565735280e+00
1.000592337297734336e+00
1.000610113342890850e+00
1.000626289918370437e+00
1.000640860817477273e+00
1.000653819185908233e+00
1.000665171891914174e+00
1.000674920748640506e+00
1.000683070830957311e+00
1.000689637025466983e+00
1.000694639903678684e+00
1.000698105284465234e+00
1.000700070773870465e+00
1.000700591146059582e+00
1.000699710569513012e+00
1.000697490105807885e+00
1.000693998221107828e+00
1.000689308169780523e+00
1.000683516865942702e+00
1.000676738506299124e+00
1.000669095766923977e+00
1.000660735491794906e+00
1.000651830792749886e+00
1.000642561870212832e+00
1.000633118586526926e+00
1.000623701347041150e+00
1.000614514250988352e+00
1.000605772337133326e+00
1.000597711539223500e+00
1.000590591454298739e+00
1.000584699829390800e+00
1.000580353233849529e+00
1.000577898221189699e+00
1.000577738326972721e+00
1.000580394059238154e+00
1.000586598388910620e+00
1.000597477030930493e+00
1.000614950444993712e+00
1.000642731069598002e+00
1.000689078473917526e+00
1.000776347808496336e+00
1.000986566810842193e+00
1.001791662512393266e+00
1.006475232728283986e+00
1.001283076664954086e+00
9.990142183808307097e-01
