9.684553162439654139e-01
9.713392218712219028e-01
9.740288167694395316e-01
9.772778724701322028e-01
9.804074949580826592e-01
9.842322778645131720e-01
9.884673014955408510e-01
9.936259275730833229e-01
9.998338091309248998e-01
1.007473819981836272e+00
1.016863550160564289e+00
1.028382298026881747e+00
1.042400144502666492e+00
1.059275903444311551e+00
1.079322445020919563e+00
1.102774405610711606e+00
1.129747845874743861e+00
1.160196879864032748e+00
1.193869332249269943e+00
1.230265654826702582e+00
1.268605572739412990e+00
1.307806704879058035e+00
1.346478155650075115e+00
1.382934862469185955e+00
1.415248527552027458e+00
1.441365157023432264e+00
1.459305284787488777e+00
1.467405678789234447e+00
1.464539306906596838e+00
1.450263785540568229e+00
1.424869956354792633e+00
1.389343741868432458e+00
1.345261168899049009e+00
1.294644527735151263e+00
1.239803776811468250e+00
1.183161847888553497e+00
1.127088181953484591e+00
1.073735270142678777e+00
1.024872227917352996e+00
9.817493313575991198e-01
9.449946053702015236e-01
9.146092517699182523e-01
8.900659564379451716e-01
8.704557198673414931e-01
8.546932324447282792e-01
8.416892759327005979e-01
8.304957776800180325e-01
8.204005848463464812e-01
8.109208635588854852e-01
8.017886336411156334e-01
7.929002257204058601e-01
7.842941470081000732e-01
7.761427001029655992e-01
7.687154638617307301e-01
7.623680607701200929e-01
7.574996686815042013e-01
7.545325132805805746e-01
7.538773439537203025e-01
7.559142883204886809e-01
7.609770320354753981e-01
7.692918535866453134e-01
7.809094282040193180e-01
7.955874329335894668e-01
8.126972965599306153e-01
8.312149213468306153e-01
8.498986167734794428e-01
8.676180972960685356e-01
8.836611733020227621e-01
8.978244472102997475e-01
9.102646518188619584e-01
9.212617325461692763e-01
9.310521722198692451e-01
9.397877297571075594e-01
9.475652885275791526e-01
9.544657779588751056e-01
9.605682478406574187e-01
9.659505327467899916e-01
9.706845103080992132e-01
9.748364690253493725e-01
9.784663457991118474e-01
9.816296053640415353e-01
9.843764111197719213e-01
9.867531468620465152e-01
9.888014296638428791e-01
9.905593574851611072e-01
9.920604109911254076e-01
9.933348516024086416e-01
9.944105316949322093e-01
9.953123093529986365e-01
9.960636706137596663e-01
9.966847101937691411e-01
9.971935987430807780e-01
9.976059646252669610e-01
9.979353954956956541e-01
9.981953438842170456e-01
9.983965029120207557e-01
9.985483563244881289e-01
9.986600466090896910e-01
9.987386085035193650e-01
9.987906572757474510e-01
9.988220944939937285e-01
9.988371240840062670e-01
9.988399731151733629e-01
9.988345251909025446e-01
9.988231035516915712e-01
9.988080064689773829e-01
9.987919215829992314e-01
9.987761904569592009e-01
9.987616543251089940e-01
9.987497813655947798e-01
9.987417801173208431e-01
9.987377792254674702e-01
9.987377701521908957e-01
9.987423123070602315e-01
9.987517600111952554e-01
9.987660188114172444e-01
9.987847476883928710e-01
9.988078423537296580e-01
9.988353484284707706e-01
9.988672134000515790e-01
9.989032929694429130e-01
9.989432174998414959e-01
9.989865860600648517e-01
9.990331639268870134e-01
9.990827205649431830e-01
9.991349990884451637e-01
9.991897286344764151e-01
9.992466463142927191e-01
9.993054951757749382e-01
9.993660284879434252e-01
9.994279912752335182e-01
9.994911152891585715e-01
9.995551267545252916e-01
9.996197622232305680e-01
9.996847764793098667e-01
9.997499425252549532e-01
9.998150601336830423e-01
9.998799643461356856e-01
9.999445118890670781e-01
1.000008557577773960e+00
1.000071951968770190e+00
1.000134542044483155e+00
1.000196175333564419e+00
1.000256695110668614e+00
1.000315953002240077e+00
1.000373793537532752e+00
1.000430038965577140e+00
1.000484550042106235e+00
1.000537244083496091e+00
1.000588055686670197e+00
1.000636906042871033e+00
1.000683694995272877e+00
1.000728348649051025e+00
1.000770821214023165e+00
1.000811023887098417e+00
1.000848843059082283e+00
1.000884191121965028e+00
1.000916961334508359e+00
1.000947068917974692e+00
1.000974493496764151e+00
1.000999214258565750e+00
1.001021234820740125e+00
1.001040550508532467e+00
1.001057162753564267e+00
1.001071090446255196e+00
1.001082362698039407e+00
1.001091018026371460e+00
1.001097115696693463e+00
1.001100745031373807e+00
1.001101977028509227e+00
1.001100912176154267e+00
1.001097663905328838e+00
1.001092353992788064e+00
1.001085145373242336e+00
1.001076230996250871e+00
1.001065818453157785e+00
1.001054157240513165e+00
1.001041542358969361e+00
1.001028280850484009e+00
1.001014696189086894e+00
1.001001129704918835e+00
1.000987928512038661e+00
1.000975457922329781e+00
1.000964118495560218e+00
1.000954350444887453e+00
1.000946640826266831e+00
1.000941523748712925e+00
1.000939580870135570e+00
1.000941485884626392e+00
1.000948104625430712e+00
1.000960653413439205e+00
1.000980997579523857e+00
1.001012318903833354e+00
1.001060774991411773e+00
1.001140083582439777e+00
1.001287413318201924e+00
1.001639215461672672e+00
1.002980269518310097e+00
1.010632366582876918e+00
1.001900649535324206e+00
9.987077258611259944e-01
