9.823637350197604867e-01
9.829264641829835725e-01
9.846095780296640898e-01
9.849226400084998279e-01
9.868371836472851211e-01
9.879970017485620870e-01
9.903056062116836200e-01
9.929241332949735321e-01
9.966484735806379058e-01
1.001513541062862833e+00
1.007954827090958183e+00
1.016290865497083251e+00
1.026913359775765366e+00
1.040196138712101481e+00
1.056495260350572618e+00
1.076110549779008663e+00
1.099250063666365573e+00
1.125986466566209376e+00
1.156211101735548308e+00
1.189588604945702732e+00
1.225516865047554527e+00
1.263097024656249179e+00
1.301116934533347758e+00
1.338052344616521561e+00
1.372096227616200093e+00
1.401242621644142483e+00
1.423456068880959213e+00
1.436909884869362664e+00
1.440230713546233332e+00
1.432683423529751421e+00
1.414252929480893650e+00
1.385627122337324879e+00
1.348100117949450061e+00
1.303429421587988912e+00
1.253678287747547193e+00
1.201047186073372020e+00
1.147721187018381217e+00
1.095728476726424816e+00
1.046800800477225124e+00
1.002261767878232845e+00
9.629333728406493931e-01
9.291149457146917756e-01
9.006367381160722552e-01
8.769475036418347136e-01
8.572657272454732302e-01
8.407221101531380247e-01
8.265034357287838196e-01
8.139647925357885727e-01
8.026470335065989392e-01
7.922831392442288845e-01
7.827608502339641339e-01
7.741075026364538925e-01
7.664828240423506855e-01
7.601391623039165379e-01
7.554062471973901349e-01
7.526442941895634675e-01
7.522202035266329911e-01
7.544689728168533227e-01
7.596650628583923037e-01
7.679895255550475142e-01
7.794451470536046811e-01
7.937709865671721543e-01
8.103494209501080903e-01
8.282179967526768216e-01
8.462342328901738542e-01
8.633781940890905560e-01
8.790156967245792430e-01
8.929609812158230131e-01
9.053336490841621398e-01
9.163531883286145652e-01
9.262088968545368894e-01
9.350302820342291099e-01
9.429116306821405669e-01
9.499348079440382842e-01
9.561787863888022709e-01
9.617176593602679846e-01
9.666205101854979942e-01
9.709500731453178934e-01
9.747645578510106823e-01
9.781167117720304116e-01
9.810553612156721615e-01
9.836244948952113099e-01
9.858647980231888264e-01
9.878126773229100044e-01
9.895015262886112106e-01
9.909606114171292113e-01
9.922164038780404427e-01
9.932932851672993113e-01
9.942128873972905234e-01
9.949957315148746373e-01
9.956592666423355054e-01
9.962193836405321967e-01
9.966897613542472500e-01
9.970822513796154807e-01
9.974087119462602402e-01
9.976784818819370848e-01
9.978998978334807646e-01
9.980810674000895055e-01
9.982281877355714261e-01
9.983471526772337290e-01
9.984432557507261219e-01
9.985203014869796778e-01
9.985821387085295209e-01
9.986323152107725587e-01
9.986730430495714961e-01
9.987065135507331437e-01
9.987352247328896704e-01
9.987605364792523366e-01
9.987834010006531038e-01
9.988052570143960418e-01
9.988273073994842211e-01
9.988498799517098181e-01
9.988731856818170440e-01
9.988978673044101031e-01
9.989243796490613336e-01
9.989528173373017905e-01
9.989830700490028859e-01
9.990152003946615178e-01
9.990493726820828257e-01
9.990856623351280774e-01
9.991240667050175217e-01
9.991643992436777255e-01
9.992064413097911935e-01
9.992500954643909195e-01
9.992952590130266266e-01
9.993418027617434474e-01
9.993895809243314998e-01
9.994384484908429567e-01
9.994882599573088333e-01
9.995388731904463198e-01
9.995901355531400245e-01
9.996418804605650132e-01
9.996939336321394309e-01
9.997461255492603449e-01
9.997982977746733280e-01
9.998503031676736486e-01
9.999020126811034581e-01
9.999533221087674173e-01
1.000004141864370366e+00
1.000054379062305987e+00
1.000103935916740738e+00
1.000152710398556577e+00
1.000200599542094615e+00
1.000247495857077951e+00
1.000293297142451854e+00
1.000337894737647115e+00
1.000381161933508345e+00
1.000423000702809873e+00
1.000463355599576110e+00
1.000502183716152071e+00
1.000539431252907674e+00
1.000575027470014255e+00
1.000608921255327299e+00
1.000641082593767495e+00
1.000671448065470370e+00
1.000699934860997065e+00
1.000726479786542056e+00
1.000751004654284015e+00
1.000773447839373498e+00
1.000793796860893092e+00
1.000812038670131132e+00
1.000828178775504451e+00
1.000842216158311038e+00
1.000854154342014857e+00
1.000864010113571068e+00
1.000871807991016604e+00
1.000877579616386903e+00
1.000881372466796204e+00
1.000883257013323702e+00
1.000883289629939998e+00
1.000881549279054372e+00
1.000878124831135585e+00
1.000873111553445272e+00
1.000866636284601041e+00
1.000858848903046328e+00
1.000849910554348909e+00
1.000840014573083359e+00
1.000829389261092883e+00
1.000818272252039343e+00
1.000806913907962503e+00
1.000795578447471357e+00
1.000784534737754194e+00
1.000774065879906027e+00
1.000764482376178321e+00
1.000756125645219985e+00
1.000749373740930759e+00
1.000744641831742054e+00
1.000742383085992948e+00
1.000743123616093300e+00
1.000747540670905877e+00
1.000756586666736503e+00
1.000771723163597970e+00
1.000795443375879445e+00
1.000832569965594221e+00
1.000893840533399359e+00
1.001008335366561308e+00
1.001282792053571846e+00
1.002331230869321965e+00
1.008369482832120578e+00
1.001572456955020174e+00
9.988615809343893703e-01
