9.639600107018704289e-01
9.675160643503956104e-01
9.708230331046967532e-01
9.748054916382540291e-01
9.785960780476807841e-01
9.831772817994072211e-01
9.881526083969491836e-01
9.941085341105755369e-01
1.001137836624991451e+00
1.009642743419198130e+00
1.019934441926975355e+00
1.032393102145553909e+00
1.047382690833583263e+00
1.065252943027685362e+00
1.086302325137524560e+00
1.110745679185587864e+00
1.138673490576856295e+00
1.170008729423702709e+00
1.204463197151237619e+00
1.241497699760324869e+00
1.280290440960279108e+00
1.319717739595008377e+00
1.358350044851321936e+00
1.394469656682240100e+00
1.426127524666644719e+00
1.451269204633926835e+00
1.467940931335409260e+00
1.474529829289288330e+00
1.469976854694583501e+00
1.453916694907490648e+00
1.426719270470057310e+00
1.389447418874353302e+00
1.343750202363742430e+00
1.291718229068259838e+00
1.235723474396411392e+00
1.178241267799555292e+00
1.121678626109684274e+00
1.068204199001666188e+00
1.019575406186612687e+00
9.769994254046096005e-01
9.410319583314564751e-01
9.115826087437353120e-01
8.880290918207449646e-01
8.693801362158415369e-01
8.544915467929220521e-01
8.422408397005677338e-01
8.316674963767218820e-01
8.220600757313183404e-01
8.129423319509521129e-01
8.040535572727059987e-01
7.952953280911010392e-01
7.867083767294250629e-01
7.784646049150251157e-01
7.708320109411503918e-01
7.641651205081840814e-01
7.588642934728527800e-01
7.553565919539430018e-01
7.540624238535817980e-01
7.553781793409234391e-01
7.596635409267994410e-01
7.671859237883911220e-01
7.780591099219352769e-01
7.921287267008811916e-01
8.088670722249352574e-01
8.273275495130931745e-01
8.462740759974076710e-01
8.644885220783805613e-01
8.811135555350881887e-01
8.958159446551468008e-01
9.086901554947820481e-01
9.200205776790517653e-01
9.300776960566365936e-01
9.390419199801005590e-01
9.470219425413963776e-01
9.541000406457841310e-01
9.603549982008549035e-01
9.658661557364954797e-01
9.707079561216036545e-01
9.749491512001288163e-01
9.786517537451728810e-01
9.818730671782522901e-01
9.846649628430561574e-01
9.870754091688728193e-01
9.891474728276679063e-01
9.909205597028019064e-01
9.924293234299964572e-01
9.937050814539716281e-01
9.947766531675859003e-01
9.956697959810771881e-01
9.964088235526281645e-01
9.970145712530205095e-01
9.975058487232653093e-01
9.978988322506358033e-01
9.982075970909430884e-01
9.984460390273043329e-01
9.986252330634489693e-01
9.987549873588974503e-01
9.988447316242387020e-01
9.989017379503684069e-01
9.989328235652235044e-01
9.989440573116530331e-01
9.989397566823042807e-01
9.989242522612482578e-01
9.989015171146762295e-01
9.988739050733366209e-01
9.988437415241651074e-01
9.988137617124964729e-01
9.987852993417487557e-01
9.987591607400285731e-01
9.987368174899192708e-01
9.987194755614179353e-01
9.987072030038586234e-01
9.986999239126342909e-01
9.986981692661641707e-01
9.987022612392981724e-01
9.987120472688435502e-01
9.987271160847618345e-01
9.987473117210313722e-01
9.987726426605484376e-01
9.988030169049096907e-01
9.988382464602506561e-01
9.988779059846504271e-01
9.989215391421882861e-01
9.989688690941133098e-01
9.990196262327308840e-01
9.990735147139832018e-01
9.991302255642861008e-01
9.991894599867721105e-01
9.992509271104496049e-01
9.993143483778905711e-01
9.993794377233921056e-01
9.994458960640564271e-01
9.995134194873416256e-01
9.995817161094466829e-01
9.996505144496992123e-01
9.997195633486459787e-01
9.997886410365638410e-01
9.998575641470823783e-01
9.999261731316319013e-01
9.999943069754443359e-01
1.000061800621432573e+00
1.000128485662737932e+00
1.000194194701183648e+00
1.000258756188801890e+00
1.000322007856790041e+00
1.000383780166805403e+00
1.000443880064052937e+00
1.000502155932706527e+00
1.000558516884832105e+00
1.000612890735627536e+00
1.000665191157477318e+00
1.000715309176147594e+00
1.000763164057964394e+00
1.000808705261546416e+00
1.000851836387451455e+00
1.000892434627309591e+00
1.000930405073832796e+00
1.000965632464798638e+00
1.000998025108990053e+00
1.001027560252911952e+00
1.001054214750751070e+00
1.001077991631226682e+00
1.001098885109469983e+00
1.001116895972800291e+00
1.001132043714439090e+00
1.001144358789108901e+00
1.001153881735963980e+00
1.001160675301689063e+00
1.001164834386984337e+00
1.001166434313654596e+00
1.001165581942141003e+00
1.001162397976983920e+00
1.001157012046946626e+00
1.001149597784880774e+00
1.001140360909166027e+00
1.001129522781462944e+00
1.001117349552983038e+00
1.001104156006927592e+00
1.001090269771183872e+00
1.001076036003821779e+00
1.001061818904509737e+00
1.001047988791157861e+00
1.001034935352774768e+00
1.001023085851153738e+00
1.001012909788718819e+00
1.001004926531477768e+00
1.000999705434696629e+00
1.000997866215848964e+00
1.001000126264054879e+00
1.001007407229411950e+00
1.001021003525697228e+00
1.001042899948795917e+00
1.001076482001610479e+00
1.001128302278613491e+00
1.001212960349312731e+00
1.001370018182595745e+00
1.001744717861107414e+00
1.003172334421440048e+00
1.011299271922763809e+00
1.001994714611867732e+00
9.986667759889367169e-01
