9.549755842934306571e-01
9.591368852377410992e-01
9.652532446072938921e-01
9.691063593747661908e-01
9.756667327725463412e-01
9.809067910632571774e-01
9.879543623159349197e-01
9.952884122511945764e-01
1.004111753274900432e+00
1.014310287781228004e+00
1.026408249610346157e+00
1.040695575241549209e+00
1.057550589519065776e+00
1.077292609279263402e+00
1.100193008508342674e+00
1.126427136793972883e+00
1.156037695335349058e+00
1.188891076666456215e+00
1.224635474223509046e+00
1.262663388172697410e+00
1.302083175916640689e+00
1.341703414382200421e+00
1.380033150675057607e+00
1.415305842450062856e+00
1.445547134950342372e+00
1.468715390297025580e+00
1.482915862445991495e+00
1.486636048542883781e+00
1.478945477288256871e+00
1.459620888661867122e+00
1.429176056776166437e+00
1.388812682673272292e+00
1.340310552853837267e+00
1.285880521027950252e+00
1.228000183935370915e+00
1.169228559540300694e+00
1.112024219024805749e+00
1.058563635760552346e+00
1.010558718535445877e+00
9.691153826966810714e-01
9.346415732919350905e-01
9.068753443159671690e-01
8.850296042558233323e-01
8.679818005240906853e-01
8.545040757864660330e-01
8.434364805810542487e-01
8.338149833479466810e-01
8.249434551093020040e-01
8.163669005296025905e-01
8.078431896314838268e-01
7.992855846513419182e-01
7.907383081475859443e-01
7.823695737496872971e-01
7.744393623601212306e-01
7.672932259030528224e-01
7.613253616624250375e-01
7.569625806041787586e-01
7.546334980249600477e-01
7.547541847605528931e-01
7.577201292691424506e-01
7.638590189957389365e-01
7.733815035912909863e-01
7.862764621934421605e-01
8.021968247892382609e-01
8.203642010977534316e-01
8.396116422809203339e-01
8.586237690553497615e-01
8.763042143500286985e-01
8.920559454782533981e-01
9.058057721202563695e-01
9.178049707463494800e-01
9.283768222308657059e-01
9.377669460778149668e-01
9.461205036443203209e-01
9.535283385721361471e-01
9.600678899204422301e-01
9.658191898544996601e-01
9.708607850875271561e-01
9.752663243452267539e-01
9.791020184439457319e-01
9.824287079441371695e-01
9.853014787828877630e-01
9.877712933597311284e-01
9.898839688026629391e-01
9.916813931680925620e-01
9.932004466749470017e-01
9.944744525626196818e-01
9.955340672407382296e-01
9.964067570080213931e-01
9.971184094062386372e-01
9.976912709422010028e-01
9.981453706155557493e-01
9.984979322085669740e-01
9.987639621879551566e-01
9.989581991213317691e-01
9.990924492143159474e-01
9.991771433789458090e-01
9.992222578230498531e-01
9.992355206396447143e-01
9.992241350979909065e-01
9.991944867824388288e-01
9.991511124659724352e-01
9.990985383589140456e-01
9.990409035146610162e-01
9.989806204349206409e-01
9.989200638917413722e-01
9.988620538541630456e-01
9.988079065805365309e-01
9.987583583923791419e-01
9.987148820218236800e-01
9.986786739430252302e-01
9.986496817284701288e-01
9.986276946862718829e-01
9.986131837632223895e-01
9.986064054173912075e-01
9.986070905802262310e-01
9.986146877148657230e-01
9.986289366945206858e-01
9.986497707588439798e-01
9.986770185069985262e-01
9.987104040229004553e-01
9.987493906802595856e-01
9.987934114991855461e-01
9.988421050870468498e-01
9.988951235695073816e-01
9.989520931282781513e-01
9.990126285552072272e-01
9.990763592280055283e-01
9.991429264599596127e-01
9.992119880649161789e-01
9.992831958705785667e-01
9.993561892496422017e-01
9.994306041764708937e-01
9.995060920641599678e-01
9.995823290643135461e-01
9.996590158513094515e-01
9.997358877061633953e-01
9.998127245399632823e-01
9.998893343288459690e-01
9.999655244969947177e-01
1.000041098881253587e+00
1.000115858439280636e+00
1.000189606073899729e+00
1.000262140770521446e+00
1.000333272643026739e+00
1.000402804214138408e+00
1.000470512074032037e+00
1.000536220054508485e+00
1.000599820957073671e+00
1.000661229109955697e+00
1.000720343253810540e+00
1.000777036931678632e+00
1.000831215840737309e+00
1.000882819997222617e+00
1.000931737953745682e+00
1.000977828697000138e+00
1.001020982867373954e+00
1.001061068348211069e+00
1.001097979773664548e+00
1.001131689667384306e+00
1.001162170254684902e+00
1.001189423379149179e+00
1.001213441044523034e+00
1.001234222747052538e+00
1.001251789151001992e+00
1.001266173344383059e+00
1.001277419838953797e+00
1.001285598234711971e+00
1.001290814423312359e+00
1.001293152242305640e+00
1.001292731109509004e+00
1.001289686064854578e+00
1.001284162213695872e+00
1.001276354281038117e+00
1.001266493162957127e+00
1.001254827374431944e+00
1.001241655910837913e+00
1.001227332570886697e+00
1.001212225582134296e+00
1.001196722867528477e+00
1.001181233728771103e+00
1.001166174242710483e+00
1.001151982168626553e+00
1.001139137421101832e+00
1.001128167253390266e+00
1.001119654732633313e+00
1.001114238693667780e+00
1.001112613861980805e+00
1.001115583720247448e+00
1.001124179876936804e+00
1.001139850569327194e+00
1.001164815892225723e+00
1.001202862594979592e+00
1.001261321254553582e+00
1.001356528352788100e+00
1.001532759799567573e+00
1.001952570172554013e+00
1.003550647146722152e+00
1.012609605665144130e+00
1.002176653121068739e+00
9.985911422875863863e-01
