9.968584969665558182e-01
9.966099232553622400e-01
9.959495212166199485e-01
9.958590883668572147e-01
9.953342976876865533e-01
9.953116569285112014e-01
9.952454160529173866e-01
9.956840926104373324e-01
9.965054035381728514e-01
9.980113551308954500e-01
1.000467017228909627e+00
1.003975682014062398e+00
1.009068079594564349e+00
1.015849992783511846e+00
1.024862461445039230e+00
1.036327067314315453e+00
1.050651939311535443e+00
1.068060259193831740e+00
1.088740662247787316e+00
1.112704664228763463e+00
1.139784880095451536e+00
1.169572323936970637e+00
1.201386651483846268e+00
1.234246248536574164e+00
1.266854086920981892e+00
1.297605376276580902e+00
1.324651260012008613e+00
1.346055475416305658e+00
1.360042362093444757e+00
1.365266258063657201e+00
1.361010144430042645e+00
1.347268112695631848e+00
1.324702571680731467e+00
1.294510584433425482e+00
1.258249675507460807e+00
1.217647717687497799e+00
1.174440031133726192e+00
1.130239406583043449e+00
1.086432968936763999e+00
1.044127225771435352e+00
1.004118808867823232e+00
9.669193760725660614e-01
9.328149700715849812e-01
9.019104038443104265e-01
8.741925432786986638e-01
8.495689802331539697e-01
8.279215071030091577e-01
8.091590044545716731e-01
7.932134365805231235e-01
7.800511242274944523e-01
7.696548593658394388e-01
7.620335199493309952e-01
7.572355633462528601e-01
7.553240689794957774e-01
7.563716565278417736e-01
7.604184822305890545e-01
7.674426646004129937e-01
7.773052510934650439e-01
7.896966333157351414e-01
8.041030827109727497e-01
8.197987341195599464e-01
8.359462856303064848e-01
8.517594411807404287e-01
8.666727877096653820e-01
8.804014079932033221e-01
8.928866971178573975e-01
9.041878353489953835e-01
9.143988304195354022e-01
9.236121393523046841e-01
9.319118477375960552e-01
9.393763158954188119e-01
9.460786199790517381e-01
9.520876143865975028e-01
9.574667305403281592e-01
9.622752529481667372e-01
9.665672498960741210e-01
9.703930444828259283e-01
9.737982107274151256e-01
9.768251204205574689e-01
9.795118692055265752e-01
9.818937492336443640e-01
9.840022956102559837e-01
9.858667558474341064e-01
9.875131002820899395e-01
9.889653178232805653e-01
9.902443023879624606e-01
9.913690148426431703e-01
9.923569660894252520e-01
9.932234523700123052e-01
9.939831775572202099e-01
9.946484587260634447e-01
9.952307321752255076e-01
9.957398803326080738e-01
9.961844031647306696e-01
9.965729540924262997e-01
9.969122731712113383e-01
9.972084838918819916e-01
9.974675821459065839e-01
9.976941594742672059e-01
9.978926566267518616e-01
9.980670902900209418e-01
9.982204636516435192e-01
9.983558001682745209e-01
9.984758843636302172e-01
9.985826394957207919e-01
9.986779472902549415e-01
9.987638214840459661e-01
9.988415593913759771e-01
9.989122042684209779e-01
9.989770283106622628e-01
9.990371258274161059e-01
9.990930792461703014e-01
9.991453820012082820e-01
9.991947285635195408e-01
9.992416735513330872e-01
9.992865585895995828e-01
9.993295926049218236e-01
9.993710540359027616e-01
9.994112511448079994e-01
9.994504247422155707e-01
9.994887597887391895e-01
9.995263287088416160e-01
9.995631728909842861e-01
9.995993837812785499e-01
9.996350365562545193e-01
9.996701816373891880e-01
9.997048506226828835e-01
9.997390661568901216e-01
9.997728419534546163e-01
9.998061856643373213e-01
9.998390923376826445e-01
9.998715433197514768e-01
9.999035100320516900e-01
9.999349609073182599e-01
9.999658651070351123e-01
9.999961930496354956e-01
1.000025920316631511e+00
1.000055031507216752e+00
1.000083515315829175e+00
1.000111355615872055e+00
1.000138530946644400e+00
1.000165015093652521e+00
1.000190779033534927e+00
1.000215789275488154e+00
1.000240013133971262e+00
1.000263412856122303e+00
1.000285939786784706e+00
1.000307558588581225e+00
1.000328254509440740e+00
1.000348018050843946e+00
1.000366833051514526e+00
1.000384673662633617e+00
1.000401523261658321e+00
1.000417375298527478e+00
1.000432205317022927e+00
1.000445978247270329e+00
1.000458668547109742e+00
1.000470242423667111e+00
1.000480674135594494e+00
1.000489962813814859e+00
1.000498106911923424e+00
1.000505114115557870e+00
1.000510988460948214e+00
1.000515736072600692e+00
1.000519369681560411e+00
1.000521905809333090e+00
1.000523364485429445e+00
1.000523773755748635e+00
1.000523173396983490e+00
1.000521595851288970e+00
1.000519085133388497e+00
1.000515690325264551e+00
1.000511463793751998e+00
1.000506474168580073e+00
1.000500801976889731e+00
1.000494533612875214e+00
1.000487772132379716e+00
1.000480638715896431e+00
1.000473259519365499e+00
1.000465767472706879e+00
1.000458302923816767e+00
1.000451008985504542e+00
1.000444036582818441e+00
1.000437551390427782e+00
1.000431735878692718e+00
1.000426792612442828e+00
1.000422945047803047e+00
1.000420438864055628e+00
1.000419561390262890e+00
1.000420684334990540e+00
1.000424332149463469e+00
1.000431311244978083e+00
1.000442997502839049e+00
1.000462048187428676e+00
1.000494368799811795e+00
1.000555927908773235e+00
1.000705288054428044e+00
1.001279376276688504e+00
1.004660649251577942e+00
1.000983789026208326e+00
9.991957411363171504e-01
