1.414333946628242744e+00
1.414664752224664479e+00
1.418460524004748091e+00
1.421857614769705958e+00
1.429072013113352302e+00
1.436181006619906331e+00
1.447526401265129437e+00
1.459116593111103644e+00
1.475402474652863560e+00
1.492305856650937512e+00
1.514315217598815932e+00
1.537225034704886362e+00
1.565405224830479280e+00
1.594451281677878196e+00
1.628373315515361908e+00
1.662527648588595808e+00
1.700386813643228967e+00
1.737342255644645395e+00
1.776498166758232244e+00
1.813134837590165471e+00
1.844549484932121786e+00
1.857461842241613370e+00
1.853049069236131885e+00
1.824463633055880551e+00
1.777605328320394973e+00
1.711622740390714492e+00
1.634019628140381153e+00
1.547885977977839334e+00
1.459669667075143673e+00
1.373979081670208879e+00
1.294872505789253170e+00
1.224765091764936642e+00
1.165393773247691334e+00
1.115643949037466776e+00
1.075392811519157776e+00
1.042205531350269165e+00
1.014141893096266456e+00
9.902289766565266493e-01
9.689810399513192340e-01
9.501296915713042246e-01
9.328580696779600334e-01
9.164607850899311181e-01
9.012374868922821136e-01
8.869242286961710464e-01
8.737282508248797042e-01
8.614509895420746632e-01
8.497790307991610614e-01
8.389642517493725027e-01
8.288825210641787011e-01
8.196758250170833593e-01
8.112098952599976487e-01
8.033199339387097071e-01
7.960818676397587446e-01
7.893884942195114052e-01
7.833584481070408057e-01
7.779551939350314305e-01
7.732410487127474585e-01
7.691921992775175854e-01
7.657643529614246436e-01
7.630898012280399323e-01
7.612379085941390899e-01
7.604559643482384779e-01
7.609623956744011597e-01
7.631026665704366829e-01
7.672313968244051097e-01
7.737857422690920250e-01
7.832280486083985638e-01
7.960383183850893163e-01
8.126679560936184155e-01
8.334055818365641022e-01
8.582550579246597255e-01
8.866371406836048852e-01
9.173475148824997705e-01
9.485881939106711735e-01
9.786239794401444536e-01
1.006072265775943109e+00
1.030261694847248277e+00
1.050874717416363957e+00
1.068050246778416090e+00
1.081963017415434436e+00
1.093006249996998802e+00
1.101458023956003451e+00
1.107705542153325728e+00
1.111992236519519839e+00
1.114617088040430692e+00
1.115773277739283253e+00
1.115653265471402866e+00
1.114433880583042491e+00
1.112232144336138040e+00
1.109209825745875566e+00
1.105453580292630855e+00
1.101082649153608095e+00
1.096185698376598960e+00
1.090832174077952965e+00
1.085122808755951240e+00
1.079114883691657978e+00
1.072875785972655205e+00
1.066480751276142946e+00
1.059977698360797138e+00
1.053428299271937263e+00
1.046890557327356586e+00
1.040404865357933195e+00
1.034021034451700904e+00
1.027788752679841711e+00
1.021740380654514890e+00
1.015910950597749496e+00
1.010345595862406576e+00
1.005069261212319986e+00
1.000103519404947239e+00
9.954772694714821846e-01
9.912156263771212394e-01
9.873261756270788059e-01
9.838116783699696333e-01
9.806828610369416888e-01
9.779430720668627064e-01
9.755881584295030828e-01
9.736056076718015984e-01
9.719857363620821866e-01
9.707199863985936927e-01
9.697962504117191296e-01
9.691999646633328025e-01
9.689096395442940990e-01
9.689017438127309756e-01
9.691559466637106324e-01
9.696514870353718507e-01
9.703675229406121261e-01
9.712829737763735150e-01
9.723773208775985388e-01
9.736305884488097862e-01
9.750236819698900881e-01
9.765379342230735560e-01
9.781550901579154633e-01
9.798575308753917357e-01
9.816287533340330995e-01
9.834536419716497502e-01
9.853185008765321662e-01
9.872112524470015860e-01
9.891215881544781485e-01
9.910405322713257137e-01
9.929597142176035396e-01
9.948712344747280278e-01
9.967675821744087505e-01
9.986417353860330692e-01
1.000486960027318073e+00
1.002297129103268958e+00
1.004066324612848282e+00
1.005788403163238254e+00
1.007458598587396281e+00
1.009073916571655793e+00
1.010632059929572168e+00
1.012130612462672552e+00
1.013566742852708424e+00
1.014938399157000903e+00
1.016244350875688207e+00
1.017482317274982506e+00
1.018649425315893309e+00
1.019743555507503174e+00
1.020762144504197222e+00
1.021703277031391854e+00
1.022566790202722897e+00
1.023352510420182160e+00
1.024060954381085908e+00
1.024692396627594038e+00
1.025247265755999670e+00
1.025726419689154234e+00
1.026130963969950294e+00
1.026462237356240870e+00
1.026722083233061023e+00
1.026913120638855759e+00
1.027037454083767898e+00
1.027097949422351775e+00
1.027097785960404241e+00
1.027040352984826876e+00
1.026930111200361706e+00
1.026772309150434825e+00
1.026572590525093087e+00
1.026337707465478477e+00
1.026075618903604880e+00
1.025794611944470081e+00
1.025503415374163563e+00
1.025211227743907605e+00
1.024927393363592509e+00
1.024661722501478689e+00
1.024424928132031676e+00
1.024228721889373972e+00
1.024085973759870205e+00
1.024010674072227678e+00
1.024017889000265580e+00
1.024124859927012743e+00
1.024353534190321824e+00
1.024734557985670813e+00
1.025314821983324354e+00
1.026174437262763028e+00
1.027469382530729058e+00
1.029552031387401811e+00
1.033396378840472751e+00
1.042647012950576269e+00
1.072815877733157786e+00
1.214858477654963576e+00
1.025740969368971189e+00
1.003154516298011334e+00
