9.444453196856322785e-01
9.510404525090593308e-01
9.572828776254619365e-01
9.645202904066327854e-01
9.714159805322919450e-01
9.793660159102260954e-01
9.876924583229823584e-01
9.971566758902111749e-01
1.007761074663937828e+00
1.019944457041884078e+00
1.033987676465270900e+00
1.050255305151540197e+00
1.069074843613624370e+00
1.090748592320082144e+00
1.115510892386615494e+00
1.143496023503563608e+00
1.174697267570000259e+00
1.208925427292790289e+00
1.245768403894208953e+00
1.284556278110538186e+00
1.324335919077803458e+00
1.363858771875289033e+00
1.401585150670071833e+00
1.435714544895706490e+00
1.464264559413259059e+00
1.485224465909113389e+00
1.496774027384735195e+00
1.497511639984751675e+00
1.486640751839885422e+00
1.464081333981405386e+00
1.430489262945535689e+00
1.387201086743619527e+00
1.336120769206871062e+00
1.279569345881329534e+00
1.220115258338214437e+00
1.160380906237245435e+00
1.102850773688015318e+00
1.049680002578452287e+00
1.002506146807092158e+00
9.623108908870644518e-01
9.293432008524599164e-01
9.031736549803119907e-01
8.828688061269300835e-01
8.672023474784269492e-01
8.548921995154108444e-01
8.447666297324760709e-01
8.358775001544797023e-01
8.275572090928073887e-01
8.193803566768130819e-01
8.111281863204026221e-01
8.027276903358790960e-01
7.942262408929745554e-01
7.857856894109509494e-01
7.776529240738441207e-01
7.701571710776320412e-01
7.636772124272261930e-01
7.586290991089569280e-01
7.554385252352842084e-01
7.545295386313191077e-01
7.563202406799356403e-01
7.611820435877081348e-01
7.694010059190176110e-01
7.810853746387560470e-01
7.960540841052538008e-01
8.137122775635804439e-01
8.330207907052736838e-01
8.526500447969610486e-01
8.713225572362771620e-01
8.881721531618840260e-01
9.028997821886129982e-01
9.156594778848188287e-01
9.267965728921172541e-01
9.366282659509469477e-01
9.453572107794734336e-01
9.530970827631349840e-01
9.599264413477149871e-01
9.659230889525962649e-01
9.711675884064310260e-01
9.757384515560776350e-01
9.797067330387451145e-01
9.831372000205989004e-01
9.860882880828297781e-01
9.886140466727948439e-01
9.907631570749623195e-01
9.925801031851025913e-01
9.941040947396241334e-01
9.953705542790414196e-01
9.964120614808832377e-01
9.972578725862247806e-01
9.979355254507705775e-01
9.984687501191241710e-01
9.988788609820409281e-01
9.991841888188572884e-01
9.994007226894076057e-01
9.995440864730495978e-01
9.996268605856916123e-01
9.996601378237742752e-01
9.996544700134483152e-01
9.996180703713870574e-01
9.995585508782173223e-01
9.994826289384872720e-01
9.993950765640413625e-01
9.993006245142741495e-01
9.992035810894298598e-01
9.991064217990358598e-01
9.990115710808855631e-01
9.989219301739716839e-01
9.988387941152108151e-01
9.987628216033781481e-01
9.986954794693920778e-01
9.986379479915717949e-01
9.985900415923858464e-01
9.985513992881019929e-01
9.985224208143534952e-01
9.985032874486918786e-01
9.984935997610091540e-01
9.984926499239825670e-01
9.985000603870058944e-01
9.985156790667107929e-01
9.985392453337350593e-01
9.985703843256727996e-01
9.986084352303736811e-01
9.986527076313397311e-01
9.987027451772459985e-01
9.987581123507573988e-01
9.988183480960480809e-01
9.988829819615114847e-01
9.989515630095282539e-01
9.990236567607728713e-01
9.990988499163827585e-01
9.991767249572093279e-01
9.992568526026148756e-01
9.993388018218406499e-01
9.994221608436886228e-01
9.995065474743567435e-01
9.995916087366468750e-01
9.996770320648670216e-01
9.997625564307540680e-01
9.998479535964012177e-01
9.999329958272071828e-01
1.000017452338907376e+00
1.000101090023543637e+00
1.000183678780836694e+00
1.000264984885516739e+00
1.000344787801401347e+00
1.000422859072133130e+00
1.000498941683111598e+00
1.000572832268268986e+00
1.000644405525399572e+00
1.000713560808674352e+00
1.000780180307907941e+00
1.000844118224137658e+00
1.000905265231037733e+00
1.000963550871441621e+00
1.001018847068870121e+00
1.001070992715032082e+00
1.001119862488601520e+00
1.001165305680395523e+00
1.001207201838633098e+00
1.001245518255260869e+00
1.001280222036347478e+00
1.001311313695525618e+00
1.001338782781083792e+00
1.001362627347598178e+00
1.001382869328097280e+00
1.001399544689388854e+00
1.001412702296231805e+00
1.001422419271876363e+00
1.001428813582651012e+00
1.001431978418058311e+00
1.001432046993042002e+00
1.001429170100585520e+00
1.001423509854183713e+00
1.001415284164618891e+00
1.001404751608186317e+00
1.001392190552974570e+00
1.001377936107897382e+00
1.001362384974224806e+00
1.001345950023670106e+00
1.001329066203449081e+00
1.001312192408317481e+00
1.001295795027285385e+00
1.001280364669955736e+00
1.001266439136508701e+00
1.001254609165524334e+00
1.001245527842573591e+00
1.001239910358497909e+00
1.001238533847461865e+00
1.001242296352540473e+00
1.001252350228899024e+00
1.001270312605028412e+00
1.001298661899899800e+00
1.001341625363106891e+00
1.001407387689064565e+00
1.001514192279605586e+00
1.001711490132158655e+00
1.002180838640960081e+00
1.003965994389804051e+00
1.014043540931242493e+00
1.002371939717202398e+00
9.985148302559521127e-01
