1.083337389091594716e+00
1.083767540251468153e+00
1.088181719970179984e+00
1.092581373437824244e+00
1.100941631839065238e+00
1.110215051407323683e+00
1.123585649766085659e+00
1.138929650179351771e+00
1.158670852945962171e+00
1.181554491171840082e+00
1.209224750603703713e+00
1.241184125341693090e+00
1.278188657518196214e+00
1.320273184864250604e+00
1.367098708341212721e+00
1.418843354779289800e+00
1.473939407919720113e+00
1.532321747577276794e+00
1.591911982209571974e+00
1.652705720786032506e+00
1.713803339689671468e+00
1.766162333710692645e+00
1.793821356334896144e+00
1.797940088260676417e+00
1.773108324225640686e+00
1.726474218238747360e+00
1.659036690941453118e+00
1.579368021870087624e+00
1.491346595291355381e+00
1.403110987108022734e+00
1.318555098670565195e+00
1.242437064352084786e+00
1.177178905476604420e+00
1.122710906191980662e+00
1.079021644830833626e+00
1.043603481081173845e+00
1.014265270067013835e+00
9.897027211939983804e-01
9.682418702170604297e-01
9.493751644581035487e-01
9.321994149162818877e-01
9.159834703665975519e-01
9.009205572763815395e-01
8.867544659111511463e-01
8.736465523898486740e-01
8.614181934375143568e-01
8.497956542943098102e-01
8.389959955968632199e-01
8.289142074139408400e-01
8.196699007738308396e-01
8.111426912045464066e-01
8.031845488051811977e-01
7.958564301422084153e-01
7.890648909429576197e-01
7.829147085485574920e-01
7.773837131261105426e-01
7.725427825856050479e-01
7.683991531157949861e-01
7.649565554041966031e-01
7.623863666520462878e-01
7.608231129402591719e-01
7.605675370740602181e-01
7.619080476820746517e-01
7.652464016477169562e-01
7.709923811854292319e-01
7.796126784936818765e-01
7.915627039374789620e-01
8.072340221506354441e-01
8.268321762541761544e-01
8.501246391111993983e-01
8.762028677160180745e-01
9.032835726513626096e-01
9.292243241119616526e-01
9.523734617262824553e-01
9.721815096275052692e-01
9.887341064388243117e-01
1.002480637316752299e+00
1.013797460399327388e+00
1.023088376575587599e+00
1.030594049992766825e+00
1.036585525818511266e+00
1.041214997827419442e+00
1.044682414373992119e+00
1.047101004317078088e+00
1.048625014314568560e+00
1.049350908703486684e+00
1.049380516387966811e+00
1.048819950567316583e+00
1.047734593723464336e+00
1.046230573820712717e+00
1.044360981419060641e+00
1.042202773084464296e+00
1.039813060765488073e+00
1.037232205681520192e+00
1.034527956871888144e+00
1.031732332593115364e+00
1.028883333523817889e+00
1.026026127368188101e+00
1.023182543953942591e+00
1.020383609405026037e+00
1.017657138531595118e+00
1.015015945599961444e+00
1.012479464772255477e+00
1.010066207785764059e+00
1.007781225991193130e+00
1.005632103591885818e+00
1.003632144288701289e+00
1.001782071651122319e+00
1.000080357119941921e+00
9.985314784023996415e-01
9.971379788340871686e-01
9.958934363279290380e-01
9.947907401392145355e-01
9.938282416420965992e-01
9.930021500517456357e-01
9.923055933427417097e-01
9.917295298150082816e-01
9.912674027958766620e-01
9.909141997798728285e-01
9.906642376795004035e-01
9.905114814156034120e-01
9.904479274673974043e-01
9.904654948782249946e-01
9.905579363404626303e-01
9.907192199182602854e-01
9.909433921678397761e-01
9.912245989145784808e-01
9.915572886495842564e-01
9.919361706143202673e-01
9.923562633897997642e-01
9.928126977462964353e-01
9.933006648117155279e-01
9.938154773081036009e-01
9.943527161064786846e-01
9.949083025319700457e-01
9.954784923978153843e-01
9.960599493615103217e-01
9.966498150381036814e-01
9.972455656194640916e-01
9.978447691451047818e-01
9.984450530406429047e-01
9.990440967910597658e-01
9.996396685114523617e-01
1.000229567042145495e+00
1.000811741655477816e+00
1.001384141000447592e+00
1.001944558834610755e+00
1.002491223009199128e+00
1.003022960286638510e+00
1.003538810375192769e+00
1.004037727460834528e+00
1.004518492012703268e+00
1.004980165519758328e+00
1.005422106966301410e+00
1.005843280924078709e+00
1.006242431250160996e+00
1.006618574243541397e+00
1.006970557294511570e+00
1.007297458388206834e+00
1.007598996074335451e+00
1.007874892776575493e+00
1.008125121242064992e+00
1.008349578324399198e+00
1.008548225896247486e+00
1.008721197815429349e+00
1.008868729808045872e+00
1.008991151599873071e+00
1.009088993471528140e+00
1.009163078756190934e+00
1.009214051836029746e+00
1.009242843524865707e+00
1.009250508451946304e+00
1.009238181665249146e+00
1.009207396155777703e+00
1.009159975052096536e+00
1.009097883083517111e+00
1.009023489892739267e+00
1.008939604493966691e+00
1.008849150106645221e+00
1.008755205586322701e+00
1.008661017024944595e+00
1.008569878452283852e+00
1.008485249382277127e+00
1.008410915818942488e+00
1.008351026474351597e+00
1.008310152824227313e+00
1.008293276466236676e+00
1.008305771691216712e+00
1.008353802234617458e+00
1.008445233916827055e+00
1.008591066072353160e+00
1.008808127215303330e+00
1.009125132856052209e+00
1.009597832655412475e+00
1.010351127204532906e+00
1.011727176163065733e+00
1.014995395811988832e+00
1.026804083987676197e+00
1.088006757493542365e+00
1.010648339623517078e+00
9.983530594144182091e-01
