9.931438055851286029e-01
9.932166821899753861e-01
9.925345979089886805e-01
9.929504234989042777e-01
9.924628672627748838e-01
9.929290814352368377e-01
9.932237291506282872e-01
9.942453881690308526e-01
9.957944284357097553e-01
9.982854789689601382e-01
1.001915496555006113e+00
1.007025691161279601e+00
1.013950959937948371e+00
1.023061209034973107e+00
1.034726934453440661e+00
1.049300431671334355e+00
1.067082648623419283e+00
1.088284646997899507e+00
1.112982758969626840e+00
1.141070848441927410e+00
1.172213613821812883e+00
1.205805805396805486e+00
1.240941293202072915e+00
1.276395630140905846e+00
1.310627301352855101e+00
1.341815023561236941e+00
1.367968275656390453e+00
1.387131290106402570e+00
1.397645076665184227e+00
1.398387809532301462e+00
1.388921003009605970e+00
1.369521646464482156e+00
1.341108784635734796e+00
1.305102081269078340e+00
1.263254956608248714e+00
1.217476869186516986e+00
1.169679358290538262e+00
1.121646278544089936e+00
1.074920365456404125e+00
1.030728476006631755e+00
9.899271106784041097e-01
9.530049827445301602e-01
9.201306432233921084e-01
8.912010340023760468e-01
8.659274823309678348e-01
8.439096757623383294e-01
8.247284869558696441e-01
8.080330617874293964e-01
7.935581468743938549e-01
7.811441497361016895e-01
7.707173455167625198e-01
7.622914759596202128e-01
7.559717884441482516e-01
7.519209368378506619e-01
7.503472942256521616e-01
7.514594585594293052e-01
7.554400883087667440e-01
7.623977577315103060e-01
7.723165358260734026e-01
7.849989767340294078e-01
7.999823148123257344e-01
8.165228425012963642e-01
8.336714180428159704e-01
8.504852062153243075e-01
8.662589495175824217e-01
8.806457119888815299e-01
8.936013588824752718e-01
9.052373605250713107e-01
9.156961739436407788e-01
9.250984553721043335e-01
9.335418751529184211e-01
9.411111685037795160e-01
9.478852716788650490e-01
9.539372533578889257e-01
9.593353635027206394e-01
9.641418460059968387e-01
9.684145303937280458e-01
9.722058992654324383e-01
9.755646989502749777e-01
9.785348828499670359e-01
9.811571191304886419e-01
9.834678618389263161e-01
9.855008586129445636e-01
9.872861732719204753e-01
9.888514763902651605e-01
9.902209272340694035e-01
9.914164116590709064e-01
9.924581134933423421e-01
9.933637781299194947e-01
9.941503597583444263e-01
9.948321472433603319e-01
9.954222998836235181e-01
9.959321688171118847e-01
9.963715414087626066e-01
9.967503270867985599e-01
9.970762632841435602e-01
9.973563292224791876e-01
9.975973554280990196e-01
9.978045531903437793e-01
9.979829379192299843e-01
9.981370385245307286e-01
9.982701802331105378e-01
9.983857259030162190e-01
9.984867764464065987e-01
9.985753886186604644e-01
9.986535881509924772e-01
9.987235974138894967e-01
9.987867624594224392e-01
9.988441212536903757e-01
9.988970323984779354e-01
9.989466525782804140e-01
9.989934961630824173e-01
9.990379788914692805e-01
9.990807974943959335e-01
9.991224885926397459e-01
9.991633240611959010e-01
9.992034168720492771e-01
9.992429845544912315e-01
9.992822977928876860e-01
9.993215510733517437e-01
9.993608749725257923e-01
9.994002619820110400e-01
9.994396725158064543e-01
9.994791409596909260e-01
9.995186883271455214e-01
9.995583097371776304e-01
9.995979817292741654e-01
9.996376747476410918e-01
9.996773527313583818e-01
9.997169763885689342e-01
9.997564941619371259e-01
9.997958403691882268e-01
9.998349398529540188e-01
9.998737168321729651e-01
9.999120995309490612e-01
9.999500206175245820e-01
9.999874221213163050e-01
1.000024260299232193e+00
1.000060498918491803e+00
1.000096097276367280e+00
1.000131009336113319e+00
1.000165184344048219e+00
1.000198569254588721e+00
1.000231106417514004e+00
1.000262740420233776e+00
1.000293410213713097e+00
1.000323041310802630e+00
1.000351577719432061e+00
1.000378991481684299e+00
1.000405262317721311e+00
1.000430361783175126e+00
1.000454249212695323e+00
1.000476896678241578e+00
1.000498290054223416e+00
1.000518391968511445e+00
1.000537151400454627e+00
1.000554530279444743e+00
1.000570479946568891e+00
1.000584962679828882e+00
1.000597973909731930e+00
1.000609508404318504e+00
1.000619573338643820e+00
1.000628171238796327e+00
1.000635307546435371e+00
1.000640996575930197e+00
1.000645257770713226e+00
1.000648115311474795e+00
1.000649604063157616e+00
1.000649774469874131e+00
1.000648667324037344e+00
1.000646338757058995e+00
1.000642851622042695e+00
1.000638273121268851e+00
1.000632691957230813e+00
1.000626212543166860e+00
1.000618947009904280e+00
1.000611029465774182e+00
1.000602617911044989e+00
1.000593876820015549e+00
1.000584979488856163e+00
1.000576108848404866e+00
1.000567451257514451e+00
1.000559203108509987e+00
1.000551579903734778e+00
1.000544818816492931e+00
1.000539182836137631e+00
1.000534961484901508e+00
1.000532472042262588e+00
1.000532084353198181e+00
1.000534275814976892e+00
1.000539719012771389e+00
1.000549447219070798e+00
1.000565223235557077e+00
1.000590453959036896e+00
1.000632717138441263e+00
1.000712517801200629e+00
1.000905085680785511e+00
1.001643243060499344e+00
1.005951479246621760e+00
1.001199563425244632e+00
9.990620442111508570e-01
