9.348035732916022411e-01
9.429922725965629304e-01
9.507308682605208894e-01
9.596859894718491324e-01
9.681595599281486164e-01
9.778570179724009881e-01
9.878802088709978113e-01
9.991171897282625780e-01
1.011495522946253445e+00
1.025476835578948975e+00
1.041315909098933234e+00
1.059365537264583379e+00
1.079929797546359316e+00
1.103284618006006301e+00
1.129631731718624410e+00
1.159067607472184402e+00
1.191542813862380479e+00
1.226821724481609088e+00
1.264443784731800413e+00
1.303690821207147632e+00
1.343564214510547972e+00
1.382775450298864506e+00
1.419753762675966646e+00
1.452682018109951345e+00
1.479585112707897165e+00
1.498492978676451370e+00
1.507660690878856347e+00
1.505788956757867725e+00
1.492199078334018214e+00
1.466933378453264991e+00
1.430766369789613357e+00
1.385144553131693046e+00
1.332069952978638838e+00
1.273946340558912427e+00
1.213404540234628293e+00
1.153102131646756234e+00
1.095524074342718812e+00
1.042785220014673886e+00
9.964406435479741253e-01
9.573541705143907565e-01
9.256377851022005165e-01
9.007291055313360051e-01
8.815883272881798183e-01
8.669226721333098684e-01
8.554243114403441428e-01
8.459274049139398066e-01
8.375082093062953259e-01
8.295301699514660010e-01
8.215971167936703123e-01
8.135125488354434387e-01
8.052163225807879021e-01
7.967585919709624376e-01
7.882946640631381952e-01
7.800576598810076145e-01
7.723586631405648939e-01
7.655575319068337325e-01
7.600541430845894064e-01
7.562639600650152838e-01
7.546095904001692833e-01
7.555193356010211359e-01
7.593908061763218198e-01
7.665596860672722057e-01
7.772177313085932848e-01
7.913089199989051803e-01
8.083937194076752375e-01
8.275713761440622873e-01
8.475588233804037808e-01
8.669825802378725577e-01
8.847675992139231171e-01
9.003940311128754148e-01
9.138812099447325421e-01
9.255545030502048132e-01
9.357839101468772292e-01
9.448345337431910407e-01
9.528552819815767627e-01
9.599324720259276855e-01
9.661410303797394183e-01
9.715605569846140765e-01
9.762726958427679902e-01
9.803529864226666612e-01
9.838700382188027005e-01
9.868853397868148081e-01
9.894556250686115106e-01
9.916320768159878618e-01
9.934614711984767199e-01
9.949850813185739939e-01
9.962401888098127989e-01
9.972610765808956890e-01
9.980785869129837895e-01
9.987217216077435289e-01
9.992155302539073025e-01
9.995824741257802737e-01
9.998418742041519369e-01
1.000010597223651265e+00
1.000105055371993013e+00
1.000138522865988255e+00
1.000122687994154269e+00
1.000068617400286408e+00
9.999849612269332555e-01
9.998796984499001006e-01
9.997598421381805878e-01
9.996303781875258698e-01
9.994962193995653443e-01
9.993618211413699548e-01
9.992297168167740828e-01
9.991023739970579243e-01
9.989827601424284831e-01
9.988721494810735013e-01
9.987711290571281708e-01
9.986811547441845072e-01
9.986033873141469952e-01
9.985375177124377055e-01
9.984830443338430506e-01
9.984402967463291700e-01
9.984093842851703426e-01
9.983897850400766938e-01
9.983806447615698465e-01
9.983814747269929013e-01
9.983920416847653634e-01
9.984120007910979311e-01
9.984408836167583123e-01
9.984779127422539480e-01
9.985222818565084868e-01
9.985734449133120139e-01
9.986308838330193449e-01
9.986940554361783962e-01
9.987624090533049337e-01
9.988354181582979052e-01
9.989125769695279544e-01
9.989934052845622636e-01
9.990774203921892749e-01
9.991641285222269131e-01
9.992530357425040144e-01
9.993436709821229558e-01
9.994355972950563771e-01
9.995284113675970694e-01
9.996217557395556952e-01
9.997153309461276338e-01
9.998088747421620681e-01
9.999021264062654124e-01
9.999948226964240350e-01
1.000086698593529944e+00
1.000177493098512116e+00
1.000266941889663919e+00
1.000354795768030547e+00
1.000440797329418707e+00
1.000524658202089245e+00
1.000606149628530339e+00
1.000685129378690474e+00
1.000761482803404157e+00
1.000835076635811838e+00
1.000905747042347471e+00
1.000973370680939389e+00
1.001037867309720442e+00
1.001099093363613912e+00
1.001156869034654617e+00
1.001211054141520007e+00
1.001261480683558247e+00
1.001308014179090433e+00
1.001350617040957625e+00
1.001389251608395536e+00
1.001423917145136899e+00
1.001454600907744297e+00
1.001481299600756936e+00
1.001504036323981550e+00
1.001522849706252494e+00
1.001537792642997582e+00
1.001548949231229058e+00
1.001556448634580931e+00
1.001560392713005232e+00
1.001560927476282892e+00
1.001558218327388117e+00
1.001552443154238192e+00
1.001543841375378996e+00
1.001532697246078296e+00
1.001519316829651896e+00
1.001504068740538766e+00
1.001487389486443558e+00
1.001469733361054937e+00
1.001451578941193077e+00
1.001433431133493590e+00
1.001415803003590232e+00
1.001399234189822796e+00
1.001384316189801726e+00
1.001371698629939910e+00
1.001362099536983852e+00
1.001356304909643447e+00
1.001355168284512320e+00
1.001359675351058520e+00
1.001371090361935057e+00
1.001391186939483813e+00
1.001422682845746648e+00
1.001470213454101810e+00
1.001542754814722436e+00
1.001660317132078148e+00
1.001877145945306191e+00
1.002392400897421432e+00
1.004350821535324290e+00
1.015368029206042744e+00
1.002549259844809582e+00
9.984495932466624923e-01
