9.836057879354382916e-01
9.841165549651771371e-01
9.854574056814746630e-01
9.858144386875200560e-01
9.873882473358258638e-01
9.884804400726401319e-01
9.905272431173102188e-01
9.929640746041022981e-01
9.964367654786230322e-01
1.001044253832275244e+00
1.007189968967709515e+00
1.015200651192466941e+00
1.025463078129198902e+00
1.038353085725612690e+00
1.054229741492284322e+00
1.073399355901815788e+00
1.096079761897497340e+00
1.122357018808319618e+00
1.152139361810730511e+00
1.185111415938905344e+00
1.220693411981948806e+00
1.258010154171123940e+00
1.295873215014934132e+00
1.332780544964575986e+00
1.366943345336789628e+00
1.396365921906795649e+00
1.419010768771702624e+00
1.433035362046588990e+00
1.437039179823299540e+00
1.430253207138554306e+00
1.412626371625102406e+00
1.384811627822185365e+00
1.348070500483400602e+00
1.304130243202428652e+00
1.255025800958742943e+00
1.202931236774061885e+00
1.150007908974998827e+00
1.098264881319338526e+00
1.049422276052601966e+00
1.004802904208309533e+00
9.652414760073834143e-01
9.310639329580026047e-01
9.021381325541556473e-01
8.779557809161084858e-01
8.577768841704408453e-01
8.407668558817775750e-01
8.261378998265338502e-01
8.132614080223671271e-01
8.016872635872802633e-01
7.911524079628162731e-01
7.815452208445891058e-01
7.728915595915081260e-01
7.653480857836100215e-01
7.591624724680176017e-01
7.546580277630035027e-01
7.521865814477307621e-01
7.521044620553271054e-01
7.547333635811903640e-01
7.603302024912411694e-01
7.690517716092742928e-01
7.808673112878040667e-01
7.954733037258724382e-01
8.122087181637062114e-01
8.300850225400159266e-01
8.479703333788445319e-01
8.648939213050801378e-01
8.802861038775843250e-01
8.940093923120044916e-01
9.062005774913134415e-01
9.170733032376244820e-01
9.268048302058360388e-01
9.355169132826707257e-01
9.433012737125059388e-01
9.502392719534782373e-01
9.564092895164071351e-01
9.618844391639158609e-01
9.667327577130818694e-01
9.710160366789591935e-01
9.747916360402888447e-01
9.781115159669258041e-01
9.810237692669188103e-01
9.835717051021455326e-01
9.857953823223131185e-01
9.877306345500658225e-01
9.894103377369243280e-01
9.908632954355752753e-01
9.921155627754696393e-01
9.931911402467108463e-01
9.941113061783495297e-01
9.948962566753194459e-01
9.955631518483879505e-01
9.961276334705662094e-01
9.966031678492636159e-01
9.970014174226987658e-01
9.973340646978291479e-01
9.976103014166186611e-01
9.978383398154334616e-01
9.980261730426367439e-01
9.981799076282467098e-01
9.983053582466523412e-01
9.984077506145259129e-01
9.984908459615018383e-01
9.985584506345727140e-01
9.986140739393122301e-01
9.986599152633017784e-01
9.986981529562132254e-01
9.987312622857489330e-01
9.987606039281834436e-01
9.987871405630648347e-01
9.988123058774446283e-01
9.988373005691140172e-01
9.988624722642852616e-01
9.988880537070304877e-01
9.989146948489768807e-01
9.989428599913457996e-01
9.989726624750692174e-01
9.990040150845502787e-01
9.990369968536919609e-01
9.990717836219373815e-01
9.991084634331244274e-01
9.991470476433066406e-01
9.991873680873051278e-01
9.992292244531144618e-01
9.992725329731143580e-01
9.993172037300945831e-01
9.993631203200401547e-01
9.994101495052799544e-01
9.994581581074336585e-01
9.995070118200625187e-01
9.995565790230732661e-01
9.996067173837449582e-01
9.996572705729162012e-01
9.997080743616065801e-01
9.997589687267404157e-01
9.998098040060533487e-01
9.998604411365306088e-01
9.999107582687806195e-01
9.999606573318897684e-01
1.000010054158341877e+00
1.000058861149841327e+00
1.000106985751283650e+00
1.000154331104532668e+00
1.000200799270010155e+00
1.000246287764096520e+00
1.000290699082918788e+00
1.000333929335127658e+00
1.000375857024615289e+00
1.000416388328557282e+00
1.000455470568244909e+00
1.000493063118907289e+00
1.000529114726709468e+00
1.000563557656270364e+00
1.000596343118288711e+00
1.000627442699833169e+00
1.000656795577658409e+00
1.000684322100074519e+00
1.000709961573477802e+00
1.000733638740007203e+00
1.000755294349323643e+00
1.000774916721443031e+00
1.000792493596928789e+00
1.000808030667909465e+00
1.000821527282539369e+00
1.000832987170276800e+00
1.000842426891614290e+00
1.000849870481622217e+00
1.000855348864175820e+00
1.000858908291475835e+00
1.000860617280743048e+00
1.000860530688602035e+00
1.000858725247662173e+00
1.000855287285373318e+00
1.000850309324765597e+00
1.000843914470627372e+00
1.000836248147515262e+00
1.000827466698591239e+00
1.000817757652916917e+00
1.000807342418959855e+00
1.000796451456882563e+00
1.000785327572328853e+00
1.000774227013887296e+00
1.000763410560463695e+00
1.000753152814309654e+00
1.000743754967004628e+00
1.000735548222067228e+00
1.000728899360850521e+00
1.000724211247834949e+00
1.000721923753453035e+00
1.000722547708887467e+00
1.000726740829479988e+00
1.000735428190015597e+00
1.000750029512335049e+00
1.000772966660834484e+00
1.000808923980229359e+00
1.000868330314287791e+00
1.000979427969272084e+00
1.001245875731533674e+00
1.002263993630152061e+00
1.008134157289730437e+00
1.001537371808769006e+00
9.988791447509620669e-01
