9.958107554114666859e-01
9.956169917813627590e-01
9.949517117931716559e-01
9.949701134391112367e-01
9.944413398144316130e-01
9.945339872718360619e-01
9.945743334975279959e-01
9.951536013515028811e-01
9.961932300953598718e-01
9.980089792320521180e-01
1.000796494782847823e+00
1.004856864153699014e+00
1.010503333950937499e+00
1.018085651830748839e+00
1.027965509444173087e+00
1.040499248846391556e+00
1.056008802799970114e+00
1.074746193159181740e+00
1.096851144662303934e+00
1.122304504835659245e+00
1.150881010103140145e+00
1.182105969489222863e+00
1.215219713110196276e+00
1.249153155742298349e+00
1.282517902466163928e+00
1.313623924970961587e+00
1.340559871140667658e+00
1.361368659139990056e+00
1.374303973991696237e+00
1.378091667741112136e+00
1.372109924995471797e+00
1.356452534572644364e+00
1.331873551142152223e+00
1.299649698660412911e+00
1.261408289701076990e+00
1.218941490237809511e+00
1.174046741806141103e+00
1.128397081859844775e+00
1.083434710664874734e+00
1.040309559540708806e+00
9.998418578428043269e-01
9.625398102426828695e-01
9.286550005535046948e-01
8.982276602172758473e-01
8.711565304598649639e-01
8.472482569278616538e-01
8.262835486372012150e-01
8.080819242483763265e-01
7.925059669541492102e-01
7.794769303433408680e-01
7.689572341762486163e-01
7.609580175873486008e-01
7.555495969096721609e-01
7.528331779480297303e-01
7.529334777659661970e-01
7.559555722382400589e-01
7.619566591234240294e-01
7.708925054484637718e-01
7.825614269156020431e-01
7.965555535619932570e-01
8.122185709794192965e-01
8.287065901885812824e-01
8.451370414041218249e-01
8.607968321844308157e-01
8.752693953408213767e-01
8.884250014545231888e-01
9.003086807781578438e-01
9.110271556879482313e-01
9.206879815647592835e-01
9.293848193015147308e-01
9.372016818268158467e-01
9.442159291061088533e-01
9.505003135241256729e-01
9.561218470173840078e-01
9.611430713458271047e-01
9.656210138563008361e-01
9.696087093115500766e-01
9.731542168550945116e-01
9.763021911147486964e-01
9.790928168488703953e-01
9.815632968722423080e-01
9.837469087763014430e-01
9.856744902293756994e-01
9.873734550334017923e-01
9.888690890550033696e-01
9.901834342811020040e-01
9.913364793356628235e-01
9.923466737128466830e-01
9.932301702246139063e-01
9.940024606381177019e-01
9.946765498303712372e-01
9.952644776003762850e-01
9.957766412169981596e-01
9.962219902155639017e-01
9.966096202346176325e-01
9.969466197913401384e-01
9.972394128467808594e-01
9.974942903210707312e-01
9.977160614695302909e-01
9.979093708752961867e-01
9.980784176966670529e-01
9.982263210355496463e-01
9.983562269199032224e-01
9.984710342118114923e-01
9.985727175423326774e-01
9.986632136408157834e-01
9.987446127515409167e-01
9.988182340113714863e-01
9.988851244174936639e-01
9.989465901888450183e-01
9.990037510588439806e-01
9.990571711751822237e-01
9.991073223566836470e-01
9.991549036656149907e-01
9.992004670691020385e-01
9.992443342838883691e-01
9.992866854392982168e-01
9.993277815353337479e-01
9.993679208100211264e-01
9.994073309300949282e-01
9.994461809386405715e-01
9.994845187561526290e-01
9.995223607825606260e-01
9.995597812143135474e-01
9.995968387743763284e-01
9.996335669456978268e-01
9.996699803632356218e-01
9.997060855516254341e-01
9.997418808102119803e-01
9.997773592262573228e-01
9.998125013197044497e-01
9.998472737027859214e-01
9.998816331489972509e-01
9.999155341628689353e-01
9.999489330010551402e-01
9.999817881752004478e-01
1.000014064694027871e+00
1.000045738254012884e+00
1.000076789731568994e+00
1.000107195264578586e+00
1.000136925627799878e+00
1.000165946827525465e+00
1.000194222206715500e+00
1.000221710573339751e+00
1.000248371990768437e+00
1.000274161250234828e+00
1.000299021391449328e+00
1.000322910455507586e+00
1.000345809498622396e+00
1.000367705613307789e+00
1.000388578725723621e+00
1.000408398233116669e+00
1.000427143901887250e+00
1.000444806786639607e+00
1.000461358276148127e+00
1.000476758143274969e+00
1.000490976805737287e+00
1.000503975657818234e+00
1.000515725087040453e+00
1.000526223065626441e+00
1.000535466889161729e+00
1.000543464123879067e+00
1.000550218355652943e+00
1.000555735527583145e+00
1.000560028930641332e+00
1.000563116083554860e+00
1.000565018414800500e+00
1.000565766243236787e+00
1.000565402880202903e+00
1.000563963541436063e+00
1.000561496250558680e+00
1.000558054640971140e+00
1.000553695980070712e+00
1.000548495516679237e+00
1.000542541648595574e+00
1.000535929248504097e+00
1.000528771595831312e+00
1.000521201988172404e+00
1.000513359191972151e+00
1.000505389421827207e+00
1.000497447040487931e+00
1.000489689396955484e+00
1.000482282386194743e+00
1.000475408090012230e+00
1.000469266994501449e+00
1.000464081570141550e+00
1.000460097048040398e+00
1.000457582725489125e+00
1.000456853173010918e+00
1.000458315010951837e+00
1.000462541642027636e+00
1.000470414462370394e+00
1.000483437245631713e+00
1.000504514994246641e+00
1.000540105736461127e+00
1.000607676677813140e+00
1.000771296059206561e+00
1.001399570731415833e+00
1.005088274529547521e+00
1.001057142302025804e+00
9.991484816929960822e-01
