9.822939911102177568e-01
9.828089059948638129e-01
9.846091512444882232e-01
9.848139641984111625e-01
9.868376724295740976e-01
9.879438034425865878e-01
9.903031607078358611e-01
9.929169370455909194e-01
9.966653168889858527e-01
1.001544280236700946e+00
1.008005954566724371e+00
1.016362796672602098e+00
1.027008732905329902e+00
1.040316842478443693e+00
1.056643157222574514e+00
1.076287028281552205e+00
1.099455889731570268e+00
1.126221539978618846e+00
1.156474239623898503e+00
1.189877347630001525e+00
1.225827330997788067e+00
1.263423831489910221e+00
1.301453200304399038e+00
1.338389789967837196e+00
1.372425435173288744e+00
1.401553550648490853e+00
1.423738843632926576e+00
1.437155669216878318e+00
1.440432423513501314e+00
1.432836147050089659e+00
1.414354056431735618e+00
1.385676278581924104e+00
1.348099019876074500e+00
1.303381730807962047e+00
1.253589487828201676e+00
1.200924456178222854e+00
1.147573218318232557e+00
1.095565161415918087e+00
1.046632730871424277e+00
1.002099523948190685e+00
9.627866459453671144e-01
9.289916535546716148e-01
9.005423439639352878e-01
8.768847110415026735e-01
8.572346108144045518e-01
8.407205803415487289e-01
8.265278453751169208e-01
8.140105160719964816e-01
8.027089180296178572e-01
7.923558106835345560e-01
7.828389083039576368e-01
7.741856415780933309e-01
7.665559226565225037e-01
7.602023785113443122e-01
7.554551242080332907e-01
7.526748828905422961e-01
7.522291999356224279e-01
7.544538893080392494e-01
7.596244926024431354e-01
7.679235628184658546e-01
7.793559782739156727e-01
7.936634905318228350e-01
8.102312905723577652e-01
8.280987320910132565e-01
8.461228551684376598e-01
8.632807152602285372e-01
8.789339847240340564e-01
8.928936735924614121e-01
9.052781383182902930e-01
9.163071798795292544e-01
9.261708830462703768e-01
9.349992888715304984e-01
9.428868684754838636e-01
9.499155208047099785e-01
9.561642526645832696e-01
9.617072188606209382e-01
9.666135703634772813e-01
9.709461026055949961e-01
9.747630800432658393e-01
9.781173008605613672e-01
9.810576386258839099e-01
9.836281258535187755e-01
9.858694881285702261e-01
9.878181691120708763e-01
9.895075956561052433e-01
9.909670641018183401e-01
9.922230724417131498e-01
9.933000267359847202e-01
9.942195819098216258e-01
9.950022798587890849e-01
9.956655883496956516e-01
9.962254143103724813e-01
9.966954502978457864e-01
9.970875601143476263e-01
9.974136133119075875e-01
9.976829582125806839e-01
9.979039394940115715e-01
9.980846721261109611e-01
9.982313591143530118e-01
9.983498993984049052e-01
9.984455908666053370e-01
9.985222408437751662e-01
9.985837008824569594e-01
9.986335212469533706e-01
9.986739148044446734e-01
9.987070737067006432e-01
9.987354974247477646e-01
9.987605457802781750e-01
9.987831702949220292e-01
9.988048099967051785e-01
9.988266678933461762e-01
9.988490704859769309e-01
9.988722273658511286e-01
9.988967807667303855e-01
9.989231848955545390e-01
9.989515331514402519e-01
9.989817137078137455e-01
9.990137881020695332e-01
9.990479198872727062e-01
9.990841836628574502e-01
9.991225758655525313e-01
9.991629087492364114e-01
9.992049624782858297e-01
9.992486387219028376e-01
9.992938339524737312e-01
9.993404181422925747e-01
9.993882446873172398e-01
9.994371678065459008e-01
9.994870412663710013e-01
9.995377222485031243e-01
9.995890574445734922e-01
9.996408796018420029e-01
9.996930137852209075e-01
9.997452898578645941e-01
9.997975488112066378e-01
9.998496429786498663e-01
9.999014428444130687e-01
9.999528438027844857e-01
1.000003755914586234e+00
1.000054085949956928e+00
1.000103735782563952e+00
1.000152603046742250e+00
1.000200584449759900e+00
1.000247572175597455e+00
1.000293463717605746e+00
1.000338150104995938e+00
1.000381504289621581e+00
1.000423427970812629e+00
1.000463865522523976e+00
1.000502773888526153e+00
1.000540099103571112e+00
1.000575770232452699e+00
1.000609736011940365e+00
1.000641966322693088e+00
1.000672397576021000e+00
1.000700946757240306e+00
1.000727550510012165e+00
1.000752130456092237e+00
1.000774624816296976e+00
1.000795021057575562e+00
1.000813306079853637e+00
1.000829485379516326e+00
1.000843557913947857e+00
1.000855527193146521e+00
1.000865410018690893e+00
1.000873230939907321e+00
1.000879021645393552e+00
1.000882829691740250e+00
1.000884725676843390e+00
1.000884766073142140e+00
1.000883029987784223e+00
1.000879606456317461e+00
1.000874590924148322e+00
1.000868110472306727e+00
1.000860315268406575e+00
1.000851366769821116e+00
1.000841458688067620e+00
1.000830819772582370e+00
1.000819688122803308e+00
1.000808314591409509e+00
1.000796963914504678e+00
1.000785905484441018e+00
1.000775422954129468e+00
1.000765827430343036e+00
1.000757460994967207e+00
1.000750702433777395e+00
1.000745967714015583e+00
1.000743710867313396e+00
1.000744458998069852e+00
1.000748890623120113e+00
1.000757959933533003e+00
1.000773131205025868e+00
1.000796902283281442e+00
1.000834104808524083e+00
1.000895496423112485e+00
1.001010211808673889e+00
1.001285188400396375e+00
1.002335595360484888e+00
1.008384751679714419e+00
1.001574726055049602e+00
9.988604533028589971e-01
