1.237458527554635479e+00
1.237881552889782633e+00
1.242652311248364505e+00
1.246989920887727310e+00
1.256036156042745100e+00
1.265085119790216650e+00
1.279311438779850763e+00
1.294001794113727177e+00
1.314457086830617794e+00
1.335783904359043595e+00
1.363535632065348224e+00
1.392332650643011149e+00
1.428127756328937181e+00
1.464571120004909854e+00
1.508193489328034431e+00
1.551028231006990499e+00
1.600567376593404312e+00
1.646682547214603609e+00
1.699018419503022903e+00
1.744943657870355436e+00
1.794757129789002148e+00
1.821078201481159509e+00
1.832938508447990777e+00
1.815030612610423200e+00
1.778440166079448215e+00
1.718366966602087764e+00
1.645185775328245281e+00
1.560476082399297582e+00
1.472314284978952559e+00
1.385114299240690627e+00
1.303896909074596655e+00
1.231390417422231431e+00
1.169843561313325120e+00
1.118337407120460814e+00
1.076816482915073259e+00
1.042788873883022882e+00
1.014232755059657043e+00
9.900514088350246267e-01
9.686989500366982586e-01
9.498167223668416703e-01
9.325596228649418729e-01
9.162161201805436583e-01
9.010419755228645800e-01
8.867773594295327300e-01
8.736092747856707419e-01
8.613471628488343912e-01
8.496940537296958640e-01
8.388861011776992394e-01
8.288068741341381163e-01
8.195883951845511772e-01
8.111022917031366353e-01
8.031910060398343987e-01
7.959239704882411504e-01
7.891996905105720383e-01
7.831303320059297413e-01
7.776846372756762715e-01
7.729271426414863200e-01
7.688452941733724399e-01
7.654126021900067300e-01
7.627744459267151722e-01
7.610239487232357547e-01
7.604267841010943219e-01
7.612271366957051866e-01
7.637911197978427547e-01
7.684952786769105870e-01
7.757911106335837470e-01
7.861466921529293161e-01
8.000271256881117399e-01
8.178284448676578222e-01
8.397091407751622327e-01
8.654194575179697813e-01
8.939860542891406858e-01
9.237518127655979239e-01
9.526452202844466477e-01
9.790368916355571827e-01
1.001979677418833425e+00
1.021325606292785793e+00
1.037225531620507457e+00
1.050124662220647709e+00
1.060375192014069601e+00
1.068408250563695150e+00
1.074486727899584881e+00
1.078923506894237550e+00
1.081894958037076915e+00
1.083621448528157005e+00
1.084238862731256248e+00
1.083886941793677172e+00
1.082704748708562814e+00
1.080779447835438889e+00
1.078248114203102181e+00
1.075180171930951945e+00
1.071677293666797537e+00
1.067815276180264172e+00
1.063650471016936327e+00
1.059272313406350419e+00
1.054727054885408633e+00
1.050070078705989562e+00
1.045364988210791601e+00
1.040647376629069809e+00
1.035965260148710376e+00
1.031362462460828411e+00
1.026864433730011461e+00
1.022504971517784966e+00
1.018316701484474729e+00
1.014314827273038011e+00
1.010517134256825322e+00
1.006949186650860639e+00
1.003618740621902594e+00
1.000530138783804146e+00
9.976949858409522864e-01
9.951217420394764535e-01
9.928051864794765757e-01
9.907378714854621071e-01
9.889197412501989914e-01
9.873466396963009872e-01
9.860094132613805851e-01
9.848945594289055805e-01
9.839919192940100867e-01
9.832933497898931341e-01
9.827892604282429945e-01
9.824692186763623880e-01
9.823191140971961888e-01
9.823243603922696687e-01
9.824732073243759300e-01
9.827541215017817633e-01
9.831557054361707015e-01
9.836666607185330369e-01
9.842761789305860542e-01
9.849738844421512818e-01
9.857499553990706209e-01
9.865947931701306572e-01
9.874989535840564825e-01
9.884532611796928991e-01
9.894490785352170192e-01
9.904784477949352128e-01
9.915340912632940595e-01
9.926095394634502078e-01
9.936992457524926881e-01
9.947983287213264525e-01
9.959021368329179502e-01
9.970061830653886847e-01
9.981061198064702378e-01
9.991978042356453038e-01
1.000277189003720091e+00
1.001340530488601832e+00
1.002384129831282333e+00
1.003404061760400312e+00
1.004397202051886095e+00
1.005361503845437987e+00
1.006295320209297461e+00
1.007196883456277003e+00
1.008064138695670575e+00
1.008895527146278503e+00
1.009690014616658305e+00
1.010445887318521363e+00
1.011161051277135181e+00
1.011833893260763118e+00
1.012462511764284701e+00
1.013045414868156247e+00
1.013582232511411441e+00
1.014072598848984708e+00
1.014516588783571205e+00
1.014914138637479590e+00
1.015265294530119933e+00
1.015570395192208375e+00
1.015829951520250907e+00
1.016044634235022448e+00
1.016215455279551483e+00
1.016343933288723633e+00
1.016431269040315444e+00
1.016479158985535758e+00
1.016489510314515066e+00
1.016464368474656155e+00
1.016406470095348125e+00
1.016319057075495635e+00
1.016205620106953589e+00
1.016070356897948779e+00
1.015918233127298009e+00
1.015754416853039910e+00
1.015584350825134985e+00
1.015413771806682464e+00
1.015248502639617412e+00
1.015094657094347985e+00
1.014958919992908770e+00
1.014848609421684422e+00
1.014771780090554687e+00
1.014737199777647980e+00
1.014754318560079582e+00
1.014833963058385802e+00
1.014989934691975293e+00
1.015241520888880311e+00
1.015618229552409435e+00
1.016170432991980732e+00
1.016996027869452979e+00
1.018314985539548578e+00
1.020733042147992320e+00
1.026506995597769700e+00
1.046557218166050962e+00
1.146084866019570825e+00
1.017142808942304466e+00
9.998294390284701016e-01
