1.000000000000000000e+00
9.999960161941868764e-01
9.999824250166414741e-01
9.999593221156223288e-01
9.999309891302625708e-01
9.999072275254783371e-01
9.999051041972957243e-01
9.999512329511045516e-01
1.000084696788028360e+00
1.000360763109360285e+00
1.000855298459623066e+00
1.001669942325494000e+00
1.002937336705111315e+00
1.004825660832315171e+00
1.007541886811388787e+00
1.011328512104916033e+00
1.016461196793207566e+00
1.023222041990244913e+00
1.031876399428702351e+00
1.042641955723804470e+00
1.055613800191493867e+00
1.070768668317646721e+00
1.087844211655917270e+00
1.106376021167536861e+00
1.125831349003017179e+00
1.145477966138237047e+00
1.164644377999839664e+00
1.182274184393029337e+00
1.196752377939791279e+00
1.206495916433094395e+00
1.209961417644577208e+00
1.206633410116080496e+00
1.196864441112982957e+00
1.181447881693703295e+00
1.161613999450155532e+00
1.138413947132431048e+00
1.112825525356261114e+00
1.085843446447692706e+00
1.058209059083542014e+00
1.030672904189698258e+00
1.003747653140227625e+00
9.778435140057436525e-01
9.534820589582958528e-01
9.310154463258412116e-01
9.108171750165917624e-01
8.931205719010374411e-01
8.780797106014138764e-01
8.658864815661306835e-01
8.565938656522105177e-01
8.502214032747759109e-01
8.466698645583469185e-01
8.457622665976424203e-01
8.472913474357571806e-01
8.509538341429718766e-01
8.564208100540301460e-01
8.632960013587055448e-01
8.711789619104216564e-01
8.796702365952476788e-01
8.884066875168075139e-01
8.971237588453386813e-01
9.056061085363705798e-01
9.137295511611099874e-01
9.214018520776728893e-01
9.285840574942576531e-01
9.352533132096694235e-01
9.414126011739679667e-01
9.470729163689574071e-01
9.522551489126972468e-01
9.569847136379208141e-01
9.612886538481054677e-01
9.651971240145821307e-01
9.687379484919361738e-01
9.719411548940173340e-01
9.748328468809227543e-01
9.774407674698637472e-01
9.797883369727442560e-01
9.819000824796175753e-01
9.837964212350398530e-01
9.854985600500798526e-01
9.870240072202380865e-01
9.883906961037508543e-01
9.896134104787750463e-01
9.907071862253713501e-01
9.916843886641579786e-01
9.925574573356729102e-01
9.933366537831525012e-01
9.940316036387569776e-01
9.946514142725866314e-01
9.952035591955679106e-01
9.956958686331360830e-01
9.961344129734787112e-01
9.965252479009903963e-01
9.968735438910700797e-01
9.971836712237120981e-01
9.974603047596626304e-01
9.977069418692678937e-01
9.979268885230645481e-01
9.981233953125471237e-01
9.982989360745937457e-01
9.984559694899226567e-01
9.985967174127131640e-01
9.987229006588544955e-01
9.988362466764542091e-01
9.989383394708152286e-01
9.990303610689823532e-01
9.991134565908383891e-01
9.991887949134568014e-01
9.992572171983495899e-01
9.993194469431700977e-01
9.993762698799016908e-01
9.994283745281523634e-01
9.994762316164504945e-01
9.995202601354314931e-01
9.995609352352242682e-01
9.995986570417352279e-01
9.996337320409283134e-01
9.996664020278983598e-01
9.996969207220198772e-01
9.997255386578144387e-01
9.997524689873094061e-01
9.997778944844637472e-01
9.998019465320040489e-01
9.998247361714771575e-01
9.998463844563441061e-01
9.998669983570821485e-01
9.998866689452825529e-01
9.999054740694208743e-01
9.999234824920210096e-01
9.999407543559475364e-01
9.999573427409559345e-01
9.999732917035688562e-01
9.999886362940673123e-01
1.000003404270628726e+00
1.000017618925868490e+00
1.000031300720529259e+00
1.000044467740217380e+00
1.000057137355389703e+00
1.000069327844067324e+00
1.000081056829610349e+00
1.000092338261343805e+00
1.000103182416388403e+00
1.000113596263027871e+00
1.000123584310345759e+00
1.000133148134429995e+00
1.000142288408324420e+00
1.000151002897027075e+00
1.000159284445589769e+00
1.000167129798406496e+00
1.000174542290436008e+00
1.000181526406514809e+00
1.000188083572830289e+00
1.000194211126406607e+00
1.000199909181098246e+00
1.000205180986247555e+00
1.000210022902015883e+00
1.000214427071820067e+00
1.000218388712343476e+00
1.000221899741888798e+00
1.000224954683637701e+00
1.000227556750531210e+00
1.000229708674147400e+00
1.000231416306048171e+00
1.000232684002226868e+00
1.000233516712086157e+00
1.000233921623706390e+00
1.000233907169845171e+00
1.000233482944833163e+00
1.000232661343174234e+00
1.000231458913952709e+00
1.000229889515884318e+00
1.000227971137008343e+00
1.000225723567795377e+00
1.000223167775318611e+00
1.000220330587487494e+00
1.000217243138292300e+00
1.000213938715810436e+00
1.000210456664087033e+00
1.000206842930787321e+00
1.000203145362964730e+00
1.000199414385836594e+00
1.000195703274395553e+00
1.000192066532597401e+00
1.000188561781108154e+00
1.000185252354304888e+00
1.000182208184414501e+00
1.000179507210406715e+00
1.000177236008152448e+00
1.000175490817606594e+00
1.000174385436979563e+00
1.000174068158482088e+00
1.000174749209460590e+00
1.000176752771555488e+00
1.000180632108406131e+00
1.000187453344445032e+00
1.000199579446843900e+00
1.000223384804544535e+00
1.000282213812478727e+00
1.000510326785613024e+00
1.001882229537554680e+00
1.000436653265490916e+00
9.996138087260408867e-01
