1.000000000000000000e+00
9.999971201005035670e-01
9.999873209518014283e-01
9.999707707976852600e-01
9.999507583472924122e-01
9.999346725454808515e-01
9.999352708738139528e-01
9.999723156425019965e-01
1.000074642483283371e+00
1.000282760957436068e+00
1.000651922024638152e+00
1.001255715233060783e+00
1.002189744603379395e+00
1.003574927689341312e+00
1.005560098042302286e+00
1.008320247467211495e+00
1.012055761825452205e+00
1.016974580480409562e+00
1.023277251829038059e+00
1.031136799713533669e+00
1.040647098590033792e+00
1.051826154012203807e+00
1.064524548200565857e+00
1.078438273759754207e+00
1.093179985634924023e+00
1.108169674092246426e+00
1.122832608132348087e+00
1.136358001448031896e+00
1.147651188245386367e+00
1.155693784960181603e+00
1.159331047395718794e+00
1.157964955422035036e+00
1.151580599839119978e+00
1.140546665623281442e+00
1.125714038337150003e+00
1.107868970682246212e+00
1.087813298490677871e+00
1.066413068198648340e+00
1.044341745414250955e+00
1.022291502971266253e+00
1.000758384087772512e+00
9.801429877290920301e-01
9.609189839206440098e-01
9.434024146310406866e-01
9.279027113408928606e-01
9.145985495709121338e-01
9.035813378074851743e-01
8.949598264755203036e-01
8.887176759280637217e-01
8.848058014214110756e-01
8.830723900744262833e-01
8.832997316645674335e-01
8.852583077783028331e-01
8.886523496815427192e-01
8.931990016723790893e-01
8.985897586981450580e-01
9.045494182716991016e-01
9.108225299138249520e-01
9.171886844661907290e-01
9.235003941727112364e-01
9.296301240926148068e-01
9.355078188031109576e-01
9.410746715788294026e-01
9.463055979095027492e-01
9.511828461342467511e-01
9.557060306450800846e-01
9.598797482748939736e-01
9.637158696872681896e-01
9.672297873931208212e-01
9.704385721655740538e-01
9.733619458140093661e-01
9.760184464354041411e-01
9.784285201145513922e-01
9.806101729524911992e-01
9.825827951036859575e-01
9.843629361984236326e-01
9.859680567831684561e-01
9.874128378598331368e-01
9.887125812000626679e-01
9.898800389318423987e-01
9.909282858048699127e-01
9.918681955273241924e-01
9.927108178410610773e-01
9.934653166043286854e-01
9.941408930921115106e-01
9.947451976664248852e-01
9.952854114924238882e-01
9.957683278953023409e-01
9.961995659948356119e-01
9.965849727175875028e-01
9.969291319080036962e-01
9.972365946881437404e-01
9.975112667492342933e-01
9.977564691042019041e-01
9.979757185796759300e-01
9.981716835280630695e-01
9.983468805952409042e-01
9.985037719961867841e-01
9.986442574936735816e-01
9.987702130316025162e-01
9.988833353350434763e-01
9.989849563025189338e-01
9.990764023659115534e-01
9.991588893996966592e-01
9.992333409046445514e-01
9.993006465491169887e-01
9.993617057121094716e-01
9.994171798345424795e-01
9.994676413363932088e-01
9.995137012232362395e-01
9.995558969286640894e-01
9.995946075484908322e-01
9.996301715392897913e-01
9.996629633148101934e-01
9.996933008906229157e-01
9.997214330246684266e-01
9.997475599390834855e-01
9.997718877043668684e-01
9.997946177912333532e-01
9.998159231111110046e-01
9.998359531521396892e-01
9.998548192986951300e-01
9.998726169282855514e-01
9.998894470049102257e-01
9.999053991813048325e-01
9.999205506337935923e-01
9.999349680612088509e-01
9.999487107074797043e-01
9.999618307813825657e-01
9.999743746391261956e-01
9.999863814742505630e-01
9.999978833983814708e-01
1.000008906715672552e+00
1.000019473978240425e+00
1.000029605193649695e+00
1.000039318195999005e+00
1.000048629863434568e+00
1.000057557305610967e+00
1.000066116796306304e+00
1.000074321672690836e+00
1.000082182367241890e+00
1.000089706692574909e+00
1.000096900467596583e+00
1.000103767205872574e+00
1.000110309571943468e+00
1.000116527983308190e+00
1.000122419205726754e+00
1.000127982604202881e+00
1.000133222060491045e+00
1.000138142140240660e+00
1.000142745129849020e+00
1.000147030318906172e+00
1.000150998864468344e+00
1.000154654053925452e+00
1.000157994225940206e+00
1.000161014667399595e+00
1.000163712774515767e+00
1.000166083554403729e+00
1.000168123804660247e+00
1.000169836420999436e+00
1.000171223918060681e+00
1.000172290980228196e+00
1.000173041202510493e+00
1.000173478571410923e+00
1.000173608631848676e+00
1.000173437787782893e+00
1.000172973246668207e+00
1.000172224181064662e+00
1.000171202689175143e+00
1.000169918957948934e+00
1.000168386087627370e+00
1.000166618449203515e+00
1.000164631244605085e+00
1.000162443821386971e+00
1.000160078576275202e+00
1.000157559436613219e+00
1.000154914622492619e+00
1.000152177037732848e+00
1.000149380948232025e+00
1.000146562467368661e+00
1.000143759755030892e+00
1.000141011880855135e+00
1.000138360171554108e+00
1.000135850064871601e+00
1.000133531760565075e+00
1.000131461255283183e+00
1.000129700847981695e+00
1.000128319961751666e+00
1.000127400883566997e+00
1.000127051012084989e+00
1.000127422757701279e+00
1.000128751290130236e+00
1.000131437984882021e+00
1.000136255908301797e+00
1.000144917494097507e+00
1.000162039847888984e+00
1.000204526474596234e+00
1.000369590873901426e+00
1.001365801535635480e+00
1.000321347767894054e+00
9.997128050072233707e-01
