9.677896674146625466e-01
9.701614712621164927e-01
9.741245694561845303e-01
9.762063158066706103e-01
9.805207402843577613e-01
9.837642893804474653e-01
9.885442815534081218e-01
9.936406473940846418e-01
1.000089615245197239e+00
1.007850423508896087e+00
1.017418677486715772e+00
1.029105977455751386e+00
1.043304940739980813e+00
1.060365325456188668e+00
1.080599589454268150e+00
1.104238140859932882e+00
1.131392426909327620e+00
1.162010674302587310e+00
1.195833893078448673e+00
1.232354975082679882e+00
1.270785680079042690e+00
1.310035653232426434e+00
1.348706478672243581e+00
1.385106659776427218e+00
1.417303644125164297e+00
1.443242960960337440e+00
1.460949616917248672e+00
1.468769589316606172e+00
1.465588485765256133e+00
1.450978359078987534e+00
1.425244913501621191e+00
1.389388546063806684e+00
1.344999043673547945e+00
1.294111607877279857e+00
1.239048003033986767e+00
1.182241284068517029e+00
1.126068389733334119e+00
1.072685448908191175e+00
1.023860099621680675e+00
9.808352494632001095e-01
9.442259119161301451e-01
9.140163439435865511e-01
8.896612562806555102e-01
8.702357037941750306e-01
8.546426162549708438e-01
8.417857950999102501e-01
8.307141951801046975e-01
8.207153176424073493e-01
8.113072436387034347e-01
8.022231729434126102e-01
7.933603487660487730e-01
7.847577173207533896e-01
7.765876068676189625e-01
7.691194691096338021e-01
7.627089450191735231e-01
7.577556963779579213e-01
7.546831387751071762e-01
7.539041271142088441e-01
7.558021574130603382e-01
7.607161714797031626e-01
7.688806500481829564e-01
7.803586868521781295e-01
7.949249446888596582e-01
8.119697287366922644e-01
8.304824370139313183e-01
8.492205148854370389e-01
8.670354401988521476e-01
8.831873834356699371e-01
8.974496911652083408e-01
9.099690329912573095e-01
9.210271875690901888e-01
9.308670662723029787e-01
9.396453564263396174e-01
9.474607835477957263e-01
9.543944285678856998e-01
9.605253410860615793e-01
9.659316855103248223e-01
9.706858244133356184e-01
9.748544951242680279e-01
9.784980149955988527e-01
9.816721899994587108e-01
9.844275012824124094e-01
9.868106270110571510e-01
9.888634533966726980e-01
9.906243212669511022e-01
9.921269290673971897e-01
9.934017342497041270e-01
9.944767686951101471e-01
9.953770574154547912e-01
9.961262400318312560e-01
9.967445486350036132e-01
9.972502723505766165e-01
9.976591410814046323e-01
9.979848328654913336e-01
9.982408825137228936e-01
9.984380538826758134e-01
9.985858907688267561e-01
9.986935889775717667e-01
9.987682271704209080e-01
9.988164580528288150e-01
9.988442142896870601e-01
9.988557207986926700e-01
9.988552239054784287e-01
9.988466239397049140e-01
9.988322498145963957e-01
9.988144049042412265e-01
9.987957858483901274e-01
9.987777328273135247e-01
9.987610807074015495e-01
9.987472984487172356e-01
9.987375942427989539e-01
9.987320856402484015e-01
9.987307517899600695e-01
9.987341469905230973e-01
9.987426197255817595e-01
9.987560649257124501e-01
9.987741287201391538e-01
9.987966973929827130e-01
9.988238098010889798e-01
9.988554062239487497e-01
9.988913343869743056e-01
9.989312144632982449e-01
9.989746353852932970e-01
9.990213547365965896e-01
9.990711348399415881e-01
9.991237116866384937e-01
9.991788074445445700e-01
9.992361526583012354e-01
9.992954841720904646e-01
9.993565494337900423e-01
9.994190877799631334e-01
9.994828253195934264e-01
9.995474827613939350e-01
9.996127914521737434e-01
9.996785013681014354e-01
9.997443810884781845e-01
9.998102264424407748e-01
9.998758691024561829e-01
9.999411628164888155e-01
1.000005959502059838e+00
1.000070106856878471e+00
1.000133449044992906e+00
1.000195830860925561e+00
1.000257092863611863e+00
1.000317084133523160e+00
1.000375646621786130e+00
1.000432599771676534e+00
1.000487802071147403e+00
1.000541169333486247e+00
1.000592634913303192e+00
1.000642118623896071e+00
1.000689518691743274e+00
1.000734759968372467e+00
1.000777795793089231e+00
1.000818535969619560e+00
1.000856865201111834e+00
1.000892694540655325e+00
1.000925915683547940e+00
1.000956442582785044e+00
1.000984254427042863e+00
1.001009329976267903e+00
1.001031672740449130e+00
1.001051277841626286e+00
1.001068146593716124e+00
1.001082297998391768e+00
1.001093761414280081e+00
1.001102575730576039e+00
1.001108800852450686e+00
1.001112527127080432e+00
1.001113826346978986e+00
1.001112800170822936e+00
1.001109563365728539e+00
1.001104239150772068e+00
1.001096992425617893e+00
1.001088018485012832e+00
1.001077527449400817e+00
1.001065771874083410e+00
1.001053050392834765e+00
1.001039673828286070e+00
1.001025969636824220e+00
1.001012283348689857e+00
1.000998966339511131e+00
1.000986388398285909e+00
1.000974954988945509e+00
1.000965111704090749e+00
1.000957351534097484e+00
1.000952215061987172e+00
1.000950290936904796e+00
1.000952260879949263e+00
1.000959000978750568e+00
1.000971741901530709e+00
1.000992370927915820e+00
1.001024107267277641e+00
1.001073181093906417e+00
1.001153472160455804e+00
1.001302588820384587e+00
1.001658597473988888e+00
1.003015555995401042e+00
1.010754979030845657e+00
1.001918023889636133e+00
9.987000634822178480e-01
