9.939113984067985408e-01
9.931163542720257142e-01
9.939087490665320379e-01
9.925818727658717311e-01
9.934338936032293121e-01
9.929027590534572623e-01
9.936613918569462411e-01
9.943233438569196725e-01
9.958802489814019276e-01
9.981834674123519768e-01
1.001658205968301907e+00
1.006551783879305217e+00
1.013225515744861749e+00
1.022036609272862773e+00
1.033357469316365185e+00
1.047541322609102377e+00
1.064894284240684330e+00
1.085636156668670527e+00
1.109856243221699623e+00
1.137465643305290541e+00
1.168150327671729549e+00
1.201329730436996313e+00
1.236124815729732207e+00
1.271339216203975608e+00
1.305458295421476178e+00
1.336682700272026514e+00
1.363033397778011357e+00
1.382551035969316944e+00
1.393557783793726301e+00
1.394902025418385483e+00
1.386110712764835551e+00
1.367426847566633796e+00
1.339738984117823106e+00
1.304440258897351601e+00
1.263260513550225950e+00
1.218087168712045143e+00
1.170810342931045023e+00
1.123193228871951721e+00
1.076760095960617614e+00
1.032724156298041374e+00
9.919364096473394232e-01
9.548910947156052931e-01
9.217746479326655029e-01
8.925133021435461833e-01
8.668555593793296765e-01
8.444411094102212134e-01
8.248884888704826057e-01
8.078781572532360844e-01
7.931677850277605302e-01
7.806119447746894258e-01
7.701430760363354722e-01
7.617743779894093903e-01
7.556050703812253744e-01
7.517872823507125712e-01
7.505151054275183142e-01
7.519795159234654580e-01
7.563419015196027884e-01
7.636848447686693797e-01
7.739600586966987050e-01
7.869313250497739221e-01
8.020959948069791290e-01
8.186823672229888160e-01
8.357417863251156431e-01
8.523665637783863769e-01
8.679066211455060964e-01
8.820634740855743949e-01
8.948173718335149518e-01
9.062822626292810213e-01
9.165938249892612300e-01
9.258664838305967759e-01
9.341947552986532566e-01
9.416619690175410673e-01
9.483460218592355551e-01
9.543189171872533683e-01
9.596478633937536307e-01
9.643941462088688743e-01
9.686147148901373960e-01
9.723612380388481080e-01
9.756817064305464138e-01
9.786193752945041568e-01
9.812142691028719055e-01
9.835022504018876566e-01
9.855165239442897906e-01
9.872866584255842737e-01
9.888398785001790703e-01
9.901999469286267841e-01
9.913883940829093522e-01
9.924250786671520164e-01
9.933274466814809855e-01
9.941121775477692601e-01
9.947933182287506115e-01
9.953838177230835971e-01
9.958948480555851468e-01
9.963360388052617811e-01
9.967171472045732727e-01
9.970457884896691825e-01
9.973288376840543368e-01
9.975730247137231110e-01
9.977834854133381670e-01
9.979651661747032110e-01
9.981225347898204925e-01
9.982588784844648178e-01
9.983775203472409210e-01
9.984815242835219928e-01
9.985729327631197583e-01
9.986537559760093608e-01
9.987261924088458587e-01
9.987915842702593805e-01
9.988509726712007097e-01
9.989057073762921402e-01
9.989569390735338894e-01
9.990051929342098624e-01
9.990508967076168201e-01
9.990947485778146619e-01
9.991372890107902416e-01
9.991788004417263558e-01
9.992194097337171454e-01
9.992593436191178347e-01
9.992988787920984439e-01
9.993382167886871725e-01
9.993774962457178113e-01
9.994167209973636723e-01
9.994558628740084494e-01
9.994949644708297498e-01
9.995340545562313439e-01
9.995731361048053598e-01
9.996121934322328428e-01
9.996512043384628843e-01
9.996901397568411785e-01
9.997289669798848921e-01
9.997676409561366828e-01
9.998061025347817488e-01
9.998442830026110784e-01
9.998821126846838547e-01
9.999195254547705858e-01
9.999564591878654651e-01
9.999928605455581376e-01
1.000028689710533047e+00
1.000063913908164404e+00
1.000098495832612455e+00
1.000132392830833217e+00
1.000165557515826587e+00
1.000197940129424534e+00
1.000229486316702054e+00
1.000260143762061738e+00
1.000289854580463045e+00
1.000318547776031464e+00
1.000346170156858117e+00
1.000372695574244242e+00
1.000398105231314005e+00
1.000422372360222578e+00
1.000445458302364976e+00
1.000467336668270146e+00
1.000487994374291922e+00
1.000507395792646692e+00
1.000525492045174714e+00
1.000542246748876929e+00
1.000557613238751919e+00
1.000571555403098278e+00
1.000584069186406300e+00
1.000595149866812195e+00
1.000604804708463913e+00
1.000613036457286498e+00
1.000619850664327126e+00
1.000625261452837478e+00
1.000629287897367714e+00
1.000631953646546002e+00
1.000633292680067399e+00
1.000633354047738122e+00
1.000632177453556704e+00
1.000629817442539204e+00
1.000626335062599903e+00
1.000621795570134864e+00
1.000616285029647390e+00
1.000609904712576492e+00
1.000602763363679371e+00
1.000594991003077361e+00
1.000586740781163941e+00
1.000578172125081711e+00
1.000569453014192423e+00
1.000560760770865310e+00
1.000552276059544665e+00
1.000544189286802110e+00
1.000536709395911439e+00
1.000530066360835857e+00
1.000524515221121957e+00
1.000520336811866695e+00
1.000517839006337395e+00
1.000517380819614610e+00
1.000519425786872807e+00
1.000524627072651551e+00
1.000533988215504877e+00
1.000549221306086256e+00
1.000573634971814174e+00
1.000614587694437452e+00
1.000691989563580853e+00
1.000878884333179730e+00
1.001595518627222070e+00
1.005782762586577173e+00
1.001172235139409894e+00
9.990781302815240350e-01
