1.403099421532976177e+00
1.403434087402071873e+00
1.407310557783794103e+00
1.410748950949452407e+00
1.418125084436957506e+00
1.425321141681646697e+00
1.436922536388319793e+00
1.448654212098539951e+00
1.465305174966256008e+00
1.482412937765787753e+00
1.504912259461142821e+00
1.528096059756773206e+00
1.556905563272256154e+00
1.586295685188517490e+00
1.620993238293732874e+00
1.655544965513993549e+00
1.694312779484358211e+00
1.731668095311647004e+00
1.771840174923871691e+00
1.808894646904847026e+00
1.841668834355852269e+00
1.855208984437809239e+00
1.851963741295453270e+00
1.823869968804034070e+00
1.777761507105094285e+00
1.712025569086885968e+00
1.634768034123254221e+00
1.548652120617014294e+00
1.460477947157265088e+00
1.374661945367104954e+00
1.295444963886188461e+00
1.225181007385692578e+00
1.165685186347965807e+00
1.115827812732067326e+00
1.075502545746849892e+00
1.042265413780920413e+00
1.014173469285454932e+00
9.902453400929704941e-01
9.689921280351943000e-01
9.501396065819845971e-01
9.328693214377755671e-01
9.164758037491830267e-01
9.012556481810745090e-01
8.869454769627297397e-01
8.737510202826089811e-01
8.614743118693695134e-01
8.498032440810789900e-01
8.389883954568646551e-01
8.289063692046134690e-01
8.196983161182949118e-01
8.112304550556168614e-01
8.033385754433938208e-01
7.960980313579392176e-01
7.894021269564688303e-01
7.833688865110562949e-01
7.779621343127818278e-01
7.732441532537123186e-01
7.691917349153294392e-01
7.657615943554006988e-01
7.630865361959997539e-01
7.612372201566686147e-01
7.604617390130022914e-01
7.609799036784579140e-01
7.631382251368195035e-01
7.672926022709515292e-01
7.738811516444228378e-01
7.833669739630292339e-01
7.962301235286375345e-01
8.129205849847209731e-01
8.337226904557881735e-01
8.586307122180297791e-01
8.870488702107924839e-01
9.177505952900039121e-01
9.489183263382822142e-01
9.788098663345370376e-01
1.006051798795879915e+00
1.029991555132887537e+00
1.050334659436251039e+00
1.067240709048649983e+00
1.080901699847901964e+00
1.091721274622283078e+00
1.099983588891199515e+00
1.106076415573405969e+00
1.110241826601009230e+00
1.112775085616082293e+00
1.113865851320575917e+00
1.113702751596903351e+00
1.112459783556968063e+00
1.110251442483229711e+00
1.107237809295704478e+00
1.103504180270387547e+00
1.099168788204400338e+00
1.094319610804810106e+00
1.089025388739556899e+00
1.083386505124691590e+00
1.077459743579190610e+00
1.071312046584113942e+00
1.065018257698563175e+00
1.058625735565392523e+00
1.052195567074988070e+00
1.045785072931127324e+00
1.039433788481332499e+00
1.033190580760936061e+00
1.027104048529232649e+00
1.021205285603665969e+00
1.015527992637723864e+00
1.010115746342127752e+00
1.004991932210716366e+00
1.000176452996230037e+00
9.956965109187657648e-01
9.915754895639058430e-01
9.878194177759459516e-01
9.844296804485057617e-01
9.814156216908515029e-01
9.787794800429036046e-01
9.765161892363388718e-01
9.746126914235863081e-01
9.730588792157002231e-01
9.718459290175388565e-01
9.709617088062094670e-01
9.703918304495342539e-01
9.701153095734323939e-01
9.701093186519651468e-01
9.703542706583667687e-01
9.708302513072275541e-01
9.715173121685792834e-01
9.723953205801285637e-01
9.734447147518870969e-01
9.746464764196427488e-01
9.759824426556983346e-01
9.774348568508842705e-01
9.789863433297515405e-01
9.806201193911515679e-01
9.823204550930416667e-01
9.840729323650911908e-01
9.858644735540502690e-01
9.876835350545980496e-01
9.895202571606183106e-01
9.913660439580904704e-01
9.932128612087260944e-01
9.950531095665717807e-01
9.968795491128623620e-01
9.986853975670684225e-01
1.000464138084503851e+00
1.002209830604999574e+00
1.003916724624888790e+00
1.005578838168000200e+00
1.007191516537648379e+00
1.008751819793414661e+00
1.010257479538839487e+00
1.011706105768208630e+00
1.013094902311373779e+00
1.014421831062318535e+00
1.015685653202819561e+00
1.016884108305932566e+00
1.018014360488806114e+00
1.019074307022752590e+00
1.020061413587107113e+00
1.020973775898992075e+00
1.021811194281936563e+00
1.022573460742259188e+00
1.023261038822015800e+00
1.023874159367441194e+00
1.024413204978650960e+00
1.024878978606770241e+00
1.025272526215727620e+00
1.025595122277932925e+00
1.025848534752473507e+00
1.026035287420790754e+00
1.026157405499202868e+00
1.026217655779132265e+00
1.026219111332762557e+00
1.026165049973003285e+00
1.026059792077693933e+00
1.025908424181160239e+00
1.025716416379444995e+00
1.025490316125506896e+00
1.025237843531765947e+00
1.024967036573460666e+00
1.024686361396166978e+00
1.024404739803947084e+00
1.024131234131176127e+00
1.023875358558157922e+00
1.023647503834194339e+00
1.023459030661487912e+00
1.023322425092861865e+00
1.023251261632485587e+00
1.023260159566828698e+00
1.023365850392672138e+00
1.023589635097389650e+00
1.023961259545773883e+00
1.024526236322146566e+00
1.025362315882684783e+00
1.026620854231208968e+00
1.028643604313694393e+00
1.032375138682692262e+00
1.041348881869841536e+00
1.070776947038419191e+00
1.209904111228595536e+00
1.025066917937044852e+00
1.002832489345375055e+00
