9.542194340950900244e-01
9.593062495532885814e-01
9.639650140346260887e-01
9.696330838663613783e-01
9.748689131914531902e-01
9.811561497707046442e-01
9.877539923125243648e-01
9.954619360514864734e-01
1.004265436087832031e+00
1.014617832696931954e+00
1.026805155514572521e+00
1.041207004642963341e+00
1.058169449399478657e+00
1.078020356634140642e+00
1.101026371728067943e+00
1.127361328120437101e+00
1.157064961819030513e+00
1.190000518497464244e+00
1.225812658935430788e+00
1.263890171771855808e+00
1.303337686488757585e+00
1.342960238914214122e+00
1.381263755783690428e+00
1.416479352754805854e+00
1.446631743630827138e+00
1.469680557683227473e+00
1.483734872230284774e+00
1.487288212680934807e+00
1.479417584688009768e+00
1.459907849063007301e+00
1.429280921571020713e+00
1.388746303368362911e+00
1.340091054303761409e+00
1.285532610479374505e+00
1.227554183032346424e+00
1.168718987018112720e+00
1.111487787164740615e+00
1.058036629318087396e+00
1.010073932865634294e+00
9.686990910194471782e-01
9.343112100941075582e-01
9.066386127187956445e-01
8.848853214325199668e-01
8.679221240493512068e-01
8.545173136424776272e-01
8.435096325970182773e-01
8.339354903583354739e-01
8.251000758505436794e-01
8.165498887094863045e-01
8.080440197628772081e-01
7.994964635629979721e-01
7.909516261849578456e-01
7.825774185115343951e-01
7.746331957266114898e-01
7.674637598715018383e-01
7.614626626772356133e-01
7.570563712482977214e-01
7.546736221843953762e-01
7.547312422182314018e-01
7.576263422996289965e-01
7.636895145906176241e-01
7.731362468964851908e-01
7.859628523265840272e-01
8.018321811263590115e-01
8.199760607816198865e-01
8.392334404624568478e-01
8.582859369454683973e-01
8.760251026479229930e-01
8.918384127981795473e-01
9.056412187271971614e-01
9.176810668616398603e-01
9.282835253534351683e-01
9.376982576493831933e-01
9.460731347470969776e-01
9.534998452678857817e-01
9.600557738609462044e-01
9.658208998237964860e-01
9.708739564578615644e-01
9.752888791258556012e-01
9.791321363392866406e-01
9.824647792220260190e-01
9.853420800770827936e-01
9.878151747810896000e-01
9.899300405758373333e-01
9.917287101746843359e-01
9.932481935662269557e-01
9.945219309278626740e-01
9.955806857850056923e-01
9.964520241019112490e-01
9.971619252625782970e-01
9.977327182278731277e-01
9.981845033374264764e-01
9.985345657367927785e-01
9.987979664012258674e-01
9.989894931049947413e-01
9.991209949309186600e-01
9.992029393777276391e-01
9.992453345942681198e-01
9.992559354770114144e-01
9.992419679223493167e-01
9.992098359713642575e-01
9.991640893378489485e-01
9.991092656188241827e-01
9.990495134047538972e-01
9.989872486553859066e-01
9.989248489538365972e-01
9.988651389897008626e-01
9.988094339134239164e-01
9.987584658313229946e-01
9.987137073350087491e-01
9.986763541634056107e-01
9.986463466577084613e-01
9.986234659997430541e-01
9.986081793954552088e-01
9.986007392868622157e-01
9.986008695698190829e-01
9.986080102570458195e-01
9.986218949081286933e-01
9.986424521874825988e-01
9.986695058890822096e-01
9.987027747726875404e-01
9.987417155034394867e-01
9.987857544326841364e-01
9.988345250538590570e-01
9.988876747660517808e-01
9.989448250443632160e-01
9.990055860805115984e-01
9.990695829181489573e-01
9.991364527795907335e-01
9.992058496403526391e-01
9.992774215835016349e-01
9.993508042729055685e-01
9.994256300618539202e-01
9.995015469483565784e-01
9.995782279302775075e-01
9.996553707816369094e-01
9.997327081970496243e-01
9.998100178753246414e-01
9.998871058359066755e-01
9.999637776023864166e-01
1.000039835139303168e+00
1.000115077561242405e+00
1.000189305984905408e+00
1.000262317624520891e+00
1.000333920934171061e+00
1.000403916758250356e+00
1.000472079864985542e+00
1.000538232612015133e+00
1.000602266820477482e+00
1.000664096007814363e+00
1.000723618017827610e+00
1.000780705344533228e+00
1.000835262870578779e+00
1.000887230044829712e+00
1.000936494517508990e+00
1.000982914184280315e+00
1.001026378819131368e+00
1.001066755295641375e+00
1.001103937428656110e+00
1.001137897458205250e+00
1.001168607331856419e+00
1.001196068821482932e+00
1.001220273797832627e+00
1.001241221679246340e+00
1.001258933199424828e+00
1.001273441603332426e+00
1.001284791639822203e+00
1.001293053318350390e+00
1.001298333187536915e+00
1.001300715593835378e+00
1.001300320705717395e+00
1.001297284420125999e+00
1.001291752767684562e+00
1.001283921734596571e+00
1.001274023722529716e+00
1.001262308870225715e+00
1.001249078137245618e+00
1.001234687655661260e+00
1.001219508081116372e+00
1.001203929894116884e+00
1.001188365093666599e+00
1.001173232493105525e+00
1.001158972726338581e+00
1.001146068856529681e+00
1.001135051590226865e+00
1.001126507803444143e+00
1.001121080485000370e+00
1.001119468844234417e+00
1.001122481509546303e+00
1.001131156660777899e+00
1.001146951727359458e+00
1.001172100864373693e+00
1.001210414797341075e+00
1.001269270591758298e+00
1.001365108520142932e+00
1.001542486171683066e+00
1.001964992535218757e+00
1.003573253767426010e+00
1.012687775369581544e+00
1.002187396705275013e+00
9.985868160400227511e-01
