1.406470455976630785e+00
1.406803925013801582e+00
1.410656402359748540e+00
1.414082040780012095e+00
1.421410225680313166e+00
1.428579451860811922e+00
1.440104987614666543e+00
1.451793143448673273e+00
1.468335889874582190e+00
1.485380897674092315e+00
1.507734883996260988e+00
1.530834695737243401e+00
1.559457359520837194e+00
1.588742149188000052e+00
1.623209243228083798e+00
1.657639372495583130e+00
1.696136984811821513e+00
1.733369775659650447e+00
1.773239675590993381e+00
1.810166748795789537e+00
1.842535742976805668e+00
1.855885069932654563e+00
1.852291618008109930e+00
1.824048211146268583e+00
1.777716278239369840e+00
1.711904705408082927e+00
1.634544340295890796e+00
1.548421980476925919e+00
1.460235510385983426e+00
1.374456515173171356e+00
1.295272814863494659e+00
1.225055655926541975e+00
1.165597347924794303e+00
1.115772316079833182e+00
1.075469418718176806e+00
1.042247320366306296e+00
1.014163915828566909e+00
9.902403593230653112e-01
9.689887129104535202e-01
9.501365100925128759e-01
9.328657841236704940e-01
9.164710954598048742e-01
9.012499611123978571e-01
8.869388334511004723e-01
8.737438980566976099e-01
8.614670092808980328e-01
8.497956663868571070e-01
8.389808397936592277e-01
8.288989117172932408e-01
8.196912859697583764e-01
8.112240360459033184e-01
8.033327757326717000e-01
7.960930320365278146e-01
7.893979554138179644e-01
7.833657511600830015e-01
7.779601304163918929e-01
7.732433795702885471e-01
7.691920995472640854e-01
7.657626915923111399e-01
7.630877944160809889e-01
7.612376662020008400e-01
7.604601480767541055e-01
7.609746276091211570e-01
7.631272991829290975e-01
7.672736818689075422e-01
7.738516173895143568e-01
7.833240046565460579e-01
7.961709222955466458e-01
8.128428391524419316e-01
8.336254523301001029e-01
8.585160020754477594e-01
8.869237519025263694e-01
9.176288491511174206e-01
9.488195738411085989e-01
9.787556961090997376e-01
1.006060835804790443e+00
1.030076578614091520e+00
1.050501373548423212e+00
1.067488551552757903e+00
1.081224953653509457e+00
1.092111185140928864e+00
1.100429690682345196e+00
1.106568181778217808e+00
1.110769220069398822e+00
1.113329236044264148e+00
1.114438969027023996e+00
1.114288199606445984e+00
1.113051770918790151e+00
1.110844924347153651e+00
1.107828242043427336e+00
1.104087420408302878e+00
1.099740994102986757e+00
1.094877147834960596e+00
1.089564835793868536e+00
1.083904551980335862e+00
1.077953233710867931e+00
1.071777963666981970e+00
1.065453710385188435e+00
1.059028006602763305e+00
1.052562121784072158e+00
1.046113587412042412e+00
1.039722200221283366e+00
1.033437113849510203e+00
1.027307255568313149e+00
1.021364097661818793e+00
1.015641736891923497e+00
1.010184211226408335e+00
1.005015364741211892e+00
1.000155589008067114e+00
9.956325814672299934e-01
9.914702288887382586e-01
9.876750088590671162e-01
9.842487005263471644e-01
9.812010439420402186e-01
9.785345930277716819e-01
9.762445386917707468e-01
9.743179726039360444e-01
9.727449026037517932e-01
9.715165754733787740e-01
9.706208603156620818e-01
9.700433128947212325e-01
9.697627973724708417e-01
9.697562781166454426e-01
9.700039499258809039e-01
9.704856513506789906e-01
9.711811738736474409e-01
9.720701094654070618e-01
9.731326187432762787e-01
9.743494059115211936e-01
9.757020381653769281e-01
9.771724950749955951e-01
9.787431460634647973e-01
9.803969658811402255e-01
9.821180001848831553e-01
9.838916282918326317e-01
9.857045927739533919e-01
9.875451945927016251e-01
9.894034432730459683e-01
9.912706320823198025e-01
9.931386284416010568e-01
9.949997450370670071e-01
9.968466623670307891e-01
9.986725275888003184e-01
1.000470759735498039e+00
1.002235363419198944e+00
1.003960538397673297e+00
1.005640254616034568e+00
1.007269823948901077e+00
1.008846289840745536e+00
1.010367374793825768e+00
1.011830680421576423e+00
1.013233399511126231e+00
1.014573489238240533e+00
1.015849712645916059e+00
1.017059802709301408e+00
1.018200911981698598e+00
1.019270932225688542e+00
1.020267319996901900e+00
1.021188167238448852e+00
1.022033284660577301e+00
1.022802473981238247e+00
1.023496214019582240e+00
1.024114748137793907e+00
1.024658472160894451e+00
1.025128204958579703e+00
1.025525009806154131e+00
1.025850179903282200e+00
1.026105505266541540e+00
1.026293537623213181e+00
1.026416325431831478e+00
1.026476664591164267e+00
1.026477659419178901e+00
1.026422620531439955e+00
1.026315909654361924e+00
1.026162661087052008e+00
1.025968396110158887e+00
1.025739722555804700e+00
1.025484431004880070e+00
1.025210632936243371e+00
1.024926871980430754e+00
1.024642151585786198e+00
1.024365617262273487e+00
1.024106870525418600e+00
1.023876397177646780e+00
1.023685661452939488e+00
1.023547262686029136e+00
1.023474898084395068e+00
1.023483318808940723e+00
1.023589406833157023e+00
1.023814653919407291e+00
1.024189071693149877e+00
1.024758579518408874e+00
1.025601624585502636e+00
1.026870927013332269e+00
1.028911371939936981e+00
1.032676214131553083e+00
1.041731676108039295e+00
1.071379687426049721e+00
1.211376208785539754e+00
1.025265970728904463e+00
1.002926394367784857e+00
