9.969661378386651673e-01
9.964616657701269586e-01
9.961598745604850480e-01
9.958480780669728416e-01
9.953509515356563364e-01
9.953138392024666325e-01
9.953885194995776287e-01
9.955597286859866335e-01
9.966148693200604924e-01
9.980132014292605325e-01
1.000374028490213618e+00
1.004063256148048700e+00
1.008895828558825425e+00
1.015851697664645670e+00
1.024680589559130661e+00
1.036191914393006286e+00
1.050418101502850421e+00
1.067794308083612975e+00
1.088403944292267500e+00
1.112308273805320713e+00
1.139322248306725127e+00
1.169047089849968524e+00
1.200803180473296816e+00
1.233613443783657448e+00
1.266184584877609876e+00
1.296915692426252376e+00
1.323960860306514054e+00
1.345385094996689235e+00
1.359411845963666599e+00
1.364692667346382837e+00
1.360506624544040921e+00
1.346843601770166154e+00
1.324362085817277324e+00
1.294255707699672353e+00
1.258078982468152196e+00
1.217557019769474058e+00
1.174422485833165775e+00
1.130285614439113129e+00
1.086531205416777723e+00
1.044263935843015689e+00
1.004279426803457831e+00
9.670894270767207423e-01
9.329813216626787753e-01
9.020624779214009292e-01
8.743232706461868675e-01
8.496753380366622865e-01
8.280045548395528199e-01
8.092234387978308741e-01
7.932667972854168248e-01
7.801028013294154517e-01
7.697150664608545245e-01
7.621123361853039402e-01
7.573420918196803742e-01
7.554657315888043678e-01
7.565535777893789282e-01
7.606429169062521867e-01
7.677083736372114497e-01
7.776068633277607445e-01
7.900242351775047522e-01
8.044426389715336745e-01
8.201340646929577982e-01
8.362625182321186124e-01
8.520464969756906815e-01
8.669268143795705317e-01
8.806234964888367545e-01
8.930802624536842149e-01
9.043565379928059089e-01
9.145457564267290840e-01
9.237398093367340524e-01
9.320224247746531354e-01
9.394717302320723107e-01
9.461606126561130647e-01
9.521577547282444876e-01
9.575264321947761781e-01
9.623257885565236203e-01
9.666097641822627429e-01
9.704285652046320543e-01
9.738276587452414645e-01
9.768493186464726197e-01
9.795315511269380160e-01
9.819095667163799668e-01
9.840148262258432421e-01
9.858765094672975460e-01
9.875205254018160073e-01
9.889708078195192931e-01
9.902482019007314840e-01
9.913716248963638789e-01
9.923585478903202972e-01
9.932242308784112739e-01
9.939833443638184107e-01
9.946481763576975332e-01
9.952301375904589742e-01
9.957390886644067463e-01
9.961835105287437653e-01
9.965720378187705730e-01
9.969113958420430244e-01
9.972076953320446746e-01
9.974669196187977427e-01
9.976936509929672514e-01
9.978923215013532078e-01
9.980669400246360290e-01
9.982205047511029106e-01
9.983560338504492426e-01
9.984763069154394266e-01
9.985832449043441361e-01
9.986787270953007001e-01
9.987647639002346089e-01
9.988426515855185484e-01
9.989134331057017979e-01
9.989783791212866193e-01
9.990385827745730252e-01
9.990946271263698719e-01
9.991470063859817508e-01
9.991964147355201220e-01
9.992434068135799263e-01
9.992883249753186092e-01
9.993313792470580603e-01
9.993728487091926294e-01
9.994130419703738388e-01
9.994522003209559413e-01
9.994905093180105338e-01
9.995280423371905032e-01
9.995648417417571929e-01
9.996009996407215770e-01
9.996365918450902388e-01
9.996716694335595621e-01
9.997062646651558859e-01
9.997404008139020304e-01
9.997740921961723037e-01
9.998073470344170932e-01
9.998401609477695073e-01
9.998725158636493360e-01
9.999043837828642811e-01
9.999357336896500525e-01
9.999665352567141952e-01
9.999967593743578353e-01
1.000026382042817463e+00
1.000055388213082708e+00
1.000083766888190340e+00
1.000111502247648998e+00
1.000138573138823928e+00
1.000164953656589306e+00
1.000190615081675283e+00
1.000215524230713360e+00
1.000239648707802909e+00
1.000262951058542349e+00
1.000285382961251912e+00
1.000306909343906980e+00
1.000327515621267205e+00
1.000347192430123489e+00
1.000365923765296206e+00
1.000383683968574244e+00
1.000400456561751028e+00
1.000416235089836015e+00
1.000430995263499989e+00
1.000444702220723014e+00
1.000457330581885795e+00
1.000468846748256979e+00
1.000479225134433214e+00
1.000488464917001608e+00
1.000496564595302562e+00
1.000503531858532025e+00
1.000509370760028549e+00
1.000514087430526722e+00
1.000517694577186978e+00
1.000520208679884337e+00
1.000521649710189198e+00
1.000522045620525713e+00
1.000521436042786982e+00
1.000519853305325002e+00
1.000517341258795545e+00
1.000513948799042208e+00
1.000509728092550343e+00
1.000504747498752733e+00
1.000499087223543082e+00
1.000492833315110852e+00
1.000486088412242625e+00
1.000478973201275323e+00
1.000471613323862918e+00
1.000464141168140308e+00
1.000456696510422461e+00
1.000449421882828149e+00
1.000442467599718777e+00
1.000435998666405091e+00
1.000430196818178574e+00
1.000425263807536824e+00
1.000421422201704713e+00
1.000418916715318129e+00
1.000418033564194786e+00
1.000419143029667834e+00
1.000422767561268467e+00
1.000429710503596192e+00
1.000441342507395470e+00
1.000460310706225764e+00
1.000492498009630360e+00
1.000553811717727948e+00
1.000702589293292144e+00
1.001274462637529616e+00
1.004643137850428580e+00
1.000980738434068318e+00
9.991977503849035491e-01
