1.417986966768080892e+00
1.418316596916425310e+00
1.422085677532522796e+00
1.425470087196645030e+00
1.432630705562074169e+00
1.439712851257367365e+00
1.450973044518546251e+00
1.462519431611789544e+00
1.478683872834190893e+00
1.495523735931488352e+00
1.517370320876918921e+00
1.540194690803210698e+00
1.568166149628458017e+00
1.597104607960026401e+00
1.630769852999931713e+00
1.664799797262172198e+00
1.702358481536343282e+00
1.739189145655569479e+00
1.778009076469064143e+00
1.814514151775879158e+00
1.845481240350680174e+00
1.858194567529066310e+00
1.853397913669242447e+00
1.824656942696605055e+00
1.777551687061510677e+00
1.711492143898594831e+00
1.633774780993203946e+00
1.547637497308558485e+00
1.459406609698383761e+00
1.373757933636529316e+00
1.294686859573013438e+00
1.224630692268260157e+00
1.165299608019523259e+00
1.115584719205582553e+00
1.075357540013907043e+00
1.042186402443696425e+00
1.014131922032878830e+00
9.902239462917622470e-01
9.689777418948495313e-01
9.501268064838452876e-01
9.328547864272010992e-01
9.164563145417299328e-01
9.012320268614220087e-01
8.869177929745641897e-01
8.737213415269399208e-01
8.614439150488092389e-01
8.497716770056399360e-01
8.389569228868227757e-01
8.288752837152185693e-01
8.196690129598078745e-01
8.112036820114976177e-01
8.033143000864982897e-01
7.960769757170325089e-01
7.893843424398436781e-01
7.833552325253038129e-01
7.779529984469982784e-01
7.732399754924370594e-01
7.691921661208773742e-01
7.657649674794320127e-01
7.630905247659652835e-01
7.612378063969980069e-01
7.604538645226337490e-01
7.609566989593958830e-01
7.630914481146789941e-01
7.672123206320732303e-01
7.737561482707639993e-01
7.831849979503184844e-01
7.959787905935337138e-01
8.125892846257448676e-01
8.333063319032647520e-01
8.581367021383156102e-01
8.865063153572285692e-01
9.172179769648053371e-01
9.484801344993356587e-01
9.785601546534653528e-01
1.006072875900176022e+00
1.030341260961072702e+00
1.051040576139325111e+00
1.068303143046594572e+00
1.082298044225077360e+00
1.093414934783183190e+00
1.101929689425401593e+00
1.108229096803410529e+00
1.112556856487318280e+00
1.115213045229335176e+00
1.116391934549931797e+00
1.116287220662607549e+00
1.115076659848017515e+00
1.112878118917339565e+00
1.109853927098261028e+00
1.106091198539877807e+00
1.101709504328604261e+00
1.096797733817483023e+00
1.091425558776299765e+00
1.085693812690138538e+00
1.079659929305046395e+00
1.073391425716490710e+00
1.066963649374942147e+00
1.060424687970966229e+00
1.053836388574954430e+00
1.047256963352007464e+00
1.040727074680910968e+00
1.034296833008997218e+00
1.028016276569548415e+00
1.021918180861960401e+00
1.016038017993387443e+00
1.010421439642109620e+00
1.005093917247060542e+00
1.000077592826873918e+00
9.954019471826779375e-01
9.910926936770588780e-01
9.871579639090573011e-01
9.836010074291828831e-01
9.804330415547983790e-01
9.776578145910699291e-01
9.752715077460579751e-01
9.732618173279774521e-01
9.716192245181008991e-01
9.703352783868032239e-01
9.693978937694809339e-01
9.687924576670872145e-01
9.684973161617820292e-01
9.684887026820331313e-01
9.687460336923512383e-01
9.692482576195379229e-01
9.699742242373258216e-01
9.709025246883690174e-01
9.720123081174339985e-01
9.732832657411230048e-01
9.746959787653222129e-01
9.762314630563011519e-01
9.778711578150502959e-01
9.795971537796149819e-01
9.813926798134517959e-01
9.832423788409081489e-01
9.851323412811215929e-01
9.870503053508100644e-01
9.889858080119873218e-01
9.909297431414342272e-01
9.928736251545188241e-01
9.948094523527672983e-01
9.967296220401105078e-01
9.986270314546519256e-01
1.000494873599878209e+00
1.002326959075235280e+00
1.004117314328885957e+00
1.005859742757041486e+00
1.007549441955910563e+00
1.009183400632849281e+00
1.010759313293399408e+00
1.012274756402645304e+00
1.013726888337521892e+00
1.015113653928862991e+00
1.016433826798668782e+00
1.017685120743118565e+00
1.018864651577257252e+00
1.019970295431596119e+00
1.020999480452569497e+00
1.021950288851638966e+00
1.022822571144585524e+00
1.023616166260392202e+00
1.024331609658726050e+00
1.024969191398683588e+00
1.025529356298857886e+00
1.026012981419491821e+00
1.026421192914658498e+00
1.026755351674349281e+00
1.027017326863523872e+00
1.027209769882048374e+00
1.027334812223272609e+00
1.027395353296883362e+00
1.027394608322961034e+00
1.027336004240015921e+00
1.027224049027360975e+00
1.027064045747328569e+00
1.026861696498135634e+00
1.026623822233245331e+00
1.026358462124900672e+00
1.026073986998248033e+00
1.025779213910879895e+00
1.025483434432381324e+00
1.025196087673152956e+00
1.024927083453849530e+00
1.024687243071093823e+00
1.024488396108666155e+00
1.024343541563877968e+00
1.024266809466839012e+00
1.024273416118000934e+00
1.024380774165413399e+00
1.024611047993135404e+00
1.024995186082301002e+00
1.025580541806532686e+00
1.026448018994826406e+00
1.027755149349812269e+00
1.029857878590253017e+00
1.033740085766068351e+00
1.043083713687338321e+00
1.073498502466972981e+00
1.216500848726861816e+00
1.025967109293211221e+00
1.003265147702338433e+00
