1.000000000000000000e+00
9.999649798695251501e-01
9.998438383681468311e-01
9.996295250545572664e-01
9.993449166546547469e-01
9.990560110814027395e-01
9.988903662657647731e-01
9.990614138278000045e-01
9.998972519230734379e-01
1.001871376377316381e+00
1.005628854365885338e+00
1.012007018976907924e+00
1.022045361767162763e+00
1.036985265430869330e+00
1.058259907485364915e+00
1.087381143775364656e+00
1.125755745192792867e+00
1.173882559562785977e+00
1.230249326946591282e+00
1.290571235432094399e+00
1.348949193372689814e+00
1.402958183005006410e+00
1.472478699531676538e+00
1.615251374108951365e+00
1.698272042368740742e+00
1.710398240516237456e+00
1.678101616678789654e+00
1.616478637183520917e+00
1.536680476791056016e+00
1.450691927299712525e+00
1.365026892117912727e+00
1.284862937364453561e+00
1.213750855079143376e+00
1.152929552820389780e+00
1.103610194009353007e+00
1.063311952412087980e+00
1.029741655292159441e+00
1.001574587434364449e+00
9.772417548011470556e-01
9.560656495961868950e-01
9.371069660924563616e-01
9.196250930862724937e-01
9.036109733034595193e-01
8.887855088891567501e-01
8.751485146304411877e-01
8.624787599423792139e-01
8.505087559184193458e-01
8.393278112828970183e-01
8.288259661488525110e-01
8.190427712007207761e-01
8.098626181579419159e-01
8.011641041517056916e-01
7.929934905228206432e-01
7.853255184466731986e-01
7.783055123692379507e-01
7.720363701720062144e-01
7.667263465746725348e-01
7.625809649907335785e-01
7.598403896016744374e-01
7.588778041615583669e-01
7.600493845972782214e-01
7.637998087324002761e-01
7.705322621574577369e-01
7.806493398523156602e-01
7.944288752742035831e-01
8.119168661661643194e-01
8.326491751577862477e-01
8.553122255231841997e-01
8.777149137827522374e-01
8.977705350132949569e-01
9.147694220707297541e-01
9.290714518723941495e-01
9.412657832415208814e-01
9.517499392103767608e-01
9.608137628765546223e-01
9.686307790487818092e-01
9.753697452892887698e-01
9.811392557719702534e-01
9.860657202907033847e-01
9.902310271782210904e-01
9.937353977669814986e-01
9.966440486083564254e-01
9.990388291053446945e-01
1.000973042061492180e+00
1.002513091141050694e+00
1.003702882156663589e+00
1.004586994556760926e+00
1.005211889016403015e+00
1.005607486128900829e+00
1.005817837655296421e+00
1.005866857870415298e+00
1.005785306942701851e+00
1.005596291732058445e+00
1.005315930747292974e+00
1.004970649959025408e+00
1.004572688187381324e+00
1.004135529804348170e+00
1.003675761533415089e+00
1.003200830853921754e+00
1.002721160094101061e+00
1.002246201346438603e+00
1.001779722310560894e+00
1.001327962618123291e+00
1.000896922261492961e+00
1.000487791275802563e+00
1.000102864538835901e+00
9.997464180827236868e-01
9.994186144275101213e-01
9.991188926636479506e-01
9.988489075884259272e-01
9.986097194000868038e-01
9.983996269985392358e-01
9.982169017177825454e-01
9.980615589153397638e-01
9.979330465907406689e-01
9.978298569856413058e-01
9.977499616245124603e-01
9.976920747536047740e-01
9.976553486091765954e-01
9.976387424726349540e-01
9.976411030912302191e-01
9.976607670227312097e-01
9.976960624797286403e-01
9.977458027568687493e-01
9.978088447446511466e-01
9.978840330512400714e-01
9.979702236545158200e-01
9.980663346488534149e-01
9.981713355331514048e-01
9.982842568295000607e-01
9.984041406789710971e-01
9.985300268343694219e-01
9.986609690520447113e-01
9.987960716383181836e-01
9.989345064243900785e-01
9.990755104121624708e-01
9.992184048700434307e-01
9.993626144847700399e-01
9.995076326301463032e-01
9.996529624724557195e-01
9.997981105295499216e-01
9.999425869847426984e-01
1.000085914808413357e+00
1.000227616725450464e+00
1.000367245352495882e+00
1.000504344839117765e+00
1.000638412881286632e+00
1.000769047594018968e+00
1.000895989904665218e+00
1.001019027789037841e+00
1.001137922028619398e+00
1.001252386428415742e+00
1.001362202386147926e+00
1.001467222855782158e+00
1.001567200330712115e+00
1.001661830770809614e+00
1.001750875797126517e+00
1.001834053219286202e+00
1.001911135843645440e+00
1.001982053226674108e+00
1.002046735117586795e+00
1.002105171436876718e+00
1.002157333233334668e+00
1.002203207227689630e+00
1.002242822851615367e+00
1.002276234692496049e+00
1.002303520407136883e+00
1.002324807769254811e+00
1.002340296924188356e+00
1.002350144165896184e+00
1.002354576612654036e+00
1.002353852345384988e+00
1.002348249305263783e+00
1.002338143847855578e+00
1.002323983910927474e+00
1.002306252080116256e+00
1.002285530807026426e+00
1.002262510890380209e+00
1.002237911151936167e+00
1.002212488773667642e+00
1.002187042430612518e+00
1.002162382993776024e+00
1.002139362737604511e+00
1.002118915413909850e+00
1.002102065696979905e+00
1.002089944764039897e+00
1.002083788295160094e+00
1.002084933711993475e+00
1.002094920209524176e+00
1.002115717239129733e+00
1.002150083280540338e+00
1.002202241028854690e+00
1.002279391566119893e+00
1.002395487898306792e+00
1.002581656467158799e+00
1.002922315661838093e+00
1.003727293359957029e+00
1.006770455032124145e+00
1.023423417568648963e+00
1.003350555369400432e+00
9.985114769182136252e-01
