9.496241685579793756e-01
9.554738190248857066e-01
9.607532110737305731e-01
9.672785635157169493e-01
9.731806951248638260e-01
9.803125179517304666e-01
9.876753021104001107e-01
9.962237793094500526e-01
1.005861324024894810e+00
1.017077249781265458e+00
1.030138023087632915e+00
1.045423428155227041e+00
1.063268921146810486e+00
1.083991397107864074e+00
1.107842220043810944e+00
1.134976571005192669e+00
1.165411936313782038e+00
1.198986203882539847e+00
1.235316321902125702e+00
1.273762143943720782e+00
1.313399542458979496e+00
1.353006548455674807e+00
1.391065685952041386e+00
1.425791141545204477e+00
1.455202235057338589e+00
1.477270831158306486e+00
1.490138322064828547e+00
1.492347561132380873e+00
1.483035839042007753e+00
1.462052948526104013e+00
1.429985546282984910e+00
1.388104859413103354e+00
1.338255144823939036e+00
1.282705084066516843e+00
1.223980843103355864e+00
1.164676640782788652e+00
1.107267667619062923e+00
1.053923133735093609e+00
1.006320316205618459e+00
9.655040474410027107e-01
9.318018269309474855e-01
9.048650402552458338e-01
8.838291315262821746e-01
8.675150219614335967e-01
8.546636719587868969e-01
8.441062602400274395e-01
8.348848365082061074e-01
8.263165217624991454e-01
8.179606279530000634e-01
8.095864957502657555e-01
8.011141856655602522e-01
7.925895396639316415e-01
7.841777710265448453e-01
7.761326904785089686e-01
7.687923018273338238e-01
7.625439653088575964e-01
7.578102102118907668e-01
7.550194701185007906e-01
7.545932699520235820e-01
7.569401772446777699e-01
7.624121028614017082e-01
7.712607051478758136e-01
7.835388115928659802e-01
7.989864914481625835e-01
8.169184116925904959e-01
8.362269570195813850e-01
8.555794580235108748e-01
8.737784292924073437e-01
8.900878683528028468e-01
9.043252295416278619e-01
9.167005439207808193e-01
9.275535457287774621e-01
9.371666261740692061e-01
9.457117741672077527e-01
9.532892598852337196e-01
9.599764209504597634e-01
9.658524661455291094e-01
9.709973362248447426e-01
9.754872350425408678e-01
9.793907669300858654e-01
9.827707133691521157e-01
9.856838498397209047e-01
9.881827064007179251e-01
9.903145508146216081e-01
9.921225832996323213e-01
9.936448612961389371e-01
9.949157689254145565e-01
9.959669344497660282e-01
9.968267285261478428e-01
9.975218722749290556e-01
9.980753610299349932e-01
9.985078721063589402e-01
9.988371872628420967e-01
9.990788084322616003e-01
9.992479210223343955e-01
9.993567212900996699e-01
9.994159732723622014e-01
9.994359434345686521e-01
9.994246039705189100e-01
9.993893640040154569e-01
9.993367766400799157e-01
9.992714967413995897e-01
9.991981538263108309e-01
9.991209729719332522e-01
9.990423982583772622e-01
9.989648297465099080e-01
9.988911293795195157e-01
9.988226030313909209e-01
9.987599482935156647e-01
9.987046358006875790e-01
9.986578546301528858e-01
9.986194859368665577e-01
9.985892442355455145e-01
9.985675655567453068e-01
9.985546691785764928e-01
9.985502212228116736e-01
9.985535923815282988e-01
9.985644642663259463e-01
9.985827278411665286e-01
9.986081673963399519e-01
9.986404579035218498e-01
9.986790009718650163e-01
9.987231682268241650e-01
9.987725511234977205e-01
9.988267582360236263e-01
9.988853723871777834e-01
9.989479659959844549e-01
9.990141285177405184e-01
9.990834635868725000e-01
9.991555936651611569e-01
9.992301360984682246e-01
9.993066961147604177e-01
9.993848763573317528e-01
9.994642968065307054e-01
9.995446045875203689e-01
9.996254736818012132e-01
9.997066155662511777e-01
9.997877897877914810e-01
9.998687863099842144e-01
9.999493950649549490e-01
1.000029402661301692e+00
1.000108593101019627e+00
1.000186752857564088e+00
1.000263664628356919e+00
1.000339123264412100e+00
1.000412915858382545e+00
1.000484802256016881e+00
1.000554592739078874e+00
1.000622171093907165e+00
1.000687444192448927e+00
1.000750302530700520e+00
1.000810610012279112e+00
1.000868264848412403e+00
1.000923201838806786e+00
1.000975301246280313e+00
1.001024412037300859e+00
1.001070416894084936e+00
1.001113174427461949e+00
1.001152571747940145e+00
1.001188578772328031e+00
1.001221165174086769e+00
1.001250332135865007e+00
1.001276070438399168e+00
1.001298378860688842e+00
1.001317278702143820e+00
1.001332804489226014e+00
1.001345002907730208e+00
1.001353947313628145e+00
1.001359749625926332e+00
1.001362498350777841e+00
1.001362319793039912e+00
1.001359356855768601e+00
1.001353763133834729e+00
1.001345744924608594e+00
1.001335546939418952e+00
1.001323432592905904e+00
1.001309718904265234e+00
1.001294781083987617e+00
1.001279009640645867e+00
1.001262815966179165e+00
1.001246634113462930e+00
1.001230905269793858e+00
1.001216093572069976e+00
1.001202707825958438e+00
1.001191306971279893e+00
1.001182509023512690e+00
1.001176990930791932e+00
1.001175488555884119e+00
1.001178852588050727e+00
1.001188174918198337e+00
1.001204988105015126e+00
1.001231641218275792e+00
1.001272140939712063e+00
1.001334244286246511e+00
1.001435239816016232e+00
1.001621987264499136e+00
1.002066529406270279e+00
1.003758019131438362e+00
1.013326122430991960e+00
1.002274697093541667e+00
9.985522228045595750e-01
