9.576242462932391675e-01
9.623589748409868694e-01
9.661676696369831951e-01
9.716371294461418895e-01
9.760205665368955064e-01
9.819214103850623099e-01
9.878109308444904535e-01
9.949598321461088357e-01
1.003105789856792107e+00
1.012818315346446951e+00
1.024337079071678147e+00
1.038063770795824681e+00
1.054343956320715758e+00
1.073515916376881929e+00
1.095856963582039656e+00
1.121555403816182350e+00
1.150668294538578884e+00
1.183079032075701198e+00
1.218454625444194805e+00
1.256207549648215904e+00
1.295466339688452040e+00
1.335058882706400052e+00
1.373511416406336227e+00
1.409070584746231036e+00
1.439767880132542643e+00
1.463555920504158836e+00
1.478520544955270966e+00
1.483117897164835997e+00
1.476378206186007569e+00
1.458035283195812104e+00
1.428559711379379316e+00
1.389111693661113867e+00
1.341432177199194609e+00
1.287696649881437727e+00
1.230352216055359493e+00
1.171934605789463957e+00
1.114889416174825953e+00
1.061393822302227452e+00
1.013176646111703327e+00
9.713770726193847738e-01
9.364492031380265979e-01
9.081827969210112261e-01
8.858387756389660694e-01
8.683313162461393508e-01
8.544545298101451358e-01
8.430567851513972588e-01
8.331727724104553978e-01
8.241001068990753131e-01
8.153763349007601136e-01
8.067531250890014327e-01
7.981399732307359329e-01
7.895801098529648954e-01
7.812432034524988689e-01
7.733922695688808524e-01
7.663764298472706127e-01
7.605927980492162011e-01
7.564694389928255935e-01
7.544337280974774407e-01
7.548971071572040392e-01
7.582457673283478083e-01
7.647911281309168752e-01
7.747170695104064198e-01
7.879718316329605843e-01
8.041550585339206636e-01
8.224351421291852260e-01
8.416171313155864642e-01
8.604060375432984742e-01
8.777724850647633525e-01
8.932010298820501903e-01
9.066759193500286695e-01
9.184647505339812446e-01
9.288771450934040219e-01
9.381377465024957063e-01
9.463785203397978574e-01
9.536865679757318137e-01
9.601397115903284041e-01
9.658180961577741419e-01
9.707991766785789567e-01
9.751550901743887279e-01
9.789507186835568753e-01
9.822458071409787550e-01
9.850944612437779746e-01
9.875467300497652312e-01
9.896475892392549989e-01
9.914381670932254087e-01
9.929546622615920137e-01
9.942297838594624793e-01
9.952936257906953577e-01
9.961731310125655492e-01
9.968937048960825331e-01
9.974771612623639649e-01
9.979431549219803799e-01
9.983085879385623640e-01
9.985881809205516824e-01
9.987964141741308977e-01
9.989448691808450187e-01
9.990437852244021810e-01
9.991029709435351736e-01
9.991300140672156882e-01
9.991319992674280170e-01
9.991152152059512570e-01
9.990841309850047036e-01
9.990432129989009757e-01
9.989965499790395276e-01
9.989465363445285684e-01
9.988955319955464818e-01
9.988463317265035002e-01
9.988002574590251204e-01
9.987580674234339817e-01
9.987212347230438603e-01
9.986909593709175637e-01
9.986672265511465918e-01
9.986498677732615903e-01
9.986393731992819767e-01
9.986360200492654382e-01
9.986395757700563536e-01
9.986495327164924829e-01
9.986656634875139549e-01
9.986879250131687202e-01
9.987161708134493221e-01
9.987501525778208489e-01
9.987893685156986612e-01
9.988332862780300303e-01
9.988815709977409973e-01
9.989338993293893632e-01
9.989899218838628192e-01
9.990492773319117337e-01
9.991116175489455076e-01
9.991766050860353410e-01
9.992439176833176617e-01
9.993132266115871687e-01
9.993841905039787532e-01
9.994564641421603834e-01
9.995297166776293540e-01
9.996036406433487231e-01
9.996779517795292280e-01
9.997523988018799379e-01
9.998267731113856804e-01
9.999008928461740053e-01
9.999745753028198569e-01
1.000047634045166722e+00
1.000119879607577866e+00
1.000191124174732993e+00
1.000261175937918301e+00
1.000329853638377342e+00
1.000396968523886709e+00
1.000462306658970624e+00
1.000525699540396829e+00
1.000587045065309599e+00
1.000646261775965939e+00
1.000703253075715393e+00
1.000757897963224119e+00
1.000810106371222030e+00
1.000859821265316807e+00
1.000906935892091010e+00
1.000951314914643842e+00
1.000992853480609845e+00
1.001031424727504948e+00
1.001066927552564323e+00
1.001099335954122260e+00
1.001128623602021817e+00
1.001154792711822950e+00
1.001177835978488639e+00
1.001197753302729865e+00
1.001214564986323330e+00
1.001228303299273925e+00
1.001239011518145539e+00
1.001246757110504815e+00
1.001251642547053899e+00
1.001253749015188044e+00
1.001253192024011973e+00
1.001250102151032717e+00
1.001244619683817616e+00
1.001236932780778410e+00
1.001227264499088276e+00
1.001215854899622615e+00
1.001202992751414111e+00
1.001189019704956884e+00
1.001174291346383471e+00
1.001159182283100302e+00
1.001144087773676583e+00
1.001129409647608437e+00
1.001115570697497237e+00
1.001103034444757789e+00
1.001092310162721821e+00
1.001083961086855822e+00
1.001078604422744656e+00
1.001076911547891468e+00
1.001079659149123779e+00
1.001087844613901545e+00
1.001102868309304395e+00
1.001126877106949031e+00
1.001163532892378694e+00
1.001219924139566508e+00
1.001311846810814865e+00
1.001482109878655935e+00
1.001887880723405511e+00
1.003432917033276306e+00
1.012202283353404564e+00
1.002120479549436727e+00
9.986140090604661568e-01
