1.000000000000000000e+00
9.999609093025993989e-01
9.998256239464281547e-01
9.995857653570687784e-01
9.992659361226161607e-01
9.989386798845070192e-01
9.987452744757649992e-01
9.989227383511657399e-01
9.998349462942958121e-01
1.002004564744459980e+00
1.006138656754884897e+00
1.013148263421931539e+00
1.024157786202200660e+00
1.040505584311744558e+00
1.063732628592991780e+00
1.095439036474087802e+00
1.137016231512137265e+00
1.188584024092483649e+00
1.247600701498265074e+00
1.308437330192057102e+00
1.364875067866222702e+00
1.415514091674858532e+00
1.508712390711071327e+00
1.685305814315135153e+00
1.747857073837488118e+00
1.737142231646640944e+00
1.686836499564242864e+00
1.610577837226383924e+00
1.519607487272827129e+00
1.427030507278980620e+00
1.339309206309002409e+00
1.261490306048337118e+00
1.195955364642652619e+00
1.141808356689851145e+00
1.098076084820569731e+00
1.061671799791203075e+00
1.030446094048719896e+00
1.003448160151209079e+00
9.795062332276356365e-01
9.582605235700930590e-01
9.389873035526988820e-01
9.210782750103848615e-01
9.046290278329680579e-01
8.894087003476989217e-01
8.754500435571860306e-01
8.625351792268965978e-01
8.503900868938980562e-01
8.391093801967567378e-01
8.285778194903415939e-01
8.188350572939614436e-01
8.097585602233970947e-01
8.012179973719428805e-01
7.932524231348284660e-01
7.858204878960348694e-01
7.790485529675630350e-01
7.730102326740359020e-01
7.678792706369057530e-01
7.638205113980834904e-01
7.610313478969672474e-01
7.598492494149590160e-01
7.605994918201780530e-01
7.637095641584102923e-01
7.695770618501082128e-01
7.786236127612279345e-01
7.911885179768128884e-01
8.074674775841254037e-01
8.272985810113093752e-01
8.498491427376627660e-01
8.733212644827398341e-01
8.952775954190935748e-01
9.141045602373295553e-01
9.297181939645807747e-01
9.427852069499668142e-01
9.538715578855224697e-01
9.633741303782191734e-01
9.715169355943839014e-01
9.784981087897112184e-01
9.844408701117869365e-01
9.894851265106265892e-01
9.937195985441114043e-01
9.972531428551237864e-01
1.000155121536775438e+00
1.002513828956568931e+00
1.004385544415060894e+00
1.005841703742564874e+00
1.006928572079291984e+00
1.007693517566929930e+00
1.008186406524437473e+00
1.008438614820533541e+00
1.008497942480455212e+00
1.008389524691103212e+00
1.008146581908905270e+00
1.007793843244280341e+00
1.007348255865604836e+00
1.006838792896770363e+00
1.006278346268367763e+00
1.005681390504947981e+00
1.005066120499994442e+00
1.004440341826692951e+00
1.003815393158848268e+00
1.003201596189501998e+00
1.002602789996127175e+00
1.002025736012790436e+00
1.001476982794063275e+00
1.000957560135302904e+00
1.000469815232422732e+00
1.000018430657387158e+00
9.996033481901175355e-01
9.992236908685436791e-01
9.988811762559155483e-01
9.985768513858889195e-01
9.983085670566234082e-01
9.980741524356241401e-01
9.978734775503687038e-01
9.977057630701011703e-01
9.975691255649924427e-01
9.974610824650688157e-01
9.973800238406826946e-01
9.973248575939056559e-01
9.972942736460664870e-01
9.972868370548769734e-01
9.973005238485149748e-01
9.973333058272080276e-01
9.973837258495323876e-01
9.974503828069036793e-01
9.975318661859383651e-01
9.976267834070229323e-01
9.977338187750731668e-01
9.978517207568227132e-01
9.979793129660303741e-01
9.981154363329631796e-01
9.982589325717661222e-01
9.984086631026594105e-01
9.985635514619715103e-01
9.987226028804884193e-01
9.988849013264040622e-01
9.990496315431599550e-01
9.992161011384250724e-01
9.993836998965668350e-01
9.995518309869093621e-01
9.997199033162411652e-01
9.998873317617050782e-01
1.000053547665277875e+00
1.000217983539994471e+00
1.000380108037645099e+00
1.000539381187322441e+00
1.000695210110033706e+00
1.000847119831449916e+00
1.000994802432828346e+00
1.001138005487196336e+00
1.001276445617659050e+00
1.001409785452281875e+00
1.001537766801048557e+00
1.001660215162643475e+00
1.001776839679417996e+00
1.001887284210751572e+00
1.001991269329616685e+00
1.002088465029975062e+00
1.002178605518219578e+00
1.002261607365411811e+00
1.002337387520211731e+00
1.002405932958311707e+00
1.002467208821754552e+00
1.002521198530752944e+00
1.002567935164684121e+00
1.002607481045205473e+00
1.002639925294068091e+00
1.002665415226113632e+00
1.002684182171615701e+00
1.002696406501784709e+00
1.002702350788034380e+00
1.002702313502979115e+00
1.002696616123527562e+00
1.002685694332393185e+00
1.002670066853405650e+00
1.002650292563304069e+00
1.002627046206092887e+00
1.002601128228518768e+00
1.002573371509418054e+00
1.002544653342154479e+00
1.002515899040923530e+00
1.002488047881564981e+00
1.002462086944225561e+00
1.002439097539881363e+00
1.002420266032080454e+00
1.002406901712798559e+00
1.002400434162209031e+00
1.002402409555080753e+00
1.002414605999642827e+00
1.002439297426071407e+00
1.002479667613072500e+00
1.002540589193092746e+00
1.002630371147501753e+00
1.002765114626683829e+00
1.002980740776214574e+00
1.003374667908673468e+00
1.004304316756493121e+00
1.007813248709450216e+00
1.026854249665467345e+00
1.003699420277905041e+00
9.985355019695570933e-01
