9.504350711501879934e-01
9.553854315781169504e-01
9.620417128117149108e-01
9.668174341095174817e-01
9.739687370532610355e-01
9.800838529185209591e-01
9.878597499938669424e-01
9.960345240625625429e-01
1.005674604468421940e+00
1.016727415893422082e+00
1.029687178703421857e+00
1.044848257476210351e+00
1.062577184099311678e+00
1.083182974518625663e+00
1.106921817577285472e+00
1.133950660971099866e+00
1.164290140682485708e+00
1.197781451824265986e+00
1.234045185646612586e+00
1.272444959392963426e+00
1.312060358389965264e+00
1.351672866850228250e+00
1.389767959511679640e+00
1.424561888388090614e+00
1.454074480976135231e+00
1.476275764392174450e+00
1.489302664023074874e+00
1.491691369467157413e+00
1.482571115595944899e+00
1.461783073090312968e+00
1.429905339110326690e+00
1.388201012143175817e+00
1.338506856106302267e+00
1.283084894833919298e+00
1.224455793820721006e+00
1.165209919850346720e+00
1.107820865965893908e+00
1.054459093617892362e+00
1.006806334661293878e+00
9.659148961136730938e-01
9.321218633207385418e-01
9.050887347393052895e-01
8.839598024242824037e-01
8.675622674996847916e-01
8.546403786712760686e-01
8.440260373721423237e-01
8.347603419103306610e-01
8.261586971150604031e-01
8.177786331651881735e-01
8.093880838144390522e-01
8.009062838530366379e-01
7.923788868141838915e-01
7.839714897574348029e-01
7.759386910035500629e-01
7.686194744374179599e-01
7.624021229453218362e-01
7.577098057398234943e-01
7.549711227054295426e-01
7.546071082466866420e-01
7.570249581029437902e-01
7.625739393239266972e-01
7.715011547015619975e-01
7.838522204222149181e-01
7.993571756536940187e-01
8.173196041717307736e-01
8.366242013841130865e-01
8.559392266671230765e-01
8.740782218236406997e-01
8.903214818791389540e-01
9.045000567051851847e-01
9.168297437694233887e-01
9.276488494337780111e-01
9.372354090498280499e-01
9.457579654078352993e-01
9.533154523153286597e-01
9.599851634500545794e-01
9.658464430995872263e-01
9.709791033119969939e-01
9.754590511211925774e-01
9.793545996778264540e-01
9.827282954636649137e-01
9.856367128633931607e-01
9.881321961379322394e-01
9.902618406831802389e-01
9.920686905854532167e-01
9.935906631913250520e-01
9.948620163687670326e-01
9.959142627130210812e-01
9.967756652346074775e-01
9.974728458079046289e-01
9.980287105574240369e-01
9.984638595123189742e-01
9.987960078763360450e-01
9.990405985045748283e-01
9.992127635733933921e-01
9.993246527951716862e-01
9.993869904198995346e-01
9.994100083090762254e-01
9.994016494960105135e-01
9.993692985363131776e-01
9.993194885860936516e-01
9.992568603725694443e-01
9.991860311164948438e-01
9.991112157133905658e-01
9.990348544595828439e-01
9.989593444293735081e-01
9.988875426688329506e-01
9.988207563255576682e-01
9.987596876554968306e-01
9.987058076383348304e-01
9.986603063160531812e-01
9.986230728418744595e-01
9.985938307557572502e-01
9.985730203577078967e-01
9.985608654373832049e-01
9.985570399436931588e-01
9.985609239532214909e-01
9.985722061259894033e-01
9.985907825468024468e-01
9.986164428625134981e-01
9.986488679842538962e-01
9.986874669772169977e-01
9.987316188778910808e-01
9.987809208415343587e-01
9.988349867037573659e-01
9.988934045245635440e-01
9.989557518405233205e-01
9.990216229285925342e-01
9.990906259733928207e-01
9.991623877059245817e-01
9.992365296353482584e-01
9.993126611113825053e-01
9.993903888001925973e-01
9.994693364756269682e-01
9.995491547658389431e-01
9.996295208735295201e-01
9.997101491482509594e-01
9.997908015948445692e-01
9.998712703510821420e-01
9.999513474600008056e-01
1.000030821608873133e+00
1.000109478845067734e+00
1.000187107623648597e+00
1.000263492606143334e+00
1.000338430483956209e+00
1.000411710209925698e+00
1.000483093647740018e+00
1.000552392712348526e+00
1.000619492277140754e+00
1.000684300113197089e+00
1.000746707710360450e+00
1.000806580133751122e+00
1.000863816496760705e+00
1.000918352228000963e+00
1.000970068588915352e+00
1.001018815752761748e+00
1.001064477360312788e+00
1.001106913138983368e+00
1.001146011105273903e+00
1.001181741490169808e+00
1.001214074274569432e+00
1.001243010720977988e+00
1.001268541757593278e+00
1.001290666249987638e+00
1.001309405421360932e+00
1.001324793625271603e+00
1.001336877286074900e+00
1.001345729307900889e+00
1.001351460884565059e+00
1.001354159960546442e+00
1.001353952012062898e+00
1.001350978996055074e+00
1.001345393485901347e+00
1.001337400386459908e+00
1.001327242746617996e+00
1.001315182188074804e+00
1.001301533561094859e+00
1.001286669499497295e+00
1.001270977830588604e+00
1.001254867122090886e+00
1.001238768448384553e+00
1.001223119975076292e+00
1.001208382664932284e+00
1.001195061847067747e+00
1.001183712648430424e+00
1.001174948879239190e+00
1.001169442901720830e+00
1.001167925629176336e+00
1.001171242071529965e+00
1.001180476867552516e+00
1.001197152432163229e+00
1.001223602319906814e+00
1.001263806755567920e+00
1.001325471456819383e+00
1.001425770450020458e+00
1.001611252648290096e+00
1.002052819485640844e+00
1.003733072890550471e+00
1.013239990363488108e+00
1.002262961229827054e+00
9.985568163945098830e-01
