1.000000000000000000e+00
9.999642348132674607e-01
9.998405052575699559e-01
9.996215252634633730e-01
9.993305018033592502e-01
9.990346503086020569e-01
9.988640659519354426e-01
9.990365421068204688e-01
9.998868191212351153e-01
1.001897586622205516e+00
1.005725607726319248e+00
1.012222234038611779e+00
1.022443174975483648e+00
1.037648338541731663e+00
1.059291595803208752e+00
1.088902810961828171e+00
1.127890900844862543e+00
1.176697813605136922e+00
1.233641964305424388e+00
1.294190659651000441e+00
1.352339690235358605e+00
1.405818386103556250e+00
1.478230852311932741e+00
1.628520951951252016e+00
1.708097280603105839e+00
1.716048849690244849e+00
1.680355144539239731e+00
1.615931873888258430e+00
1.533961293222453559e+00
1.446599525929064933e+00
1.360331755323828995e+00
1.280322687371129531e+00
1.210006492013765200e+00
1.150346048024052825e+00
1.102142912691232324e+00
1.062695791072317597e+00
1.029682344524170956e+00
1.001827514795623264e+00
9.776342970092423146e-01
9.564873222194201219e-01
9.374930389666434882e-01
9.199406190145731355e-01
9.038451226060117971e-01
8.889402701781687899e-01
8.752351045355665216e-01
8.625111356369926652e-01
8.505010338106949730e-01
8.392961789439100651e-01
8.287861062412738011e-01
8.190105845099026061e-01
8.098524890629497097e-01
8.011882382018974402e-01
7.930620202375601169e-01
7.854445406235600613e-01
7.784764014795149123e-01
7.722537349779149407e-01
7.669771585507926259e-01
7.628436366337653096e-01
7.600847738628999650e-01
7.590670690340544091e-01
7.601413496028154304e-01
7.637500124808725976e-01
7.702966208097802303e-01
7.801896845847282602e-01
7.937226225653065681e-01
8.109765178613016490e-01
8.315540173189553963e-01
8.542378474209189054e-01
8.768887851601598893e-01
8.973122160411033388e-01
9.146351399028856966e-01
9.291649247909746778e-01
9.415144313314844915e-01
9.521092893207003804e-01
9.612558279870767608e-01
9.691353424766144808e-01
9.759214447997358599e-01
9.817252114292124299e-01
9.866754764803503663e-01
9.908553682610433677e-01
9.943667133326583585e-01
9.972755114146629740e-01
9.996648280557394184e-01
1.001588541319378578e+00
1.003114010376180643e+00
1.004285601269090833e+00
1.005148431011121390e+00
1.005749608688318419e+00
1.006119341449975169e+00
1.006302386126954440e+00
1.006322894928535883e+00
1.006212090661300795e+00
1.005993386605507300e+00
1.005683060487764680e+00
1.005308009041409267e+00
1.004880594155405538e+00
1.004414483320787976e+00
1.003926557172293510e+00
1.003424328609258120e+00
1.002918385857042072e+00
1.002418337455886599e+00
1.001927962416352624e+00
1.001453592846714313e+00
1.001001325619189419e+00
1.000572319499759111e+00
1.000168876507893323e+00
9.997953436045687869e-01
9.994518412689061826e-01
9.991377496285132054e-01
9.988547328360914968e-01
9.986038469052305189e-01
9.983833086136707502e-01
9.981913085159507260e-01
9.980278346845331550e-01
9.978922932809985991e-01
9.977831082809419661e-01
9.976981690657963364e-01
9.976361311890842298e-01
9.975961026277082588e-01
9.975769940251821843e-01
9.975776013785349061e-01
9.975961964577074736e-01
9.976310434988993059e-01
9.976809072776958720e-01
9.977445984373318755e-01
9.978209158891138131e-01
9.979086711162815648e-01
9.980067403826822225e-01
9.981140536543601227e-01
9.982296044578699012e-01
9.983523989622371531e-01
9.984814415152422074e-01
9.986157514850783068e-01
9.987544008548886465e-01
9.988965316627753666e-01
9.990413535388956712e-01
9.991881633286363584e-01
9.993363647718603859e-01
9.994854327048888765e-01
9.996348523916191997e-01
9.997841128660986953e-01
9.999327072317996112e-01
1.000080142029633024e+00
1.000225923799855199e+00
1.000369590086600757e+00
1.000510669930379404e+00
1.000648644750528948e+00
1.000783099516813213e+00
1.000913766359123214e+00
1.001040425968536152e+00
1.001162831163946665e+00
1.001280686523287056e+00
1.001393766296332810e+00
1.001501918467482266e+00
1.001604887701929680e+00
1.001702360555992932e+00
1.001794091231746231e+00
1.001879788901319346e+00
1.001959219389270350e+00
1.002032309876705218e+00
1.002098987772007677e+00
1.002159242429193853e+00
1.002213043799655923e+00
1.002260377977404637e+00
1.002301275019487070e+00
1.002335790876167421e+00
1.002364005240694800e+00
1.002386049378866772e+00
1.002402129025976141e+00
1.002412404789132294e+00
1.002417110149190327e+00
1.002416510440503616e+00
1.002410891425333350e+00
1.002400640124247344e+00
1.002386217204014551e+00
1.002368118971338040e+00
1.002346944480023483e+00
1.002323404255723194e+00
1.002298237641187306e+00
1.002272223429402587e+00
1.002246183081609399e+00
1.002220950573029512e+00
1.002197402434922502e+00
1.002176498972444429e+00
1.002159293958161390e+00
1.002146950626522814e+00
1.002140739559506777e+00
1.002142035758520233e+00
1.002152421432943585e+00
1.002173920858925982e+00
1.002209369102083469e+00
1.002263105901877172e+00
1.002342531866788233e+00
1.002461986897658752e+00
1.002653461096897347e+00
1.003003715029909371e+00
1.003831155534461228e+00
1.006958340211459690e+00
1.024044838397625945e+00
1.003415067802713390e+00
9.985131970307067339e-01
