9.927670434814249711e-01
9.922334551315967754e-01
9.927851907946555476e-01
9.919167182854494724e-01
9.925717257925518178e-01
9.923617243968607671e-01
9.931470633494881017e-01
9.940415040446927142e-01
9.957882498057479825e-01
9.983690650636464214e-01
1.002168929313243417e+00
1.007463776369084796e+00
1.014616186072666792e+00
1.023990731566460033e+00
1.035960676254575885e+00
1.050875892653956090e+00
1.069032780754741063e+00
1.090634343078823676e+00
1.115745287371976646e+00
1.144244191558295931e+00
1.175777075508864566e+00
1.209717204899253495e+00
1.245135070237629593e+00
1.280782217892332708e+00
1.315094425825814595e+00
1.346232276080353119e+00
1.372196388404575362e+00
1.391035189563690322e+00
1.401106827872716787e+00
1.401315728684051631e+00
1.391253494489022691e+00
1.371226569288433561e+00
1.342180432911827204e+00
1.305557831361531251e+00
1.263132788569844678e+00
1.216834056762833960e+00
1.168591892641257735e+00
1.120208101309427162e+00
1.073241289099581497e+00
1.028929767908930426e+00
9.881341536584742347e-01
9.513374492287984818e-01
9.186916154260347245e-01
8.900671429148714342e-01
8.651423310444582571e-01
8.434818170358461265e-01
8.246339032081322351e-01
8.082210018747668645e-01
7.939585324550186840e-01
7.816751078987219659e-01
7.712919616013141910e-01
7.628233711030223407e-01
7.563796445651268519e-01
7.521322144612261340e-01
7.503013484973326541e-01
7.511103147272992775e-01
7.547594566808338845e-01
7.613789632329978074e-01
7.709799942140049822e-01
7.833981678058480336e-01
7.982060266190027509e-01
8.146869224175675717e-01
8.318956693408238179e-01
8.488626281308438992e-01
8.648352422514922200e-01
8.794219977327624171e-01
8.925543334147320040e-01
9.043397398886169336e-01
9.149263998933055975e-01
9.244408824820239401e-01
9.329839466453510033e-01
9.406416124576281179e-01
9.474936762741801299e-01
9.536141018987818185e-01
9.590720368124238115e-01
9.639305556924444573e-01
9.682482505592431288e-01
9.720783091799715114e-01
9.754701332313622242e-01
9.784682824853736527e-01
9.811139847393922642e-01
9.834442087856875014e-01
9.854931750302297067e-01
9.872913787041063260e-01
9.888668790512911144e-01
9.902441811454206766e-01
9.914454809420691905e-01
9.924912459406349807e-01
9.933994830295114209e-01
9.941873863510640730e-01
9.948694562478257453e-01
9.954590356673193030e-01
9.959676321485271266e-01
9.964051709968602122e-01
9.967816942869670571e-01
9.971050462863340069e-01
9.973822971998366205e-01
9.976203651167923070e-01
9.978245272265841015e-01
9.979998589947824961e-01
9.981509424048220502e-01
9.982811356490872701e-01
9.983938359794312101e-01
9.984921762825136327e-01
9.985782254121418067e-01
9.986540222647298792e-01
9.987218097259144001e-01
9.987829367903895417e-01
9.988384381768499187e-01
9.988896798459924176e-01
9.989378233846745170e-01
9.989833732244706166e-01
9.990267340951508590e-01
9.990686010958446106e-01
9.991095071502299474e-01
9.991497144875817193e-01
9.991893234972016868e-01
9.992285433024792329e-01
9.992676390432735367e-01
9.993067987596727653e-01
9.993461456924145336e-01
9.993856620968800675e-01
9.994252980970080857e-01
9.994650806485365635e-01
9.995050237536228233e-01
9.995451154397706484e-01
9.995853252345038298e-01
9.996256169520877366e-01
9.996659482310029654e-01
9.997062738501407697e-01
9.997465363992088516e-01
9.997866643260212571e-01
9.998265766862822757e-01
9.998661922175361427e-01
9.999054340729756074e-01
9.999442302480511247e-01
9.999825186142394795e-01
1.000020251902222768e+00
1.000057390772040922e+00
1.000093891471154350e+00
1.000129704927269492e+00
1.000164777368629743e+00
1.000199052804183975e+00
1.000232470633230841e+00
1.000264972670796615e+00
1.000296495037452660e+00
1.000326960126118658e+00
1.000356309440793900e+00
1.000384513402243991e+00
1.000411550400617688e+00
1.000437390490329426e+00
1.000461991212003410e+00
1.000485323260762227e+00
1.000507371576580651e+00
1.000528097228843283e+00
1.000547447284861668e+00
1.000565382167052375e+00
1.000581851437625014e+00
1.000596815937326411e+00
1.000610270634849197e+00
1.000622209840255961e+00
1.000632640645320759e+00
1.000641565376820363e+00
1.000648989375555020e+00
1.000654927122483384e+00
1.000659398385895349e+00
1.000662427816597644e+00
1.000664051063894000e+00
1.000664319809079661e+00
1.000663275809763997e+00
1.000660976605492136e+00
1.000657486652119177e+00
1.000652874879806031e+00
1.000647232334477943e+00
1.000640666220858899e+00
1.000633291678449499e+00
1.000625246448663130e+00
1.000616692842165811e+00
1.000607799818968857e+00
1.000598745400594458e+00
1.000589717502384346e+00
1.000580907543816123e+00
1.000572517236525183e+00
1.000564767911522601e+00
1.000557903139450699e+00
1.000552192973380716e+00
1.000547934653460702e+00
1.000545453814272623e+00
1.000545129918505083e+00
1.000547452672183812e+00
1.000553111903240922e+00
1.000563167282127797e+00
1.000579426631805546e+00
1.000605384096509454e+00
1.000648812108919872e+00
1.000730743951980806e+00
1.000928350344784779e+00
1.001685619390916493e+00
1.006101161366283137e+00
1.001223626946317724e+00
9.990480624311226521e-01
