9.611461039042845655e-01
9.646571837558587381e-01
9.692804242540543624e-01
9.727393853307830796e-01
9.777986774620499588e-01
9.823222047311259697e-01
9.881057656414017343e-01
9.944237698252776925e-01
1.002059618550688702e+00
1.011094835404121151e+00
1.021974819321794570e+00
1.035026600739188618e+00
1.050627811285459234e+00
1.069116028658394058e+00
1.090781934208410631e+00
1.115827325074453036e+00
1.144326931569857431e+00
1.176184729264969864e+00
1.211090922162582295e+00
1.248482864168106277e+00
1.287514518944341324e+00
1.327038421240924082e+00
1.365603133785983747e+00
1.401473035349920515e+00
1.432688755997671537e+00
1.457198140158933786e+00
1.473065406809209721e+00
1.478710027200679233e+00
1.473115307391896112e+00
1.455963243435518084e+00
1.427671955176154306e+00
1.389350998141774651e+00
1.342693633139355525e+00
1.289831482926232287e+00
1.233173135243185392e+00
1.175223837732640275e+00
1.118410479433774141e+00
1.064907543280837698e+00
1.016460673491247135e+00
9.742462443818342699e-01
9.387724825777662430e-01
9.098918634855058807e-01
8.869254307844230967e-01
8.688351176649262708e-01
8.544453285685350563e-01
8.426178455175149518e-01
8.323884110617653098e-01
8.230488781556818401e-01
8.141289220969651907e-01
8.053733672834597623e-01
7.966874224148535744e-01
7.881130553976533060e-01
7.798213187762448317e-01
7.720782137750556995e-01
7.652362126529338449e-01
7.596947635448100256e-01
7.558821126784499578e-01
7.542227331615818375e-01
7.551209881786988820e-01
7.589501325263176001e-01
7.659997642219432690e-01
7.764186220660189708e-01
7.901028342630991297e-01
8.065860767118434582e-01
8.249749355227691261e-01
8.440485397850669980e-01
8.625468686774977467e-01
8.795278216446136277e-01
8.945727509913016240e-01
9.077276242700620390e-01
9.192722974758926746e-01
9.294969660893915853e-01
9.386022587153255436e-01
9.467067513551694624e-01
9.538944582597940203e-01
9.602437440152552517e-01
9.658345121152632773e-01
9.707427077572206020e-01
9.750386727022897215e-01
9.787857569806874825e-01
9.820424162954765057e-01
9.848615833984857293e-01
9.872922143129410077e-01
9.893782807208739705e-01
9.911600049537926393e-01
9.926727729880396867e-01
9.939485618321500793e-01
9.950167948892590930e-01
9.959037913815694809e-01
9.966343822141338071e-01
9.972298661319480839e-01
9.977094528690105824e-01
9.980896621343391395e-01
9.983848746306225319e-01
9.986092630727250175e-01
9.987741420322243657e-01
9.988895234647299226e-01
9.989650165644676783e-01
9.990080425995292446e-01
9.990255453406252650e-01
9.990236978675893775e-01
9.990068892349441843e-01
9.989795144552474637e-01
9.989456017112972042e-01
9.989075240145259826e-01
9.988676232640514296e-01
9.988286633707665896e-01
9.987919726453191593e-01
9.987583349021799117e-01
9.987292228601382105e-01
9.987058400275271586e-01
9.986882155991123611e-01
9.986762303250050765e-01
9.986703963141405627e-01
9.986710148013975274e-01
9.986778957950178670e-01
9.986905828871294188e-01
9.987088867295939032e-01
9.987327917432594626e-01
9.987621804556223726e-01
9.987968366755332061e-01
9.988362992618199376e-01
9.988800762804475042e-01
9.989278637514945602e-01
9.989793669192416070e-01
9.990342648770481615e-01
9.990922241423139116e-01
9.991529228264413032e-01
9.992160482516633246e-01
9.992813013998134153e-01
9.993483762270954918e-01
9.994169538463891778e-01
9.994867109960623441e-01
9.995573375386925807e-01
9.996285451347590723e-01
9.997000671173196240e-01
9.997716678894751352e-01
9.998431522653972170e-01
9.999143502451098842e-01
9.999850906530149963e-01
1.000055198414464552e+00
1.000124495253310597e+00
1.000192804201598396e+00
1.000259944212971153e+00
1.000325744115557081e+00
1.000390025361373336e+00
1.000452585101413439e+00
1.000513263799716057e+00
1.000571965310732336e+00
1.000628613102770847e+00
1.000683116032798470e+00
1.000735359484650200e+00
1.000785258346951645e+00
1.000832759034079089e+00
1.000877760288472418e+00
1.000920133421972391e+00
1.000959778860487592e+00
1.000996575897013408e+00
1.001030428422973850e+00
1.001061312161717787e+00
1.001089202473756101e+00
1.001114102007652162e+00
1.001136004266155899e+00
1.001154909621645883e+00
1.001170837948407444e+00
1.001183820554937265e+00
1.001193899267172505e+00
1.001201139050024835e+00
1.001205638360483485e+00
1.001207475276168379e+00
1.001206760720417588e+00
1.001203620035651998e+00
1.001198187857586852e+00
1.001190644642003802e+00
1.001181204251423207e+00
1.001170096830578116e+00
1.001157599154090416e+00
1.001144038624298460e+00
1.001129756000649573e+00
1.001115110273159248e+00
1.001100480229490275e+00
1.001086250988360682e+00
1.001072827787519826e+00
1.001060654920046922e+00
1.001050220569196902e+00
1.001042064707396539e+00
1.001036779167023827e+00
1.001035007933545495e+00
1.001037496253567527e+00
1.001045201359327397e+00
1.001059467443875972e+00
1.001082355451293093e+00
1.001117380738147933e+00
1.001171347671073963e+00
1.001259417918054062e+00
1.001422678990723680e+00
1.001811976009683081e+00
1.003294762783324190e+00
1.011723783946765209e+00
1.002054057650312080e+00
9.986416004565803473e-01
