9.849936347731474973e-01
9.859983501769824521e-01
9.859115834885419094e-01
9.874611859461649432e-01
9.876931418104288873e-01
9.893328411489742402e-01
9.907035886283899195e-01
9.930997635858269668e-01
9.961835187135005265e-01
1.000504227188286466e+00
1.006269217518249715e+00
1.013873920961430919e+00
1.023677966811050499e+00
1.036065720789148603e+00
1.051397783936028230e+00
1.069988950594340960e+00
1.092069267456367232e+00
1.117742001081041936e+00
1.146937284140995050e+00
1.179365894150043115e+00
1.214477518159552183e+00
1.251428383098228903e+00
1.289061794433057795e+00
1.325905668358465350e+00
1.360196223859641229e+00
1.389952632952351497e+00
1.413136215208758761e+00
1.427884930974486100e+00
1.432763423150686721e+00
1.426958620382128951e+00
1.410372441932730370e+00
1.383612260189117871e+00
1.347897287184903092e+00
1.304915723785853521e+00
1.256666063714712012e+00
1.205288230843787334e+00
1.152912506253286118e+00
1.101522142163174900e+00
1.052820335394786699e+00
1.008126220605937151e+00
9.682879133821911122e-01
9.336629752363614365e-01
9.041661154196487526e-01
8.793443952375591399e-01
8.585130019190789774e-01
8.408849591329096151e-01
8.257085541177298094e-01
8.123792525554890398e-01
8.004609372006554757e-01
7.896971548552060849e-01
7.799777876058135995e-01
7.713267784847731567e-01
7.638962922039694847e-01
7.579270344181219254e-01
7.537328180794045096e-01
7.516532677092858661e-01
7.520295385803987820e-01
7.551644132458815717e-01
7.612900446044827962e-01
7.705293010753048177e-01
7.828053287061222942e-01
7.977579026620508218e-01
8.146714249145805553e-01
8.325298316264323484e-01
8.502237340515125252e-01
8.668520268071295831e-01
8.819276818585867206e-01
8.953697710241381724e-01
9.073315425147403523e-01
9.180168432874280526e-01
9.275881525238799385e-01
9.361586622193422969e-01
9.438174817385905913e-01
9.506453233998404251e-01
9.567196526996833983e-01
9.621122633889129805e-01
9.668898578600051419e-01
9.711130292238487893e-01
9.748380470674412601e-01
9.781158579161950417e-01
9.809936109052413977e-01
9.835137415315062803e-01
9.857155033687482470e-01
9.876339932015288925e-01
9.893014216339451883e-01
9.907459973111945040e-01
9.919932408308861360e-01
9.930666631715088233e-01
9.939870883019736869e-01
9.947742952207381251e-01
9.954450732238575572e-01
9.960147443850835280e-01
9.964965023393564936e-01
9.969017669607136423e-01
9.972419946880530794e-01
9.975261887733732902e-01
9.977624020140536398e-01
9.979584801483146750e-01
9.981204136451621300e-01
9.982539153903000617e-01
9.983641235798290658e-01
9.984547438760403848e-01
9.985295276741753545e-01
9.985919342835282153e-01
9.986441465541646689e-01
9.986883256891140315e-01
9.987269171095247700e-01
9.987612820455374907e-01
9.987923959940099294e-01
9.988216855930919236e-01
9.988503482222863550e-01
9.988787562772463158e-01
9.989071696290366953e-01
9.989362469137947897e-01
9.989664640819495567e-01
9.989979578517328429e-01
9.990306699628991316e-01
9.990646999353004487e-01
9.991002379374842590e-01
9.991373877605884690e-01
9.991761782551259463e-01
9.992164643192495976e-01
9.992580686482348540e-01
9.993009245913220262e-01
9.993449582428469702e-01
9.993900692368777872e-01
9.994361400790860994e-01
9.994830524372605440e-01
9.995306860596692156e-01
9.995789225237174946e-01
9.996276324386383916e-01
9.996766723629766371e-01
9.997258907043394816e-01
9.997751393793991026e-01
9.998242797604808274e-01
9.998731829431658502e-01
9.999217361291986572e-01
9.999698489598833895e-01
1.000017444078153739e+00
1.000064440533918741e+00
1.000110752352042054e+00
1.000156289182002611e+00
1.000200959411408963e+00
1.000244666862091014e+00
1.000287319946570719e+00
1.000328820783119355e+00
1.000369054448843720e+00
1.000407932420424251e+00
1.000445405503128216e+00
1.000481435945282715e+00
1.000515975699853843e+00
1.000548960819523492e+00
1.000580345442161567e+00
1.000610103171526655e+00
1.000638176459611728e+00
1.000664489640302302e+00
1.000688985174596590e+00
1.000711591503523623e+00
1.000732252373837783e+00
1.000750957113179185e+00
1.000767694455577450e+00
1.000782470321085471e+00
1.000795284517720374e+00
1.000806141031596486e+00
1.000815056133194769e+00
1.000822053243366705e+00
1.000827162374488211e+00
1.000830428226535229e+00
1.000831916842718439e+00
1.000831681157748010e+00
1.000829795081329632e+00
1.000826341721921864e+00
1.000821410129100864e+00
1.000815118682706784e+00
1.000807607171708025e+00
1.000799025862876501e+00
1.000789554940239467e+00
1.000779407091381801e+00
1.000768803701184817e+00
1.000757978015559102e+00
1.000747176199993094e+00
1.000736648800346185e+00
1.000726659666104856e+00
1.000717498208757217e+00
1.000709482706967357e+00
1.000702965678669454e+00
1.000698334418594015e+00
1.000696011967501686e+00
1.000696489814241863e+00
1.000700400947121871e+00
1.000708635827719295e+00
1.000722561210448447e+00
1.000744508629591190e+00
1.000778987322386904e+00
1.000836035261169377e+00
1.000942833919577835e+00
1.001199144429429699e+00
1.002178877115605493e+00
1.007835981537133163e+00
1.001492603140375692e+00
9.989019079280301305e-01
