9.907930040913671688e-01
9.911502464701941184e-01
9.905115935954855733e-01
9.913235271497442547e-01
9.909257349757684130e-01
9.917595373236773870e-01
9.923106152115805934e-01
9.937347472337438870e-01
9.957232090604652974e-01
9.987681440455222770e-01
1.003060031766444649e+00
1.008966116281671210e+00
1.016831333975763085e+00
1.027034592267394464e+00
1.039946575495811709e+00
1.055910476057245084e+00
1.075206313827480553e+00
1.098010877513523997e+00
1.124351902338418530e+00
1.154060391540604913e+00
1.186725204847333792e+00
1.221654875292591536e+00
1.257850516919402750e+00
1.293993601119961756e+00
1.328455047628713581e+00
1.359345733062043760e+00
1.384645476594417612e+00
1.402420863452528810e+00
1.411085493955006820e+00
1.409624650913089638e+00
1.397720874775912003e+00
1.375769109466865814e+00
1.344794491178241458e+00
1.306309902418135049e+00
1.262152517070722180e+00
1.214310401620176005e+00
1.164771036081059474e+00
1.115390311871073514e+00
1.067773392899345142e+00
1.023190248857301254e+00
9.825093173820572678e-01
9.461903887493784415e-01
9.143288684126681387e-01
8.867097433944106655e-01
8.629081234564961456e-01
8.423822823352702382e-01
8.245843577641606137e-01
8.090598986376825730e-01
7.954701792595727516e-01
7.836116383570083110e-01
7.733923265831273985e-01
7.648285861272989816e-01
7.580449855834567874e-01
7.532373127543241509e-01
7.506587530173151057e-01
7.505731969754569910e-01
7.532299006825080578e-01
7.588188351337147308e-01
7.674268327119744271e-01
7.789845569697497751e-01
7.931722460988900325e-01
8.093671481364973497e-01
8.266592039509756962e-01
8.440212081725605442e-01
8.605661928333959709e-01
8.757572565331619430e-01
8.894333233815207018e-01
9.016771183175772419e-01
9.126515141842241885e-01
9.225036425369954607e-01
9.313461124324825535e-01
9.392695379206837947e-01
9.463561130981708036e-01
9.526822898181729338e-01
9.583198743257878016e-01
9.633344547238344990e-01
9.677869256182363156e-01
9.717326005514491660e-01
9.752228599623744554e-01
9.783040987230520180e-01
9.810192412805552875e-01
9.834068194819212128e-01
9.855024909614256146e-01
9.873380636121303899e-01
9.889427799741115077e-01
9.903421990447321965e-01
9.915594622564902760e-01
9.926159022871289261e-01
9.935303249633932188e-01
9.943206574369469752e-01
9.950020472815045425e-01
9.955883984703047807e-01
9.960916963116072109e-01
9.965222883533237930e-01
9.968906203699633428e-01
9.972048637406220051e-01
9.974723666752406404e-01
9.977003131141333192e-01
9.978941817315214458e-01
9.980592303241854202e-01
9.982002013492707881e-01
9.983205526524335793e-01
9.984237847411719935e-01
9.985131262762170223e-01
9.985906811299262165e-01
9.986585262400690111e-01
9.987189652450966237e-01
9.987733539340217792e-01
9.988227144173172922e-01
9.988684331604479327e-01
9.989116848981244301e-01
9.989529409681268124e-01
9.989925696348679329e-01
9.990312590110470570e-01
9.990695288769724236e-01
9.991076096776518867e-01
9.991455608897719110e-01
9.991835639293592530e-01
9.992218653722083621e-01
9.992606319811873083e-01
9.992999629527489214e-01
9.993398074529621367e-01
9.993800824087054613e-01
9.994207906398994146e-01
9.994619234145216691e-01
9.995034458225965368e-01
9.995453047527482759e-01
9.995874426287428838e-01
9.996297967798992712e-01
9.996723028838558900e-01
9.997148847047014897e-01
9.997574518422559509e-01
9.997999047947890849e-01
9.998421447326463207e-01
9.998840785612388427e-01
9.999256193070195087e-01
9.999666915175097204e-01
1.000007236611136774e+00
1.000047205274792184e+00
1.000086543979367582e+00
1.000125193934614964e+00
1.000163091718653252e+00
1.000200171930690107e+00
1.000236364555321167e+00
1.000271602564078988e+00
1.000305813059558568e+00
1.000338908511620772e+00
1.000370822451893682e+00
1.000401520120324461e+00
1.000430975651516174e+00
1.000459154309232490e+00
1.000486007924499043e+00
1.000511502803365094e+00
1.000535620896287892e+00
1.000558318317840589e+00
1.000579536068084696e+00
1.000599229782771715e+00
1.000617343382429913e+00
1.000633833146364227e+00
1.000648692561367126e+00
1.000661914469777258e+00
1.000673505679183561e+00
1.000683467867498289e+00
1.000691806038361165e+00
1.000698535180392978e+00
1.000703676069724102e+00
1.000707254824001691e+00
1.000709309551408133e+00
1.000709895821169759e+00
1.000709058421074937e+00
1.000706859318452935e+00
1.000703368011095939e+00
1.000698658865913471e+00
1.000692830307538195e+00
1.000685998332839999e+00
1.000678287558390167e+00
1.000669847172264371e+00
1.000660853068165546e+00
1.000651488341487871e+00
1.000641945904166441e+00
1.000632429378293109e+00
1.000623146128510221e+00
1.000614314625537515e+00
1.000606174563457795e+00
1.000598989666023009e+00
1.000593052235984493e+00
1.000588683818711244e+00
1.000586236351704406e+00
1.000586119564719656e+00
1.000588861890096659e+00
1.000595207396688169e+00
1.000606298787247939e+00
1.000624085493410531e+00
1.000652336105269047e+00
1.000699435504856183e+00
1.000788078899045530e+00
1.001001543518479142e+00
1.001818943384500837e+00
1.006571357086367247e+00
1.001298203838187684e+00
9.990057606715562200e-01
