9.260493135822478461e-01
9.356345054037168429e-01
9.449374802445152932e-01
9.553073841912447239e-01
9.654043834396066615e-01
9.766224365622140358e-01
9.882763244411276737e-01
1.001118123206064414e+00
1.015135470561815634e+00
1.030747238742518945e+00
1.048207406472143832e+00
1.067845943457634617e+00
1.089946948554213257e+00
1.114759893293478799e+00
1.142456624572155688e+00
1.173099696308183226e+00
1.206602709488844294e+00
1.242691108379729847e+00
1.280865069957529023e+00
1.320368775441813636e+00
1.360169746433478766e+00
1.398951670478195908e+00
1.435124882633263432e+00
1.466867146754734286e+00
1.492219949893449416e+00
1.509258193740631970e+00
1.516309564646393104e+00
1.512167582048787207e+00
1.496256739662067625e+00
1.468723833923264221e+00
1.430442441171762447e+00
1.382948533413382863e+00
1.328321060051497415e+00
1.269024965350433742e+00
1.207732159305850983e+00
1.147115827318103243e+00
1.089645813775825145e+00
1.037387920928041884e+00
9.918156027451102696e-01
9.536868905521656004e-01
9.229992468092440561e-01
8.990863051383355398e-01
8.808314362400443409e-01
8.668998821210274208e-01
8.559743515163843464e-01
8.469029381337153106e-01
8.387882292729829103e-01
8.310232657468413775e-01
8.232385460810839328e-01
8.152576108705288371e-01
8.070319546147370904e-01
7.986143873070959964e-01
7.901543619592806822e-01
7.818721620319358800e-01
7.740612797945883861e-01
7.670622108580602561e-01
7.612568338940992607e-01
7.570469859699647808e-01
7.548486869344498418e-01
7.550930857764757143e-01
7.581932196730722939e-01
7.645180345512763154e-01
7.743186243589267326e-01
7.876328694412082498e-01
8.041474945679020214e-01
8.230915303347978718e-01
8.432563537975350521e-01
8.632311056330087551e-01
8.817899524563285185e-01
8.982176154310844707e-01
9.123851763683834548e-01
9.245664984383795693e-01
9.351609739260899890e-01
9.444915828945982250e-01
9.527498982745861156e-01
9.600374823340295238e-01
9.664282856569421654e-01
9.719990488154286457e-01
9.768324961254410965e-01
9.810078496098245671e-01
9.845974344234816877e-01
9.876656291042961167e-01
9.902715317011445695e-01
9.924684889602459759e-01
9.943052856829985853e-01
9.958250178985692536e-01
9.970666105756309516e-01
9.980658511466853344e-01
9.988549833933858535e-01
9.994643041353266089e-01
9.999200332063199470e-01
1.000245652154696963e+00
1.000461364907625494e+00
1.000584819979979834e+00
1.000633130299684259e+00
1.000620189817070571e+00
1.000558220708807289e+00
1.000458749669893121e+00
1.000330819062789534e+00
1.000182736764220870e+00
1.000021779571325098e+00
9.998531271906877516e-01
9.996818547162147350e-01
9.995125460292693109e-01
9.993477878545310444e-01
9.991900858529576546e-01
9.990424619685729368e-01
9.989061708627796632e-01
9.987817346064573609e-01
9.986705951989656160e-01
9.985738922924571881e-01
9.984912037637410087e-01
9.984218981867803988e-01
9.983662376488302570e-01
9.983242638192814100e-01
9.982953412274494509e-01
9.982784800918225177e-01
9.982730878745669223e-01
9.982788552479607835e-01
9.982953589460967780e-01
9.983220432270446532e-01
9.983580224546162452e-01
9.984023827551080643e-01
9.984544944125225419e-01
9.985137625081739188e-01
9.985795674698078050e-01
9.986512840212550257e-01
9.987283153241409694e-01
9.988100892920653839e-01
9.988960635020890377e-01
9.989856946498828494e-01
9.990784290606624651e-01
9.991737144011834104e-01
9.992710245536335911e-01
9.993698717506932505e-01
9.994698059647539878e-01
9.995704280696199318e-01
9.996714029112363509e-01
9.997724366631031145e-01
9.998732379925863167e-01
9.999735135553795562e-01
1.000072968756336111e+00
1.000171313971308207e+00
1.000268256555518320e+00
1.000363520781628157e+00
1.000456822470065843e+00
1.000547844278977028e+00
1.000636333983674131e+00
1.000722133691265725e+00
1.000805115795663225e+00
1.000885132743354777e+00
1.000962004052231125e+00
1.001035593436914395e+00
1.001105811610484064e+00
1.001172500722625980e+00
1.001235463730095532e+00
1.001294546750945091e+00
1.001349565855150781e+00
1.001400373637582053e+00
1.001446928009573911e+00
1.001489186918427698e+00
1.001527148470945594e+00
1.001560797810331138e+00
1.001590130394398148e+00
1.001615170392337939e+00
1.001635958878477117e+00
1.001652552452947154e+00
1.001665041625413810e+00
1.001673565856846304e+00
1.001678234979964888e+00
1.001679206770405894e+00
1.001676660066611602e+00
1.001670787262800344e+00
1.001661847558010576e+00
1.001650148825185660e+00
1.001636022599873499e+00
1.001619868313923023e+00
1.001602159089008737e+00
1.001583387318480511e+00
1.001564071708739068e+00
1.001544759486381109e+00
1.001526006646583200e+00
1.001508397918597248e+00
1.001492574182682338e+00
1.001479239217988537e+00
1.001469170765598493e+00
1.001463219924566550e+00
1.001462310462015726e+00
1.001467508617333024e+00
1.001480181465421060e+00
1.001502246415663766e+00
1.001536641125035043e+00
1.001588375920160701e+00
1.001667153896414142e+00
1.001794608469223524e+00
1.002029389774750756e+00
1.002586825282341998e+00
1.004704367892338635e+00
1.016581583679312173e+00
1.002709460363553129e+00
9.983937630459693846e-01
