9.761302162207932120e-01
9.776008395211162050e-01
9.798913477963503427e-01
9.812812336799505708e-01
9.838843853775242065e-01
9.861002872388962004e-01
9.893230661164884587e-01
9.930420509225583725e-01
9.979038403817873659e-01
1.004034378340830314e+00
1.011848964252654470e+00
1.021685989644080861e+00
1.033934222362049127e+00
1.048961563104283012e+00
1.067105718304649953e+00
1.088636117441676987e+00
1.113716443520873511e+00
1.142360717392041813e+00
1.174388000018157463e+00
1.209379004723187379e+00
1.246639361927300405e+00
1.285174009185191535e+00
1.323675867771519687e+00
1.360533670468977663e+00
1.393871902869643353e+00
1.421651623691456257e+00
1.441856813976146068e+00
1.452736318507842572e+00
1.453036753059942399e+00
1.442168497160686957e+00
1.420269596406201318e+00
1.388176987383507033e+00
1.347325146150483821e+00
1.299603091667499877e+00
1.247197288563951956e+00
1.192421466465975577e+00
1.137558564632134450e+00
1.084709342287069056e+00
1.035639495805631194e+00
9.916545981963256207e-01
9.534983148492103266e-01
9.213350376571675104e-01
8.948217131714363282e-01
8.732233713708278389e-01
8.555931198675466032e-01
8.409336324450155109e-01
8.283459876801100297e-01
8.171362829627364377e-01
8.068224407427816436e-01
7.971302946949776480e-01
7.879491386824325483e-01
7.793123620969140131e-01
7.713889844283305930e-01
7.644449131380819384e-01
7.588291347433419043e-01
7.549284739177548609e-01
7.531450753905818418e-01
7.538598763269998004e-01
7.574093843104243717e-01
7.640623427095998288e-01
7.739469950001752752e-01
7.869712117820119035e-01
8.027084411405770448e-01
8.203448985763257539e-01
8.387545122132001874e-01
8.567584057616335347e-01
8.734525002629396351e-01
8.884058081183197064e-01
9.016159464810906687e-01
9.133017824314915156e-01
9.237055196117825995e-01
9.330019548488098780e-01
9.413045312408819809e-01
9.486987682518972509e-01
9.552650082305805812e-01
9.610808531816639189e-01
9.662199794888783888e-01
9.707494407008014914e-01
9.747312544969947146e-01
9.782216399095378101e-01
9.812726554751783903e-01
9.839312909522441863e-01
9.862409981229474099e-01
9.882407140534550383e-01
9.899661173529742397e-01
9.914485202845564338e-01
9.927162332952377266e-01
9.937953222396863628e-01
9.947089842322471842e-01
9.954791779550938857e-01
9.961246337418163677e-01
9.966623463011931028e-01
9.971069374015606446e-01
9.974710983304928558e-01
9.977674621347407680e-01
9.980060216609225598e-01
9.981956669987871456e-01
9.983450092996587477e-01
9.984606494318375436e-01
9.985488309896298764e-01
9.986151444600711580e-01
9.986635868289104323e-01
9.986981921343123236e-01
9.987226742660332279e-01
9.987392998413965328e-01
9.987503143026446040e-01
9.987583115198114259e-01
9.987646446937992195e-01
9.987702153363298141e-01
9.987764799883270816e-01
9.987846473235004741e-01
9.987949523591226342e-01
9.988075041532832321e-01
9.988229087721685051e-01
9.988415753149416654e-01
9.988635106297671928e-01
9.988884967995433906e-01
9.989165191904468832e-01
9.989476874661914474e-01
9.989820177630924780e-01
9.990194417480312561e-01
9.990596874153301332e-01
9.991024509914567808e-01
9.991475711949798777e-01
9.991948857821790764e-01
9.992442060270982918e-01
9.992953277921858835e-01
9.993480510655007309e-01
9.994021783192890140e-01
9.994575185875401724e-01
9.995138714193712026e-01
9.995710226940404119e-01
9.996287515804591628e-01
9.996868446013807974e-01
9.997451027028736448e-01
9.998033413619495935e-01
9.998613982151104418e-01
9.999191406364166257e-01
9.999764539306398303e-01
1.000033220735199846e+00
1.000089319071262306e+00
1.000144623014201928e+00
1.000199006386939482e+00
1.000252338598542234e+00
1.000304495780362180e+00
1.000355347290828867e+00
1.000404742427345228e+00
1.000452563797677108e+00
1.000498743180260997e+00
1.000543227120863188e+00
1.000585950079539099e+00
1.000626827487401060e+00
1.000665797529707080e+00
1.000702822792645330e+00
1.000737827915169742e+00
1.000770715584973436e+00
1.000801411117677731e+00
1.000829822875236363e+00
1.000855878328476889e+00
1.000879561294744091e+00
1.000900855081686691e+00
1.000919764326066996e+00
1.000936286302199330e+00
1.000950423564112457e+00
1.000962193909250786e+00
1.000971624040963626e+00
1.000978748863527112e+00
1.000983621435528326e+00
1.000986321144595070e+00
1.000986911284797110e+00
1.000985480997816923e+00
1.000982130766445932e+00
1.000976968390668187e+00
1.000970137768836921e+00
1.000961809132963509e+00
1.000952165576086683e+00
1.000941426968676051e+00
1.000929853124518765e+00
1.000917714469483411e+00
1.000905295907896564e+00
1.000892898090771865e+00
1.000880826855884420e+00
1.000869404149425712e+00
1.000858983027648197e+00
1.000849951593969944e+00
1.000842739414464777e+00
1.000837817873594160e+00
1.000835700880971846e+00
1.000836984330223389e+00
1.000842434651924906e+00
1.000853129075557346e+00
1.000870720135562220e+00
1.000898026725937306e+00
1.000940502893043371e+00
1.001010295703279818e+00
1.001140310853024795e+00
1.001451339947733166e+00
1.002638184495582951e+00
1.009441559971930635e+00
1.001729858363514580e+00
9.987855414958447531e-01
