1.174020140197361339e+00
1.174473713216532378e+00
1.179353808576991458e+00
1.183994391947131852e+00
1.193204475388727648e+00
1.202888119961867286e+00
1.217394674824844536e+00
1.233139833328560364e+00
1.254089643152924705e+00
1.277013385176814175e+00
1.305613527809507124e+00
1.336699625282647297e+00
1.373872529355967043e+00
1.413444763295224282e+00
1.459146029834299974e+00
1.506008102223370893e+00
1.558378874018279792e+00
1.609219444556621914e+00
1.664925481447542044e+00
1.715952685258230304e+00
1.770911985444094672e+00
1.805042699423656360e+00
1.822212277321092699e+00
1.810735727202177126e+00
1.777586375857727718e+00
1.721378003219124375e+00
1.649593769628705298e+00
1.566271328463256340e+00
1.477876167794157425e+00
1.390337873550101966e+00
1.308030225711206418e+00
1.234518176787801735e+00
1.171905237294101010e+00
1.119595247472122246e+00
1.077471993401040606e+00
1.043060310003748992e+00
1.014281752652396174e+00
9.899860273326496207e-01
9.685943103828430489e-01
9.497068037405734797e-01
9.324639262327207856e-01
9.161502676393347144e-01
9.010026367287881088e-01
8.867627666814986709e-01
8.736092546185896257e-01
8.613550191427199465e-01
8.497101762545080650e-01
8.389043364999985153e-01
8.288244655788357118e-01
8.195983709826273333e-01
8.111001498025003364e-01
8.031752831346704591e-01
7.958904744430829181e-01
7.891468593309830526e-01
7.830542265186680728e-01
7.775842122488282326e-01
7.728032527353592140e-01
7.687049026767051041e-01
7.652719762397597325e-01
7.626575807174645893e-01
7.609673802561847111e-01
7.604773865716796255e-01
7.614450404537590478e-01
7.642469764921002717e-01
7.692697687230396486e-01
7.769698659769820326e-01
7.878132006111385754e-01
8.022473282538716832e-01
8.206213363110945735e-01
8.429950384626219151e-01
8.689438095353460012e-01
8.972535837331019337e-01
9.260538847740583668e-01
9.532607556672979543e-01
9.774932045413460280e-01
9.981543210349659301e-01
1.015370973170436120e+00
1.029449087115689832e+00
1.040872501630133451e+00
1.049978494834638010e+00
1.057147053561898309e+00
1.062597863325182690e+00
1.066597651642392064e+00
1.069294755938189789e+00
1.070882331146294275e+00
1.071479759103747265e+00
1.071211769162458527e+00
1.070205376537329389e+00
1.068539359328407823e+00
1.066340377793075112e+00
1.063671928412838197e+00
1.060627313925069704e+00
1.057275976563174069e+00
1.053668466036570717e+00
1.049887152731405537e+00
1.045973093919162933e+00
1.041975453181235522e+00
1.037951436669318550e+00
1.033931309677709631e+00
1.029956762356494471e+00
1.026065538606441452e+00
1.022277806862544214e+00
1.018621579710536684e+00
1.015123715889276967e+00
1.011794755691877823e+00
1.008647889323333935e+00
1.005703380157615623e+00
1.002965424082781887e+00
1.000435197063548332e+00
9.981208660509440778e-01
9.960279090110054634e-01
9.941498496440319688e-01
9.924786919651404915e-01
9.910132509802710432e-01
9.897490853694228541e-01
9.886775139642285382e-01
9.877864590454606963e-01
9.870669544474494073e-01
9.865119499566779027e-01
9.861133120737958224e-01
9.858623058419779817e-01
9.857472515345289121e-01
9.857562055088167075e-01
9.858797066298551348e-01
9.861085385922642166e-01
9.864336062412257800e-01
9.868459282779400432e-01
9.873369460372573014e-01
9.878984700409224606e-01
9.885227662772209101e-01
9.892022772172522904e-01
9.899295564589301044e-01
9.906973600510307065e-01
9.914988640699371469e-01
9.923277760694282357e-01
9.931783315563650349e-01
9.940453998981156891e-01
9.949245819837355675e-01
9.958119998046774946e-01
9.967039404782980228e-01
9.975968053146433423e-01
9.984870935223052468e-01
9.993714558479503962e-01
1.000246607117333930e+00
1.001109498903617556e+00
1.001957103611101907e+00
1.002786190770711405e+00
1.003594177715711577e+00
1.004379362439937529e+00
1.005140364300947997e+00
1.005875692984437908e+00
1.006583615174944546e+00
1.007262806636514352e+00
1.007912375916606207e+00
1.008530866319284236e+00
1.009116505057491731e+00
1.009667915826854667e+00
1.010183481755670076e+00
1.010661922862721385e+00
1.011102886800365308e+00
1.011506025938502251e+00
1.011871356412330503e+00
1.012198782088226556e+00
1.012488299261274483e+00
1.012740149343760665e+00
1.012954718444657676e+00
1.013132526629216157e+00
1.013274379675767056e+00
1.013381504580078696e+00
1.013454867267646220e+00
1.013495845523906480e+00
1.013505993512296532e+00
1.013486980596364440e+00
1.013441049452427301e+00
1.013370861357570707e+00
1.013279282888273736e+00
1.013169765668610944e+00
1.013046396509331926e+00
1.012913428539938598e+00
1.012775341043526733e+00
1.012636855753987541e+00
1.012502764614892525e+00
1.012378099409880106e+00
1.012268363884005762e+00
1.012179585510691648e+00
1.012118401439731974e+00
1.012092039346381922e+00
1.012108291801325777e+00
1.012176089790973732e+00
1.012306822845109089e+00
1.012516411457884846e+00
1.012829212286813441e+00
1.013286796430734160e+00
1.013969920678086556e+00
1.015059815852705549e+00
1.017054576159914570e+00
1.021807031368819896e+00
1.038585270931187354e+00
1.123272028359652008e+00
1.014537746306676480e+00
9.991283013390093171e-01
