1.182962191562756837e+00
1.183412678516388539e+00
1.188290687353079411e+00
1.192900870857577678e+00
1.202111807428600354e+00
1.211729646285761408e+00
1.226231380173353314e+00
1.241860952653285777e+00
1.262785445615205004e+00
1.285521861164066415e+00
1.314054027311433837e+00
1.344851865884878928e+00
1.381885271708297003e+00
1.421036380480060091e+00
1.466496940082175904e+00
1.512784185202502796e+00
1.564800805872099687e+00
1.614931773023757122e+00
1.670202784653978423e+00
1.720435443900744099e+00
1.774714500568306708e+00
1.807577325557101933e+00
1.823977155810633466e+00
1.811445193498286255e+00
1.777778399886414951e+00
1.720928660881126060e+00
1.648927147713900032e+00
1.565366176452403835e+00
1.477004676343444567e+00
1.389512637759658942e+00
1.307377542827589556e+00
1.234026257027414974e+00
1.171585593002181902e+00
1.119406462028147198e+00
1.077381246269936144e+00
1.043032152826935066e+00
1.014289788046309981e+00
9.900125393787723160e-01
9.686271497952919640e-01
9.497403585144773563e-01
9.324950274388088545e-01
9.161765611797475506e-01
9.010245757342211226e-01
8.867807065867761018e-01
8.736247120001678912e-01
8.613689909074766504e-01
8.497226762827408963e-01
8.389162140651595934e-01
8.288361577996488094e-01
8.196108525450510607e-01
8.111140675443752057e-01
8.031908806363822206e-01
7.959083397301172091e-01
7.891672619179452841e-01
7.830777224560705463e-01
7.776109544693066145e-01
7.728330512597662016e-01
7.687366194397811103e-01
7.653030392708649599e-01
7.626841414687188792e-01
7.609836397757226978e-01
7.604758656871236644e-01
7.614161878952063756e-01
7.641795697984797853e-01
7.691510420533873571e-01
7.767863347089787318e-01
7.875518778838290768e-01
8.018983378843763665e-01
8.201829030435515699e-01
8.424821988730112343e-01
8.684008989543056112e-01
8.967639777098540543e-01
9.257325262479398909e-01
9.532171272807951068e-01
9.777897031668568717e-01
9.987964873207243466e-01
1.016325050422961507e+00
1.030662789219319420e+00
1.042292215277921930e+00
1.051555574611010790e+00
1.058841642142695605e+00
1.064376640257824302e+00
1.068433859339410041e+00
1.071165387226040266e+00
1.072768107593139897e+00
1.073363626978304897e+00
1.073078761179582230e+00
1.072042276773717662e+00
1.070334139556516684e+00
1.068082605862153311e+00
1.065352044229268547e+00
1.062237043584470575e+00
1.058808022630618240e+00
1.055116394679944891e+00
1.051245643049438128e+00
1.047237598342585008e+00
1.043142361350227754e+00
1.039018115799331676e+00
1.034895898448441987e+00
1.030818332636377788e+00
1.026824048521729482e+00
1.022933948519683556e+00
1.019176861715071825e+00
1.015580452928392718e+00
1.012155876572977453e+00
1.008916931632645841e+00
1.005884596135296016e+00
1.003063508043208429e+00
1.000455223087963974e+00
9.980683420038156672e-01
9.959087093566886262e-01
9.939699598220818055e-01
9.922441156236615489e-01
9.907301063126512375e-01
9.894234916675354041e-01
9.883154848676338755e-01
9.873937756479874706e-01
9.866492073262291829e-01
9.860745610607013489e-01
9.856614885783400171e-01
9.854010105847730294e-01
9.852811046165094178e-01
9.852894593307159887e-01
9.854162998785955807e-01
9.856520950220055699e-01
9.859874376465124213e-01
9.864130338067036430e-01
9.869200223564389418e-01
9.874999207522975331e-01
9.881447156728665471e-01
9.888465766111169675e-01
9.895977897209086160e-01
9.903908521957476285e-01
9.912186968744134408e-01
9.920748077048279212e-01
9.929532166682675243e-01
9.938486127799637249e-01
9.947564422153332142e-01
9.956726914006033269e-01
9.965935200933723204e-01
9.975152085401870483e-01
9.984341401015294215e-01
9.993468565290222205e-01
1.000249967553697772e+00
1.001140328547447833e+00
1.002014818550025277e+00
1.002870109957577416e+00
1.003703543933349929e+00
1.004513369482194607e+00
1.005298167685350963e+00
1.006056408130602930e+00
1.006786311088277985e+00
1.007486518061993852e+00
1.008156116168260175e+00
1.008793611233425702e+00
1.009397184014679594e+00
1.009965423523344841e+00
1.010496671499326871e+00
1.010989616704596195e+00
1.011443902699828534e+00
1.011859177755696448e+00
1.012235464666306539e+00
1.012572670372314798e+00
1.012870796737797008e+00
1.013130097493124770e+00
1.013350974988729947e+00
1.013533969212282226e+00
1.013679913738736005e+00
1.013790075378427691e+00
1.013865451996727174e+00
1.013907465093759841e+00
1.013917717415438124e+00
1.013897930156629990e+00
1.013850414346340267e+00
1.013777911744689009e+00
1.013683375470813885e+00
1.013570360738997422e+00
1.013443076498723672e+00
1.013305903016497700e+00
1.013163453453872265e+00
1.013020590595425485e+00
1.012882249610507435e+00
1.012753612608971565e+00
1.012640347479852210e+00
1.012548661122643745e+00
1.012485387835235784e+00
1.012457969547342795e+00
1.012474429450905600e+00
1.012543962340916259e+00
1.012678293502374594e+00
1.012893812212955824e+00
1.013215592312877833e+00
1.013686430009262951e+00
1.014389466886900681e+00
1.015511317072128161e+00
1.017565015999402744e+00
1.022459410948005409e+00
1.039699690968274526e+00
1.126512196406186828e+00
1.014902652645508496e+00
9.992181468708392078e-01
