9.787526616568982263e-01
9.803282564016049250e-01
9.814001181314873090e-01
9.833609776563919658e-01
9.847889187599403460e-01
9.871150414410557739e-01
9.895970536440500398e-01
9.929969268722524944e-01
9.972848691772032703e-01
1.002894160988185845e+00
1.010104803493087067e+00
1.019302486426352683e+00
1.030858965107124492e+00
1.045151366586726915e+00
1.062523934594944652e+00
1.083259761709775892e+00
1.107541231257783920e+00
1.135406903721672300e+00
1.166705721144030372e+00
1.201052790074136123e+00
1.237791250549595823e+00
1.275964862116946597e+00
1.314304552789798963e+00
1.351233520207602901e+00
1.384902741452790798e+00
1.413284781256993305e+00
1.434353485326810951e+00
1.446324903548086516e+00
1.447895214297752142e+00
1.438414382857423846e+00
1.417957141808530386e+00
1.387298736380077280e+00
1.347815317257717194e+00
1.301341064888085652e+00
1.250011105334946748e+00
1.196092371738173510e+00
1.141828200229251911e+00
1.089291373930690199e+00
1.040236887912461716e+00
9.959821871339354926e-01
9.573081131176023328e-01
9.244389196659179575e-01
8.971054192411670458e-01
8.746482955643519741e-01
8.561863690088679091e-01
8.407710990500301129e-01
8.275344861219700032e-01
8.157989091811163052e-01
8.050888145445144195e-01
7.951311714761095661e-01
7.858138546664982238e-01
7.771678312788301568e-01
7.693590279887568828e-01
7.626489903635790268e-01
7.573803245682155794e-01
7.539306300339269074e-01
7.526893744255357399e-01
7.540205494345090242e-01
7.582374007960067663e-01
7.655753771741712344e-01
7.761142753299431485e-01
7.896949701268735078e-01
8.058115342842016027e-01
8.235823767346011071e-01
8.418629179303420695e-01
8.595290912922707305e-01
8.757857940148989773e-01
8.903102475285231687e-01
9.031604517097734375e-01
9.145615673571195758e-01
9.247342671900409261e-01
9.338321998624237175e-01
9.419589624689159724e-01
9.491980751456969845e-01
9.556295304771766919e-01
9.613296565668203453e-01
9.663702210530072945e-01
9.708164254676807658e-01
9.747286687595447807e-01
9.781617090266693237e-01
9.811662462822314801e-01
9.837880074387133078e-01
9.860692799006938181e-01
9.880479360232430341e-01
9.897586929195605343e-01
9.912320017476733414e-01
9.924953986098143943e-01
9.935742402512915961e-01
9.944910647655309521e-01
9.952672252481125081e-01
9.959209119839018687e-01
9.964686544212314478e-01
9.969246766755176514e-01
9.973013158599921546e-01
9.976108791827620337e-01
9.978630834057818921e-01
9.980665849121744815e-01
9.982297832833224582e-01
9.983591088014955872e-01
9.984606578112279474e-01
9.985398962971340220e-01
9.986007399711379628e-01
9.986471453587589808e-01
9.986827572031546918e-01
9.987098193781728250e-01
9.987305551372489543e-01
9.987475189182007940e-01
9.987620673172500352e-01
9.987751240095991134e-01
9.987881388859350951e-01
9.988023189211530095e-01
9.988179391585780831e-01
9.988351527025562948e-01
9.988545819523644287e-01
9.988766560005309936e-01
9.989014196135622692e-01
9.989287012249929987e-01
9.989585196197606765e-01
9.989910081760222660e-01
9.990262086650888440e-01
9.990640811384075004e-01
9.991043903801468673e-01
9.991468692533100882e-01
9.991913840161040783e-01
9.992377980897174661e-01
9.992859483919969144e-01
9.993356559104316084e-01
9.993867443133694906e-01
9.994390384654829873e-01
9.994923684177122736e-01
9.995465542885594301e-01
9.996014023976668161e-01
9.996567119233453758e-01
9.997122882806273036e-01
9.997679498704113987e-01
9.998235282332815776e-01
9.998788753232532578e-01
9.999338707315478247e-01
9.999884105583264349e-01
1.000042387960443424e+00
1.000095691352398619e+00
1.000148205071166085e+00
1.000199812904797980e+00
1.000250394176012581e+00
1.000299834313843839e+00
1.000348012105385376e+00
1.000394787133723984e+00
1.000440050310711371e+00
1.000483738898672037e+00
1.000525803971743510e+00
1.000566185027065291e+00
1.000604803424109956e+00
1.000641601938192071e+00
1.000676546331680239e+00
1.000709566360550085e+00
1.000740570923799977e+00
1.000769490259653782e+00
1.000796238489320533e+00
1.000820747753438322e+00
1.000843003458895986e+00
1.000862990477144443e+00
1.000880713823259827e+00
1.000896171506548749e+00
1.000909366500405184e+00
1.000920316174804370e+00
1.000929046303081549e+00
1.000935590398867259e+00
1.000939999138309666e+00
1.000942348100621437e+00
1.000942697624946254e+00
1.000941132504597153e+00
1.000937748261264693e+00
1.000932647340311066e+00
1.000925966349938356e+00
1.000917866823737956e+00
1.000908522474933005e+00
1.000898141832443855e+00
1.000886971241071954e+00
1.000875267110531874e+00
1.000863299581024934e+00
1.000851353731678550e+00
1.000839719598813460e+00
1.000828702526372238e+00
1.000818637383515952e+00
1.000809892321681716e+00
1.000802874892818162e+00
1.000798032458780851e+00
1.000795852975816302e+00
1.000796902525221466e+00
1.000801909440113491e+00
1.000811897634237724e+00
1.000828438067467019e+00
1.000854210520885745e+00
1.000894399341808683e+00
1.000960549524370968e+00
1.001083932683721756e+00
1.001379337213518905e+00
1.002507062015822958e+00
1.008984033866639374e+00
1.001663149353112292e+00
9.988172324353165044e-01
