9.293015709640372046e-01
9.378122490175624382e-01
9.476087378555052565e-01
9.562934756814147619e-01
9.667754116346092275e-01
9.767983348888702455e-01
9.882417656566763187e-01
1.000322740310781500e+00
1.013838564431104983e+00
1.028836205153644601e+00
1.045732498535713928e+00
1.064804142386602370e+00
1.086363892346603910e+00
1.110664002232231606e+00
1.137888997549497239e+00
1.168112924260161334e+00
1.201262506304392463e+00
1.237076705466969573e+00
1.275069230234860740e+00
1.314497067731557056e+00
1.354339074807479504e+00
1.393288013165058903e+00
1.429760037944673989e+00
1.461933750239627461e+00
1.487843754326909629e+00
1.505548162657979416e+00
1.513348406375632837e+00
1.510004973351307234e+00
1.494905990245165350e+00
1.468161706307610226e+00
1.430611286609239974e+00
1.383759889988562364e+00
1.329660304905874391e+00
1.270757107989505474e+00
1.209709141235921992e+00
1.149185642751652692e+00
1.091663325986206079e+00
1.039226589214686580e+00
9.933784697585207324e-01
9.549143885564634893e-01
9.238714809330179634e-01
8.996186928591214382e-01
8.810648298050093308e-01
8.668883704139555002e-01
8.557741564040469706e-01
8.465646062304357233e-01
8.383526266036338548e-01
8.305206577182016048e-01
8.226897380450727271e-01
8.146763145230702108e-01
8.064277492885140175e-01
7.979958843353962550e-01
7.895322234800548067e-01
7.812616158638099328e-01
7.734838792537023222e-01
7.665465658760902690e-01
7.608382395228480144e-01
7.567659742990635596e-01
7.547486205688014316e-01
7.552169079702235610e-01
7.585791503062692120e-01
7.651935310155938419e-01
7.752915511369951052e-01
7.888795752768956726e-01
8.056010223366653067e-01
8.246387624082377465e-01
8.447549794017333857e-01
8.645473020153235932e-01
8.828392555626487503e-01
8.989839146090455868e-01
9.129073068339473851e-01
9.249051026505740181e-01
9.353685556601295525e-01
9.446002956041662513e-01
9.527756851637730895e-01
9.599898668200869123e-01
9.663168175055656395e-01
9.718344612692011442e-01
9.766253558891975217e-01
9.807674849253831262e-01
9.843318300031028700e-01
9.873817195271794578e-01
9.899754125878623690e-01
9.921654962352179918e-01
9.940000477074867336e-01
9.955215185583706772e-01
9.967682524584517978e-01
9.977755048220958711e-01
9.985750238257216083e-01
9.991966481823461033e-01
9.996661834280552439e-01
1.000006749554336105e+00
1.000238237370594918e+00
1.000378018227236154e+00
1.000442956749380441e+00
1.000446726990494195e+00
1.000401361474720474e+00
1.000318223589510058e+00
1.000206216307111706e+00
1.000073530659478571e+00
9.999273498545958594e-01
9.997727845162159843e-01
9.996148521496853734e-01
9.994580912962368613e-01
9.993050695628139524e-01
9.991582791063923219e-01
9.990207230046558307e-01
9.988936629415757773e-01
9.987776441071721800e-01
9.986741138367848380e-01
9.985842196563028406e-01
9.985075798291093152e-01
9.984436094143930296e-01
9.983925949430974001e-01
9.983546024455736134e-01
9.983290371703786859e-01
9.983149579152871267e-01
9.983118094492022809e-01
9.983193098108938957e-01
9.983370638924102813e-01
9.983645473231176348e-01
9.984009132892549543e-01
9.984452865064802340e-01
9.984970673208123371e-01
9.985556884026399738e-01
9.986205576049110855e-01
9.986910764345413583e-01
9.987666732960133187e-01
9.988467999050559820e-01
9.989309361754964423e-01
9.990185605520162104e-01
9.991091408581942446e-01
9.992021457167670206e-01
9.992970687613504932e-01
9.993934404594371212e-01
9.994908275435624434e-01
9.995888458367947482e-01
9.996871729916361193e-01
9.997855265145482173e-01
9.998836260554115896e-01
9.999811890680209148e-01
1.000077931564575806e+00
1.000173574185922343e+00
1.000267834441703307e+00
1.000360446115088342e+00
1.000451134623836946e+00
1.000539593006607664e+00
1.000625577448257086e+00
1.000708935670447941e+00
1.000789544711593537e+00
1.000867262137835834e+00
1.000941913431022456e+00
1.001013366942837823e+00
1.001081536627682400e+00
1.001146269751233664e+00
1.001207375441609315e+00
1.001264704723006549e+00
1.001318079368328506e+00
1.001367356599020431e+00
1.001412495938508007e+00
1.001453456906308492e+00
1.001490238023733381e+00
1.001522825190585664e+00
1.001551214311107385e+00
1.001575429171944309e+00
1.001595509972331710e+00
1.001611511986656877e+00
1.001623523429655993e+00
1.001631680077180064e+00
1.001636088908776090e+00
1.001636903489536268e+00
1.001634297849849142e+00
1.001628459192696941e+00
1.001619639638326120e+00
1.001608138607626097e+00
1.001594278520395509e+00
1.001578447779762238e+00
1.001561106404145640e+00
1.001542733151991715e+00
1.001523832368388378e+00
1.001504936134853585e+00
1.001486585083489977e+00
1.001469347807206534e+00
1.001453847514273132e+00
1.001440768605172504e+00
1.001430867452607121e+00
1.001424971860778390e+00
1.001423980467589514e+00
1.001428930692463526e+00
1.001441152823084657e+00
1.001462512826942097e+00
1.001495869691879204e+00
1.001546099602915296e+00
1.001622645550459989e+00
1.001746560237948280e+00
1.001974918067379594e+00
1.002517262819456523e+00
1.004577885653670677e+00
1.016147780018573865e+00
1.002652426543199304e+00
9.984133135290080840e-01
