9.576692891510757422e-01
9.624305313038820087e-01
9.661675305174465267e-01
9.716994655677351211e-01
9.760160429804527471e-01
9.819471298476099008e-01
9.878050022412585562e-01
9.949556988939560753e-01
1.003086864913934617e+00
1.012791341093602915e+00
1.024299050749089446e+00
1.038015447123811663e+00
1.054284897445810554e+00
1.073446217590954266e+00
1.095776774204632265e+00
1.121465128275121792e+00
1.150568602011843300e+00
1.182970912465992175e+00
1.218339424387831826e+00
1.256086992622788667e+00
1.295342537843330311e+00
1.334934318464991554e+00
1.373388905372612934e+00
1.408953202338356636e+00
1.439658825816139354e+00
1.463458301007981355e+00
1.478437115559241732e+00
1.483050833477771446e+00
1.476328950677569196e+00
1.458004473633980780e+00
1.428547173555557714e+00
1.389116471426894650e+00
1.341452580446763410e+00
1.287730316964401434e+00
1.230396201386471544e+00
1.171985510346661874e+00
1.114943576333137232e+00
1.061447563098647962e+00
1.013226585180562855e+00
9.714204315444107118e-01
9.364840588511880171e-01
9.082081987963107617e-01
8.858546888113604245e-01
8.683384182146056673e-01
8.544539356606024594e-01
8.430497885667157520e-01
8.331606603275921730e-01
8.240840607266747275e-01
8.153574036137817282e-01
8.067322455951119187e-01
7.981180135455614444e-01
7.895579189998593872e-01
7.812216553041332334e-01
7.733722904065197801e-01
7.663590064676314428e-01
7.605789639318796258e-01
7.564602420943407068e-01
7.544301835765357955e-01
7.549001332765888916e-01
7.582560964910396439e-01
7.648091730701616076e-01
7.747427219848467272e-01
7.880042004568921232e-01
8.041922412137775256e-01
8.224742530915672978e-01
8.416548121791469494e-01
8.604393834827197551e-01
8.777998940233598946e-01
8.932224211558749127e-01
9.066922379919376551e-01
9.184771949944753322e-01
9.288866352027609352e-01
9.381448165540896555e-01
9.463834749589999928e-01
9.536896523015303551e-01
9.601411789591667301e-01
9.658181993875356586e-01
9.707981466264852255e-01
9.751531294937002547e-01
9.789480056325758905e-01
9.822424996911224282e-01
9.850906990643721883e-01
9.875426357502222752e-01
9.896432697346249086e-01
9.914337151329859488e-01
9.929501578879134094e-01
9.942252956655863727e-01
9.952892118837690649e-01
9.961688397443329013e-01
9.968895756317405210e-01
9.974732253059052089e-01
9.979394366086639101e-01
9.983051056142955293e-01
9.985849476082813148e-01
9.987934380843545012e-01
9.989421543416051597e-01
9.990413320991959889e-01
9.991007768744128992e-01
9.991280737856309546e-01
9.991303052973734555e-01
9.991137582644435966e-01
9.990829005319512568e-01
9.990421973786929311e-01
9.989957365941319889e-01
9.989459122614021691e-01
9.988950840016295185e-01
9.988460461338514174e-01
9.988001206827940015e-01
9.987580662835715550e-01
9.987213560406578150e-01
9.986911900280406318e-01
9.986675541252491017e-01
9.986502806211091654e-01
9.986398600291397365e-01
9.986365699513117811e-01
9.986401785084362270e-01
9.986501788659990497e-01
9.986663442263048474e-01
9.986886319557898295e-01
9.987168960341263890e-01
9.987508886598809310e-01
9.987901086857335908e-01
9.988340244021420844e-01
9.988823014313819026e-01
9.989346168807198278e-01
9.989906218119743997e-01
9.990499553367101493e-01
9.991122697456503721e-01
9.991772279819547409e-01
9.992445081536356355e-01
9.993137818904939129e-01
9.993847081813502786e-01
9.994569421552315092e-01
9.995301532912668208e-01
9.996040344249926823e-01
9.996783015749048928e-01
9.997527037048637988e-01
9.998270324280587040e-01
9.999011060702908127e-01
9.999747421104872025e-01
1.000047754292182400e+00
1.000119953326678912e+00
1.000191151570165360e+00
1.000261157384058297e+00
1.000329789669047731e+00
1.000396859834182806e+00
1.000462154119153624e+00
1.000525504162425250e+00
1.000586807955315072e+00
1.000645984117955800e+00
1.000702936139884480e+00
1.000757543120642579e+00
1.000809715071265815e+00
1.000859395011873598e+00
1.000906476275855495e+00
1.000950823631303388e+00
1.000992332309211585e+00
1.001030875544288268e+00
1.001066352312627306e+00
1.001098736639822961e+00
1.001128002222427815e+00
1.001154151282865223e+00
1.001177176528869506e+00
1.001197077868619445e+00
1.001213875597166680e+00
1.001227601969364223e+00
1.001238300238901813e+00
1.001246037833869673e+00
1.001250917161649712e+00
1.001253019360579088e+00
1.001252459867413735e+00
1.001249369177065418e+00
1.001243887487928586e+00
1.001236202836880418e+00
1.001226538136013255e+00
1.001215133289734771e+00
1.001202276877816599e+00
1.001188310325922481e+00
1.001173588986227880e+00
1.001158487219704796e+00
1.001143400025022334e+00
1.001128728967993320e+00
1.001114896564221590e+00
1.001102366031719981e+00
1.001091646311047745e+00
1.001083300270620535e+00
1.001077944715690116e+00
1.001076250591597550e+00
1.001078994089168672e+00
1.001087171962396161e+00
1.001102183692216041e+00
1.001126174794760182e+00
1.001162804844127452e+00
1.001219157832565099e+00
1.001311019716495831e+00
1.001481172312917778e+00
1.001886683273364609e+00
1.003430737666344497e+00
1.012194739556095513e+00
1.002119436167793864e+00
9.986144376643534271e-01
