9.678947396401829106e-01
9.703307766751497754e-01
9.741248873926828811e-01
9.763562795016205165e-01
9.805131393420750685e-01
9.838296248341497074e-01
9.885353880897143064e-01
9.936366872132614825e-01
1.000050840584416845e+00
1.007792394576289219e+00
1.017333709276724507e+00
1.028995233633228645e+00
1.043166664605495342e+00
1.060198981550581232e+00
1.080404754276734769e+00
1.104015022542961022e+00
1.131141937789350349e+00
1.161734618722948698e+00
1.195535107070514247e+00
1.232037437272056168e+00
1.270454571312115588e+00
1.309697356139398527e+00
1.348368507437834873e+00
1.384777493922424219e+00
1.416992396183082148e+00
1.442958802302368282e+00
1.460701028407084934e+00
1.468563646715594029e+00
1.465430343717960548e+00
1.450870981789698533e+00
1.425189011701932795e+00
1.389382636329962839e+00
1.345039557066638469e+00
1.294193019758127949e+00
1.239163003212646608e+00
1.182381036177642786e+00
1.126222934873100545e+00
1.072844296839542633e+00
1.024013008905041877e+00
9.809731216292852940e-01
9.443416424505095552e-01
9.141054082918821377e-01
8.897218522955827602e-01
8.702684311940390716e-01
8.546498341512146490e-01
8.417708954316674985e-01
8.306809980241526281e-01
8.206676782644581891e-01
8.112488668553705651e-01
8.021575778803449186e-01
7.932909135257306676e-01
7.846877541968872993e-01
7.765204278860651232e-01
7.690584116226855116e-01
7.626573515153964866e-01
7.577168451699093366e-01
7.546601375960025893e-01
7.538997746237489084e-01
7.558187525388578853e-01
7.607552293297200618e-01
7.689424587714078774e-01
7.804416711488680880e-01
7.950249689300667999e-01
8.120797902828510439e-01
8.305934470323842467e-01
8.493234478318714142e-01
8.671239780314711210e-01
8.832593909149855094e-01
8.975066019003309359e-01
9.100138626505760442e-01
9.210627056133405821e-01
9.308950665121625834e-01
9.396668693153948926e-01
9.474765480679185892e-01
9.544051579684647013e-01
9.605317504917499916e-01
9.659344414737870421e-01
9.706855199425853398e-01
9.748516546900336532e-01
9.784931050774073880e-01
9.816656251967910141e-01
9.844196479031585012e-01
9.868018066098823704e-01
9.888539466075991768e-01
9.906143717989368547e-01
9.921167475174398342e-01
9.933915014084294670e-01
9.944666380594231470e-01
9.953671571005487939e-01
9.961166747989400605e-01
9.967354023538322894e-01
9.972416108720262296e-01
9.976510148116429777e-01
9.979772784636470329e-01
9.982339241283711972e-01
9.984317049019243440e-01
9.985801554443384243e-01
9.986884634543418127e-01
9.987637009102536823e-01
9.988125148235427186e-01
9.988408331326091849e-01
9.988528775603746634e-01
9.988528915061101188e-01
9.988447727604458093e-01
9.988308493739919136e-01
9.988134239474697473e-01
9.987951917578774541e-01
9.987774931984444438e-01
9.987611641077290825e-01
9.987476733320744815e-01
9.987382291202954177e-01
9.987329507152538088e-01
9.987318191446913351e-01
9.987353894900333762e-01
9.987440111269768606e-01
9.987575806061609329e-01
9.987757460173585233e-01
9.987983950838040803e-01
9.988255676952837447e-01
9.988572052314326211e-01
9.988931566349823488e-01
9.989330436336121277e-01
9.989764567060105405e-01
9.990231546098196080e-01
9.990729007574951082e-01
9.991254322271072574e-01
9.991804722497783509e-01
9.992377523719853105e-01
9.992970103843461516e-01
9.993579946228068334e-01
9.994204452916182202e-01
9.994840893604838294e-01
9.995486483795106292e-01
9.996138544894476174e-01
9.996794583998064310e-01
9.997452293645506805e-01
9.998109638143144462e-01
9.998764939354696235e-01
9.999416739303159662e-01
1.000006356158371190e+00
1.000070388753377504e+00
1.000133616309224260e+00
1.000195884037412108e+00
1.000257032911022081e+00
1.000316912398781843e+00
1.000375364844956483e+00
1.000432210120633325e+00
1.000487307059562347e+00
1.000540571704255477e+00
1.000591937598780623e+00
1.000641324766562201e+00
1.000688631680580531e+00
1.000733783383521924e+00
1.000776733347445102e+00
1.000817391588487704e+00
1.000855643067088074e+00
1.000891399040463092e+00
1.000924551442260890e+00
1.000955014418823952e+00
1.000982767225275349e+00
1.001007788686786526e+00
1.001030082329736448e+00
1.001049643307161841e+00
1.001066472950941311e+00
1.001080590245810642e+00
1.001092024512737932e+00
1.001100814584275467e+00
1.001107020268102277e+00
1.001110731755208816e+00
1.001112020717039197e+00
1.001110988633859611e+00
1.001107750069151869e+00
1.001102428022169422e+00
1.001095187093091310e+00
1.001086222219224942e+00
1.001075743135542151e+00
1.001064001931142311e+00
1.001051296686050085e+00
1.001037937646660270e+00
1.001024251662382403e+00
1.001010583623292982e+00
1.000997284255490172e+00
1.000984722665590576e+00
1.000973303570058537e+00
1.000963471741591171e+00
1.000955719266079846e+00
1.000950585739830867e+00
1.000948658746459774e+00
1.000950618783695401e+00
1.000957340376348093e+00
1.000970052006051159e+00
1.000990637607376055e+00
1.001022310685373951e+00
1.001071290354549337e+00
1.001151431676295056e+00
1.001300275990486544e+00
1.001655643546881969e+00
1.003010178203255887e+00
1.010736295425479270e+00
1.001915379174965981e+00
9.987012264504010473e-01
