9.646258720893583494e-01
9.680510900372049088e-01
9.713240256234786374e-01
9.751337359844172159e-01
9.788792120026726939e-01
9.833132638920339952e-01
9.881998394593899393e-01
9.940284215232819687e-01
1.000942025900215526e+00
1.009319027522200374e+00
1.019480515309308277e+00
1.031803270494356939e+00
1.046653401235578373e+00
1.064381654942971434e+00
1.085288727780388207e+00
1.109592293287987141e+00
1.137386492220456846e+00
1.168598691363492703e+00
1.202945738551812527e+00
1.239893953163851759e+00
1.278627273776275164e+00
1.318027683349250134e+00
1.356670886747308291e+00
1.392843553559139247e+00
1.424599280592840467e+00
1.449883373521472008e+00
1.466738151794582334e+00
1.473543423912003547e+00
1.469230431711762153e+00
1.453422936265481136e+00
1.426479687858444034e+00
1.389452676564487899e+00
1.343980680455907351e+00
1.292144723807971296e+00
1.236308154106247059e+00
1.178939132627330411e+00
1.122439727967877499e+00
1.068976793672812509e+00
1.020309975013975690e+00
9.776531090191598050e-01
9.415725550124868226e-01
9.119910442132725947e-01
8.882995825760942044e-01
8.695181213417977339e-01
8.545102300161547815e-01
8.421575532515674922e-01
8.315008407135745516e-01
8.218281830679622368e-01
8.126621575663002250e-01
8.037408869408972922e-01
7.949651506245274390e-01
7.863753824543172621e-01
7.781436184165870795e-01
7.705382115696135514e-01
7.639140174460886668e-01
7.586714338139974867e-01
7.552370601532601979e-01
7.540301678067743429e-01
7.554450933837206783e-01
7.598381346486559051e-01
7.674712617443433249e-01
7.784497812011444973e-01
7.926072703762296889e-01
8.094017528280607054e-01
8.278748900412113976e-01
8.467883141591182605e-01
8.649348976889931206e-01
8.814774419303694764e-01
8.961019029721913887e-01
9.089128473579402012e-01
9.201948785978796286e-01
9.302137522652569324e-01
9.391454768251827900e-01
9.470967618980701275e-01
9.541495986713525168e-01
9.603828451713684045e-01
9.658756696185526458e-01
9.707021570852512049e-01
9.749307002635267949e-01
9.786230104598314661e-01
9.818361277511314933e-01
9.846216796827259587e-01
9.870274081318610726e-01
9.890961723732969446e-01
9.908671911853803582e-01
9.923749503848235953e-01
9.936506162997597036e-01
9.947228699398286134e-01
9.956173400088970116e-01
9.963582216931149427e-01
9.969662442826432436e-01
9.974601258621091926e-01
9.978559641688948822e-01
9.981677645758564310e-01
9.984093594315313069e-01
9.985917689666211627e-01
9.987247547773754341e-01
9.988177054678375466e-01
9.988778590523896828e-01
9.989120038130979706e-01
9.989261846888655150e-01
9.989247028467059808e-01
9.989118740879530112e-01
9.988916587709542050e-01
9.988664063422553197e-01
9.988384383622642693e-01
9.988104833943458605e-01
9.987838763267158360e-01
9.987594285708905062e-01
9.987386113427842993e-01
9.987226310841840204e-01
9.987115646388571299e-01
9.987053458967936059e-01
9.987045100395109953e-01
9.987093839465998046e-01
9.987198235080095854e-01
9.987354276592789182e-01
9.987560479631441002e-01
9.987816983217893130e-01
9.988122924855700191e-01
9.988476488229167671e-01
9.988873500850057319e-01
9.989309479843428985e-01
9.989781718099092211e-01
9.990287576351511989e-01
9.990824152790908075e-01
9.991388413069903773e-01
9.991977421406009752e-01
9.992588318377539913e-01
9.993218364656808461e-01
9.993864744752197771e-01
9.994524512617020129e-01
9.995194672886745790e-01
9.995872348009777753e-01
9.996554861312277884e-01
9.997239736277712119e-01
9.997924786484954085e-01
9.998608205000723004e-01
9.999288419974330377e-01
9.999963844241074318e-01
1.000063284989354928e+00
1.000129377519576090e+00
1.000194496782390585e+00
1.000258473379952884e+00
1.000321147058933713e+00
1.000382350320993874e+00
1.000441892329750893e+00
1.000499623263042537e+00
1.000555453423067620e+00
1.000609311608907648e+00
1.000661112583294932e+00
1.000710748650026849e+00
1.000758140066900337e+00
1.000803236981699484e+00
1.000845944095726914e+00
1.000886139933202523e+00
1.000923730644376786e+00
1.000958602201189152e+00
1.000990663913665202e+00
1.001019893373177982e+00
1.001046267772220943e+00
1.001069790225272316e+00
1.001090455108630595e+00
1.001108263303336798e+00
1.001123234215816282e+00
1.001135398106801189e+00
1.001144795223252615e+00
1.001151487808410456e+00
1.001155569956030389e+00
1.001157116362540123e+00
1.001156232966522674e+00
1.001153039420241475e+00
1.001147664216465838e+00
1.001140279440151826e+00
1.001131088962107896e+00
1.001120312151490443e+00
1.001108212749576953e+00
1.001095102676961890e+00
1.001081306582676689e+00
1.001067166487048299e+00
1.001053043280474730e+00
1.001039303923274559e+00
1.001026334577145960e+00
1.001014558640210161e+00
1.001004441376934784e+00
1.000996497478417124e+00
1.000991291200411970e+00
1.000989436754230244e+00
1.000991645208006098e+00
1.000998830137720619e+00
1.001012274661130741e+00
1.001033946294075161e+00
1.001067201072072033e+00
1.001118534455993858e+00
1.001202418461413668e+00
1.001358068871837759e+00
1.001729456255007422e+00
1.003144552592364125e+00
1.011202876599593736e+00
1.001981182983775476e+00
9.986725870895594159e-01
