9.866701677011684435e-01
9.874431196383842702e-01
9.872447739948539969e-01
9.885023643751885691e-01
9.885964723418010358e-01
9.899571690502276811e-01
9.911060773353668196e-01
9.932087109868731334e-01
9.959844622184460539e-01
9.999458044273102919e-01
1.005306211340017741e+00
1.012451226745698873e+00
1.021739082962811684e+00
1.033553532619867266e+00
1.048259091846837521e+00
1.066178961880070331e+00
1.087557009174212608e+00
1.112516066088434785e+00
1.141011590778173046e+00
1.172784939689294648e+00
1.207320587454913552e+00
1.243812214981351083e+00
1.281141303955012578e+00
1.317872222120026082e+00
1.352272214633637670e+00
1.382379972243463540e+00
1.406157653268968355e+00
1.421722131859833205e+00
1.427598256605817406e+00
1.422921686089436921e+00
1.407539284756237130e+00
1.382005102525086571e+00
1.347489163432291637e+00
1.305634623465576238e+00
1.258398119905376200e+00
1.207880240591395538e+00
1.156174929016119624e+00
1.105234286130480026e+00
1.056739499781525149e+00
1.012001916526769074e+00
9.718809374674336476e-01
9.367666279086901415e-01
9.066250374933207956e-01
8.810665087249163197e-01
8.594716797285157917e-01
8.411121478881260494e-01
8.252823259425081659e-01
8.114097652716887321e-01
7.990779247915639205e-01
7.880402052626653830e-01
7.781892729789722241e-01
7.695469030946777700e-01
7.622593152097518754e-01
7.565578311676960377e-01
7.527435554928388894e-01
7.511400112410350216e-01
7.520685894508769564e-01
7.558076453378602677e-01
7.625575669885745755e-01
7.723982125609413218e-01
7.851956550512459998e-01
8.005223878523860526e-01
8.176032016409854331e-01
8.354002386254486545e-01
8.528426742777196479e-01
8.691169619756486941e-01
8.838287952622505550e-01
8.969537144240999904e-01
9.086565063924451069e-01
9.191274828951304654e-01
9.285135217317209699e-01
9.369198034579798717e-01
9.444331493761917162e-01
9.511334365216349562e-01
9.570968833165512946e-01
9.623937149654865353e-01
9.670891181314571483e-01
9.712423215478055427e-01
9.749083413812978938e-01
9.781369567145578037e-01
9.809742310449421909e-01
9.834615955135260768e-01
9.856373780352314373e-01
9.875358284397612874e-01
9.891883926756296352e-01
9.906225960657221163e-01
9.918633453824370338e-01
9.929335895040375393e-01
9.938536309642219679e-01
9.946427701845280689e-01
9.953173714236922542e-01
9.958923901025027448e-01
9.963807072797969955e-01
9.967934649737367758e-01
9.971418595807661767e-01
9.974346785985380714e-01
9.976797922763440685e-01
9.978848765308419022e-01
9.980557890607352212e-01
9.981981257089711512e-01
9.983169235770101846e-01
9.984158245494182404e-01
9.984985163399480168e-01
9.985684000568679775e-01
9.986276391179752521e-01
9.986783743112415124e-01
9.987230159037950861e-01
9.987629250477993992e-01
9.987990910002189082e-01
9.988329314553896499e-01
9.988656392293339126e-01
9.988976141055235791e-01
9.989291459355125191e-01
9.989609024409973337e-01
9.989933721872629180e-01
9.990267177528689979e-01
9.990609130634925394e-01
9.990960802710571187e-01
9.991324252911703008e-01
9.991700693173430903e-01
9.992090605658604519e-01
9.992492796134440081e-01
9.992905747890411527e-01
9.993328984496181455e-01
9.993761944895304117e-01
9.994203803886229087e-01
9.994653561825278532e-01
9.995110200737619133e-01
9.995572674699700899e-01
9.996039946556449785e-01
9.996510866721182165e-01
9.996984144599535549e-01
9.997458405364624268e-01
9.997932301533193344e-01
9.998404570081922405e-01
9.998874035447841147e-01
9.999339670745177600e-01
9.999800658486386329e-01
1.000025630111622155e+00
1.000070586338204004e+00
1.000114855906226952e+00
1.000158355741411542e+00
1.000201001308708593e+00
1.000242703487006279e+00
1.000283377311447452e+00
1.000322931630986956e+00
1.000361258890969163e+00
1.000398276505728878e+00
1.000433939177916898e+00
1.000468212368293086e+00
1.000501051619543391e+00
1.000532397230000647e+00
1.000562206616023575e+00
1.000590455636636733e+00
1.000617090416712651e+00
1.000642039763408375e+00
1.000665249676772950e+00
1.000686652750542027e+00
1.000706196095370260e+00
1.000723870164790918e+00
1.000739664803665940e+00
1.000753586181801991e+00
1.000765634618469901e+00
1.000775814382714346e+00
1.000784141413118222e+00
1.000790638434072788e+00
1.000795334427188710e+00
1.000798272340864159e+00
1.000799515429535269e+00
1.000799114460527495e+00
1.000797140162285714e+00
1.000793672016303315e+00
1.000788795158852773e+00
1.000782622648128894e+00
1.000775287926653601e+00
1.000766934418606757e+00
1.000757734037709179e+00
1.000747889652825684e+00
1.000737612431062740e+00
1.000727124855070205e+00
1.000716661737689472e+00
1.000706462102825434e+00
1.000696777692399841e+00
1.000687884653266302e+00
1.000680086709840655e+00
1.000673720317503346e+00
1.000669155235470065e+00
1.000666795546810928e+00
1.000667110948466165e+00
1.000670706566750834e+00
1.000678433858426031e+00
1.000691599887094219e+00
1.000712434390197858e+00
1.000745249275377891e+00
1.000799642054984284e+00
1.000901598805893578e+00
1.001146488503198428e+00
1.002082966215339432e+00
1.007499608420306725e+00
1.001441649403327805e+00
9.989283161251764076e-01
