9.768832718903163181e-01
9.779299298496485493e-01
9.807438004623595385e-01
9.813519625447718608e-01
9.844206673952861086e-01
9.861540417163681127e-01
9.894854536562226466e-01
9.929789981808392341e-01
9.977646717656969422e-01
1.003741213664701037e+00
1.011417683729245898e+00
1.021096021185629255e+00
1.033177592073602158e+00
1.048027333995340760e+00
1.065986139490923579e+00
1.087326361100274585e+00
1.112216307981321650e+00
1.140675867478534444e+00
1.172531239431982231e+00
1.207371309784401436e+00
1.244510587487421827e+00
1.282963163853276356e+00
1.321430885417529844e+00
1.358310531870004167e+00
1.391732692176412822e+00
1.419660910666868281e+00
1.440076488969110668e+00
1.451220243971893309e+00
1.451826635389441789e+00
1.441291570678058909e+00
1.419737959955774453e+00
1.387987985594634655e+00
1.347462151790545626e+00
1.300036326041353441e+00
1.247884675320577452e+00
1.193309778502383622e+00
1.138585251955881672e+00
1.085805456742670483e+00
1.036733975209226610e+00
9.926797788791945631e-01
9.543960006761709192e-01
9.220618043303252520e-01
8.953520042720839456e-01
8.735496105566016301e-01
8.557230594525183642e-01
8.408861505430419436e-01
8.281467976219132332e-01
8.168145147085977831e-01
8.064084374588521564e-01
7.966544615156121445e-01
7.874414546116457192e-01
7.788022404374072005e-01
7.709051910238751137e-01
7.640153221365786340e-01
7.584802869952484983e-01
7.546849208198198600e-01
7.530285671098615463e-01
7.538883568481432595e-01
7.575955183894915734e-01
7.644111847895674883e-01
7.744524349334065416e-01
7.876115040423257163e-01
8.034429235634236166e-01
8.211160694770640589e-01
8.394990868525787908e-01
8.574247671625466749e-01
8.740145370341406705e-01
8.888639462936401836e-01
9.019862796136783878e-01
9.136027802789855601e-01
9.239506541388790017e-01
9.331993603929471526e-01
9.414597131380588735e-01
9.488166624981320130e-01
9.553504890185460230e-01
9.611385184105913915e-01
9.662539731929229436e-01
9.707634556657102065e-01
9.747285901398520247e-01
9.782052429785754732e-01
9.812451452484183267e-01
9.838949820946357727e-01
9.861979243836099807e-01
9.881926523451418642e-01
9.899146126600657514e-01
9.913949098416245942e-01
9.926616674987698286e-01
9.937407803906879167e-01
9.946552866054554354e-01
9.954269986723452979e-01
9.960745165412711044e-01
9.966147225905431783e-01
9.970621425515605596e-01
9.974293821734370180e-01
9.977289959222300775e-01
9.979709099362232827e-01
9.981639578227107235e-01
9.983166997303624113e-01
9.984356952876743962e-01
9.985271525537322557e-01
9.985966320350996295e-01
9.986481110700016206e-01
9.986856050466873524e-01
9.987128112659632295e-01
9.987319908789024092e-01
9.987453840427972240e-01
9.987555752278572951e-01
9.987639185220872351e-01
9.987713208815111043e-01
9.987792373478869834e-01
9.987888762761863992e-01
9.988004824579616026e-01
9.988141757164967771e-01
9.988305661712348904e-01
9.988500678364150565e-01
9.988726968281640417e-01
9.988982465429090407e-01
9.989267105217058962e-01
9.989582042380314997e-01
9.989927500968733831e-01
9.990302867046554347e-01
9.990705510332821282e-01
9.991132482478977117e-01
9.991582237943671396e-01
9.992053216954071004e-01
9.992543594847411725e-01
9.993051391566766251e-01
9.993574664782524097e-01
9.994111493857260609e-01
9.994660020412499124e-01
9.995218290118096371e-01
9.995784211619272996e-01
9.996355625397876921e-01
9.996930442746468914e-01
9.997506715684439937e-01
9.998082638146812418e-01
9.998656621407726597e-01
9.999227369000576182e-01
9.999793760300500489e-01
1.000035464733092683e+00
1.000090883564037858e+00
1.000145509099351182e+00
1.000199217590458600e+00
1.000251880861904752e+00
1.000303377310318931e+00
1.000353578590893688e+00
1.000402336505795908e+00
1.000449535685306257e+00
1.000495109244150971e+00
1.000539004831698220e+00
1.000581158135120496e+00
1.000621486029183993e+00
1.000659927817136197e+00
1.000696446859145494e+00
1.000730969039994367e+00
1.000763398559216588e+00
1.000793661930767131e+00
1.000821668918257190e+00
1.000847348129106695e+00
1.000870683768040559e+00
1.000891659523716282e+00
1.000910280125559604e+00
1.000926543027236271e+00
1.000940450885331012e+00
1.000952021393860969e+00
1.000961281030500416e+00
1.000968264361802529e+00
1.000973023867407719e+00
1.000975638009196755e+00
1.000976169363047230e+00
1.000974706013572524e+00
1.000971347237474163e+00
1.000966199532947742e+00
1.000959405025839022e+00
1.000951131833167196e+00
1.000941560767273364e+00
1.000930908940848241e+00
1.000919432892522609e+00
1.000907399639960005e+00
1.000895090497412765e+00
1.000882802329418952e+00
1.000870837131508262e+00
1.000859512812958041e+00
1.000849178007780615e+00
1.000840215968090030e+00
1.000833050907361743e+00
1.000828148369325099e+00
1.000826015953788950e+00
1.000827242306817633e+00
1.000832584597655339e+00
1.000843107095326978e+00
1.000860442504773129e+00
1.000887375903918519e+00
1.000929295779076078e+00
1.000998202839996853e+00
1.001126605556932780e+00
1.001433836248554865e+00
1.002606309820692765e+00
1.009330395074484965e+00
1.001713707552407406e+00
9.987931471570075104e-01
