1.247533322629535313e+00
1.247950349877786635e+00
1.252687237654456442e+00
1.256965003558964566e+00
1.265954394940066452e+00
1.274880177673012982e+00
1.289016578642250943e+00
1.303508803541608030e+00
1.323826631304193757e+00
1.344866650301445477e+00
1.372414055650733156e+00
1.400821055774325474e+00
1.436322060327670291e+00
1.472261261210731975e+00
1.515479246183546236e+00
1.557700101693023864e+00
1.606722651511221400e+00
1.652155557032464195e+00
1.703893842355101995e+00
1.749112029915782074e+00
1.798040663614685508e+00
1.823329835813669142e+00
1.834353053859993032e+00
1.815608327823386325e+00
1.778491871257892765e+00
1.717926627498213676e+00
1.644534839054911046e+00
1.559661842446497859e+00
1.471529576206327183e+00
1.384389934326250238e+00
1.303321830556164462e+00
1.230956408567549065e+00
1.169553972438229783e+00
1.118157187792778062e+00
1.076717749018521575e+00
1.042742374372643832e+00
1.014216646324229920e+00
9.900512264571548204e-01
9.687044426926679774e-01
9.498233330203657010e-01
9.325646576903806606e-01
9.162172628854472478e-01
9.010396876775850217e-01
8.867717850158466364e-01
8.736018514667145407e-01
8.613388210434128611e-01
8.496846450824281360e-01
8.388765274666194482e-01
8.287974913513171948e-01
8.195802360074682102e-01
8.110960048578931270e-01
8.031867669813811395e-01
7.959223959713825902e-01
7.892009779506057310e-01
7.831350814226349932e-01
7.776930276500848560e-01
7.729391343827404226e-01
7.688600043274155249e-01
7.654278475666220771e-01
7.627870276622905621e-01
7.610289236146570158e-01
7.604178214316483775e-01
7.611960550222421906e-01
7.637282762464880914e-01
7.683895801343325616e-01
7.756306719671571814e-01
7.859196955341349877e-01
7.997237255420058810e-01
8.174444150437368828e-01
8.392523817649175655e-01
8.649199646807695929e-01
8.935056415803024343e-01
9.233837713555247406e-01
9.524925670758375151e-01
9.791782527182408824e-01
1.002449042544728774e+00
1.022115688909221776e+00
1.038300884239152122e+00
1.051438167792211109e+00
1.061877705933967686e+00
1.070056033438139265e+00
1.076241902984170995e+00
1.080755285036807622e+00
1.083777256732821881e+00
1.085532708699100457e+00
1.086160348480184945e+00
1.085802401462784728e+00
1.084599811860279539e+00
1.082641098154046411e+00
1.080064831941031755e+00
1.076941341177260369e+00
1.073373488338976944e+00
1.069437971592213321e+00
1.065192002727760823e+00
1.060725978250127488e+00
1.056086917382303314e+00
1.051331105235074892e+00
1.046523055188780083e+00
1.041699176850496622e+00
1.036908432474750175e+00
1.032195571409943557e+00
1.027586898878137367e+00
1.023117133364766618e+00
1.018819831798891906e+00
1.014711006480877087e+00
1.010809236579208736e+00
1.007140986241760183e+00
1.003714674114609240e+00
1.000535254054215173e+00
9.976149639238170996e-01
9.949628296687338391e-01
9.925739379466418377e-01
9.904410253204501968e-01
9.885642919298104347e-01
9.869396933457312837e-01
9.855580654590461176e-01
9.844057303209614584e-01
9.834723758932329973e-01
9.827497090852933548e-01
9.822279219841447695e-01
9.818963184252026410e-01
9.817403980983283596e-01
9.817451424308346608e-01
9.818984186509577272e-01
9.821883015818482221e-01
9.826030026131192807e-01
9.831308274057151131e-01
9.837605812661104343e-01
9.844815117274148264e-01
9.852834360648105028e-01
9.861564027429636781e-01
9.870906226584446053e-01
9.880765873832041413e-01
9.891053472568837046e-01
9.901686581180781932e-01
9.912589827753522931e-01
9.923696226653326846e-01
9.934948350559612562e-01
9.946295675945744375e-01
9.957690097816421781e-01
9.969085250851307256e-01
9.980436241444982093e-01
9.991700320586569539e-01
1.000283575335948028e+00
1.001380395894076791e+00
1.002456685161299488e+00
1.003508405136775306e+00
1.004532344523528797e+00
1.005526401863965802e+00
1.006488888834532025e+00
1.007417995001279820e+00
1.008311615768360259e+00
1.009168156797843219e+00
1.009986563250398151e+00
1.010765082209176047e+00
1.011501570181932319e+00
1.012194378107722059e+00
1.012841560953409825e+00
1.013441595119479066e+00
1.013994110377712365e+00
1.014498740523084974e+00
1.014955572599784084e+00
1.015364550637210650e+00
1.015725731166971846e+00
1.016039470859128935e+00
1.016306302868816624e+00
1.016526924266179632e+00
1.016702382167148366e+00
1.016834244145395916e+00
1.016923750587659825e+00
1.016972651069389944e+00
1.016982911378784937e+00
1.016956639263744799e+00
1.016896652725577388e+00
1.016806289088197479e+00
1.016689141567550969e+00
1.016549530212097485e+00
1.016392564632145001e+00
1.016223562746797260e+00
1.016048125125290635e+00
1.015872154786195303e+00
1.015701643478081451e+00
1.015542882246287304e+00
1.015402749341141053e+00
1.015288774120632231e+00
1.015209243227695790e+00
1.015173176319411619e+00
1.015190294497549273e+00
1.015271734253555769e+00
1.015431691099051958e+00
1.015690002472923625e+00
1.016077017821710005e+00
1.016644547685561673e+00
1.017493291342023154e+00
1.018849566431407005e+00
1.021336764962216703e+00
1.027278028825706624e+00
1.047852205798043501e+00
1.149709972192811458e+00
1.017565230364677831e+00
9.999560572080740117e-01
