9.710580341238592705e-01
9.735284119840097450e-01
9.759334718666536901e-01
9.786974511426668188e-01
9.815114008837506621e-01
9.848676728515677326e-01
9.887028926576276744e-01
9.933927914448303920e-01
9.991307929723259873e-01
1.006264543266328637e+00
1.015124135119604531e+00
1.026083861746683423e+00
1.039517942925755500e+00
1.055789599083005736e+00
1.075220029298393554e+00
1.098055570133441572e+00
1.124427841908925307e+00
1.154310255120015061e+00
1.187473296952085144e+00
1.223442689828186491e+00
1.261464950279765018e+00
1.300484675782010990e+00
1.339136593487185944e+00
1.375757820059398062e+00
1.408435217555621621e+00
1.435117616274660612e+00
1.453811942765196985e+00
1.462825398371163876e+00
1.460989683757812907e+00
1.447814928597451756e+00
1.423542933442711655e+00
1.389111822545819219e+00
1.346052166962532493e+00
1.296343516466253343e+00
1.242256513469601531e+00
1.186179939923311721e+00
1.130457225557764511e+00
1.077227013052828086e+00
1.028260983191299216e+00
9.848312751237817686e-01
9.476067751411019202e-01
9.166434631905058250e-01
8.914734932656719346e-01
8.712418781827211411e-01
8.549043164139947804e-01
8.413970466555874550e-01
8.297839810537045446e-01
8.193557946714845608e-01
8.096277857847590242e-01
8.003287497533452255e-01
7.913522681469923326e-01
7.827353270156217624e-01
7.746497930933192722e-01
7.673650819543973434e-01
7.612359943425059949e-01
7.566592343624894967e-01
7.540521659270554844e-01
7.538176218014330798e-01
7.563235603022765430e-01
7.618850555972487282e-01
7.706997149551675363e-01
7.827753967402124591e-01
7.978123939848386081e-01
8.151205291098230221e-01
8.336351959185668292e-01
8.521240168828304595e-01
8.695220589662289168e-01
8.852086768636462377e-01
8.990529374597964196e-01
9.112395618203329439e-01
9.220397149247152591e-01
9.316689395470406643e-01
9.402642564538720160e-01
9.479175318081951573e-01
9.547093953617857842e-01
9.607187190353368988e-01
9.660221300748069728e-01
9.706899158142845430e-01
9.747869283491564785e-01
9.783718758174007046e-01
9.814991097868466241e-01
9.842177561745867331e-01
9.865732388455590307e-01
9.886062974392006986e-01
9.903542380024248359e-01
9.918498312028600772e-01
9.931226994830418819e-01
9.942001101098337790e-01
9.951063770984565071e-01
9.958644860147676248e-01
9.964940841476942479e-01
9.970129563847730525e-01
9.974364006317114617e-01
9.977777103364420253e-01
9.980500697859958636e-01
9.982639420073499137e-01
9.984286155216947067e-01
9.985530589725998274e-01
9.986441643438096483e-01
9.987084250106227357e-01
9.987516410036959558e-01
9.987779480882703620e-01
9.987915104128454180e-01
9.987961566662266755e-01
9.987941915957827543e-01
9.987878966013342685e-01
9.987799294671569905e-01
9.987716360102006918e-01
9.987638778493399538e-01
9.987581201350941296e-01
9.987555721257753705e-01
9.987563981332594487e-01
9.987606291420068061e-01
9.987688406943200370e-01
9.987814057260742118e-01
9.987982638460630724e-01
9.988191153258844102e-01
9.988438860844455203e-01
9.988726433811696559e-01
9.989053578126940725e-01
9.989419106495730505e-01
9.989819649959272851e-01
9.990251524939007810e-01
9.990712631042888425e-01
9.991200892215374996e-01
9.991713968347530894e-01
9.992249374667568906e-01
9.992804693219740075e-01
9.993377553785016687e-01
9.993965676071229209e-01
9.994566693103991151e-01
9.995178103769423172e-01
9.995797347658781362e-01
9.996421957649910262e-01
9.997049636176044141e-01
9.997678255493486210e-01
9.998305940129295077e-01
9.998931148809950820e-01
9.999552544547056776e-01
1.000016876866903326e+00
1.000077841868411754e+00
1.000138005508053984e+00
1.000197224111255334e+00
1.000255349692372731e+00
1.000312242071784485e+00
1.000367754078018034e+00
1.000421716995522070e+00
1.000473998881762583e+00
1.000524521890059582e+00
1.000573224614620171e+00
1.000620032682290272e+00
1.000664851142888168e+00
1.000707610138128034e+00
1.000748266679266418e+00
1.000786736451191539e+00
1.000822911282981176e+00
1.000856707880399821e+00
1.000888024540991239e+00
1.000916780573200660e+00
1.000942957003735589e+00
1.000966534397407459e+00
1.000987516715480918e+00
1.001005899936437515e+00
1.001021685869495803e+00
1.001034893044340679e+00
1.001045549773316168e+00
1.001053693373161302e+00
1.001059381044311580e+00
1.001062698802108963e+00
1.001063715080763972e+00
1.001062526590986046e+00
1.001059242452752240e+00
1.001053979789117365e+00
1.001046895195426112e+00
1.001038174055427055e+00
1.001028015801444404e+00
1.001016660062643782e+00
1.001004390119690335e+00
1.000991500818557700e+00
1.000978302786635687e+00
1.000965123804945289e+00
1.000952297239910527e+00
1.000940173960224833e+00
1.000929138704624188e+00
1.000919614331659657e+00
1.000912068751738326e+00
1.000907015186598858e+00
1.000905012736573729e+00
1.000906709194324007e+00
1.000912937302696593e+00
1.000924867082819025e+00
1.000944293033954269e+00
1.000974276146541442e+00
1.001020739836081086e+00
1.001096879013622098e+00
1.001238443322802985e+00
1.001576671656004391e+00
1.002866397874869309e+00
1.010236415452888670e+00
1.001844286029365483e+00
9.987328961004320327e-01
