9.947856643702774893e-01
9.947664947832453031e-01
9.939306712572656410e-01
9.942614355143243321e-01
9.935976345234391882e-01
9.939184091935799881e-01
9.939943098938983645e-01
9.947652088625296152e-01
9.959866248975819403e-01
9.980697572953588503e-01
1.001188664772372228e+00
1.005670380558674193e+00
1.011835056111188624e+00
1.020042858970509503e+00
1.030660167702336816e+00
1.044043192994771330e+00
1.060506705371484060e+00
1.080287275493195587e+00
1.103499680744889133e+00
1.130089649932725981e+00
1.159786622111524945e+00
1.192061250310571863e+00
1.226091563212045488e+00
1.260741279662050740e+00
1.294554436497215466e+00
1.325781214384414541e+00
1.352471257004044469e+00
1.372662376782199267e+00
1.384640835580542406e+00
1.387194560372456698e+00
1.379778696421517070e+00
1.362564946539203792e+00
1.336377816440132760e+00
1.302554949035801712e+00
1.262777152704181116e+00
1.218886172135736468e+00
1.172727662078554056e+00
1.126021644643499187e+00
1.080253299786998467e+00
1.036606106605705735e+00
9.959174430077893936e-01
9.586900205682529208e-01
9.251438862844227895e-01
8.952626181030406416e-01
8.688692467673722053e-01
8.456852923746885908e-01
8.254078399439731539e-01
8.077839049659614190e-01
7.926207916809239196e-01
7.798042928418550401e-01
7.692807462732330626e-01
7.610623811153882645e-01
7.552351215041190891e-01
7.519277058746269837e-01
7.513024089050986953e-01
7.535108852561663850e-01
7.586669306515391176e-01
7.667950474555915719e-01
7.777756599899875445e-01
7.912900875920512167e-01
8.067567441290263153e-01
8.233581317020711721e-01
8.401642723733742102e-01
8.563536754899192527e-01
8.713912044567140303e-01
8.850684355432835160e-01
8.974045380793744808e-01
9.085128972175430251e-01
9.185151272734100036e-01
9.275145033387478533e-01
9.356000050916092325e-01
9.428521267605320944e-01
9.493464211960469523e-01
9.551525643014421307e-01
9.603355571796511336e-01
9.649546670583758479e-01
9.690649871805456783e-01
9.727164719673004889e-01
9.759555247824712731e-01
9.788239372826299523e-01
9.813603870061584633e-01
9.835995008677502760e-01
9.855733509677103710e-01
9.873104740223049847e-01
9.888371657934326153e-01
9.901763639351223167e-01
9.913488593507204794e-01
9.923738346613754091e-01
9.932681144660551187e-01
9.940478077044133665e-01
9.947264600288825420e-01
9.953165837640345348e-01
9.958289789313374829e-01
9.962729480647897207e-01
9.966579313692510711e-01
9.969912908016365094e-01
9.972796849110863171e-01
9.975296336098153915e-01
9.977461160058057610e-01
9.979339342743841490e-01
9.980974281064732834e-01
9.982398048401293078e-01
9.983643036124204562e-01
9.984739101170956310e-01
9.985706355634604847e-01
9.986564561971230658e-01
9.987335195543323163e-01
9.988031581466846331e-01
9.988664175549054614e-01
9.989246277511576455e-01
9.989789256179554267e-01
9.990298566856095075e-01
9.990778715297271573e-01
9.991236698911606373e-01
9.991677988425001766e-01
9.992105610296666551e-01
9.992521103301397201e-01
9.992926910959980535e-01
9.993325913032006236e-01
9.993720259546540197e-01
9.994111492248484163e-01
9.994499871637336774e-01
9.994885340145097663e-01
9.995268483673843685e-01
9.995649741287410128e-01
9.996029296519036711e-01
9.996407145078763934e-01
9.996783209390391889e-01
9.997157336256983218e-01
9.997529328103829105e-01
9.997898862599523540e-01
9.998265477168470916e-01
9.998628612071003285e-01
9.998987691347538398e-01
9.999342165525538784e-01
9.999691516403866887e-01
1.000003530224289339e+00
1.000037320244274719e+00
1.000070495755043920e+00
1.000103026168424281e+00
1.000134875532737722e+00
1.000166003137560988e+00
1.000196365750359639e+00
1.000225915565696511e+00
1.000254606425528436e+00
1.000282386743555962e+00
1.000309192487167875e+00
1.000334976042812629e+00
1.000359714851814408e+00
1.000383393055583880e+00
1.000405987217749315e+00
1.000427462679040591e+00
1.000447796110762511e+00
1.000466976493850968e+00
1.000484971680728918e+00
1.000501737076660236e+00
1.000517239668980318e+00
1.000531436781283201e+00
1.000544295520543692e+00
1.000555812846074533e+00
1.000565985044542749e+00
1.000574819542770166e+00
1.000582319513428464e+00
1.000588490712969181e+00
1.000593346866321509e+00
1.000596906292758437e+00
1.000599191557940193e+00
1.000600234848545211e+00
1.000600082397683499e+00
1.000598771708249846e+00
1.000596354122549325e+00
1.000592887045755663e+00
1.000588431808529188e+00
1.000583069157302551e+00
1.000576894031836028e+00
1.000570008353600659e+00
1.000562533906655061e+00
1.000554614072722392e+00
1.000546398112811763e+00
1.000538043296957058e+00
1.000529715650464224e+00
1.000521584366529160e+00
1.000513827792697930e+00
1.000506641657619156e+00
1.000500241429508552e+00
1.000494866128089466e+00
1.000490779078998083e+00
1.000488269189999002e+00
1.000487673632081576e+00
1.000489427973179968e+00
1.000494146189373712e+00
1.000502771813527758e+00
1.000516914595909412e+00
1.000539684861173617e+00
1.000577998660728163e+00
1.000650565721410645e+00
1.000826019394507105e+00
1.001499232389237326e+00
1.005441878096099861e+00
1.001116306195672712e+00
9.991117667247337852e-01
