1.000000000000000000e+00
9.999653548704656725e-01
9.998455158901254913e-01
9.996335500781349248e-01
9.993521657718307249e-01
9.990667452458211750e-01
9.989035657262905765e-01
9.990738571518716915e-01
9.999023605629562272e-01
1.001857914299055574e+00
1.005579643124761224e+00
1.011897738450894924e+00
1.021843417348755612e+00
1.036648610037678830e+00
1.057735923607864503e+00
1.086607866335637773e+00
1.124669383602048267e+00
1.172446033259534337e+00
1.228507519276449633e+00
1.288693025642935863e+00
1.347163225663065900e+00
1.401419324232133334e+00
1.469655268759377797e+00
1.608560331925667830e+00
1.693214960161957716e+00
1.707420839556404335e+00
1.676845779693092231e+00
1.616651231553355217e+00
1.537968645924751687e+00
1.452699605709276254e+00
1.367374065377654935e+00
1.287175995751810076e+00
1.215705339674514551e+00
1.154321816562562608e+00
1.104432934114701004e+00
1.063685056659323225e+00
1.029812021467158001e+00
1.001469253006840754e+00
9.770525143571645588e-01
9.558527637667609822e-01
9.369067342357754180e-01
9.194579066586821003e-01
9.034842309082409262e-01
8.886994193643857898e-01
8.750980322606222161e-01
8.624570219538981730e-01
8.505085225482921230e-01
8.393405669965310345e-01
8.288433365085906557e-01
8.190562237169702886e-01
8.098644257352982656e-01
8.011477433617384403e-01
7.929536367335772162e-01
7.852590952213159836e-01
7.782120646443297929e-01
7.719191091404041805e-01
7.665925580360747338e-01
7.624424191657168670e-01
7.597132586201867932e-01
7.587816088818436500e-01
7.600062406109743263e-01
7.638327862586375971e-01
7.706639451373897831e-01
7.808988308166853187e-01
7.948065384474699568e-01
8.124138687676771831e-01
8.332209639592407235e-01
8.558649779054317008e-01
8.781339650097059746e-01
8.980024186789253848e-01
9.148404099302869241e-01
9.290296454771176382e-01
9.411464174386738879e-01
9.515746736517286530e-01
9.605964211234720995e-01
9.683814783652766600e-01
9.750962322823000239e-01
9.808480556731629108e-01
9.857621449939215630e-01
9.899197659338535571e-01
9.934203281323858992e-01
9.963286499855991130e-01
9.987259631383120784e-01
1.000665275915370023e+00
1.002212505694050737e+00
1.003411322050986598e+00
1.004306029542617162e+00
1.004942758575891215e+00
1.005351282237680222e+00
1.005575294547991216e+00
1.005638587684333451e+00
1.005571687086422639e+00
1.005397543905538260e+00
1.005132195286611241e+00
1.004801829660660450e+00
1.004418623318557025e+00
1.003995968173573949e+00
1.003550303149799205e+00
1.003089042781664331e+00
1.002622526198035491e+00
1.002160127186706662e+00
1.001705607978520929e+00
1.001265162123572638e+00
1.000844741397606485e+00
1.000445551815864809e+00
1.000069885000451242e+00
9.997219818163506355e-01
9.994020261407124961e-01
9.991094868520244976e-01
9.988460143410117231e-01
9.986126711548127810e-01
9.984077974780509734e-01
9.982297052171374974e-01
9.980784235331583432e-01
9.979534214788787772e-01
9.978532255292564823e-01
9.977758483486065533e-01
9.977200335832806521e-01
9.976849556409956854e-01
9.976695981466974228e-01
9.976728332324407145e-01
9.976930298404529385e-01
9.977285481519075905e-01
9.977782257010955336e-01
9.978409424773034830e-01
9.979155659077911800e-01
9.980009741855178085e-01
9.980961062868306533e-01
9.981999514434393150e-01
9.983115586421350551e-01
9.984299879773775865e-01
9.985542968726515145e-01
9.986835562480701478e-01
9.988168865435799182e-01
9.989534744617200035e-01
9.990925706678436269e-01
9.992335086224228835e-01
9.993757234692086655e-01
9.995187178367708203e-01
9.996620038303768441e-01
9.998050966992768629e-01
9.999475151578999244e-01
1.000088790384293658e+00
1.000228453190195488e+00
1.000366063724747123e+00
1.000501173689700485e+00
1.000633288918244101e+00
1.000762014098689479e+00
1.000887094559240298e+00
1.001008321920984878e+00
1.001125460950109902e+00
1.001238230069110280e+00
1.001346414254235651e+00
1.001449868949144006e+00
1.001548350566575207e+00
1.001641559773918999e+00
1.001729261907749358e+00
1.001811179102854554e+00
1.001887087663013487e+00
1.001956918338447355e+00
1.002020602054677800e+00
1.002078129020868902e+00
1.002129470839751013e+00
1.002174614550318088e+00
1.002213589275953165e+00
1.002246448926538358e+00
1.002273270144128370e+00
1.002294178959231896e+00
1.002309372724235148e+00
1.002319005578467204e+00
1.002323301460096072e+00
1.002322514824004251e+00
1.002316919701095710e+00
1.002306887113792788e+00
1.002292858634000527e+00
1.002275309985040774e+00
1.002254815314791658e+00
1.002232055555004608e+00
1.002207739263171193e+00
1.002182612811670870e+00
1.002157463478023702e+00
1.002133090576583285e+00
1.002110334248472956e+00
1.002090114963185119e+00
1.002073442839320538e+00
1.002061433017797931e+00
1.002055303718745627e+00
1.002056373563499303e+00
1.002066160226978253e+00
1.002086605730772684e+00
1.002120430236325799e+00
1.002171797876720616e+00
1.002247809901392062e+00
1.002362225730585310e+00
1.002545739651922396e+00
1.002881598009481401e+00
1.003675335050324025e+00
1.006676434710476187e+00
1.023111927067754667e+00
1.003317983697174620e+00
9.985110680008889572e-01
