9.293464777061295479e-01
9.378809404682881823e-01
9.476088379894712643e-01
9.563511573006910904e-01
9.667690705210050250e-01
9.768193461611059947e-01
9.882320297152028532e-01
1.000313863245161139e+00
1.013815161741058457e+00
1.028804893708983093e+00
1.045690791520484497e+00
1.064753151176633716e+00
1.086303651776914014e+00
1.110595087346730958e+00
1.137812051965594318e+00
1.168028824685245493e+00
1.201172342292563311e+00
1.236981799316841490e+00
1.274971135721104432e+00
1.314397559687431993e+00
1.354240125312812237e+00
1.393191754373168223e+00
1.429668708008091205e+00
1.461849609986845877e+00
1.487768957148571936e+00
1.505484585830104916e+00
1.513297488269712332e+00
1.509967595644157834e+00
1.494882418588406425e+00
1.468151584867942505e+00
1.430613672189209096e+00
1.383773311010596530e+00
1.329682838145200385e+00
1.270786474562727753e+00
1.209742828339974041e+00
1.149221057003073643e+00
1.091697976866539577e+00
1.039258289921102252e+00
9.934055277910190940e-01
9.549357442910780813e-01
9.238867532123505866e-01
8.996281106364613089e-01
8.810690672737583329e-01
8.668883394549280474e-01
8.557708152646762434e-01
8.465588234144509894e-01
8.383451098877077179e-01
8.305119366163229433e-01
8.226801822392671992e-01
8.146661737345362031e-01
8.064172034929594224e-01
7.979850974210491721e-01
7.895213942549559327e-01
7.812510202219005162e-01
7.734738992690364245e-01
7.665377012553800107e-01
7.608311003389049976e-01
7.567612556171173788e-01
7.547470610014338499e-01
7.552192339589700598e-01
7.585860021142012410e-01
7.652053583285162164e-01
7.753084603432467414e-01
7.889011250372842676e-01
8.056260267135678665e-01
8.246652559627059009e-01
8.447805268160938352e-01
8.645696527586804736e-01
8.828570300441923591e-01
8.989968980079584560e-01
9.129161926504314462e-01
9.249109210719351770e-01
9.353721778120200891e-01
9.446022461397901582e-01
9.527762242701663942e-01
9.599891557515338736e-01
9.663150213566140678e-01
9.718317637966699118e-01
9.766219360043076891e-01
9.807634999013897792e-01
9.843274146340067476e-01
9.873769911304185465e-01
9.899704743406791962e-01
9.921604384210300775e-01
9.939949486191937966e-01
9.955164455909891741e-01
9.967632631814179467e-01
9.977706478104543253e-01
9.985703392757059316e-01
9.991921685467550773e-01
9.996619341597681174e-01
1.000002750000644758e+00
1.000234501593251002e+00
1.000374555608703808e+00
1.000439772478990630e+00
1.000443822546762451e+00
1.000398735137688622e+00
1.000315870884146641e+00
1.000204130408180792e+00
1.000071702771329063e+00
9.999257696025094511e-01
9.997714403625804769e-01
9.996137315852154925e-01
9.994571810443271254e-01
9.993043560261174463e-01
9.991577484596952941e-01
9.990203611002809181e-01
9.988934557497171074e-01
9.987775779877061666e-01
9.986741752359897806e-01
9.985843951499533411e-01
9.985078566722036530e-01
9.984439756426743973e-01
9.983930390003408206e-01
9.983551131835244341e-01
9.983296041241589425e-01
9.983155714354556842e-01
9.983124605116745487e-01
9.983199898500713099e-01
9.983377648149077688e-01
9.983652615614559966e-01
9.984016339272967500e-01
9.984460072755031446e-01
9.984977824560455906e-01
9.985563926019768166e-01
9.986212460261922885e-01
9.986917446847927149e-01
9.987673174056010961e-01
9.988474163035412356e-01
9.989315216670519026e-01
9.990191123055994771e-01
9.991096564033753458e-01
9.992026229346543387e-01
9.992975058643934760e-01
9.993938359659878534e-01
9.994911802531447620e-01
9.995891547997231008e-01
9.996874374730547741e-01
9.997857459697068183e-01
9.998838001238079531e-01
9.999813175703237134e-01
1.000078014499440560e+00
1.000173611724259892e+00
1.000267826924842840e+00
1.000360394043976031e+00
1.000451038660509440e+00
1.000539453987366878e+00
1.000625396350576013e+00
1.000708713566035524e+00
1.000789282750114806e+00
1.000866961554900403e+00
1.000941575562375840e+00
1.001012993202078150e+00
1.001081128482820937e+00
1.001145828756192957e+00
1.001206903253954117e+00
1.001264203082693482e+00
1.001317550111097354e+00
1.001366801638318149e+00
1.001411917214854341e+00
1.001452856386631174e+00
1.001489617681920130e+00
1.001522187013232701e+00
1.001550560292308489e+00
1.001574761299366623e+00
1.001594830218942578e+00
1.001610822303151460e+00
1.001622825728179178e+00
1.001630976207970702e+00
1.001635380674144482e+00
1.001636192621058852e+00
1.001633585998332299e+00
1.001627747921739031e+00
1.001618930392609963e+00
1.001607432689849642e+00
1.001593577080122976e+00
1.001577751781288494e+00
1.001560416591648073e+00
1.001542050040597154e+00
1.001523156231972633e+00
1.001504266992872205e+00
1.001485922697314956e+00
1.001468691667134925e+00
1.001453196813727908e+00
1.001440122212027051e+00
1.001430223875757086e+00
1.001424329217769582e+00
1.001423336453787227e+00
1.001428282519033264e+00
1.001440497083122327e+00
1.001461845249242311e+00
1.001495184683464990e+00
1.001545389317002543e+00
1.001621897770059055e+00
1.001745752989104066e+00
1.001974002900771543e+00
1.002516094105799338e+00
1.004575760525574957e+00
1.016140488187707636e+00
1.002651465790860508e+00
9.984136457854839719e-01
