9.957492265436568291e-01
9.954930147975693533e-01
9.949526620892998885e-01
9.948398326951709558e-01
9.944272469648912649e-01
9.944516004870305181e-01
9.945434636976397957e-01
9.951128205940439342e-01
9.961776074097853373e-01
9.980101055664845067e-01
1.000825731460365242e+00
1.004919576646213564e+00
1.010608336161442411e+00
1.018241779458230134e+00
1.028182320684028150e+00
1.040786304064981849e+00
1.056375180496866184e+00
1.075199785651770323e+00
1.097397872442967159e+00
1.122947457778815883e+00
1.151619575872559809e+00
1.182935014925593054e+00
1.216128893308091596e+00
1.250126438412612728e+00
1.283533456098536307e+00
1.314654675725790201e+00
1.341575155287378918e+00
1.362337032804011638e+00
1.375196430601170361e+00
1.378884224404317793e+00
1.372784982173786306e+00
1.356999029364950760e+00
1.332286360216676790e+00
1.299928837953246319e+00
1.261558279771923585e+00
1.218971016420745235e+00
1.173968532823527866e+00
1.128227805372311154e+00
1.083194644054938927e+00
1.040021817968742823e+00
9.995310560698462687e-01
9.622302177050222616e-01
9.283684163906690268e-01
8.979813518006258821e-01
8.709616440449582386e-01
8.471089926566959249e-01
8.261972200280728318e-01
8.080398187689302736e-01
7.924947373104437309e-01
7.794802353214218549e-01
7.689573701649603521e-01
7.609373848293385922e-01
7.554919506638356763e-01
7.527246591271774534e-01
7.527634847933459827e-01
7.557175510426437093e-01
7.616489814455004170e-01
7.705195028047754358e-01
7.821344396276593836e-01
7.960932722793949701e-01
8.117453701867185512e-01
8.282480403694049143e-01
8.447137276581881959e-01
8.604198680940032817e-01
8.749403829962235646e-01
8.881397339053944684e-01
9.000613487593187578e-01
9.108126655752539769e-01
9.205023475686553436e-01
9.292247776800450776e-01
9.370643586244243872e-01
9.440987189571889981e-01
9.504008546762831022e-01
9.560380056062410814e-01
9.610729222239218217e-01
9.655628217557307158e-01
9.695609133196515517e-01
9.731154163091104703e-01
9.762711329511754021e-01
9.790683834126920893e-01
9.815444946101801182e-01
9.837328575384909346e-01
9.856644135123733275e-01
9.873666705407975197e-01
9.888649991825140262e-01
9.901815164807746816e-01
9.913362782735563039e-01
9.923477954601646056e-01
9.932322770332057127e-01
9.940052663946309375e-01
9.946798135998299317e-01
9.952679979867911086e-01
9.957802505353817724e-01
9.962255502840080545e-01
9.966130217607007680e-01
9.969497763405725799e-01
9.972422576326016586e-01
9.974967757857028383e-01
9.977181542837332273e-01
9.979110509607200807e-01
9.980796768111048767e-01
9.982271583984739793e-01
9.983566496346969465e-01
9.984710567360950417e-01
9.985723575106438821e-01
9.986624921091606932e-01
9.987435556561732319e-01
9.988168685273346448e-01
9.988834777421840005e-01
9.989446916018125400e-01
9.990016313646148394e-01
9.990548597604227421e-01
9.991048469714788327e-01
9.991522922124645989e-01
9.991977471329084315e-01
9.992415319676529739e-01
9.992838247705329024e-01
9.993248852465926868e-01
9.993650108541646260e-01
9.994044282779163124e-01
9.994433053956156554e-01
9.994816883856761924e-01
9.995195918789837597e-01
9.995570888350104877e-01
9.995942368003163381e-01
9.996310680530889892e-01
9.996675960262518812e-01
9.997038261038353468e-01
9.997397554964538857e-01
9.997753762638542652e-01
9.998106679040690281e-01
9.998455959962024853e-01
9.998801162890603722e-01
9.999141823138846252e-01
9.999477494259352284e-01
9.999807753054622550e-01
1.000013224222508823e+00
1.000045071250315720e+00
1.000076296717470337e+00
1.000106876221014351e+00
1.000136779994104774e+00
1.000165973501547789e+00
1.000194419555743286e+00
1.000222076430435703e+00
1.000248903686271840e+00
1.000274855598562551e+00
1.000299874633938657e+00
1.000323918375774168e+00
1.000346967588724656e+00
1.000369009127615838e+00
1.000390022647058119e+00
1.000409977215837465e+00
1.000428852350152331e+00
1.000446638937589450e+00
1.000463308080304925e+00
1.000478819196518376e+00
1.000493142425672666e+00
1.000506238831357919e+00
1.000518078534782918e+00
1.000528659426874523e+00
1.000537978722141563e+00
1.000546043976649369e+00
1.000552858743675388e+00
1.000558428952156520e+00
1.000562767929509267e+00
1.000565893260788375e+00
1.000567826468239163e+00
1.000568598024103029e+00
1.000568251479120097e+00
1.000566822236601094e+00
1.000564358591940595e+00
1.000560914487294450e+00
1.000556547522609030e+00
1.000551333396358933e+00
1.000545361041262904e+00
1.000538725906319870e+00
1.000531541966147575e+00
1.000523943342510380e+00
1.000516069659574070e+00
1.000508068035501408e+00
1.000500093786245603e+00
1.000492305228933176e+00
1.000484869276448530e+00
1.000477969126179589e+00
1.000471806489037885e+00
1.000466605188575997e+00
1.000462611935593937e+00
1.000460097631519440e+00
1.000459378696168411e+00
1.000460864119043558e+00
1.000465130623982013e+00
1.000473064693744307e+00
1.000486178777497681e+00
1.000507394684744034e+00
1.000543207933219048e+00
1.000611187423227078e+00
1.000775775020020131e+00
1.001407727327697783e+00
1.005117245539441706e+00
1.001062036893855867e+00
9.991453986725632452e-01
