9.724461992593714799e-01
9.748363294016985092e-01
9.768269678288393765e-01
9.796217515962245548e-01
9.820257986997655841e-01
9.852902329628639988e-01
9.888160964063483771e-01
9.932973375227737156e-01
9.987575568080871991e-01
1.005621125655765002e+00
1.014184290486584539e+00
1.024833632251729520e+00
1.037940080805530130e+00
1.053870788801899439e+00
1.072950970970473650e+00
1.095433595635433965e+00
1.121459033150405737e+00
1.151011721513168329e+00
1.183875206381264311e+00
1.219589887010632978e+00
1.257417950191953349e+00
1.296319883814549989e+00
1.334945628083158642e+00
1.371645640101079033e+00
1.404516225429782272e+00
1.431508694895579303e+00
1.450622993362684410e+00
1.460149982573091476e+00
1.458898061179306760e+00
1.446350294010694260e+00
1.422720427434908563e+00
1.388919226453706024e+00
1.346451248915619070e+00
1.297271544186350267e+00
1.243628075495437191e+00
1.187889642306944049e+00
1.132383980667335921e+00
1.079240579224826968e+00
1.030230993302579945e+00
9.866381247311448721e-01
9.491526976744323330e-01
9.178611054903959010e-01
8.923294961695767968e-01
8.717346601745955548e-01
8.550572589674401147e-01
8.412498120590965467e-01
8.293846672947373655e-01
8.187553616380870425e-01
8.088769832981331787e-01
7.994769842082993794e-01
7.904475703591909985e-01
7.818248054369014710e-01
7.737800503257252771e-01
7.665822044426310322e-01
7.605850509091279799e-01
7.561832517598755521e-01
7.537907229993113800e-01
7.538050757917241773e-01
7.565865455588939303e-01
7.624386367272276699e-01
7.715413916245359438e-01
7.838768807182797671e-01
7.991117267977742022e-01
8.165212189992974157e-01
8.350206742573403895e-01
8.533876487912314124e-01
8.705979546522851775e-01
8.860831225379529608e-01
8.997504392897758274e-01
9.117970819898001400e-01
9.224875471938379645e-01
9.320257654650081491e-01
9.405413905791103479e-01
9.481240749430867032e-01
9.548543611717820179e-01
9.608108931146891463e-01
9.660695404951324949e-01
9.706996949366012428e-01
9.747654165220677180e-01
9.783247269942864088e-01
9.814313497432395339e-01
9.841338250907412100e-01
9.864770358046192067e-01
9.885012269840305343e-01
9.902432582517748383e-01
9.917355001190346631e-01
9.930072149745881038e-01
9.940853403843188385e-01
9.949938838191136892e-01
9.957555489378553393e-01
9.963897311538758572e-01
9.969139982589445559e-01
9.973434622948200712e-01
9.976912512006665956e-01
9.979703980638359173e-01
9.981912365778461416e-01
9.983629456047128370e-01
9.984943957718791507e-01
9.985923989073050011e-01
9.986633797827646486e-01
9.987130810776564394e-01
9.987456003225245738e-01
9.987650660926344903e-01
9.987752758532721931e-01
9.987785239186435238e-01
9.987770820062986665e-01
9.987735907140168345e-01
9.987693980731642274e-01
9.987653769227455847e-01
9.987629903743602267e-01
9.987634478048912356e-01
9.987669332752128204e-01
9.987734996128279086e-01
9.987837310868581397e-01
9.987980108358353037e-01
9.988162972859067068e-01
9.988383135609355534e-01
9.988640022408110664e-01
9.988934424947615298e-01
9.989266176744734382e-01
9.989634231639593631e-01
9.990035401893938571e-01
9.990466184257034143e-01
9.990924614728377007e-01
9.991408744049938839e-01
9.991916358650212437e-01
9.992445097620435979e-01
9.992992659721231519e-01
9.993556785034682921e-01
9.994135296775347177e-01
9.994725929162829869e-01
9.995326281529440804e-01
9.995933891707571295e-01
9.996546385295629333e-01
9.997161550378802497e-01
9.997777338021702764e-01
9.998391943006266214e-01
9.999003884055293057e-01
9.999611877212141176e-01
1.000021461542859535e+00
1.000081074716815621e+00
1.000139888317992831e+00
1.000197763549418140e+00
1.000254557272915346e+00
1.000310133853972383e+00
1.000364350725942542e+00
1.000417044188921967e+00
1.000468086352749308e+00
1.000517402053314520e+00
1.000564932101361437e+00
1.000610604584670327e+00
1.000654327443537772e+00
1.000696033059920831e+00
1.000735679998820737e+00
1.000773186437438955e+00
1.000808447226082309e+00
1.000841381466550439e+00
1.000871890256167518e+00
1.000899895174232501e+00
1.000925378025238288e+00
1.000948320138134395e+00
1.000968725663729852e+00
1.000986590942264609e+00
1.001001917991503065e+00
1.001014725139093509e+00
1.001025040251621201e+00
1.001032899976720847e+00
1.001038360365072322e+00
1.001041505591431457e+00
1.001042402662791764e+00
1.001041146187683140e+00
1.001037842887061879e+00
1.001032607294360499e+00
1.001025592477702952e+00
1.001016979611460300e+00
1.001006963588590093e+00
1.000995778548669835e+00
1.000983701252307734e+00
1.000971019760592995e+00
1.000958037554041447e+00
1.000945074875940533e+00
1.000932457444385637e+00
1.000920528092627215e+00
1.000909662757281771e+00
1.000900274641346455e+00
1.000892821002886901e+00
1.000887803441578683e+00
1.000885768505217710e+00
1.000887349571873530e+00
1.000893360967819223e+00
1.000904946944749963e+00
1.000923862577543622e+00
1.000953101625522867e+00
1.000998457156828891e+00
1.001072833084638569e+00
1.001211189259181289e+00
1.001541863343139438e+00
1.002803019642684257e+00
1.010015851307964674e+00
1.001812709752369246e+00
9.987472137821092888e-01
