1.403522655142000142e+00
1.403857168960015223e+00
1.407730637538322727e+00
1.411167412561897372e+00
1.418537553608436586e+00
1.425730209364330259e+00
1.437322125109839810e+00
1.449048287185852546e+00
1.465685726070756756e+00
1.482785542998583894e+00
1.505266696718301711e+00
1.528439868263779200e+00
1.557226007033423398e+00
1.586602804895855812e+00
1.621271528248287908e+00
1.655807876590319250e+00
1.694541880801487599e+00
1.731881693539968570e+00
1.772015962195001570e+00
1.809054342721449160e+00
1.841777787425967094e+00
1.855293863898020756e+00
1.852005003499888058e+00
1.823892344699437285e+00
1.777755897487896641e+00
1.712010384427265164e+00
1.634739976672111128e+00
1.548623196004010216e+00
1.460447490199517695e+00
1.374636100553759510e+00
1.295423302473444283e+00
1.225165213662891661e+00
1.165674113562213510e+00
1.115820809620638565e+00
1.075498363796035584e+00
1.042263128820948292e+00
1.014172263258358964e+00
9.902447114204067091e-01
9.689916964469973415e-01
9.501392136338250305e-01
9.328688707275448744e-01
9.164752030977691977e-01
9.012549218757746061e-01
8.869446281733538440e-01
8.737501096603949025e-01
8.614733775923125725e-01
8.498022749260178976e-01
8.389874295684262018e-01
8.289054169308300857e-01
8.196974196648347810e-01
8.112296383354570262e-01
8.033378402212439928e-01
7.960974010234584952e-01
7.894016053170354041e-01
7.833684997987286902e-01
7.779618940811482419e-01
7.732440709916774679e-01
7.691917975995181678e-01
7.657617489573651515e-01
7.630867083669304884e-01
7.612372846774905222e-01
7.604615388475703952e-01
7.609792285726791894e-01
7.631368253588974859e-01
7.672901810023882163e-01
7.738773786340384930e-01
7.833614952121236152e-01
7.962225902927342336e-01
8.129107121139951264e-01
8.337103674568739908e-01
8.586162044417970929e-01
8.870330788136517874e-01
9.177352659551125669e-01
9.489059369634988972e-01
9.788031359833661016e-01
1.006053064868398073e+00
1.030002411376082838e+00
1.050355804327218534e+00
1.067272051747566897e+00
1.080942503732646776e+00
1.091770426102390168e+00
1.100039764897825956e+00
1.106138290405843660e+00
1.110308139737385069e+00
1.112844725302160054e+00
1.113937842469022055e+00
1.113776263907988895e+00
1.112534092737788693e+00
1.110325917358034653e+00
1.107311881380741880e+00
1.103577330973361414e+00
1.099240536810959679e+00
1.094389502619968590e+00
1.089092995964206612e+00
1.083451414162234450e+00
1.077521560327871830e+00
1.071370394851850927e+00
1.065072777314878261e+00
1.058676088484769018e+00
1.052241438485756131e+00
1.045826174747841675e+00
1.039469865611221566e+00
1.033221414236000779e+00
1.027129460691770912e+00
1.021225146227461078e+00
1.015542221063594486e+00
1.010124319552104577e+00
1.004994884336801508e+00
1.000173878984612630e+00
9.956885672644161245e-01
9.915623952057702750e-01
9.878014471739239299e-01
9.844071567303307457e-01
9.813889168622165204e-01
9.787490049283064097e-01
9.764823862085469930e-01
9.745760210089317033e-01
9.730198158852590984e-01
9.718049556755775642e-01
9.709193082283915643e-01
9.703484782230622496e-01
9.700714622802080189e-01
9.700654068845502298e-01
9.703106978407661787e-01
9.707873901385594140e-01
9.714755030485433540e-01
9.723548697356871884e-01
9.734058939774233865e-01
9.746095230957435573e-01
9.759475607044197920e-01
9.774022174856528133e-01
9.789560861554557070e-01
9.805923539287916268e-01
9.822952630238153127e-01
9.840503702266467645e-01
9.858445755667238908e-01
9.876663161361738386e-01
9.895057159837129523e-01
9.913541654216831978e-01
9.932036179799428322e-01
9.950464633619205967e-01
9.968754517341177346e-01
9.986837920174966854e-01
1.000464959364847584e+00
1.002213006804432815e+00
1.003922177611989319e+00
1.005586483791867769e+00
1.007201266452200317e+00
1.008763583554062926e+00
1.010271165538562999e+00
1.011721621325356146e+00
1.013112153336566124e+00
1.014440722849281995e+00
1.015706091251301846e+00
1.016905997265450168e+00
1.018037603539146296e+00
1.019098806631257847e+00
1.020087071057667050e+00
1.021000492040900154e+00
1.021838871179793440e+00
1.022602001673109440e+00
1.023290348951208406e+00
1.023904145405380328e+00
1.024443775270610368e+00
1.024910043471058074e+00
1.025303998118982651e+00
1.025626916013023138e+00
1.025880567856009673e+00
1.026067480909596208e+00
1.026189683283627474e+00
1.026249945396402685e+00
1.026251344214859973e+00
1.026197161641426492e+00
1.026091723211379758e+00
1.025940121418014606e+00
1.025747832743182153e+00
1.025521412173951541e+00
1.025268588616753185e+00
1.024997409219288613e+00
1.024716349796213066e+00
1.024434342339588522e+00
1.024160459562381442e+00
1.023904226542386331e+00
1.023676045889795994e+00
1.023487291226159668e+00
1.023350462740960864e+00
1.023279150251276803e+00
1.023287989501235451e+00
1.023393730767325316e+00
1.023617698847040458e+00
1.023989672775021287e+00
1.024555215905922578e+00
1.025392165652531551e+00
1.026652048256388339e+00
1.028677007468973059e+00
1.032412699344766427e+00
1.041396641231179920e+00
1.070852215556685527e+00
1.210088282890936062e+00
1.025091765988233705e+00
1.002844157695381488e+00
