1.396687462523442003e+00
1.397024494009402318e+00
1.400946068995607918e+00
1.404409558647016443e+00
1.411875506392921586e+00
1.419124232885723202e+00
1.430867639944983560e+00
1.442684565348345771e+00
1.459538205495442220e+00
1.476768666093202009e+00
1.499540450793054758e+00
1.522888205177786558e+00
1.552048423634043051e+00
1.581643933619593767e+00
1.616774627151921440e+00
1.651563381315612311e+00
1.690839446295568260e+00
1.728433878322404915e+00
1.769174239404962545e+00
1.806475611777045520e+00
1.840013708162778538e+00
1.853922429747274059e+00
1.851334285820380732e+00
1.823530090099486412e+00
1.777843099819506278e+00
1.712255135120003269e+00
1.635191512155352633e+00
1.549091121929911719e+00
1.460940183664666048e+00
1.375055946595453493e+00
1.295775755513159710e+00
1.225423349298774944e+00
1.165855562590647709e+00
1.115936011540196837e+00
1.075567252182947797e+00
1.042300750297873391e+00
1.014191976709131859e+00
9.902548403927589060e-01
9.689985627418239433e-01
9.501455218747840714e-01
9.328762595179819206e-01
9.164851951303515376e-01
9.012671190385806996e-01
8.869589515649540790e-01
8.737655309165731632e-01
8.614892206650403006e-01
8.498186611452610562e-01
8.390036805608983572e-01
8.289213168974635115e-01
8.197122457720413813e-01
8.112429755154207944e-01
8.033496454146789034e-01
7.961072956475677698e-01
7.894095521159701923e-01
7.833741221503743857e-01
7.779650794082281218e-01
7.732447258288495107e-01
7.691902362768113788e-01
7.657589364341232940e-01
7.630839502161960164e-01
7.612367048550170434e-01
7.604657674862816963e-01
7.609917443616158739e-01
7.631617243574694287e-01
7.673322861824642960e-01
7.739420044566008849e-01
7.834542746099470989e-01
7.963489925437636785e-01
8.130750955407908265e-01
8.339141879787922429e-01
8.588547886116223440e-01
8.872914308640004188e-01
9.179847041039368438e-01
9.491059689910840147e-01
9.789095657836045516e-01
1.006028195357204780e+00
1.029820895890757315e+00
1.050006994831481855e+00
1.066758128897891789e+00
1.080276019373565655e+00
1.090969860415660575e+00
1.099126793161443016e+00
1.105134454405259703e+00
1.109233803146091990e+00
1.111717773852592073e+00
1.112773923235909956e+00
1.112588685266613364e+00
1.111334459265775676e+00
1.109124349143352228e+00
1.106117493959926756e+00
1.102398445622578160e+00
1.098084863432493563e+00
1.093264329559406667e+00
1.088005174050314938e+00
1.082407555085098227e+00
1.076527954186512925e+00
1.070433032046767652e+00
1.064197378270388183e+00
1.057868007373058417e+00
1.051505643798094969e+00
1.045167194600862048e+00
1.038891689603603563e+00
1.032727443985543392e+00
1.026722428690317601e+00
1.020907022135101760e+00
1.015314179860614230e+00
1.009986614634373892e+00
1.004946860690329125e+00
1.000213918399094792e+00
9.958140786644148479e-01
9.917698036300969244e-01
9.880863084685812536e-01
9.847642685317820055e-01
9.818123151451486619e-01
9.792321245400523733e-01
9.770181770101546981e-01
9.751571600894198832e-01
9.736387723000577976e-01
9.724540754719402935e-01
9.715909483138338576e-01
9.710351162419412763e-01
9.707658823059758246e-01
9.707608080083294233e-01
9.710007104311878523e-01
9.714661305414953318e-01
9.721375974522423746e-01
9.729954829490946588e-01
9.740207329895265165e-01
9.751948364111497902e-01
9.765001231091631206e-01
9.779193182816026120e-01
9.794355120424905747e-01
9.810323652457139110e-01
9.826945586379417508e-01
9.844080452868566589e-01
9.861600772160660222e-01
9.879393961907291244e-01
9.897363828549154974e-01
9.915426453016478181e-01
9.933503307629796275e-01
9.951520026496355475e-01
9.969405686636119146e-01
9.987093777761939517e-01
1.000452032752046527e+00
1.002162697051461882e+00
1.003835713581168188e+00
1.005465190970264766e+00
1.007046537992871471e+00
1.008576846894641221e+00
1.010053867529203897e+00
1.011475226900051316e+00
1.012838150856461228e+00
1.014140611440458972e+00
1.015381367622139708e+00
1.016558172571232488e+00
1.017668213254178111e+00
1.018709398419405332e+00
1.019679211961043830e+00
1.020575757773462211e+00
1.021398817813830018e+00
1.022148166915000544e+00
1.022824241001654366e+00
1.023427248388969701e+00
1.023957547759406728e+00
1.024415913025275238e+00
1.024803358442469170e+00
1.025121124076430190e+00
1.025370937175132946e+00
1.025555269746835085e+00
1.025676103993579336e+00
1.025736152684362468e+00
1.025738430831392378e+00
1.025686155260853161e+00
1.025583569354227009e+00
1.025435670642076413e+00
1.025247833834773248e+00
1.025026493807428052e+00
1.024779239236656592e+00
1.024513971015751812e+00
1.024239010793520421e+00
1.023963128125716660e+00
1.023695230266587819e+00
1.023444668567211391e+00
1.023221656539804680e+00
1.023037361817106028e+00
1.022904059169376101e+00
1.022835094220458485e+00
1.022844840258205767e+00
1.022949748054686081e+00
1.023170762638663467e+00
1.023537133957270084e+00
1.024093615542949420e+00
1.024916657891324467e+00
1.026155072435245286e+00
1.028144773463792516e+00
1.031814139019376464e+00
1.040635428269499840e+00
1.069650279717798913e+00
1.207135820815249616e+00
1.024695272192329920e+00
1.002659793025834967e+00
