9.695890768125168258e-01
9.719194087571818574e-01
9.752058693936295208e-01
9.774649472653273996e-01
9.811198508954853681e-01
9.843173910174215502e-01
9.886436619917986501e-01
9.934880223081343775e-01
9.995641436333273511e-01
1.006979403267562745e+00
1.016166048525582344e+00
1.027459851835362814e+00
1.041247024109350106e+00
1.057883611946963454e+00
1.077687168329822143e+00
1.100896624189494855e+00
1.127634284336152870e+00
1.157861839614629851e+00
1.191336011012298579e+00
1.227567134414646155e+00
1.265785385708320998e+00
1.304918878003114013e+00
1.343586650201465504e+00
1.380112192917307024e+00
1.412572967350797626e+00
1.438915859607451386e+00
1.457155834603003131e+00
1.465617871290520347e+00
1.463158614691100201e+00
1.449316964877838343e+00
1.424364462771632311e+00
1.389268225401662393e+00
1.345586397259779909e+00
1.295324468987475663e+00
1.240776986795236070e+00
1.184353574192833936e+00
1.128413664559980045e+00
1.075104636731339935e+00
1.026197043690908695e+00
9.829502251496026188e-01
9.460086816287883726e-01
9.153953969447439221e-01
8.906064449287369733e-01
8.707538322462364810e-01
8.547679817508707645e-01
8.415692404104069269e-01
8.302138415036797170e-01
8.199904249836970083e-01
8.104152024419631895e-01
8.012187970006813265e-01
7.922964072982975337e-01
7.836859555621764617e-01
7.755596392942448736e-01
7.681870830465458155e-01
7.619237289875294694e-01
7.571679459231639431e-01
7.543402214239601777e-01
7.538483709981850245e-01
7.560679314709376486e-01
7.613255032357184593e-01
7.698363838959882965e-01
7.816347411801213285e-01
7.964559086923770348e-01
8.136469211426552439e-01
8.321669623545422390e-01
8.507767948879271236e-01
8.683709133624455401e-01
8.842731340413061414e-01
8.983093985339815069e-01
9.106484179766226594e-01
9.215671650879009302e-01
9.312938129468604220e-01
9.399740358575620069e-01
9.477025533511260758e-01
9.545601454090135718e-01
9.606258254122004292e-01
9.659769733136630565e-01
9.706848382559272181e-01
9.748151352512663959e-01
9.784273128730363034e-01
9.815763954170587668e-01
9.843121359064506137e-01
9.866805382184408169e-01
9.887228721283957134e-01
9.904769221723145334e-01
9.919758879895724801e-01
9.932497780645274110e-01
9.943262131605349330e-01
9.952298359868303468e-01
9.959839344442481535e-01
9.966084260715780685e-01
9.971213287401669012e-01
9.975381399083618206e-01
9.978723306966141848e-01
9.981372474620507917e-01
9.983434921565470521e-01
9.985004711515574893e-01
9.986172581310115426e-01
9.987008312465402993e-01
9.987577574912125389e-01
9.987938982744195560e-01
9.988134304925261331e-01
9.988205563378868002e-01
9.988191377505853952e-01
9.988114906521861069e-01
9.987999066811940052e-01
9.987870617571319443e-01
9.987742991750885313e-01
9.987624683087555910e-01
9.987530362273889795e-01
9.987472118318632130e-01
9.987451379790646122e-01
9.987468218906727646e-01
9.987528294606137225e-01
9.987635224557244173e-01
9.987788200074314560e-01
9.987983975530774217e-01
9.988221628590897572e-01
9.988501701884431316e-01
9.988823762482094137e-01
9.989186469406282631e-01
9.989586256776599171e-01
9.990019245091825706e-01
9.990483185561123136e-01
9.990975864249164173e-01
9.991494803485825305e-01
9.992037383871423817e-01
9.992601060594485940e-01
9.993183343569035371e-01
9.993781840023164831e-01
9.994394073042112137e-01
9.995017432410977509e-01
9.995649251035989558e-01
9.996286961113477476e-01
9.996928172073991092e-01
9.997570670606367171e-01
9.998212504954242519e-01
9.998852068688003358e-01
9.999487967222537854e-01
1.000011878583219938e+00
1.000074306670857949e+00
1.000135931578888915e+00
1.000196604339600892e+00
1.000256171708142627e+00
1.000314488574014948e+00
1.000371402771121465e+00
1.000426740145631488e+00
1.000480364360441188e+00
1.000532194658247720e+00
1.000582167227991315e+00
1.000630205027143171e+00
1.000676209971649744e+00
1.000720109773817201e+00
1.000761859759116579e+00
1.000801372910910647e+00
1.000838537784411342e+00
1.000873268488596812e+00
1.000905460287503823e+00
1.000935030029009631e+00
1.000961957895959431e+00
1.000986223624369620e+00
1.001007830968873247e+00
1.001026775514998191e+00
1.001043058844973688e+00
1.001056699706075248e+00
1.001067726892188370e+00
1.001076178443429887e+00
1.001082112804058122e+00
1.001085617981155140e+00
1.001086763953163317e+00
1.001085649705754754e+00
1.001082386955246095e+00
1.001077095627382896e+00
1.001069936135276839e+00
1.001061098418988715e+00
1.001050786824382310e+00
1.001039246922915904e+00
1.001026769053156906e+00
1.001013655405636804e+00
1.001000224344143597e+00
1.000986811809149613e+00
1.000973759446120770e+00
1.000961426821707079e+00
1.000950208202395775e+00
1.000940536898102362e+00
1.000932892349237768e+00
1.000927800356643749e+00
1.000925833605963433e+00
1.000927655489366463e+00
1.000934118679178697e+00
1.000946421081977178e+00
1.000966399857817546e+00
1.000997188747029476e+00
1.001044852213646807e+00
1.001122900059327581e+00
1.001267936565591876e+00
1.001614339974066903e+00
1.002934980517573127e+00
1.010474940179595160e+00
1.001878288320900756e+00
9.987176530454684453e-01
