9.727366675864698164e-01
9.753122674149354854e-01
9.768257486836392500e-01
9.800487365950867336e-01
9.820079994905913656e-01
9.854824090220699606e-01
9.887997737431152290e-01
9.932969731857936857e-01
9.986595624056990861e-01
1.005468878950946054e+00
1.013954932950418941e+00
1.024529271550110643e+00
1.037554375776954529e+00
1.053400759310357149e+00
1.072393905232763123e+00
1.094788603155817386e+00
1.120727342435853702e+00
1.150197316419166560e+00
1.182985330634195309e+00
1.218635463374031502e+00
1.256413840527496495e+00
1.295284956133323506e+00
1.333902598340623191e+00
1.370620615956581023e+00
1.403537747766196553e+00
1.430606013287852196e+00
1.449823702849632356e+00
1.459477668610356105e+00
1.458370536613379231e+00
1.445978639715624237e+00
1.422508735320194839e+00
1.388864771703838707e+00
1.346544827457500260e+00
1.297497847117339509e+00
1.243966129947139621e+00
1.188313457055476086e+00
1.132863575863848338e+00
1.079743569886707721e+00
1.030724797033913065e+00
9.870926532517544372e-01
9.495431322764993354e-01
9.181700942270404342e-01
8.925481400339408955e-01
8.718620599100158630e-01
8.550988893096090893e-01
8.412153872620757866e-01
8.292861757413266810e-01
8.186056427046631834e-01
8.086889201972123908e-01
7.992631819060963538e-01
7.902203134469258927e-01
7.815961431586525565e-01
7.735618777602012441e-01
7.663862418974355384e-01
7.604227057157407765e-01
7.560653547898276150e-01
7.537271742789452000e-01
7.538043995202073910e-01
7.566552587880639447e-01
7.625802726821021560e-01
7.717549805205859981e-01
7.841548910603096667e-01
7.994381597899468117e-01
8.168715718279263571e-01
8.353657976177251143e-01
8.537013622042547434e-01
8.708645565642391118e-01
8.862998478286776560e-01
8.999236805117022397e-01
9.119359693113888721e-01
9.225994005054214409e-01
9.321150659102845903e-01
9.406108953506533421e-01
9.481760511135763903e-01
9.548910583528968932e-01
9.608344909230525088e-01
9.660820242440242289e-01
9.707028288288036544e-01
9.747607704272783780e-01
9.783137013643804503e-01
9.814151894319070868e-01
9.841136299253558928e-01
9.864537716700547687e-01
9.884757373458844532e-01
9.902162760587615020e-01
9.917076592673212954e-01
9.929790602423421708e-01
9.940573349439697504e-01
9.949664149725028217e-01
9.957289342216506522e-01
9.963642257876768049e-01
9.968898037560594005e-01
9.973207341997385456e-01
9.976701041205693343e-01
9.979509091748921534e-01
9.981734510777851010e-01
9.983468815846892053e-01
9.984800470545023288e-01
9.985797395049486047e-01
9.986523667347393385e-01
9.987036572123058065e-01
9.987376990218345130e-01
9.987586119201407042e-01
9.987701856140651646e-01
9.987747118330920770e-01
9.987744598788361738e-01
9.987720660566660191e-01
9.987688789261339739e-01
9.987657740744243506e-01
9.987642140732061469e-01
9.987654082983298265e-01
9.987695456615577339e-01
9.987766843515123449e-01
9.987874107590106743e-01
9.988021105175700631e-01
9.988207466711250815e-01
9.988430479560412856e-01
9.988689610380820927e-01
9.988985680044903948e-01
9.989318553358728092e-01
9.989687218785172629e-01
9.990088533096570522e-01
9.990519037337471930e-01
9.990976800982669381e-01
9.991459905905074601e-01
9.991966169605055459e-01
9.992493261592451104e-01
9.993038909292057959e-01
9.993600879876715082e-01
9.994177021983526865e-01
9.994765094690033491e-01
9.995362722006342349e-01
9.995967465903666804e-01
9.996576974763885515e-01
9.997189057719202410e-01
9.997801685200096156e-01
9.998413069252130025e-01
9.999021743339391310e-01
9.999626436534760909e-01
1.000022585447519541e+00
1.000081865814682169e+00
1.000140347065221480e+00
1.000197891601126710e+00
1.000254357475931943e+00
1.000309610172543939e+00
1.000363508256552958e+00
1.000415889261557334e+00
1.000466626293902817e+00
1.000515644848943841e+00
1.000562886282274855e+00
1.000608279286752555e+00
1.000651732513552661e+00
1.000693178895521340e+00
1.000732577379624066e+00
1.000769846756100812e+00
1.000804882618524072e+00
1.000837604658102675e+00
1.000867914660997116e+00
1.000895734765191669e+00
1.000921046966384731e+00
1.000943832781413523e+00
1.000964096407551462e+00
1.000981834273905857e+00
1.000997048449412175e+00
1.001009757211836604e+00
1.001019988317897180e+00
1.001027778250397127e+00
1.001033182776881025e+00
1.001036285618925215e+00
1.001037153432097648e+00
1.001035880307360904e+00
1.001032572375037288e+00
1.001027343531012415e+00
1.001020345975079939e+00
1.001011759845367166e+00
1.001001778917362195e+00
1.000990635979282173e+00
1.000978606186724518e+00
1.000965975930580232e+00
1.000953046932052892e+00
1.000940137578893330e+00
1.000927571706424768e+00
1.000915690169807748e+00
1.000904866738827392e+00
1.000895512239534435e+00
1.000888081307624633e+00
1.000883072681613584e+00
1.000881029818949663e+00
1.000882582548789479e+00
1.000888540663070980e+00
1.000900042068683327e+00
1.000918832133537828e+00
1.000947888063457913e+00
1.000992970832911944e+00
1.001066912706974232e+00
1.001204479076433174e+00
1.001533293265894242e+00
1.002787415047432740e+00
1.009961525712403940e+00
1.001804913322215551e+00
9.987507718499152309e-01
