9.907676510330705177e-01
9.911040467118318320e-01
9.905119117160220421e-01
9.912782949341081284e-01
9.909238149596599765e-01
9.917344991336377591e-01
9.923052932846523344e-01
9.937267205283184524e-01
9.957245915435892769e-01
9.987752545514360092e-01
1.003076103039840516e+00
1.008992017829753784e+00
1.016868957005774954e+00
1.027085620230649532e+00
1.040012753261171818e+00
1.055993388043707348e+00
1.075307270968483220e+00
1.098130752522471276e+00
1.124490965142687315e+00
1.154218147034828279e+00
1.186900250074571561e+00
1.221844790737184772e+00
1.258051805764061060e+00
1.294201691705823443e+00
1.328664390041454979e+00
1.359550052744461945e+00
1.384838239116753744e+00
1.402595882012814155e+00
1.411237496148862069e+00
1.409749655580291527e+00
1.397816334904587787e+00
1.375833869222459427e+00
1.344828650980006701e+00
1.306314676766308081e+00
1.262130130496716074e+00
1.214264029139690226e+00
1.164704764702699791e+00
1.115309079101208578e+00
1.067682850199972444e+00
1.023096504998964207e+00
9.824185405342841237e-01
9.461083008898287794e-01
9.142602166556427212e-01
8.866578588346022416e-01
8.628746743650689277e-01
8.423672636995526153e-01
8.245862860414406859e-01
8.090761348139211551e-01
7.954972884077942119e-01
7.836457237544468546e-01
7.734293100208086136e-01
7.648644277460637797e-01
7.580758577894685102e-01
7.532597454225430367e-01
7.506697583393872053e-01
7.505703832449963642e-01
7.532115939600511068e-01
7.587842388525647408e-01
7.673762681854654488e-01
7.789197777072743856e-01
7.930966958456417970e-01
8.092858686500936649e-01
8.265780519983694230e-01
8.439454296799366873e-01
8.604990582866551829e-01
8.756996478039337228e-01
8.893844370266913435e-01
9.016355835242966243e-01
9.126161416664634318e-01
9.224735969425853499e-01
9.313207811907382450e-01
9.392483938024951406e-01
9.463386651192409182e-01
9.526680832059108983e-01
9.583084954562733904e-01
9.633255298177806347e-01
9.677801173764172260e-01
9.717276052622950688e-01
9.752194051978511080e-01
9.783019411153469624e-01
9.810181643635517146e-01
9.834066316000446006e-01
9.855030232897327158e-01
9.873391681897513150e-01
9.889443276557231544e-01
9.903440774563183613e-01
9.915615740740574280e-01
9.926181639615354602e-01
9.935326656810147261e-01
9.943230180681368324e-01
9.950043790271561051e-01
9.955906614745044791e-01
9.960938583348117881e-01
9.965243238970171724e-01
9.968925103523160747e-01
9.972065943035545166e-01
9.974739283941542745e-01
9.977017007824475758e-01
9.978953933576424351e-01
9.980602668102867003e-01
9.982010661359160819e-01
9.983212507578854700e-01
9.984243228086742139e-01
9.985135124531158146e-01
9.985909241002678405e-01
9.986586352692977675e-01
9.987189505441479431e-01
9.987732257971185801e-01
9.988224829067716692e-01
9.988681086421352662e-01
9.989112779260916897e-01
9.989524615372296079e-01
9.989920271255975370e-01
9.990306626689198222e-01
9.990688877163991233e-01
9.991069321792450664e-01
9.991448548529818785e-01
9.991828366881161383e-01
9.992211239454198424e-01
9.992598830300056800e-01
9.992992127358241161e-01
9.993390616800981174e-01
9.993793462397938532e-01
9.994200688331479343e-01
9.994612203502628578e-01
9.995027655005281897e-01
9.995446507973422268e-01
9.995868183100985460e-01
9.996292050318671407e-01
9.996717463241536761e-01
9.997143656398095324e-01
9.997569722674040094e-01
9.997994663990233954e-01
9.998417489152848781e-01
9.998837264536740710e-01
9.999253117938422530e-01
9.999664292635848106e-01
1.000007020094636268e+00
1.000047034809238289e+00
1.000086419717017394e+00
1.000125115867571690e+00
1.000163059680118094e+00
1.000200185599012359e+00
1.000236423454041734e+00
1.000271706071354627e+00
1.000305960405414529e+00
1.000339098763279200e+00
1.000371054545682759e+00
1.000401792907302356e+00
1.000431287912637801e+00
1.000459504746677997e+00
1.000486395146735097e+00
1.000511925346738940e+00
1.000536077247905498e+00
1.000558806883541374e+00
1.000580055154326242e+00
1.000599777617554365e+00
1.000617918101377013e+00
1.000634432810377117e+00
1.000649315206888046e+00
1.000662558109048472e+00
1.000674168319569901e+00
1.000684147505554122e+00
1.000692500664928319e+00
1.000699242794394817e+00
1.000704394686335430e+00
1.000707982482147429e+00
1.000710044329953252e+00
1.000710635862240183e+00
1.000709801916066510e+00
1.000707604530835182e+00
1.000704113286434938e+00
1.000699402638311364e+00
1.000693571131317627e+00
1.000686734905601671e+00
1.000679018732185011e+00
1.000670571985721402e+00
1.000661570781344878e+00
1.000652198444879293e+00
1.000642648130999790e+00
1.000633123717841411e+00
1.000623832829959481e+00
1.000614994211241671e+00
1.000606847855071591e+00
1.000599657813664001e+00
1.000593716752370410e+00
1.000589346612602126e+00
1.000586899760351756e+00
1.000586786418324214e+00
1.000589535649472728e+00
1.000595892405798715e+00
1.000607000741888797e+00
1.000624812394866447e+00
1.000653100423220865e+00
1.000700259681166715e+00
1.000789012436889447e+00
1.001002735354326045e+00
1.001821114379725097e+00
1.006579004780064679e+00
1.001299404925280134e+00
9.990050916762105437e-01
