9.956999411967352165e-01
9.953942660696438738e-01
9.949531340488050324e-01
9.947362656352642940e-01
9.944159683243775083e-01
9.943862238483509586e-01
9.945190567841335483e-01
9.950806358980679445e-01
9.961654642951217609e-01
9.980113192631284713e-01
1.000849299482446497e+00
1.004969732016078199e+00
1.010692040214945298e+00
1.018366001520861319e+00
1.028354593129239714e+00
1.041014150121297499e+00
1.056665730281436399e+00
1.075559218356255675e+00
1.097830795289713723e+00
1.123456228503101784e+00
1.152203616821854570e+00
1.183590170992782964e+00
1.216846892783596257e+00
1.250894525859942430e+00
1.284334314515148678e+00
1.315466878643872350e+00
1.342374483390691653e+00
1.363098696956676514e+00
1.375897604903400628e+00
1.379506073444269898e+00
1.373313719607236250e+00
1.357426028795194917e+00
1.332607679471447426e+00
1.300144586940802816e+00
1.261672120824736343e+00
1.218989897535915912e+00
1.173902593033257391e+00
1.128090292982365295e+00
1.083001656548852720e+00
1.039791690881076480e+00
9.992833024851329737e-01
9.619840653421213306e-01
9.281411225164112322e-01
8.977865695441284988e-01
8.708081655372336138e-01
8.470001010161619659e-01
8.261307437412679366e-01
8.080088196923295163e-01
7.924886158099566646e-01
7.794860287716729452e-01
7.689610407991583907e-01
7.609249745797335152e-01
7.554505651028520230e-01
7.526432775046625334e-01
7.526336444323810104e-01
7.555339667053185826e-01
7.614102340089898835e-01
7.702288543017635769e-01
7.818006726245975146e-01
7.957309943655178630e-01
8.113737572042486468e-01
8.278873446695856897e-01
8.443803886419825044e-01
8.601228851404586484e-01
8.746811842854591568e-01
8.879150625194250912e-01
8.998666168722698755e-01
9.106438346502994108e-01
9.203562632497567231e-01
9.290988652192232466e-01
9.369563535919269714e-01
9.440065680716142049e-01
9.503226959083207470e-01
9.559721562661657179e-01
9.610178640419518858e-01
9.655171860657427718e-01
9.695234688511510379e-01
9.730850581091490259e-01
9.762468724454094193e-01
9.790493388210796954e-01
9.815298820510688360e-01
9.837219826077803209e-01
9.856566635979809865e-01
9.873615073834577371e-01
9.888619513702620045e-01
9.901801718506040295e-01
9.913362777227888722e-01
9.923488283627205364e-01
9.932340771263887813e-01
9.940076081864892554e-01
9.946825072795227873e-01
9.952708849625671039e-01
9.957831988315093419e-01
9.962284512239845125e-01
9.966157894713556509e-01
9.969523429994989749e-01
9.972445709283080939e-01
9.974987985808186908e-01
9.977198606730611763e-01
9.979124254933503524e-01
9.980807133718826440e-01
9.982278567534698110e-01
9.983570157630091702e-01
9.984711024122850942e-01
9.985720970025993015e-01
9.986619423714977462e-01
9.987427374858846019e-01
9.988158036840983911e-01
9.988821879852173291e-01
9.989432003222816769e-01
9.989999631462532781e-01
9.990530380494960783e-01
9.991028939040010881e-01
9.991502300325902919e-01
9.991955978222512025e-01
9.992393163231904074e-01
9.992815619349963985e-01
9.993225933277195550e-01
9.993627073339717004e-01
9.994021298530832986e-01
9.994410278326505415e-01
9.994794460643474654e-01
9.995173977714204572e-01
9.995549549278628376e-01
9.995921741432798324e-01
9.996290867367932931e-01
9.996657051847694930e-01
9.997020339636906172e-01
9.997380694180471039e-01
9.997738027902510760e-01
9.998092127656893480e-01
9.998442641021503263e-01
9.998789117340154409e-01
9.999131084190361340e-01
9.999468087961485008e-01
9.999799698849273222e-01
1.000012555368384515e+00
1.000044539824378242e+00
1.000075903146013356e+00
1.000106620500494703e+00
1.000136661690632423e+00
1.000165991751068573e+00
1.000194573072779036e+00
1.000222363505252732e+00
1.000249322209920244e+00
1.000275403052470535e+00
1.000300548044659621e+00
1.000324714406486182e+00
1.000347882671004385e+00
1.000370039504188124e+00
1.000391164344986095e+00
1.000411226001438836e+00
1.000430203791070838e+00
1.000448088468765651e+00
1.000464850909188685e+00
1.000480450249160880e+00
1.000494856407287747e+00
1.000508030184785069e+00
1.000519941491542664e+00
1.000530588153855760e+00
1.000539967321789847e+00
1.000548086543189719e+00
1.000554949345342504e+00
1.000560561645815083e+00
1.000564936800783178e+00
1.000568092447754687e+00
1.000570050183188231e+00
1.000570840600803146e+00
1.000570507441011392e+00
1.000569086255711282e+00
1.000566625555637801e+00
1.000563179527603319e+00
1.000558806035077408e+00
1.000553581132890280e+00
1.000547594177710220e+00
1.000540941075302559e+00
1.000533736351284286e+00
1.000526114780667220e+00
1.000518216667455107e+00
1.000510189845985831e+00
1.000502190387727808e+00
1.000494377377141308e+00
1.000486918533901592e+00
1.000479997939587751e+00
1.000473818275872784e+00
1.000468604438703224e+00
1.000464604311589678e+00
1.000462090067235632e+00
1.000461379590942723e+00
1.000462883749604792e+00
1.000467181898751612e+00
1.000475164551785312e+00
1.000488351032337908e+00
1.000509676467955078e+00
1.000545666083699992e+00
1.000613969365439004e+00
1.000779324249300162e+00
1.001414190859167830e+00
1.005140199062734441e+00
1.001065908756698875e+00
9.991429656656873881e-01
