9.299676102497500541e-01
9.388301558271376912e-01
9.476115011928102350e-01
9.571482311778480856e-01
9.666826147775184896e-01
9.771101663754203637e-01
9.880984297939193750e-01
1.000191925387687197e+00
1.013492570915676794e+00
1.028372908730539992e+00
1.045115048978609185e+00
1.064048930871382082e+00
1.085471375426709129e+00
1.109642629848579087e+00
1.136748237362334768e+00
1.166865700721697596e+00
1.199924906215026565e+00
1.235668277880091592e+00
1.273612973068749099e+00
1.313019278457583816e+00
1.352869001974618568e+00
1.391857309070340554e+00
1.428401960152484884e+00
1.460681928876681690e+00
1.486730262778976686e+00
1.504601009394221922e+00
1.512589107488470974e+00
1.509446790676697514e+00
1.494553038291737135e+00
1.468008861097169993e+00
1.430644683814259466e+00
1.383957792613573989e+00
1.329994233995932529e+00
1.271193258892711508e+00
1.210210183118336502e+00
1.149712990373002119e+00
1.092179864220908181e+00
1.039699664323645578e+00
9.937827379018215890e-01
9.552339000982233985e-01
9.241003868439308100e-01
8.997602535404438662e-01
8.811289779773756603e-01
8.668886258269650202e-01
8.557247715210777317e-01
8.464785288679159692e-01
8.382404324763531589e-01
8.303902815956230032e-01
8.225467434754325513e-01
8.145244848127789483e-01
8.062698332287279168e-01
7.978343930690816599e-01
7.893701872327878455e-01
7.811032081152478046e-01
7.733348456473423393e-01
7.664143903048266093e-01
7.607320321421618958e-01
7.566960912670185335e-01
7.547260458430405938e-01
7.552524231553698897e-01
7.586822309892812255e-01
7.653707875009748696e-01
7.755444473787732607e-01
7.892013833909427012e-01
8.059739128457991120e-01
8.250333449219392490e-01
8.451349945039293710e-01
8.648794083959765455e-01
8.831031874879516907e-01
8.991767244723207764e-01
9.130394357688370599e-01
9.249918541570786301e-01
9.354227863480373273e-01
9.446297138669553783e-01
9.527841159486338807e-01
9.599797059034737012e-01
9.662905302922287776e-01
9.717947838911581426e-01
9.765749443405579155e-01
9.807086715208093164e-01
9.842666145225584806e-01
9.873118434693620715e-01
9.899024077250243581e-01
9.920907027711282078e-01
9.939246277865213530e-01
9.954464725820098003e-01
9.966944350129750552e-01
9.977036370067550175e-01
9.985057023891232841e-01
9.991303549580050625e-01
9.996032963807902627e-01
9.999475560641516436e-01
1.000182946407722762e+00
1.000326769342918976e+00
1.000395827283356853e+00
1.000403739237989198e+00
1.000362490294416373e+00
1.000283402975437497e+00
1.000175345399790805e+00
1.000046479376690112e+00
9.999039646916338953e-01
9.997528947303850888e-01
9.995982725852422535e-01
9.994446254058195755e-01
9.992945160488698741e-01
9.991504332910410291e-01
9.990153754094308614e-01
9.988906058335819127e-01
9.987766755316132006e-01
9.986750331051359453e-01
9.985868279867567976e-01
9.985116885052731650e-01
9.984490412854089003e-01
9.983991788919951427e-01
9.983621733939036513e-01
9.983374401607432169e-01
9.983240500678409735e-01
9.983214571427759809e-01
9.983293862113504780e-01
9.983474491578232524e-01
9.983751293980011043e-01
9.984115897639652681e-01
9.984559645589947685e-01
9.985076615905056352e-01
9.985661203796877272e-01
9.986307555902039779e-01
9.987009753803492984e-01
9.987762144232260608e-01
9.988559303457321681e-01
9.989396086088020432e-01
9.990267330588511463e-01
9.991167768595288212e-01
9.992092138393831036e-01
9.993035425387791770e-01
9.993992979552571709e-01
9.994960509852122144e-01
9.995934211656447577e-01
9.996910893303837531e-01
9.997887758010736148e-01
9.998862029561256248e-01
9.999830909323508266e-01
1.000079158377902511e+00
1.000174128484726976e+00
1.000267721286469902e+00
1.000359672930331012e+00
1.000449711219980165e+00
1.000537531775272937e+00
1.000622892872031544e+00
1.000705643627642694e+00
1.000785662235121887e+00
1.000862807533581478e+00
1.000936906488122391e+00
1.001007828603609040e+00
1.001075488640382316e+00
1.001139735136713282e+00
1.001200378756023968e+00
1.001257271742985289e+00
1.001310237289409821e+00
1.001359133767887766e+00
1.001403921102865802e+00
1.001444559205073137e+00
1.001481046698914579e+00
1.001513369672450082e+00
1.001541524140995953e+00
1.001565533795977236e+00
1.001585438618849189e+00
1.001601293554065020e+00
1.001613186245239318e+00
1.001621251551124914e+00
1.001625595741211239e+00
1.001626371332703602e+00
1.001623751159413489e+00
1.001617921132370803e+00
1.001609131610130765e+00
1.001597679910140926e+00
1.001583886183583516e+00
1.001568136088904604e+00
1.001550886383581140e+00
1.001532612432793012e+00
1.001513815007581298e+00
1.001495022420341163e+00
1.001476771479777650e+00
1.001459626762918997e+00
1.001444207079944304e+00
1.001431192008435778e+00
1.001421332602919989e+00
1.001415450869810098e+00
1.001414439192439998e+00
1.001419327816775562e+00
1.001431437873681718e+00
1.001452622525834668e+00
1.001485721178670518e+00
1.001535576626384039e+00
1.001611567113555701e+00
1.001734600791306606e+00
1.001961359820093822e+00
1.002499948214596870e+00
1.004546401227520480e+00
1.016039736235626822e+00
1.002638182322577176e+00
9.984182517831061698e-01
