9.961536980246408213e-01
9.957964603456500585e-01
9.953449370669734675e-01
9.951649254264265387e-01
9.947287628964143202e-01
9.946941886336857497e-01
9.948232234282443631e-01
9.952532775002469467e-01
9.962665899487754828e-01
9.980456267216051280e-01
1.000631061049491066e+00
1.004659594323231042e+00
1.010051820409858969e+00
1.017484109762945010e+00
1.027086542376432821e+00
1.039351412565248323e+00
1.054531526875419178e+00
1.072916348983821377e+00
1.094639751594884025e+00
1.119699055841840707e+00
1.147882130745854434e+00
1.178733155025130985e+00
1.211513520188400195e+00
1.245177478024609208e+00
1.278360534088311518e+00
1.309394495773902323e+00
1.336383291712092136e+00
1.357373739032020188e+00
1.370610192787789394e+00
1.374798398755011641e+00
1.369290654963559284e+00
1.354154075267961943e+00
1.330118401753035418e+00
1.298439301476143726e+00
1.260725638823302130e+00
1.218752542560450847e+00
1.174300933507776090e+00
1.129027769625666089e+00
1.084360517323112338e+00
1.041437503183794799e+00
1.001072754459263914e+00
9.637757057942728522e-01
9.298077255571115529e-01
8.992271402108091838e-01
8.719572289662785858e-01
8.478325810396634132e-01
8.266617105111846442e-01
8.082885566746225159e-01
7.925945504748146409e-01
7.795131503787220417e-01
7.690123279844093274e-01
7.611027568579641356e-01
7.558491299202323432e-01
7.533427724837208350e-01
7.536949053929270503e-01
7.569938195261164404e-01
7.632762743599343924e-01
7.724733701669027619e-01
7.843546668198200233e-01
7.984827028109561242e-01
8.141792764870059429e-01
8.305976609249542397e-01
8.468774433406014435e-01
8.623446429893296683e-01
8.766204870939560134e-01
8.895974500243570837e-01
9.013261448018377031e-01
9.119101681423769090e-01
9.214527044989923033e-01
9.300446056692664998e-01
9.377683280133554122e-01
9.447001211157017853e-01
9.509117274980272150e-01
9.564692206457237056e-01
9.614342850823428543e-01
9.658631686298949637e-01
9.698081906540130248e-01
9.733167533565677543e-01
9.764329067898894765e-01
9.791962814976802321e-01
9.816435726879565449e-01
9.838075943895663311e-01
9.857187607907503812e-01
9.874041009329561636e-01
9.888885548449645180e-01
9.901938581330976819e-01
9.913397250837662211e-01
9.923443545919489184e-01
9.932236703668888556e-01
9.939929535629188351e-01
9.946650249078193839e-01
9.952517629120298803e-01
9.957634273068189934e-01
9.962088473418951873e-01
9.965970007011936138e-01
9.969348826980769518e-01
9.972288371023320108e-01
9.974850762666892523e-01
9.977083513661008096e-01
9.979032528019371462e-01
9.980739313003493818e-01
9.982234753639691593e-01
9.983549986771826923e-01
9.984713699299563316e-01
9.985745505605041483e-01
9.986664631137782688e-01
9.987491777590842279e-01
9.988240083422039728e-01
9.988920014907143319e-01
9.989544547450384115e-01
9.990124814412087995e-01
9.990666512348617134e-01
9.991174423440680741e-01
9.991655530224917703e-01
9.992115363521999472e-01
9.992557198717438860e-01
9.992982919394695074e-01
9.993395186459536061e-01
9.993797012551278725e-01
9.994190712877738525e-01
9.994578023864184591e-01
9.994959494058701654e-01
9.995335357963303080e-01
9.995706406655722187e-01
9.996073274114604112e-01
9.996436343117823808e-01
9.996795807906505571e-01
9.997151779190732723e-01
9.997504283382325774e-01
9.997853292345164622e-01
9.998198652081764504e-01
9.998540070003560931e-01
9.998877154825657199e-01
9.999209490530178712e-01
9.999536675748798009e-01
9.999858328865784962e-01
1.000017412952118434e+00
1.000048385959930508e+00
1.000078734976250106e+00
1.000108438302276026e+00
1.000137468880623715e+00
1.000165794886322956e+00
1.000193381788253122e+00
1.000220190536218023e+00
1.000246183209441364e+00
1.000271316669137489e+00
1.000295536256231577e+00
1.000318801848841588e+00
1.000341095671172464e+00
1.000362405767252660e+00
1.000382713151788172e+00
1.000401988540468246e+00
1.000420212703164946e+00
1.000437377363084801e+00
1.000453455060038799e+00
1.000468406992435000e+00
1.000482204696022448e+00
1.000494810894676512e+00
1.000506197046282297e+00
1.000516361447914448e+00
1.000525301719330962e+00
1.000533025465308423e+00
1.000539536400802509e+00
1.000544840523833745e+00
1.000548950976414275e+00
1.000551885007978425e+00
1.000553663667181015e+00
1.000554316652846554e+00
1.000553886309628826e+00
1.000552407095514074e+00
1.000549925937029405e+00
1.000546495221432464e+00
1.000542170874074710e+00
1.000537026329737733e+00
1.000531147828473078e+00
1.000524627918353504e+00
1.000517577074995001e+00
1.000510125272263240e+00
1.000502407817559281e+00
1.000494567281534852e+00
1.000486754182788651e+00
1.000479121965824891e+00
1.000471832420171348e+00
1.000465063128231913e+00
1.000459009635943808e+00
1.000453888956051918e+00
1.000449940350664146e+00
1.000447426645097337e+00
1.000446654947654723e+00
1.000448022317710794e+00
1.000452088754295144e+00
1.000459715123581228e+00
1.000472370184136262e+00
1.000492891105978277e+00
1.000527584617710852e+00
1.000593507519345948e+00
1.000753220251120901e+00
1.001366653994833822e+00
1.004971299048455169e+00
1.001037286933552650e+00
9.991610766499605667e-01
