9.822177902690961693e-01
9.826804745036138433e-01
9.846087265243418374e-01
9.846952710672616238e-01
9.868382789885908890e-01
9.878857580904637503e-01
9.903005817371061115e-01
9.929091696993175287e-01
9.966838129226548437e-01
1.001577945845932849e+00
1.008061872209389254e+00
1.016441406332590613e+00
1.027112901716157767e+00
1.040448617199863479e+00
1.056804555347347740e+00
1.076479549713039940e+00
1.099680355484119243e+00
1.126477827349851246e+00
1.156761047028457057e+00
1.190191983867546766e+00
1.226165558065001493e+00
1.263779779296674066e+00
1.301819368749931538e+00
1.338757160772263699e+00
1.372783754939835177e+00
1.401891891782585109e+00
1.424046462691817005e+00
1.437422957842419802e+00
1.440651682649771503e+00
1.433002042583053637e+00
1.414463760166752238e+00
1.385729396592441320e+00
1.348097434726479360e+00
1.303329443921112496e+00
1.253492485394601230e+00
1.200790570948991220e+00
1.147411928218455390e+00
1.095387248667182956e+00
1.046449733891718026e+00
1.001922959145632674e+00
9.626270523564514070e-01
9.288576300333537539e-01
9.004398112353412253e-01
8.768165843079198662e-01
8.572009473385060474e-01
8.407190891629625629e-01
8.265545491002325162e-01
8.140603807721360496e-01
8.027763423466338644e-01
7.924349567119857163e-01
7.829239115031602081e-01
7.742707402740092171e-01
7.666355545430710849e-01
7.602712824909565459e-01
7.555084552339881299e-01
7.527083447723335041e-01
7.522391946661539652e-01
7.544377030152595864e-01
7.595805825393491251e-01
7.678520136726143530e-01
7.792591451091391841e-01
7.935466548397763775e-01
8.101028015659108572e-01
8.279689238976709609e-01
8.460015669231338853e-01
8.631745294177757266e-01
8.788449713985468925e-01
8.928203679317606722e-01
9.052177003826765711e-01
9.162571016386078515e-01
9.261295149229346046e-01
9.349655673493525443e-01
9.428599335644056723e-01
9.498945496090467344e-01
9.561484590728900335e-01
9.616958834733516648e-01
9.666060475055924250e-01
9.709418132893069542e-01
9.747615050545281878e-01
9.781179762411061906e-01
9.810601519116646241e-01
9.836321123069453609e-01
9.858746270027884950e-01
9.878241799080034191e-01
9.895142342218726794e-01
9.909741188050590344e-01
9.922303608776771311e-01
9.933073932663532002e-01
9.942268957547106822e-01
9.950094330657841546e-01
9.956724932838705300e-01
9.962320008452222320e-01
9.967016632496980000e-01
9.970933576013155664e-01
9.974189657886854965e-01
9.976878464808391911e-01
9.979083531075206848e-01
9.980886086690831105e-01
9.982348225484753979e-01
9.983528992449904882e-01
9.984481413995854870e-01
9.985243593817689778e-01
9.985854077177389598e-01
9.986348393603778906e-01
9.986748680602409722e-01
9.987076868677273733e-01
9.987357968345573767e-01
9.987605577140408197e-01
9.987829202749605173e-01
9.988043238821269210e-01
9.988259716819422041e-01
9.988481887626954325e-01
9.988711831664844887e-01
9.988955966012363907e-01
9.989218825938612767e-01
9.989501332094248287e-01
9.989802349776317758e-01
9.990122482646892621e-01
9.990463357997700911e-01
9.990825712825481819e-01
9.991209501517474001e-01
9.991612833540930438e-01
9.992033497509242856e-01
9.992470500382828469e-01
9.992922797794563383e-01
9.993389080370322919e-01
9.993867873146526914e-01
9.994357709900465458e-01
9.994857120335350897e-01
9.995364668794578522e-01
9.995878814871033136e-01
9.996397878750468147e-01
9.996920103941664415e-01
9.997443782331453255e-01
9.997967317601514914e-01
9.998489227348739128e-01
9.999008211302896632e-01
9.999523219048300771e-01
1.000003334734332228e+00
1.000053766013373702e+00
1.000103517244161910e+00
1.000152485693895255e+00
1.000200567713047661e+00
1.000247655130261037e+00
1.000293645105532869e+00
1.000338428329678786e+00
1.000381877384789453e+00
1.000423893671920084e+00
1.000464421368594259e+00
1.000503417256505490e+00
1.000540827189740467e+00
1.000576580019981954e+00
1.000610624319190789e+00
1.000642929854288266e+00
1.000673432852441813e+00
1.000702050075096716e+00
1.000728717988635719e+00
1.000753358007119287e+00
1.000775908183027862e+00
1.000796355926436787e+00
1.000814688081243409e+00
1.000830910130699358e+00
1.000845021006091962e+00
1.000857024202726597e+00
1.000866936538119090e+00
1.000874782595707169e+00
1.000880594114863964e+00
1.000884418738845927e+00
1.000886327203848181e+00
1.000886376089691332e+00
1.000884644661365952e+00
1.000881222134449189e+00
1.000876204148623216e+00
1.000869718049286039e+00
1.000861914319414403e+00
1.000852954756427327e+00
1.000843033482932576e+00
1.000832379736500632e+00
1.000821232124540883e+00
1.000809842034815267e+00
1.000798474767797597e+00
1.000787400288576601e+00
1.000776902851861383e+00
1.000767294223704695e+00
1.000758917209303211e+00
1.000752151392596545e+00
1.000747413611986936e+00
1.000745158840580462e+00
1.000745915264593000e+00
1.000750362783648928e+00
1.000759457524274865e+00
1.000774666723780681e+00
1.000798493278474810e+00
1.000835778619714622e+00
1.000897302246247955e+00
1.001012258159260204e+00
1.001287801735673666e+00
1.002340355044450515e+00
1.008401402206390740e+00
1.001577199514037231e+00
9.988592252147047157e-01
