9.629824328171275871e-01
9.669548699051940810e-01
9.698782322248002963e-01
9.745822416306968439e-01
9.780403880029852060e-01
9.830918701632332946e-01
9.880378168552420570e-01
9.942468383956147848e-01
1.001402208181274123e+00
1.010097601899549780e+00
1.020564037057505313e+00
1.033211539234337284e+00
1.048392336960150439e+00
1.066457509441009366e+00
1.087701619233209627e+00
1.112335825929698707e+00
1.140445548017679611e+00
1.171947762507233426e+00
1.206547396150827511e+00
1.243697768643817092e+00
1.282569316749712307e+00
1.322030709712730845e+00
1.360645323449712008e+00
1.396689614404658331e+00
1.428211065015735803e+00
1.453155737431806260e+00
1.469575364378382654e+00
1.475867172074302625e+00
1.470985447902753096e+00
1.454579829437703697e+00
1.427035499104199134e+00
1.389430103975703545e+00
1.343426735329612542e+00
1.291129052599018001e+00
1.234920739456634386e+00
1.177286785492136945e+00
1.120640770228211514e+00
1.067153537862569612e+00
1.018579170145692769e+00
9.761154597419394729e-01
9.403033366066946286e-01
9.110343940829260800e-01
8.876682736614071034e-01
8.691985894787997990e-01
8.544708252475212706e-01
8.423571438353127938e-01
8.318955353111813222e-01
8.223753766868929782e-01
8.133221485593600253e-01
8.044768092979175389e-01
7.957420512409834057e-01
7.871590070625995583e-01
7.788993572617005645e-01
7.712305505079751766e-01
7.645065745193061479e-01
7.591276340733896788e-01
7.555213115525154510e-01
7.541094522495797037e-01
7.552911295688635729e-01
7.594305075243303893e-01
7.668022588865401890e-01
7.775315231096201485e-01
7.914801895072840487e-01
8.081400404477655508e-01
8.265808830273414509e-01
8.455705004006524028e-01
8.638764862096104391e-01
8.806142627158849434e-01
8.954240011749871053e-01
9.083856929522409196e-01
9.197829567591443434e-01
9.298926598726188208e-01
9.389013977179717640e-01
9.469207499905376579e-01
9.540334473411641314e-01
9.603181569952430330e-01
9.658544311627934587e-01
9.707171968815161422e-01
9.749757023398800682e-01
9.786923769838042908e-01
9.819248861203888623e-01
9.847254354846158853e-01
9.871423044235807520e-01
9.892188443500669059e-01
9.909947180230751496e-01
9.925048094838641033e-01
9.937806436664375909e-01
9.948512299722299668e-01
9.957425025383591644e-01
9.964789377117549973e-01
9.970815165664115298e-01
9.975691745185539805e-01
9.979581957853683738e-01
9.982627516330282447e-01
9.984968249500892901e-01
9.986715660135926376e-01
9.987968469920117665e-01
9.988821540445074199e-01
9.989348061102999443e-01
9.989616601879286462e-01
9.989688179273371604e-01
9.989606192777713556e-01
9.989414151072093517e-01
9.989151958824888933e-01
9.988843214594919084e-01
9.988511224528512367e-01
9.988183432148133312e-01
9.987873157916331568e-01
9.987588394869225672e-01
9.987343863238062891e-01
9.987151615699932927e-01
9.987012211358055058e-01
9.986924755875468129e-01
9.986894500617367054e-01
9.986924602185514033e-01
9.987013418160682887e-01
9.987156694912322497e-01
9.987352768702395522e-01
9.987601649398446524e-01
9.987902337566108013e-01
9.988252865331590513e-01
9.988648867511636942e-01
9.989085669604826911e-01
9.989560418553223853e-01
9.990070339800490862e-01
9.990612396683609120e-01
9.991183422965469463e-01
9.991780358599472445e-01
9.992400226803948016e-01
9.993040178134100504e-01
9.993697289561410679e-01
9.994368508420454766e-01
9.995050735164398015e-01
9.995740993952214604e-01
9.996436517328879390e-01
9.997134745270326306e-01
9.997833416898166403e-01
9.998530661640887551e-01
9.999224851378081258e-01
9.999914344230672603e-01
1.000059745834026348e+00
1.000127247881025028e+00
1.000193770176396102e+00
1.000259138204603993e+00
1.000323186915185847e+00
1.000385743954523177e+00
1.000446613206793067e+00
1.000505640581058175e+00
1.000562733546767946e+00
1.000617818561108763e+00
1.000670807791756767e+00
1.000721590501081337e+00
1.000770084587291775e+00
1.000816238557859172e+00
1.000859954494714099e+00
1.000901107751217767e+00
1.000939601961155168e+00
1.000975320159905646e+00
1.001008169275124482e+00
1.001038126077374635e+00
1.001065166954022700e+00
1.001089294815246333e+00
1.001110503653676931e+00
1.001128794127150501e+00
1.001144185848360069e+00
1.001156709539336331e+00
1.001166406141967835e+00
1.001173339097000126e+00
1.001177604417718747e+00
1.001179278288134356e+00
1.001178468839737157e+00
1.001175298227960475e+00
1.001169897647903095e+00
1.001162442866761593e+00
1.001153142150513986e+00
1.001142219608270656e+00
1.001129944714325148e+00
1.001116636199193000e+00
1.001102625798367951e+00
1.001088262996616463e+00
1.001073916556813215e+00
1.001059961426680633e+00
1.001046792159035803e+00
1.001034841343266368e+00
1.001024584325447053e+00
1.001016546917676386e+00
1.001011305506663840e+00
1.001009487401824050e+00
1.001011818707467471e+00
1.001019232205826004e+00
1.001033037884767607e+00
1.001055244364394081e+00
1.001089277774571462e+00
1.001141769480694776e+00
1.001227494913163207e+00
1.001386493331546168e+00
1.001765759850856252e+00
1.003210637832189889e+00
1.011432136536081661e+00
1.002013332072716478e+00
9.986588225447647904e-01
