9.621183006123138481e-01
9.659310994122430882e-01
9.695416858268069982e-01
9.737802906718577844e-01
9.778882712867282834e-01
9.827566238064234794e-01
9.880550914291948983e-01
9.943323173105451662e-01
1.001702479534006374e+00
1.010558761833358687e+00
1.021216141996061033e+00
1.034052074143962052e+00
1.049428557441268950e+00
1.067691074821589758e+00
1.089132204970199913e+00
1.113958805511959804e+00
1.142251295120869203e+00
1.173920572833685672e+00
1.208664663832795139e+00
1.245929389997706194e+00
1.284877437408345147e+00
1.324369868988811705e+00
1.362963059698845569e+00
1.398927730911569300e+00
1.430308057435875968e+00
1.455050821827265528e+00
1.471213494349740136e+00
1.477203631535595418e+00
1.471989050557064971e+00
1.455234505340318840e+00
1.427340580608250864e+00
1.389399853705373555e+00
1.343089542746421117e+00
1.290526418850907797e+00
1.234105873588991598e+00
1.176322468794044562e+00
1.119596149428982779e+00
1.066099641341570203e+00
1.017583281128474848e+00
9.752350325801883990e-01
9.395806623138571734e-01
9.104935062441047444e-01
8.873150855332821996e-01
8.690240442786029140e-01
8.544558145128992033e-01
8.424775159518628209e-01
8.321259324371010901e-01
8.226914858557577981e-01
8.137015440446100367e-01
8.048988303995363580e-01
7.961871967875909784e-01
7.876081709417105392e-01
7.793331636306896071e-01
7.716289884284716072e-01
7.648489813069524468e-01
7.593930612450943141e-01
7.556891952432750470e-01
7.541605341348299740e-01
7.552087058091060401e-01
7.592022187535717448e-01
7.664228436201270256e-01
7.770069027064293588e-01
7.908324371682993181e-01
8.074108520006016976e-01
8.258289402364562548e-01
8.448593099242870386e-01
8.632561167445257366e-01
8.801076599456880700e-01
8.950268214480050499e-01
9.080781330969770471e-01
9.195438048324920954e-01
9.297070195895942302e-01
9.387608276480620129e-01
9.468199529827743266e-01
9.539676733273677600e-01
9.602825213783815483e-01
9.658442313604411744e-01
9.707282114536385231e-01
9.750042177090634254e-01
9.787351064673515122e-01
9.819789110515251274e-01
9.847881763028931701e-01
9.872114970889158680e-01
9.892925139406784085e-01
9.910711504402669458e-01
9.925825245831558785e-01
9.938583720073678185e-01
9.949278950707619584e-01
9.958172073858206907e-01
9.965509505371004106e-01
9.971502536240360870e-01
9.976341798710191000e-01
9.980191231983794875e-01
9.983193524456329682e-01
9.985489389680293204e-01
9.987191095696810184e-01
9.988398015178066025e-01
9.989205583073624828e-01
9.989687465291238189e-01
9.989912636042844740e-01
9.989942444822800249e-01
9.989820519701990698e-01
9.989590575185538501e-01
9.989292692044725586e-01
9.988950530104452330e-01
9.988587448273810177e-01
9.988230981694476984e-01
9.987894433619470824e-01
9.987585725189664920e-01
9.987319580308352540e-01
9.987108043825740911e-01
9.986951550762667162e-01
9.986849068366400184e-01
9.986805787771262377e-01
9.986824798722155894e-01
9.986904339280670007e-01
9.987040011675193396e-01
9.987230045574927439e-01
9.987474374017684120e-01
9.987771916225824942e-01
9.988120614287465671e-01
9.988515988700682469e-01
9.988953251287416846e-01
9.989429462322726438e-01
9.989941766946209833e-01
9.990487048463163600e-01
9.991062062372184638e-01
9.991663674888162650e-01
9.992288839593934657e-01
9.992934641707469368e-01
9.993598094403881582e-01
9.994276081776177767e-01
9.994965442489042173e-01
9.995663142411078672e-01
9.996366360250831251e-01
9.997072486463126628e-01
9.997779216014364145e-01
9.998484640589355710e-01
9.999187098692763342e-01
9.999884915998268342e-01
1.000057637865755300e+00
1.000125974025739772e+00
1.000193326636083846e+00
1.000259518148001403e+00
1.000324380667884983e+00
1.000387738964921391e+00
1.000449393795512565e+00
1.000509188539438821e+00
1.000567028987164653e+00
1.000622840207725517e+00
1.000676532831008769e+00
1.000727994317629710e+00
1.000777141167783491e+00
1.000823920916775744e+00
1.000868234095083853e+00
1.000909954178327954e+00
1.000948983309925433e+00
1.000985202786433659e+00
1.001018518124791479e+00
1.001048905609147832e+00
1.001076341149863325e+00
1.001100827535720938e+00
1.001122358531861822e+00
1.001140934663620863e+00
1.001156575665394843e+00
1.001169312531893230e+00
1.001179186615965611e+00
1.001186262066786625e+00
1.001190636033396419e+00
1.001192385579918742e+00
1.001191620135392535e+00
1.001188463336426082e+00
1.001183047977161733e+00
1.001175552003793712e+00
1.001166186283245052e+00
1.001155177729619039e+00
1.001142799209939316e+00
1.001129373484810348e+00
1.001115236483464566e+00
1.001100742108086417e+00
1.001086263780421204e+00
1.001072181175029829e+00
1.001058893810431893e+00
1.001046839715191039e+00
1.001036500201365920e+00
1.001028407662006181e+00
1.001023145662212732e+00
1.001021349261752569e+00
1.001023753461659505e+00
1.001031302407895840e+00
1.001045321986158143e+00
1.001067845135738876e+00
1.001102339457434320e+00
1.001155516724255401e+00
1.001242331882049363e+00
1.001403311397848217e+00
1.001787239811965158e+00
1.003249737351619375e+00
1.011567714203474022e+00
1.002032286891525237e+00
9.986507783466954669e-01
