1.413925168968300783e+00
1.414256108550099311e+00
1.418054853393476256e+00
1.421453386205323577e+00
1.428673766320713190e+00
1.435785809019906489e+00
1.447140677974765310e+00
1.458735839067611062e+00
1.475035226493186080e+00
1.491945806171661948e+00
1.513973276087748010e+00
1.536892765957314611e+00
1.565096187737448741e+00
1.594154415452743612e+00
1.628105042904937294e+00
1.662273442845222826e+00
1.700166078827789029e+00
1.737135644916666166e+00
1.776328983892606184e+00
1.812980512091636687e+00
1.844445077503598096e+00
1.857379863557097055e+00
1.853009919743041412e+00
1.824442020275383491e+00
1.777611253796357316e+00
1.711637373987570321e+00
1.634046986379574573e+00
1.547913803928279153e+00
1.459699093832603323e+00
1.374003849795108145e+00
1.294893287335003862e+00
1.224780149052386635e+00
1.165404322148909877e+00
1.115650589831793216e+00
1.075396769265629437e+00
1.042207682501961719e+00
1.014143019151757086e+00
9.902295500232159986e-01
9.689814197996218237e-01
9.501300256454721094e-01
9.328584487431850203e-01
9.164612974474156681e-01
9.012381103200535204e-01
8.869249616190572061e-01
8.737290369749226571e-01
8.614517943444864878e-01
8.497798670189462555e-01
8.389650852459002994e-01
8.288833443337266793e-01
8.196766005498595797e-01
8.112106034396585619e-01
8.033205766847805185e-01
7.960824263784023191e-01
7.893889687308479619e-01
7.833588159446804866e-01
7.779554452385832874e-01
7.732411716570805060e-01
7.691922028850193271e-01
7.657642813308850327e-01
7.630897153157017998e-01
7.612379143457788100e-01
7.604561949705056501e-01
7.609630329592040887e-01
7.631039293840363724e-01
7.672335504703190479e-01
7.737890883416560506e-01
7.832329193339669926e-01
7.960450536218555140e-01
8.126768531949636332e-01
8.334167954596320982e-01
8.582684104612384735e-01
8.866518690547849912e-01
9.173620545707135143e-01
9.486002623929675748e-01
9.786310164083261709e-01
1.006072010402144556e+00
1.030252535109503098e+00
1.050855855163009389e+00
1.068021625880248404e+00
1.081925213328355673e+00
1.092960231989482223e+00
1.101405001060789424e+00
1.107646762654753259e+00
1.111928913215689319e+00
1.114550307442512045e+00
1.115704002472559964e+00
1.115582319403374267e+00
1.114361983982408377e+00
1.112159923587228150e+00
1.109137844901445513e+00
1.105382352615196240e+00
1.101012651066706205e+00
1.096117381312320171e+00
1.090765964105189889e+00
1.085059120251514297e+00
1.079054113673959536e+00
1.072818316448711728e+00
1.066426951243707455e+00
1.059927917485996129e+00
1.053382867142858226e+00
1.046849779734389863e+00
1.040369017619036107e+00
1.033990358130199239e+00
1.027763450012389335e+00
1.021720607529679414e+00
1.015896813886484562e+00
1.010337144811667365e+00
1.005066486751276633e+00
1.000106349593833377e+00
9.954855682304256659e-01
9.912291918035075478e-01
9.873447459973458962e-01
9.838349386323820278e-01
9.807104425565855710e-01
9.779745627362280702e-01
9.756231099602098444e-01
9.736435494476238794e-01
9.720261802293356235e-01
9.707624329018065268e-01
9.698401980841658832e-01
9.692449178157274137e-01
9.689551208808915295e-01
9.689473021654116947e-01
9.692011587944171502e-01
9.696959617219409466e-01
9.704109028766360057e-01
9.713249377336096169e-01
9.724175841119689911e-01
9.736689027701501686e-01
9.750598347758515638e-01
9.765717476933714059e-01
9.781864200380804286e-01
9.798862647995226771e-01
9.816548083906548872e-01
9.834769617948434517e-01
9.853390525984553339e-01
9.872290234666954989e-01
9.891365828822638040e-01
9.910527694852928615e-01
9.929692253825279646e-01
9.948780623418437274e-01
9.967717796508374084e-01
9.986433643310298480e-01
1.000486090386902394e+00
1.002293837755617423e+00
1.004060694618624794e+00
1.005780523515581226e+00
1.007448562336155762e+00
1.009061818690684786e+00
1.010617996357743520e+00
1.012114679999221556e+00
1.013549039487535941e+00
1.014919023283273880e+00
1.016223400472078264e+00
1.017459890969819369e+00
1.018625623015903425e+00
1.019718477644806942e+00
1.020735892493765951e+00
1.021675952604420790e+00
1.022538493637683787e+00
1.023323340637573242e+00
1.024031008249977059e+00
1.024661769323276905e+00
1.025216050679629509e+00
1.025694708141368539e+00
1.026098844985114500e+00
1.026429797531904553e+00
1.026689406322523590e+00
1.026880286818925514e+00
1.027004540550545242e+00
1.027065029660404916e+00
1.027064929479640121e+00
1.027007625127142054e+00
1.026897572070542664e+00
1.026740012811734770e+00
1.026540584567951608e+00
1.026306031852711298e+00
1.026044304702198318e+00
1.025763680940286360e+00
1.025472879567739914e+00
1.025181088824434372e+00
1.024897642512149210e+00
1.024632339864550046e+00
1.024395881848878531e+00
1.024199967024139069e+00
1.024057451074430913e+00
1.023982308840238220e+00
1.023989589851017623e+00
1.024096516501051601e+00
1.024325012061766182e+00
1.024705689209215009e+00
1.025285387306428264e+00
1.026144129533025806e+00
1.027437722418580668e+00
1.029518143660730356e+00
1.033358292415549329e+00
1.042598615537346340e+00
1.072740122558973441e+00
1.214675702108269251e+00
1.025715888483340610e+00
1.003142327365560860e+00
