9.907152480702822173e-01
9.910086369587425281e-01
9.905125448198582871e-01
9.911849301563465664e-01
9.909198755938523062e-01
9.916828628868188389e-01
9.922943735734809367e-01
9.937102336328967889e-01
9.957275368966268525e-01
9.987900265397938737e-01
1.003109365228523897e+00
1.009045553596098044e+00
1.016946656468499466e+00
1.027190942611178270e+00
1.040149282791985819e+00
1.056164376524478810e+00
1.075515405217678966e+00
1.098377815386664569e+00
1.124777497117831926e+00
1.154543112896949664e+00
1.187260745748189628e+00
1.222235820580425125e+00
1.258466158703408722e+00
1.294629947508619150e+00
1.329095119365203637e+00
1.359970340381310150e+00
1.385234641261072541e+00
1.402955675801607960e+00
1.411549844107799379e+00
1.410006379061277793e+00
1.398012206823045611e+00
1.375966525320060585e+00
1.344898312647851091e+00
1.306323859223417649e+00
1.262083429220733688e+00
1.214167997361023765e+00
1.164567833567363486e+00
1.115141429806878692e+00
1.067496131078054633e+00
1.022903301043505131e+00
9.822315522528342058e-01
9.459393022622073488e-01
9.141189670709485293e-01
8.865511970382523588e-01
8.628060140088830154e-01
8.423365758707801465e-01
8.245905033670276607e-01
8.091098179785848332e-01
7.955533660458646850e-01
7.837161786925387341e-01
7.735057541902032874e-01
7.649385525688845444e-01
7.581397903142014227e-01
7.533063458117548183e-01
7.506928758497550813e-01
7.505650896997383414e-01
7.531744333365312238e-01
7.587135546702907796e-01
7.672726974058211580e-01
7.787868979947036863e-01
7.929415613431762822e-01
8.091188313717418978e-01
8.264111645926948135e-01
8.437895166672729763e-01
8.603608953454767727e-01
8.755810883184668159e-01
8.892838446284581089e-01
9.015501356505808417e-01
9.125433829991922430e-01
9.224118030367792764e-01
9.312686899197043511e-01
9.392049202815945241e-01
9.463027990033626713e-01
9.526388883551362152e-01
9.582851203246942617e-01
9.633072048925445108e-01
9.677661482532047277e-01
9.717173666777111363e-01
9.752123362861686573e-01
9.782975408360568004e-01
9.810159870607692012e-01
9.834062826996454731e-01
9.855041552244195868e-01
9.873414763510637293e-01
9.889475461768277853e-01
9.903479750040548035e-01
9.915659503050665569e-01
9.926228468967895902e-01
9.935375095670240242e-01
9.943279012115694426e-01
9.950092010090488825e-01
9.955953402921952078e-01
9.960983276697533695e-01
9.965285313131008182e-01
9.968964166252276549e-01
9.972101709669181080e-01
9.974771561115136631e-01
9.977045689014243379e-01
9.978978978467121230e-01
9.980624095957797426e-01
9.982028543695015133e-01
9.983226948392140976e-01
9.984254364817125582e-01
9.985143125570249412e-01
9.985914285775006061e-01
9.986588632572611646e-01
9.987189231250783727e-01
9.987729642224856264e-01
9.988220079476457514e-01
9.988674416925166222e-01
9.989104407654785245e-01
9.989514747906849124e-01
9.989909101499797606e-01
9.990294345409295174e-01
9.990675670348249104e-01
9.991055364411242090e-01
9.991434001499662765e-01
9.991813381510060710e-01
9.992195960545205979e-01
9.992583395271824598e-01
9.992976665322925722e-01
9.993375245548636876e-01
9.993778288375155805e-01
9.994185809697302414e-01
9.994597710620231057e-01
9.995013630385582992e-01
9.995433026387060549e-01
9.995855312008642413e-01
9.996279850245101128e-01
9.996705988190637271e-01
9.997132953954146473e-01
9.997559834001779056e-01
9.997985623939601441e-01
9.998409326598459712e-01
9.998830002827597818e-01
9.999246775333578974e-01
9.999658882862777487e-01
1.000006573388210862e+00
1.000046683021811766e+00
1.000086163164114472e+00
1.000124954534427735e+00
1.000162993224273933e+00
1.000200213358676038e+00
1.000236544448187548e+00
1.000271919019162903e+00
1.000306263720612820e+00
1.000339490523910913e+00
1.000371532559890086e+00
1.000402354807384597e+00
1.000431931186322343e+00
1.000460226719247725e+00
1.000487192950242576e+00
1.000512795964522805e+00
1.000537017561755171e+00
1.000559813607683202e+00
1.000581124798089139e+00
1.000600906528496870e+00
1.000619102436606012e+00
1.000635668572935177e+00
1.000650598349378084e+00
1.000663884534160220e+00
1.000675533919918259e+00
1.000685548151448501e+00
1.000693932214884452e+00
1.000700701123568459e+00
1.000705875703369108e+00
1.000709482144620965e+00
1.000711558677766400e+00
1.000712161065681727e+00
1.000711334246977779e+00
1.000709140409614673e+00
1.000705649302699340e+00
1.000700935564171834e+00
1.000695097986693094e+00
1.000688253005751704e+00
1.000680525710735180e+00
1.000672065860898963e+00
1.000663050027814194e+00
1.000653662012300993e+00
1.000644095469400474e+00
1.000634554805035714e+00
1.000625248179527027e+00
1.000616394899847883e+00
1.000608235576336824e+00
1.000601034938271683e+00
1.000595086398432754e+00
1.000590712714588548e+00
1.000588267135968268e+00
1.000588160901365598e+00
1.000590924373573332e+00
1.000597304324956083e+00
1.000608447596517347e+00
1.000626310677479758e+00
1.000654675836665453e+00
1.000701958483168452e+00
1.000790936664638142e+00
1.001005191999433608e+00
1.001825589296211794e+00
1.006594767585484496e+00
1.001301879396114591e+00
9.990037145796349938e-01
