1.000000000000000000e+00
9.999802942270524797e-01
9.999122851445451099e-01
9.997930898446104608e-01
9.996375314392739186e-01
9.994849983901402668e-01
9.994090599600634617e-01
9.995306379040945766e-01
1.000034943047975800e+00
1.001191962594110363e+00
1.003377723011694700e+00
1.007094527106449977e+00
1.012984252047133715e+00
1.021831467334943344e+00
1.034557062472802436e+00
1.052169214723491786e+00
1.075718092096066059e+00
1.106049557531884719e+00
1.143510997189940204e+00
1.187548952056790563e+00
1.236165433889024223e+00
1.286783775646582972e+00
1.337413025013853174e+00
1.389906274582804357e+00
1.451461691507478502e+00
1.510449758612366855e+00
1.543935413279747593e+00
1.547364823765955633e+00
1.524978260201132585e+00
1.484163013394646180e+00
1.431133075230829110e+00
1.371079467691310727e+00
1.308070305908576092e+00
1.244880078141307411e+00
1.184522343637900654e+00
1.128452691972277711e+00
1.077689666174751704e+00
1.033452386130552680e+00
9.956537832432417190e-01
9.642395545041330118e-01
9.380672566588194039e-01
9.159449344287852179e-01
8.972464270693761845e-01
8.811026542876184697e-01
8.669744776093072369e-01
8.542487837666585815e-01
8.423915206042782433e-01
8.312465626415322939e-01
8.205876241017255879e-01
8.103868016501427629e-01
8.005680790071378894e-01
7.911214682362379680e-01
7.822347740855196685e-01
7.740938323668318244e-01
7.670557508294211235e-01
7.614587897127927940e-01
7.577112804753929343e-01
7.561904037987092764e-01
7.572516586085582535e-01
7.612817515481380415e-01
7.685682483338096560e-01
7.793253936913774327e-01
7.935071056857172511e-01
8.106770143711712340e-01
8.297759211971390547e-01
8.492193646415585606e-01
8.675151971128991502e-01
8.839323059948702710e-01
8.984367323846400577e-01
9.112423049760188798e-01
9.225823474877629105e-01
9.326278706309042432e-01
9.415321159061075251e-01
9.494048920345262710e-01
9.563614856035933531e-01
9.624851702332724024e-01
9.678697530926347881e-01
9.725825717878409105e-01
9.767018913233717070e-01
9.802835620017114060e-01
9.833921995637441293e-01
9.860740840554065301e-01
9.883827391203257040e-01
9.903565111742627103e-01
9.920391014066053392e-01
9.934621471708682261e-01
9.946566226117711240e-01
9.956534414724953486e-01
9.964746282635472685e-01
9.971481933445439649e-01
9.976917069546864525e-01
9.981253435644437122e-01
9.984649952097739423e-01
9.987226837403817559e-01
9.989148080250179751e-01
9.990506003174476346e-01
9.991394948080821736e-01
9.991920188940552894e-01
9.992141022777198955e-01
9.992127928927864167e-01
9.991944356240011205e-01
9.991625229828442478e-01
9.991215088588973892e-01
9.990755656924276140e-01
9.990265041110198974e-01
9.989765206995169233e-01
9.989286062452681358e-01
9.988837654962264834e-01
9.988425889834122717e-01
9.988066021814497875e-01
9.987769876579137840e-01
9.987536093552027427e-01
9.987362664091310460e-01
9.987255013334807030e-01
9.987215532285413921e-01
9.987241871938322690e-01
9.987328962349814043e-01
9.987474765813184607e-01
9.987678916806007612e-01
9.987939891209530741e-01
9.988255395828528060e-01
9.988620592595607306e-01
9.989030387357501484e-01
9.989481676177486280e-01
9.989971364544247834e-01
9.990496129516670543e-01
9.991052540003954041e-01
9.991637298411257806e-01
9.992247203603645822e-01
9.992879204991451658e-01
9.993530188913567480e-01
9.994196924178830876e-01
9.994876144385208550e-01
9.995564720971829020e-01
9.996259747381137650e-01
9.996958535329312223e-01
9.997658707834597980e-01
9.998358292270967951e-01
9.999055568861490162e-01
9.999748808846633530e-01
1.000043624975881063e+00
1.000111610093813663e+00
1.000178658872759696e+00
1.000244590080364260e+00
1.000309232632021539e+00
1.000372408466470020e+00
1.000433915528907702e+00
1.000493594809710451e+00
1.000551349950956626e+00
1.000607103964932687e+00
1.000660765643571981e+00
1.000712220696320154e+00
1.000761384091334527e+00
1.000808202057068330e+00
1.000852573815899094e+00
1.000894371675790762e+00
1.000933496866287298e+00
1.000969829720981252e+00
1.001003274859729508e+00
1.001033807776046336e+00
1.001061403494836854e+00
1.001086064041807555e+00
1.001107782417945735e+00
1.001126558434092040e+00
1.001142411128663534e+00
1.001155370806020128e+00
1.001165478133992703e+00
1.001172796557462830e+00
1.001177422524401450e+00
1.001179432380872036e+00
1.001178934840968315e+00
1.001176052795905713e+00
1.001170918267628940e+00
1.001163708374363859e+00
1.001154633094793356e+00
1.001143918406826705e+00
1.001131836161620381e+00
1.001118708011695002e+00
1.001104868719522312e+00
1.001090670959579487e+00
1.001076486851360636e+00
1.001062694692011812e+00
1.001049692511209122e+00
1.001037916681219775e+00
1.001027846638781638e+00
1.001020012610785548e+00
1.001014995610296499e+00
1.001013427605734307e+00
1.001016039646705380e+00
1.001023770475169661e+00
1.001037938080067358e+00
1.001060563010934157e+00
1.001095091701794004e+00
1.001148195738211122e+00
1.001234742731089256e+00
1.001395029543121762e+00
1.001777014145212918e+00
1.003230823343123523e+00
1.011468333111759987e+00
1.001964893062736284e+00
9.987413095523612894e-01
