9.946374585277593106e-01
9.944767072949594056e-01
9.939331993662179343e-01
9.939631494934091371e-01
9.935713010583611116e-01
9.937366224996589947e-01
9.939340427684658641e-01
9.946835511055039936e-01
9.959638053252886092e-01
9.980849886069722565e-01
1.001266539399672695e+00
1.005821167211522482e+00
1.012076536284216566e+00
1.020392381900594447e+00
1.031136290316303272e+00
1.044664067932207008e+00
1.061289064802396709e+00
1.081244963618478216e+00
1.104642064525707568e+00
1.131419930346069247e+00
1.161300181936836706e+00
1.193744177914697335e+00
1.227919502794368123e+00
1.262678778812026392e+00
1.296555086535178702e+00
1.327789187374554647e+00
1.354425001898648118e+00
1.374500359435984143e+00
1.386307690719586594e+00
1.388645747237868822e+00
1.380982721424820925e+00
1.363503353378296978e+00
1.337043878560696397e+00
1.302952086654809660e+00
1.262917725785034362e+00
1.218790852229855837e+00
1.172425213634419761e+00
1.125548709645019185e+00
1.079653692805290666e+00
1.035929167955284447e+00
9.952151813495272448e-01
9.580131745534197218e-01
9.245374153618607371e-01
8.947614001173140874e-01
8.684948950395592338e-01
8.454447046234773167e-01
8.252936476596169912e-01
8.077765331968271845e-01
7.926914766795297718e-01
7.799184406122807722e-01
7.694011418358318588e-01
7.611519780555998649e-01
7.552593716817456171e-01
7.518564680328235772e-01
7.511115435129389617e-01
7.531836785840179127e-01
7.581956705352143056e-01
7.661829944358098388e-01
7.770394242591057710e-01
7.904613930108236319e-01
8.058811406497827790e-01
8.224881163646615700e-01
8.393471409073988143e-01
8.556198587760116547e-01
8.707503916167687041e-01
8.845150893755007182e-01
8.969271719503231211e-01
9.081006106582718562e-01
9.181595342551617245e-01
9.272090739100229406e-01
9.353391333135976371e-01
9.426307219227353373e-01
9.491598373984210246e-01
9.549965895945696781e-01
9.602063857802689562e-01
9.648488638078008828e-01
9.689794577563053402e-01
9.726484365248828645e-01
9.759024943023071330e-01
9.787836905410062238e-01
9.813309489764976412e-01
9.835791221555090225e-01
9.855604888543817443e-01
9.873037739849654937e-01
9.888354426505726602e-01
9.901785828375703202e-01
9.913541201507645173e-01
9.923813603420652552e-01
9.932772410563777132e-01
9.940579750396476566e-01
9.947371990656665997e-01
9.953275049230391192e-01
9.958397603399081754e-01
9.962833273053592897e-01
9.966677038156104285e-01
9.970002978743913724e-01
9.972878074406350546e-01
9.975367907574389514e-01
9.977522554639794983e-01
9.979390300752373211e-01
9.981014777161707485e-01
9.982428203702978786e-01
9.983663125950626993e-01
9.984749544577082858e-01
9.985707630266186241e-01
9.986557208998698698e-01
9.987319850244004149e-01
9.988008898571343330e-01
9.988634803810914065e-01
9.989210903192485835e-01
9.989748592068814492e-01
9.990253290853524648e-01
9.990729465959943267e-01
9.991184113472325601e-01
9.991622693525689103e-01
9.992048197581262503e-01
9.992462117151029721e-01
9.992866865233869245e-01
9.993265302298950381e-01
9.993659555083627133e-01
9.994051138298182257e-01
9.994440273397693364e-01
9.994826863365268155e-01
9.995211466082311036e-01
9.995594494062920443e-01
9.995976103819318448e-01
9.996356264222037158e-01
9.996734872272269312e-01
9.997111750559086740e-01
9.997486678687917960e-01
9.997859311714767383e-01
9.998229164292423699e-01
9.998595654161652746e-01
9.998958184001731642e-01
9.999316184567415000e-01
9.999669119428393760e-01
1.000001653063686380e+00
1.000035808388381353e+00
1.000069350765143472e+00
1.000102248418032858e+00
1.000134464209425200e+00
1.000165956246365617e+00
1.000196680139848526e+00
1.000226586922851713e+00
1.000255629345020658e+00
1.000283754701833505e+00
1.000310897723091674e+00
1.000337009804492583e+00
1.000362067751292994e+00
1.000386055184782519e+00
1.000408948077819327e+00
1.000430711060664057e+00
1.000451320261481314e+00
1.000470764295738890e+00
1.000489010397200840e+00
1.000506013208735778e+00
1.000521739118191755e+00
1.000536144739005318e+00
1.000549196605348801e+00
1.000560891497291216e+00
1.000571225523221530e+00
1.000580206082679169e+00
1.000587836273767239e+00
1.000594121817816706e+00
1.000599076512413754e+00
1.000602718813186298e+00
1.000605071480634711e+00
1.000606167023076143e+00
1.000606052178109273e+00
1.000604764843109562e+00
1.000602356933786075e+00
1.000598886507318541e+00
1.000594415596926190e+00
1.000589025900350704e+00
1.000582813489758749e+00
1.000575881506877929e+00
1.000568353208454164e+00
1.000560373722744423e+00
1.000552094128364766e+00
1.000543673610083228e+00
1.000535280213042055e+00
1.000527085181538212e+00
1.000519269019405577e+00
1.000512029818277693e+00
1.000505585640351969e+00
1.000500178370297588e+00
1.000496074465509366e+00
1.000493566226656528e+00
1.000492994733465313e+00
1.000494800559035280e+00
1.000499604693530831e+00
1.000508361410510139e+00
1.000522698778725239e+00
1.000545762616493528e+00
1.000584548160301290e+00
1.000657979965786204e+00
1.000835480702588320e+00
1.001516464319563982e+00
1.005502935332525549e+00
1.001126398386767757e+00
9.991056234815395287e-01
