1.398408306742136897e+00
1.398744691972853227e+00
1.402654230566823923e+00
1.406110878259739350e+00
1.413552900758425768e+00
1.420787283868357065e+00
1.432492871743504592e+00
1.444286603996721263e+00
1.461086257862192594e+00
1.478283365988521281e+00
1.500982540427366230e+00
1.524285757016041298e+00
1.553352449760701637e+00
1.582892184007379299e+00
1.617907292130172703e+00
1.652631670428359012e+00
1.691772049204136152e+00
1.729301506142534084e+00
1.769890186532837362e+00
1.807124743590673654e+00
1.840458721105704187e+00
1.854267810507096437e+00
1.851503993750526211e+00
1.823621438876703138e+00
1.777821788282468285e+00
1.712193555460786998e+00
1.635078069819825508e+00
1.548973031599303996e+00
1.460815799546941962e+00
1.374949516171876107e+00
1.295686211869212068e+00
1.225357437527956339e+00
1.165809053633449333e+00
1.115906314426539758e+00
1.075549416715695594e+00
1.042290967756529296e+00
1.014186853065509819e+00
9.902522233773872751e-01
9.689968141514747613e-01
9.501439185218930605e-01
9.328743642108486833e-01
9.164826136726497152e-01
9.012639495862626582e-01
8.869552181188650186e-01
8.737615018958790891e-01
8.614850800041586876e-01
8.498143925889245498e-01
8.389994693249290814e-01
8.289172263522599504e-01
8.197084640416774093e-01
8.112396094774808608e-01
8.033467045478652757e-01
7.961048709200392315e-01
7.894076417866631168e-01
7.833728045298457010e-01
7.779643599475032367e-01
7.732446027298346403e-01
7.691906052714670983e-01
7.657595323418910915e-01
7.630844264446274838e-01
7.612365120012738462e-01
7.604642314105390932e-01
7.609879806045274364e-01
7.631546975027790891e-01
7.673207857361957762e-01
7.739247064626182393e-01
7.834297884392611433e-01
7.963159837822227916e-01
8.130325232610677855e-01
8.338617533189136566e-01
8.587937410409381966e-01
8.872256260146602624e-01
9.179214536860681450e-01
9.490555579628986438e-01
9.788831745895565373e-01
1.006035301152488515e+00
1.029867798465152084e+00
1.050096246006108069e+00
1.066889035490578452e+00
1.080445289789239371e+00
1.091172743233002063e+00
1.099357770479575169e+00
1.105388077104154654e+00
1.109504943538291988e+00
1.112001942860586734e+00
1.113067201423674879e+00
1.112887741921159801e+00
1.111636390927874585e+00
1.109426622239706450e+00
1.106417826288209172e+00
1.102694752704272307e+00
1.098375214682616452e+00
1.093546900826170898e+00
1.088278251973542998e+00
1.082669488467371766e+00
1.076777174134134984e+00
1.070668047189990757e+00
1.064416767430974131e+00
1.058070443335259236e+00
1.051689898502372822e+00
1.045332152571071260e+00
1.039036372041997280e+00
1.032851021006694792e+00
1.026824239235291536e+00
1.020986596541235025e+00
1.015371247362903073e+00
1.010021134632759221e+00
1.004959018400093607e+00
1.000204137785027037e+00
9.957830244554791710e-01
9.917183834258568309e-01
9.880156433018824069e-01
9.846756648768432152e-01
9.817072658093386472e-01
9.791122686308390000e-01
9.768852709490232211e-01
9.750130249934397808e-01
9.734852783192640135e-01
9.722931211640438720e-01
9.714244278018685508e-01
9.708648923588519830e-01
9.705937408491756013e-01
9.705884312204343667e-01
9.708296734477781520e-01
9.712978881515544893e-01
9.719734783927180821e-01
9.728366829462571364e-01
9.738683139862100990e-01
9.750497268039362009e-01
9.763631215457788670e-01
9.777910965557904399e-01
9.793166192774104273e-01
9.809232337074252905e-01
9.825955123544499736e-01
9.843193104313547881e-01
9.860817929923020309e-01
9.878716264798831359e-01
9.896791280661167978e-01
9.914958519291733330e-01
9.933138972880468653e-01
9.951257844383264439e-01
9.969243819294504316e-01
9.987030038763593520e-01
1.000455221237467107e+00
1.002175169906099006e+00
1.003857167871200051e+00
1.005495299553627486e+00
1.007084956711089330e+00
1.008623222882639947e+00
1.010107842911226905e+00
1.011536439106567542e+00
1.012906231285961356e+00
1.014215188625575248e+00
1.015462070527219707e+00
1.016644626384510142e+00
1.017760036928335055e+00
1.018806207705369227e+00
1.019780617616741436e+00
1.020681368240357267e+00
1.021508246291839228e+00
1.022261031053470992e+00
1.022940165684493419e+00
1.023545864389967974e+00
1.024078492118962735e+00
1.024538830424329916e+00
1.024927901921209639e+00
1.025246955759244738e+00
1.025497729958613879e+00
1.025682710251363927e+00
1.025803890235882143e+00
1.025863997013435780e+00
1.025866061008317009e+00
1.025813315239963330e+00
1.025710023549230243e+00
1.025561207124141783e+00
1.025372266030063928e+00
1.025149665074288396e+00
1.024901027885387839e+00
1.024634291808203201e+00
1.024357816913512131e+00
1.024080413239591092e+00
1.023811029273238526e+00
1.023559059657608517e+00
1.023334765030010418e+00
1.023149364360805169e+00
1.023015188604649905e+00
1.022945644252665875e+00
1.022955170013767567e+00
1.023060291319378257e+00
1.023282047873096179e+00
1.023649821527828241e+00
1.024208567709608220e+00
1.025035082660877617e+00
1.026278854513626548e+00
1.028277349776788752e+00
1.031963253066008779e+00
1.040825087722048403e+00
1.069950197518388046e+00
1.207874830502838170e+00
1.024794150830459438e+00
1.002705407900200907e+00
