9.453110605739782901e-01
9.510208313020028781e-01
9.585822126738243742e-01
9.641100262613238048e-01
9.722004345600903097e-01
9.791503624059072486e-01
9.878615312715169905e-01
9.969484754349327016e-01
1.007540272062780629e+00
1.019551063198857799e+00
1.033482524633573485e+00
1.049616744691520998e+00
1.068311594044297985e+00
1.089862025498081088e+00
1.114507340497648658e+00
1.142383808498960152e+00
1.173488018249464915e+00
1.207634193820753543e+00
1.244413928946835002e+00
1.283161044702099574e+00
1.322926020495647004e+00
1.362463569926784190e+00
1.400236684515320240e+00
1.434446534197569401e+00
1.463110705009509571e+00
1.484215988606052194e+00
1.495937015990165042e+00
1.496864912781542989e+00
1.486194561729294872e+00
1.463836909697229016e+00
1.430438977985509341e+00
1.387329001448900812e+00
1.336403398307625778e+00
1.279976660233736352e+00
1.220612046115538307e+00
1.160928650514426952e+00
1.103410130081827978e+00
1.050213814573498494e+00
1.002982696495467563e+00
9.627067915912747020e-01
9.296451963354606107e-01
9.033787166955099535e-01
8.829824494145008806e-01
8.672357804015951022e-01
8.548592356014360627e-01
8.446811769248658841e-01
8.357520130571470807e-01
8.274020585107101367e-01
8.192038766105250724e-01
8.109371392701546499e-01
8.025279276448822330e-01
7.940234163845304449e-01
7.855859099533499812e-01
7.774632333063971057e-01
7.699858158289043519e-01
7.635336435715133208e-01
7.585237219526245189e-01
7.553822308832024435e-01
7.545330357128120502e-01
7.563931688077957238e-01
7.613317275615444357e-01
7.696306033370929889e-01
7.813912347730836983e-01
7.964226970116556892e-01
8.141185050682094859e-01
8.334301619839049602e-01
8.530266689017528270e-01
8.716398420972015781e-01
8.884199347193950658e-01
9.030833994770388617e-01
9.157923609356383166e-01
9.268920649805093559e-01
9.366953392010959334e-01
9.454006491959500158e-01
9.531196852442357370e-01
9.599307488148670631e-01
9.659118476821658694e-01
9.711435094185913997e-01
9.757039630285203602e-01
9.796639407983170900e-01
9.830879467119598702e-01
9.860342001839389470e-01
9.885565545891926709e-01
9.907035084664329583e-01
9.925193793723648961e-01
9.940432276604859174e-01
9.953103412582987586e-01
9.963531765043655009e-01
9.972008748202294548e-01
9.978808681423116944e-01
9.984167911758166092e-01
9.988298755840490095e-01
9.991383808128128097e-01
9.993582326511682989e-01
9.995049980695662750e-01
9.995912075500746896e-01
9.996279111181567423e-01
9.996256235282185987e-01
9.995925266332070791e-01
9.995362060357226852e-01
9.994633578153143683e-01
9.993787387073461703e-01
9.992870663346585802e-01
9.991926382579052746e-01
9.990979258796026663e-01
9.990053504936733386e-01
9.989178083412727505e-01
9.988365958987259763e-01
9.987623769567585130e-01
9.986966189347389333e-01
9.986405033371572593e-01
9.985938533302158859e-01
9.985563178423789710e-01
9.985283014315506911e-01
9.985099903900971352e-01
9.985009939020608183e-01
9.985006144512613702e-01
9.985084822749250577e-01
9.985244509625103015e-01
9.985482657934965367e-01
9.985795584635319688e-01
9.986176763615793872e-01
9.986619372222158564e-01
9.987118909835567271e-01
9.987671079254167861e-01
9.988271327602021854e-01
9.988915006715444189e-01
9.989597660314861738e-01
9.990314993702859026e-01
9.991062920894288046e-01
9.991837312515755576e-01
9.992633921102381800e-01
9.993448480585042093e-01
9.994276914962140212e-01
9.995115440809463347e-01
9.995960563766638218e-01
9.996809189758553149e-01
9.997658735533467844e-01
9.998506942625887683e-01
9.999351556896052262e-01
1.000019029334385579e+00
1.000102084335651620e+00
1.000184092769117905e+00
1.000264823065219133e+00
1.000344056707453300e+00
1.000421567280011859e+00
1.000497099980226956e+00
1.000570453232715096e+00
1.000641502928182547e+00
1.000710149407576299e+00
1.000776275950629124e+00
1.000839738031057191e+00
1.000900427311361751e+00
1.000958274024232875e+00
1.001013151186787020e+00
1.001064899011632203e+00
1.001113393226890524e+00
1.001158484345161970e+00
1.001200052906020765e+00
1.001238066545741212e+00
1.001272492707065309e+00
1.001303331991553858e+00
1.001330574109202232e+00
1.001354217209720288e+00
1.001374283143299682e+00
1.001390807688194329e+00
1.001403839423822939e+00
1.001413454979964923e+00
1.001419771530738911e+00
1.001422881652157537e+00
1.001422917653921996e+00
1.001420029295390979e+00
1.001414377574063597e+00
1.001406178879225450e+00
1.001395689970655978e+00
1.001383187257314233e+00
1.001369003478042252e+00
1.001353532518407086e+00
1.001337184320125306e+00
1.001320390744235622e+00
1.001303607430767295e+00
1.001287297466895598e+00
1.001271947993912725e+00
1.001258093013334793e+00
1.001246319097752080e+00
1.001237274738271177e+00
1.001231670115816375e+00
1.001230276958164689e+00
1.001233987105593748e+00
1.001243944993482904e+00
1.001261756673454295e+00
1.001289883622750843e+00
1.001332524201873575e+00
1.001397807089491998e+00
1.001503850625116598e+00
1.001699766415586224e+00
1.002165865728427141e+00
1.003938754469571260e+00
1.013949641376740374e+00
1.002359261976598637e+00
9.985196389899345659e-01
