9.250121895848650855e-01
9.348538461687224688e-01
9.441706187132652417e-01
9.548964272771041095e-01
9.650281233676225590e-01
9.765292161975325236e-01
9.883138413333417693e-01
1.001373240254127772e+00
1.015568082320652987e+00
1.031374527603611702e+00
1.049020182531710699e+00
1.068842163410302915e+00
1.091118704906251180e+00
1.116097222855694016e+00
1.143945746089188642e+00
1.174723005850396573e+00
1.208338387181288498e+00
1.244512993867124662e+00
1.282742696501028012e+00
1.322267636467637342e+00
1.362051803023600627e+00
1.400776111576728766e+00
1.436849205502425564e+00
1.468448797773465708e+00
1.493618839538907617e+00
1.510439879135884844e+00
1.517248249055353826e+00
1.512848229749557127e+00
1.496676082027613264e+00
1.468890365363520578e+00
1.430375674395087726e+00
1.382677783767604085e+00
1.327883886068838670e+00
1.268465238593193600e+00
1.207097653556254979e+00
1.146455238825432099e+00
1.089005269382115948e+00
1.036807243137741752e+00
9.913248723099014059e-01
9.533040853256110614e-01
9.227296803290497840e-01
8.989241765358906289e-01
8.807630853711440055e-01
8.669077091804696655e-01
8.560403247587886622e-01
8.470110213044877989e-01
8.389255978474280395e-01
8.311805556687625884e-01
8.234094629496284679e-01
8.154381596709667779e-01
8.072194837109596399e-01
7.988065667519319568e-01
7.903482041132511293e-01
7.820631973005203186e-01
7.742429692269796604e-01
7.672256857068827651e-01
7.613909904895955760e-01
7.571389319735711831e-01
7.548845019260025380e-01
7.550588554463784074e-01
7.580764007006433047e-01
7.643093556951736645e-01
7.740148631935555024e-01
7.872406434200115433e-01
8.036871397534928185e-01
8.225983593666781335e-01
8.427757361726825325e-01
8.628067171631331744e-01
8.814504229886676034e-01
8.979696774985365115e-01
9.122172306822077248e-01
9.244590381895947395e-01
9.350965496124805654e-01
9.444592590935020349e-01
9.527442402641396191e-01
9.600553959461336495e-01
9.664667672011139077e-01
9.720546797289403296e-01
9.769018572434047254e-01
9.810879027785537332e-01
9.846855828231736441e-01
9.877596243431147061e-01
9.903693991137801911e-01
9.925684990894958482e-01
9.944059378476208799e-01
9.959250204573304455e-01
9.971648605671077359e-01
9.981614182450491146e-01
9.989470980880627016e-01
9.995523456005058760e-01
1.000003515162266154e+00
1.000324205825741997e+00
1.000534723334465914e+00
1.000652806312389398e+00
1.000695648385177217e+00
1.000677215037006018e+00
1.000609790191824944e+00
1.000504953692966659e+00
1.000371793302231138e+00
1.000218654944475150e+00
1.000052845872244411e+00
9.998795683428669534e-01
9.997039161903485960e-01
9.995304879903482709e-01
9.993618767378007473e-01
9.992005924892064517e-01
9.990496632200848159e-01
9.989103412921157554e-01
9.987831412456180669e-01
9.986695032494425917e-01
9.985705643062270376e-01
9.984858890956257449e-01
9.984148309736536886e-01
9.983576439589852969e-01
9.983143617144411008e-01
9.982843354247794565e-01
9.982665593915883706e-01
9.982604288306868856e-01
9.982656254245060312e-01
9.982817166696945632e-01
9.983081365273800412e-01
9.983439866325650724e-01
9.983883404586620935e-01
9.984405584221544006e-01
9.985000365530329880e-01
9.985661462823058887e-01
9.986382535478516287e-01
9.987157532302191054e-01
9.987980654350280263e-01
9.988846404118300049e-01
9.989749277224181379e-01
9.990683666411426245e-01
9.991643979624279526e-01
9.992624890913764935e-01
9.993621462810222678e-01
9.994629140079100971e-01
9.995643882437638128e-01
9.996662296346821019e-01
9.997681406374738788e-01
9.998698263182909107e-01
9.999709897925092017e-01
1.000071332987668704e+00
1.000170562914841632e+00
1.000268383601253364e+00
1.000364516202720155e+00
1.000458673394770237e+00
1.000550534434834660e+00
1.000639844343038432e+00
1.000726443386616538e+00
1.000810202437526941e+00
1.000890972264947498e+00
1.000968570433323102e+00
1.001042859138364660e+00
1.001113748031231543e+00
1.001181077586242196e+00
1.001244648739423315e+00
1.001304306002283040e+00
1.001359863577657050e+00
1.001411172545717987e+00
1.001458190289918671e+00
1.001500874242884365e+00
1.001539222375674054e+00
1.001573219583812291e+00
1.001602861178968684e+00
1.001628171455553273e+00
1.001649191774331982e+00
1.001665979169397813e+00
1.001678624901619630e+00
1.001687269638189770e+00
1.001692024145733884e+00
1.001693047578065876e+00
1.001690520347376490e+00
1.001684636547045093e+00
1.001675657693113619e+00
1.001663894425031121e+00
1.001649681262086089e+00
1.001633421246039601e+00
1.001615591787525128e+00
1.001596689742865642e+00
1.001577238519186341e+00
1.001557790300329431e+00
1.001538906110024163e+00
1.001521175959140697e+00
1.001505246512126357e+00
1.001491827890867548e+00
1.001481704830287311e+00
1.001475736053616838e+00
1.001474853552209998e+00
1.001480132997189854e+00
1.001492953502237881e+00
1.001515249310963585e+00
1.001549983824271628e+00
1.001602211265491205e+00
1.001681719847231644e+00
1.001810333017625343e+00
1.002047216549178277e+00
1.002609590463131140e+00
1.004745757832980591e+00
1.016723457409824283e+00
1.002728058677063938e+00
9.983874648138162389e-01
