1.403945343274946689e+00
1.404279705748672002e+00
1.408150173369201674e+00
1.411585337127963413e+00
1.418949485562280399e+00
1.426138753589632380e+00
1.437721189636943286e+00
1.449441859374615227e+00
1.466065773738710609e+00
1.483157674163949835e+00
1.505620660679342082e+00
1.528783241190344810e+00
1.557546018641005281e+00
1.586909538147902810e+00
1.621549438943293175e+00
1.656070460364623020e+00
1.694770665565701329e+00
1.732095029295208199e+00
1.772191498579254398e+00
1.809213834947335675e+00
1.841886563865974935e+00
1.855378629839909754e+00
1.852046178783540276e+00
1.823914686201117075e+00
1.777750268981452830e+00
1.711995216146939391e+00
1.634711941924360090e+00
1.548594312576861975e+00
1.460417074006572058e+00
1.374610301247086053e+00
1.295401680513847076e+00
1.225149454540339633e+00
1.165663066263088243e+00
1.115813824089950668e+00
1.075494192061500209e+00
1.042260848861980671e+00
1.014171058967661132e+00
9.902440830012142481e-01
9.689912649880454421e-01
9.501388214981413283e-01
9.328684219480477546e-01
9.164746057253627676e-01
9.012542000730957570e-01
8.869437849338283053e-01
8.737492052942270604e-01
8.614724499454347040e-01
8.498013125146844926e-01
8.389864701774223388e-01
8.289044706062442813e-01
8.196965282600788827e-01
8.112288254580122260e-01
8.033371073999271417e-01
7.960967714324814759e-01
7.894010826767179356e-01
7.833681103397673873e-01
7.779616495307357660e-01
7.732439831726950485e-01
7.691918540232337564e-01
7.657618973477414714e-01
7.630868752809670807e-01
7.612373459756097693e-01
7.604613386541498876e-01
7.609785578572714204e-01
7.631354355637444131e-01
7.672877763483972879e-01
7.738736296215675825e-01
7.833560481471809611e-01
7.962150960837177660e-01
8.129008843851498467e-01
8.336980933610078637e-01
8.586017456492525124e-01
8.870173313094874556e-01
9.177199688034876068e-01
9.488935607785493609e-01
9.787963938723763802e-01
1.006054291509745902e+00
1.030013201541602585e+00
1.050376860669086643e+00
1.067303289339775807e+00
1.080983192279431293e+00
1.091819457557890782e+00
1.100095820482187570e+00
1.106200047261350683e+00
1.110374339051998671e+00
1.112914256199324825e+00
1.114009730285863364e+00
1.113849678568543000e+00
1.112608310099028053e+00
1.110400306433273920e+00
1.107385873861954861e+00
1.103650408477159228e+00
1.099312218788433659e+00
1.094459334498812941e+00
1.089160550008008377e+00
1.083516276738582196e+00
1.077583337217797199e+00
1.071428709635659393e+00
1.065127269479958283e+00
1.058726419539367747e+00
1.052287293053810524e+00
1.045867264070837521e+00
1.039505933831569306e+00
1.033252241534615035e+00
1.027154868488606043e+00
1.021245003337648782e+00
1.015556445852672462e+00
1.010132888029498854e+00
1.004997829709274315e+00
1.000171295353042167e+00
9.956806103767334992e-01
9.915492833804757655e-01
9.877834544107033654e-01
9.843846058689835754e-01
9.813621797927537527e-01
9.787184925289625914e-01
9.764485410740326721e-01
9.745393040384300321e-01
9.729807020517846627e-01
9.717639284877466199e-01
9.708768511421859149e-01
9.703050675557426397e-01
9.700275553647982330e-01
9.700214350588872714e-01
9.702670652459239875e-01
9.707444701436523937e-01
9.714336366647416954e-01
9.723143637326427946e-01
9.733670206182626350e-01
9.745725201527097870e-01
9.759126324145359632e-01
9.773695353026116139e-01
9.789257898538428204e-01
9.805645531341727894e-01
9.822700394635972554e-01
9.840277804339377932e-01
9.858246537145015642e-01
9.876490770598148616e-01
9.894911582455040433e-01
9.913422737885408953e-01
9.931943649702137389e-01
9.950398105309076202e-01
9.968713507133822871e-01
9.986821856342545933e-01
1.000465782440471907e+00
1.002216187247729540e+00
1.003927637112316029e+00
1.005594138022047890e+00
1.007211026894717643e+00
1.008775359599081156e+00
1.010284865420854050e+00
1.011737152212742075e+00
1.013129420996939700e+00
1.014459632441336634e+00
1.015726548147275254e+00
1.016927905994596149e+00
1.018060867167911221e+00
1.019123327520425226e+00
1.020112750411122260e+00
1.021027230574423683e+00
1.021866570890946901e+00
1.022630565757944865e+00
1.023319682500050787e+00
1.023934155059059048e+00
1.024474369309929633e+00
1.024941132154535861e+00
1.025335493857801872e+00
1.025658733548665547e+00
1.025912624677401297e+00
1.026099697989427018e+00
1.026221984491330286e+00
1.026282258231415279e+00
1.026283600074328728e+00
1.026229296014917081e+00
1.026123676748846636e+00
1.025971840731438878e+00
1.025779270833574452e+00
1.025552529579896843e+00
1.025299354674615859e+00
1.025027802441918157e+00
1.024746358369836630e+00
1.024463964642994274e+00
1.024189704357733488e+00
1.023933113494400970e+00
1.023704606529484584e+00
1.023515570009628117e+00
1.023378518267089365e+00
1.023307056438320650e+00
1.023315836731995665e+00
1.023421628212020318e+00
1.023645779495462760e+00
1.024018102799709729e+00
1.024584212269556982e+00
1.025422032309193821e+00
1.026683259469416853e+00
1.028710428495066775e+00
1.032450279402475468e+00
1.041444424157150550e+00
1.070927501994892062e+00
1.210272401510667839e+00
1.025116622508267961e+00
1.002855845418457514e+00
