9.726578817979865121e-01
9.751831103996451144e-01
9.768260988238893772e-01
9.799328217059731783e-01
9.820128043177804855e-01
9.854301919365816564e-01
9.888041374329107347e-01
9.932969894783688636e-01
9.986860713455526506e-01
1.005510111502278203e+00
1.014017102244354041e+00
1.024611814696902101e+00
1.037659024621975234e+00
1.053528334179271608e+00
1.072545154027157110e+00
1.094963779203514953e+00
1.120926122963969540e+00
1.150418629007993632e+00
1.183227215412245847e+00
1.218894958413134333e+00
1.256686910539435154e+00
1.295566473730675128e+00
1.334186386630537013e+00
1.370899572232574526e+00
1.403804103836152617e+00
1.430851804391898074e+00
1.450041410954608923e+00
1.459660864149228132e+00
1.458514359429273322e+00
1.446080061130800010e+00
1.422566628558072477e+00
1.388879865040590911e+00
1.346519612261963816e+00
1.297436476025166874e+00
1.243874297394282902e+00
1.188198224658504554e+00
1.132733093809176195e+00
1.079606647943966991e+00
1.030590305555271424e+00
9.869687916822673657e-01
9.494366732828044553e-01
9.180857833270443802e-01
8.924884233464327465e-01
8.718272033350862316e-01
8.550874178685505811e-01
8.412246646684902185e-01
8.293129396263285713e-01
8.186463933002089410e-01
8.087401417332227282e-01
7.993214319329989825e-01
7.902822357458967328e-01
7.816584457843731570e-01
7.736213119001118521e-01
7.664396082356332851e-01
7.604668925927715595e-01
7.560974102455947365e-01
7.537444026622891480e-01
7.538044827181973329e-01
7.566364283837522242e-01
7.625415765179619498e-01
7.716966971752299287e-01
7.840790904274572704e-01
7.993492190457661684e-01
8.167761777927189382e-01
8.352718863570977037e-01
8.536160412922130236e-01
8.707920688096363326e-01
8.862409189330231474e-01
8.998765595814331997e-01
9.118981754864018408e-01
9.225689513557074894e-01
9.320907490271593820e-01
9.405919628534664678e-01
9.481618860619551725e-01
9.548810484431965451e-01
9.608280434390018554e-01
9.660785995534885151e-01
9.707019473768624396e-01
9.747620054198886663e-01
9.783166720460166887e-01
9.814195573512802806e-01
9.841190960597249182e-01
9.864600734094381984e-01
9.884826453605976004e-01
9.902235910640402317e-01
9.917152089062201137e-01
9.929866963846799566e-01
9.940649316441486638e-01
9.949738669102619060e-01
9.957361550420069651e-01
9.963711460755338978e-01
9.968963686952816428e-01
9.973269014694140511e-01
9.976758425274543374e-01
9.979561977017177288e-01
9.981782773992701197e-01
9.983512407430314983e-01
9.984839406896984793e-01
9.985831746412053844e-01
9.986553550101200383e-01
9.987062141288077788e-01
9.987398426487437142e-01
9.987603627246207649e-01
9.987715661736790151e-01
9.987757454281630531e-01
9.987751704472744851e-01
9.987724787048748443e-01
9.987690186177544671e-01
9.987656650272055403e-01
9.987638806531385915e-01
9.987648748729410775e-01
9.987688352811999737e-01
9.987758186109879643e-01
9.987864106779202888e-01
9.988009964385033967e-01
9.988195376829659411e-01
9.988417616237171837e-01
9.988676138173395724e-01
9.988971755590427826e-01
9.989304324799958001e-01
9.989672824865443168e-01
9.990074100473177454e-01
9.990504680639965551e-01
9.990962625752008996e-01
9.991446009229703051e-01
9.991952640136727570e-01
9.992480179723474132e-01
9.993026347631632778e-01
9.993588903678074509e-01
9.994165689596884450e-01
9.994754457715754326e-01
9.995352825343694070e-01
9.995958347897079266e-01
9.996568667570935318e-01
9.997181587782129064e-01
9.997795073702299140e-01
9.998407332689052129e-01
9.999016894203532901e-01
9.999622483780506998e-01
1.000022280361227978e+00
1.000081651128437832e+00
1.000140222654464894e+00
1.000197857015704184e+00
1.000254411942054888e+00
1.000309752612965841e+00
1.000363737286538157e+00
1.000416203161367257e+00
1.000467023073167816e+00
1.000516122338203973e+00
1.000563442164107419e+00
1.000608911079411412e+00
1.000652437542226547e+00
1.000693954335788005e+00
1.000733420303330901e+00
1.000770754068599722e+00
1.000805851023295778e+00
1.000838630698547727e+00
1.000868994693425718e+00
1.000896864994174518e+00
1.000922223544567169e+00
1.000945051810415043e+00
1.000965353976378980e+00
1.000983126447435589e+00
1.000998371278626786e+00
1.001011106761275693e+00
1.001021360681948247e+00
1.001029169568225186e+00
1.001034589264560237e+00
1.001037703615631269e+00
1.001038579372464543e+00
1.001037310766609512e+00
1.001034004088825702e+00
1.001028773408171979e+00
1.001021771160306217e+00
1.001013177764826789e+00
1.001003187300754771e+00
1.000992032923372577e+00
1.000979990224237337e+00
1.000967346047907824e+00
1.000954402593460468e+00
1.000941478752656710e+00
1.000928898872228023e+00
1.000917004344636041e+00
1.000906169528232192e+00
1.000896805894709418e+00
1.000889368792070133e+00
1.000884357736000707e+00
1.000882317023379597e+00
1.000883877447358961e+00
1.000889850031548844e+00
1.000901374406298894e+00
1.000920198576258358e+00
1.000949304243741178e+00
1.000994461100933375e+00
1.001068520874922374e+00
1.001206301778172270e+00
1.001535621173775814e+00
1.002791653771775593e+00
1.009976283160857413e+00
1.001807032010564535e+00
9.987498039818717421e-01
