1.393084844935746691e+00
1.392882730742440955e+00
1.397063489574111861e+00
1.400614283858357068e+00
1.408103513347912505e+00
1.415376660985022239e+00
1.427207871888484192e+00
1.439078723567646101e+00
1.456052444014791725e+00
1.473359024074576862e+00
1.496292919046002368e+00
1.519742357781272091e+00
1.549111520150920018e+00
1.578834344267503687e+00
1.614223556340796284e+00
1.649159446908244897e+00
1.688739291823649902e+00
1.726482645228040402e+00
1.767562236344062399e+00
1.805015835989497885e+00
1.839012587467266702e+00
1.853149134376917306e+00
1.850955583498298918e+00
1.823330126003471552e+00
1.777896180992592168e+00
1.712401032195121964e+00
1.635454303829829259e+00
1.549366372114530321e+00
1.461230626970276392e+00
1.375307874237708283e+00
1.295990762085490688e+00
1.225586146284273648e+00
1.165974826198763248e+00
1.116017180870108261e+00
1.075620737770042856e+00
1.042334759234172736e+00
1.014213837802906637e+00
9.902693433558007463e-01
9.690092324142338676e-01
9.501541202306917899e-01
9.328839611756414296e-01
9.164926618706225048e-01
9.012745732641859187e-01
8.869662056249076887e-01
8.737724177338729303e-01
8.614956709490122488e-01
8.498245110103130884e-01
8.390090699922034823e-01
8.289260641165645538e-01
8.197164309808215865e-01
8.112466156983842991e-01
8.033526826629562301e-01
7.961098715767823686e-01
7.894115684806144451e-01
7.833756836102553356e-01
7.779661681689089558e-01
7.732454932280702353e-01
7.691909454258707424e-01
7.657600091422391841e-01
7.630861705886737845e-01
7.612411147582152093e-01
7.604738475463814762e-01
7.610053325989490913e-01
7.631830656088246512e-01
7.673639560856486685e-01
7.739868386052719540e-01
7.835152266862579484e-01
7.964288752062695931e-01
8.131760707181926451e-01
8.340367696268156106e-01
8.589960475328138889e-01
8.874425710925569755e-01
9.181291111461918897e-01
9.492203162942357553e-01
9.789685905141594091e-01
1.006010629486089991e+00
1.029712785698873478e+00
1.049802933565916474e+00
1.066460043863966201e+00
1.079891649194862246e+00
1.090510144668361381e+00
1.098604301728159260e+00
1.104561515956953732e+00
1.108621963175312031e+00
1.111077105498037287e+00
1.112113203696583286e+00
1.111915367150212886e+00
1.110655037588693661e+00
1.108444495397452378e+00
1.105442317112662609e+00
1.101732614608940342e+00
1.097432700497154912e+00
1.092629916379448174e+00
1.087392341217694902e+00
1.081819988413304179e+00
1.075969150965884413e+00
1.069906310071348843e+00
1.063705891997263953e+00
1.057414695607927113e+00
1.051093217274681413e+00
1.044798106598006759e+00
1.038568083215553273e+00
1.032451125088057031e+00
1.026494822341223578e+00
1.020729124217990114e+00
1.015186541398136466e+00
1.009909272979901296e+00
1.004919351761034640e+00
1.000235249554933370e+00
9.958827250943537157e-01
9.918837051407355387e-01
9.882429370458183371e-01
9.849606914240922606e-01
9.820451927442674922e-01
9.794977995717609742e-01
9.773127391779355966e-01
9.754765626218433461e-01
9.739788657144134998e-01
9.728106521854313904e-01
9.719598145832488711e-01
9.714121507574794423e-01
9.711471368509824176e-01
9.711425652714235079e-01
9.713794907625942221e-01
9.718387205389952266e-01
9.725010621168634906e-01
9.733471806947814331e-01
9.743583171028322720e-01
9.755162543586952673e-01
9.768036080782402930e-01
9.782033828181302404e-01
9.796989389232767520e-01
9.812741947775536211e-01
9.829140697619938027e-01
9.846047327873396204e-01
9.863336278258648671e-01
9.880896629887364613e-01
9.898633591751982985e-01
9.916464437156365941e-01
9.934311701637681402e-01
9.952101975403405687e-01
9.969765204887101051e-01
9.987235654954879083e-01
1.000445006163230399e+00
1.002135067446801253e+00
1.003788147946899523e+00
1.005398410499286355e+00
1.006961302126488711e+00
1.008473934837558650e+00
1.009934070043134069e+00
1.011339345631887765e+00
1.012687001334695580e+00
1.013975015999742046e+00
1.015202148030978968e+00
1.016366159415600157e+00
1.017464251413630061e+00
1.018494340285209798e+00
1.019453921425370391e+00
1.020341104249276265e+00
1.021155660434434953e+00
1.021897355201740298e+00
1.022566608640408825e+00
1.023163616205406301e+00
1.023688722859603439e+00
1.024142685704586553e+00
1.024526500562021214e+00
1.024841387429929584e+00
1.025089049699358990e+00
1.025271928921816400e+00
1.025391982022425097e+00
1.025451889931648930e+00
1.025454633402232973e+00
1.025403393253545570e+00
1.025302367335161779e+00
1.025156500509234903e+00
1.024971111035396953e+00
1.024752567128736302e+00
1.024508379611644981e+00
1.024246368187579748e+00
1.023974768929881041e+00
1.023702261230908350e+00
1.023437660518506265e+00
1.023190221732658500e+00
1.022970053432353144e+00
1.022788208907783547e+00
1.022656837781618089e+00
1.022589150090781107e+00
1.022599373388445088e+00
1.022703792124050493e+00
1.022923140396584607e+00
1.023286374260149456e+00
1.023837797421383256e+00
1.024653090087009222e+00
1.025879556260548053e+00
1.027849653760066762e+00
1.031482167797092009e+00
1.040213132982715116e+00
1.068981422012869720e+00
1.205482314523883325e+00
1.024474902535089438e+00
1.002558968510243176e+00
