9.567756467857925218e-01
9.608672738933889956e-01
9.663068501891367568e-01
9.702987686549783275e-01
9.761994308963226619e-01
9.813674655463103802e-01
9.879566294293944395e-01
9.950294193970412593e-01
1.003482247593333376e+00
1.013344262777864824e+00
1.025080959598847041e+00
1.039007022485823217e+00
1.055496071600788399e+00
1.074874442937235219e+00
1.097418828286572223e+00
1.123312451206607721e+00
1.152607262934895349e+00
1.185180443966271202e+00
1.220692131883472031e+00
1.258547476085783989e+00
1.297867587777446374e+00
1.337473222267599793e+00
1.375884235190336868e+00
1.411342322018934725e+00
1.441876670468827504e+00
1.465441799066587558e+00
1.480130445181090160e+00
1.484410043961442938e+00
1.477325059611051872e+00
1.458624901108647398e+00
1.428795873989906262e+00
1.389013309697224363e+00
1.341032341466540601e+00
1.287041415275700373e+00
1.229498870003814304e+00
1.170949109137340738e+00
1.113842711347128978e+00
1.060356901891750914e+00
1.012214660757025264e+00
9.705433276298077727e-01
9.357803528820305417e-01
9.076966657936675897e-01
8.855355445816224247e-01
8.681975232207258530e-01
8.544684108878412010e-01
8.431932740094332246e-01
8.334070552763064299e-01
8.244094988874399732e-01
8.157407706594984598e-01
8.071547412255500875e-01
7.985622537890831873e-01
7.900069040665205211e-01
7.816578616162710436e-01
7.737770944510637960e-01
7.667125061687745102e-01
7.608602496507367308e-01
7.566480459741230513e-01
7.545038395277683385e-01
7.548408794387804210e-01
7.580488781402713316e-01
7.644453478146707726e-01
7.742241320736159560e-01
7.873485000597227890e-01
8.034376149944769674e-01
8.216790318418825123e-01
8.408873328785869683e-01
8.597592336396360224e-01
8.772404239702621398e-01
8.927859038359288180e-01
9.063596797061240773e-01
9.182240765979547970e-01
9.286939680137338282e-01
9.380015282524990505e-01
9.462832967815328900e-01
9.536275991490953396e-01
9.601121039413874625e-01
9.658169479399694168e-01
9.708200020356315685e-01
9.751939511209973821e-01
9.790041535829832053e-01
9.823107492288560838e-01
9.851681989923438687e-01
9.876268830344696603e-01
9.897320817870749465e-01
9.915251986295393616e-01
9.930426789912283336e-01
9.943174543354802442e-01
9.953798222188408040e-01
9.962569150643820759e-01
9.969743127861923071e-01
9.975539857968613866e-01
9.980157242947959029e-01
9.983765467192954324e-01
9.986512770978566156e-01
9.988544892132674713e-01
9.989978458221241420e-01
9.990916554891001722e-01
9.991457874904409175e-01
9.991678802975496598e-01
9.991650614769906902e-01
9.991436547823674408e-01
9.991081537605833729e-01
9.990630464671015343e-01
9.990124398998642130e-01
9.989587350104305319e-01
9.989042971055986930e-01
9.988519301698813857e-01
9.988029541052556581e-01
9.987581192551084897e-01
9.987188986602736351e-01
9.986864911156168034e-01
9.986608682593385300e-01
9.986418464147369667e-01
9.986299088709017502e-01
9.986253253951954401e-01
9.986278502985269645e-01
9.986369601396061224e-01
9.986524157529929058e-01
9.986741655573020404e-01
9.987020541111818472e-01
9.987358231786199747e-01
9.987749584336822473e-01
9.988189150653099535e-01
9.988673486672235979e-01
9.989199270703714717e-01
9.989762920971266835e-01
9.990360738272019425e-01
9.990989160419001536e-01
9.991644736510856273e-01
9.992324172255389048e-01
9.993024110399187920e-01
9.993741067962952362e-01
9.994471525078284513e-01
9.995212109419951974e-01
9.995959687360573831e-01
9.996711362078644081e-01
9.997464572378886860e-01
9.998217190921143693e-01
9.998967362516533175e-01
9.999713224599340311e-01
1.000045287779678160e+00
1.000118439297912554e+00
1.000190585857912096e+00
1.000261532336575998e+00
1.000331094368964280e+00
1.000399080061230128e+00
1.000465272065948819e+00
1.000529499119710453e+00
1.000591657285066605e+00
1.000651663587126539e+00
1.000709419750302143e+00
1.000764802808436604e+00
1.000817721168960395e+00
1.000868116735543767e+00
1.000915881064071478e+00
1.000960876772857056e+00
1.001002997385996851e+00
1.001042114148207762e+00
1.001078124420976545e+00
1.001111001671607159e+00
1.001140719049692818e+00
1.001167278637024927e+00
1.001190672879724630e+00
1.001210901532976205e+00
1.001227985029379708e+00
1.001241955933892314e+00
1.001252857968354837e+00
1.001260759368910680e+00
1.001265763839156886e+00
1.001267953521624010e+00
1.001267445334083961e+00
1.001264371462228464e+00
1.001258873929873561e+00
1.001251143261852716e+00
1.001241405340227208e+00
1.001229903272451871e+00
1.001216929512761089e+00
1.001202830089382712e+00
1.001187965143924385e+00
1.001172714082196213e+00
1.001157477223382886e+00
1.001142661531216671e+00
1.001128695191788598e+00
1.001116047634087014e+00
1.001105234610886852e+00
1.001096826504489723e+00
1.001091448315256205e+00
1.001089779835092619e+00
1.001092607408077262e+00
1.001100940755208057e+00
1.001116197496631610e+00
1.001140550894815462e+00
1.001177707838388775e+00
1.001234844059191387e+00
1.001327950331256211e+00
1.001500364336660454e+00
1.001911195126033993e+00
1.003475348748394724e+00
1.012349133973375448e+00
1.002140769375003737e+00
9.986057012192486315e-01
