9.867602143121290137e-01
9.876006189211354869e-01
9.872440174630420229e-01
9.886517963552162724e-01
9.885984869596712299e-01
9.900345021871490570e-01
9.911155588480121681e-01
9.932259447820478426e-01
9.959695526391675324e-01
9.999119881956156641e-01
1.005243798334490180e+00
1.012358685320239982e+00
1.021611692600999044e+00
1.033387476751286727e+00
1.048050507983952828e+00
1.065924611109237974e+00
1.087254553213390373e+00
1.112164489660204314e+00
1.140611598704177831e+00
1.172339328813329695e+00
1.206834547956018966e+00
1.243293527592497671e+00
1.280600403921076769e+00
1.317322094971441260e+00
1.351728039107380930e+00
1.381858346794140324e+00
1.405675320585379584e+00
1.421294459132758758e+00
1.427237922832815809e+00
1.422637868229674751e+00
1.407337384716888629e+00
1.381886867826587650e+00
1.347452982475511929e+00
1.305675822687830001e+00
1.258509188949888058e+00
1.208050999555659422e+00
1.156392713619235790e+00
1.105484268080077603e+00
1.057005267121411407e+00
1.012266399556899454e+00
9.721276786737237385e-01
9.369812271429850403e-01
9.067964744148935274e-01
8.811880307497444997e-01
8.595410384668391579e-01
8.411312050096294568e-01
8.252562441634754276e-01
8.113460515646405691e-01
7.989855491209241212e-01
7.879288952657849121e-01
7.780689879967414013e-01
7.694274580853830425e-01
7.621500925107949076e-01
7.564675234822533234e-01
7.526799236877137478e-01
7.511096429458229418e-01
7.520766399797662594e-01
7.558575058619209086e-01
7.626503421822654616e-01
7.725319317236956085e-01
7.853643233690542624e-01
8.007153869173974092e-01
8.178060262708571893e-01
8.355973153480795723e-01
8.530215272228466317e-01
8.692712968920197625e-01
8.839584723954009293e-01
8.970620871943313368e-01
9.087474525839120965e-01
9.192039013071932052e-01
9.285773134273748175e-01
9.369723894305733713e-01
9.444758156544948990e-01
9.511674071770488403e-01
9.571232912912143176e-01
9.624135854161649517e-01
9.671033739866169432e-01
9.712517934446573964e-01
9.749137748019416350e-01
9.781390177940371133e-01
9.809735121800444713e-01
9.834586209105289356e-01
9.856326090588278799e-01
9.875296689601366085e-01
9.891811946611641648e-01
9.906146651188899588e-01
9.918549454612767269e-01
9.929249464328921970e-01
9.938449352055886976e-01
9.946341797490795278e-01
9.953090155176875786e-01
9.958843730751080203e-01
9.963731122940651108e-01
9.967863563690255724e-01
9.971352840370929504e-01
9.974286681850033087e-01
9.976743666969966062e-01
9.978800439469147632e-01
9.980515486444294648e-01
9.981944686847550319e-01
9.983138342874923188e-01
9.984132830096213995e-01
9.984964982212669593e-01
9.985668770515915282e-01
9.986265815810351221e-01
9.986777511833564436e-01
9.987227937069498296e-01
9.987630702698000462e-01
9.987995710240238356e-01
9.988337130242229689e-01
9.988666887474336731e-01
9.988988997934071801e-01
9.989306380017723974e-01
9.989625716762503549e-01
9.989951902081160018e-01
9.990286578919170823e-01
9.990629507954023047e-01
9.990981925712402179e-01
9.991345901758478254e-01
9.991722659568265108e-01
9.992112694161938702e-01
9.992514828414719164e-01
9.992927562701464650e-01
9.993350433236090069e-01
9.993782890810570807e-01
9.994224122108882336e-01
9.994673139167501441e-01
9.995128935030194173e-01
9.995590474211161203e-01
9.996056729359492632e-01
9.996526560513275816e-01
9.996998686673731482e-01
9.997471742431036645e-01
9.997944389203304860e-01
9.998415372195145201e-01
9.998883523419624941e-01
9.999347822739719227e-01
9.999807458413759731e-01
1.000026173795875106e+00
1.000070993107813555e+00
1.000115125646019232e+00
1.000158488822239899e+00
1.000200998574280575e+00
1.000242566252686816e+00
1.000283107335263599e+00
1.000322531120998670e+00
1.000360730548149890e+00
1.000397623428147531e+00
1.000433164724047641e+00
1.000467320111179337e+00
1.000500045372170632e+00
1.000531281089348745e+00
1.000560984898279493e+00
1.000589132808639814e+00
1.000615671191063205e+00
1.000640529152174052e+00
1.000663652928885039e+00
1.000684975392986287e+00
1.000704443880334527e+00
1.000722048919632678e+00
1.000737780429935109e+00
1.000751644597520862e+00
1.000763641775690438e+00
1.000773776252216418e+00
1.000782063943204570e+00
1.000788527526130345e+00
1.000793195913286082e+00
1.000796111935424726e+00
1.000797338659798807e+00
1.000796926708218848e+00
1.000794946595632950e+00
1.000791477560153186e+00
1.000786604475473629e+00
1.000780440042775554e+00
1.000773117278852986e+00
1.000764779148885397e+00
1.000755597011860232e+00
1.000745773078074663e+00
1.000735517829305810e+00
1.000725053026280120e+00
1.000714612720384533e+00
1.000704435162688366e+00
1.000694771282984341e+00
1.000685896338370906e+00
1.000678113076986175e+00
1.000671756876714058e+00
1.000667196320393915e+00
1.000664834219185950e+00
1.000665138807813159e+00
1.000668713342940386e+00
1.000676406663819407e+00
1.000689521828246553e+00
1.000710281742115182e+00
1.000742985070619984e+00
1.000797199768227230e+00
1.000898831693399327e+00
1.001142955077678698e+00
1.002076530103565233e+00
1.007477021508179194e+00
1.001438210487838543e+00
9.989301176106341051e-01
