9.921555142561339080e-01
9.914811953740504391e-01
9.924478972638389740e-01
9.912387850184465332e-01
9.922883441224825685e-01
9.919319398777628471e-01
9.929318930154180656e-01
9.938679066049256328e-01
9.957708707524424163e-01
9.984961752379708511e-01
1.002489348682691572e+00
1.008010250627407123e+00
1.015432660800746456e+00
1.025121266758294070e+00
1.037450278772810819e+00
1.052766873779109380e+00
1.071361595939786637e+00
1.093427659557131726e+00
1.119015831084179569e+00
1.147986576191236008e+00
1.179963989382332379e+00
1.214296334029023816e+00
1.250027122768038845e+00
1.285880452621870118e+00
1.320266446568967300e+00
1.351325649011132501e+00
1.377049642250491868e+00
1.395492927669321537e+00
1.405034421262505884e+00
1.404609469767004404e+00
1.393844730865569037e+00
1.373080840090662891e+00
1.343293999869987543e+00
1.305953896475876563e+00
1.262858712192612476e+00
1.215959861896157346e+00
1.167209530440149523e+00
1.118430402190996098e+00
1.071199300795944609e+00
1.026767308053202932e+00
9.859989291798808564e-01
9.493693304202016625e-01
9.170098450254442479e-01
8.887589892603940944e-01
8.642558416743612026e-01
8.430240455270352484e-01
8.245743536514765770e-01
8.084987861995641678e-01
7.944910895461257949e-01
7.823668338993495786e-01
7.720417961514800531e-01
7.635309672922475643e-01
7.569503348058636005e-01
7.524811042698733576e-01
7.503567661709498182e-01
7.508168970799350417e-01
7.540814822682923024e-01
7.603047170996142246e-01
7.695280277532930979e-01
7.816245933501719811e-01
7.962084599511182192e-01
8.125972715800675594e-01
8.298554444288602783e-01
8.469869032187600233e-01
8.631854547545558809e-01
8.780051749092370184e-01
8.913451473044761153e-01
9.033057359208588322e-01
9.140413813585060998e-01
9.236861208907811704e-01
9.323447959577610966e-01
9.401050415767333579e-01
9.470476084184357157e-01
9.532474605642277110e-01
9.587747805205051321e-01
9.636936099296330438e-01
9.680634272821135866e-01
9.719382397358927728e-01
9.753682112643644597e-01
9.783986078710785739e-01
9.810713097946789363e-01
9.834238864809786707e-01
9.854911103675406681e-01
9.873039806822284659e-01
9.888910108799122689e-01
9.902771103938301511e-01
9.914848378657180605e-01
9.925349926320965466e-01
9.934458877802549992e-01
9.942349983970590888e-01
9.949170726876369608e-01
9.955056686212975237e-01
9.960124768482258029e-01
9.964475843569661206e-01
9.968211882139230706e-01
9.971412579243046359e-01
9.974149702232512071e-01
9.976493453789292420e-01
9.978497377647113087e-01
9.980212929179865800e-01
9.981686546135006832e-01
9.982952194068741569e-01
9.984044244341717667e-01
9.984994396186647192e-01
9.985823475599443499e-01
9.986552021048946681e-01
9.987202697571219145e-01
9.987789024874271782e-01
9.988321306400643751e-01
9.988813283753609218e-01
9.989276626335971132e-01
9.989716256297564989e-01
9.990136086040992680e-01
9.990543043234062504e-01
9.990942409913359246e-01
9.991336690536939402e-01
9.991726736447630319e-01
9.992114536180137785e-01
9.992502672782948014e-01
9.992892947835051443e-01
9.993286504405477499e-01
9.993683041360618136e-01
9.994081935742975542e-01
9.994483367085218450e-01
9.994887390543194527e-01
9.995293800675985052e-01
9.995702208091803431e-01
9.996112170911081174e-01
9.996523189511099527e-01
9.996934740176293133e-01
9.997346178282362494e-01
9.997756717649773917e-01
9.998165479227709707e-01
9.998571584480966390e-01
9.998974203974809738e-01
9.999372561490256217e-01
9.999765985748794161e-01
1.000015396163281389e+00
1.000053605834888115e+00
1.000091180169434546e+00
1.000128066446775987e+00
1.000164207270818784e+00
1.000199543115093404e+00
1.000234009839795934e+00
1.000267545935090485e+00
1.000300084129347455e+00
1.000331543079942875e+00
1.000361861291079402e+00
1.000391007237179108e+00
1.000418957710571100e+00
1.000445680964846984e+00
1.000471132391832496e+00
1.000495281036011708e+00
1.000518110714827991e+00
1.000539580632071157e+00
1.000559635568687655e+00
1.000578234144089196e+00
1.000595323793982860e+00
1.000610863640315262e+00
1.000624848096058228e+00
1.000637270920548660e+00
1.000648139101749434e+00
1.000657454724616091e+00
1.000665223005703375e+00
1.000671458620724819e+00
1.000676181721544156e+00
1.000679417515829783e+00
1.000681202584427831e+00
1.000681590079991246e+00
1.000680622907379025e+00
1.000678360281359813e+00
1.000674868565011755e+00
1.000670218744872386e+00
1.000664504656906040e+00
1.000657836829885294e+00
1.000650333986169649e+00
1.000642138194184350e+00
1.000633416898799144e+00
1.000624344403026722e+00
1.000615104356801011e+00
1.000605890612495497e+00
1.000596900616974816e+00
1.000588342417126686e+00
1.000580444285682935e+00
1.000573457411946698e+00
1.000567660260683445e+00
1.000563359261701812e+00
1.000560889996049196e+00
1.000560643373714198e+00
1.000563123748978267e+00
1.000569041467936682e+00
1.000579487611748419e+00
1.000596323573499591e+00
1.000623147316082262e+00
1.000667962943873501e+00
1.000752432380502155e+00
1.000956036193140886e+00
1.001736049702840026e+00
1.006279140438146813e+00
1.001252028016336171e+00
9.990317751370344501e-01
