9.250977530094341983e-01
9.349845841008701530e-01
9.441704256828619135e-01
9.550058359383765128e-01
9.650153162658842154e-01
9.765683998823943002e-01
9.882942761772024465e-01
1.001355208381156325e+00
1.015522294914279033e+00
1.031313649782342301e+00
1.048939535600179163e+00
1.068743938611833810e+00
1.091003050034053956e+00
1.115965321781997366e+00
1.143798916032063406e+00
1.174563006383185559e+00
1.208167376149008154e+00
1.244333559199452210e+00
1.282557847417240771e+00
1.322080777446732025e+00
1.361866682900652048e+00
1.400596748061460506e+00
1.436679778155624199e+00
1.468293485840356460e+00
1.493481574052325955e+00
1.510324030257122141e+00
1.517156332373161387e+00
1.512781700004691032e+00
1.496635235873201575e+00
1.468874343280631711e+00
1.430382535296647939e+00
1.382704625902780871e+00
1.327927001823699493e+00
1.268520305792968150e+00
1.207159973889563087e+00
1.146520031754149294e+00
1.089068015555662239e+00
1.036864050475720500e+00
9.913728114099658040e-01
9.533414178497665592e-01
9.227559100152524785e-01
8.989398933935688341e-01
8.807696439974554981e-01
8.669068437391928006e-01
8.560338058443819342e-01
8.470004194230374983e-01
8.389121656130765770e-01
8.311652044710576837e-01
8.233928019123024633e-01
8.154205715464933890e-01
8.072012188958119783e-01
7.987878437668163301e-01
7.903293060352311050e-01
7.820445531216969615e-01
7.742252120856076836e-01
7.672096790894727958e-01
7.613778195082672173e-01
7.571298599966747034e-01
7.548808961727672129e-01
7.550620856279537385e-01
7.580877053497296902e-01
7.643296563153534340e-01
7.740444929071174096e-01
7.872789755392727296e-01
8.037322047317448925e-01
8.226467132539793115e-01
8.428229311492662079e-01
8.628484468965889054e-01
8.814838390306802829e-01
8.979940801584054277e-01
9.122337371035444953e-01
9.244695644163424264e-01
9.351028238074601262e-01
9.444623706686071651e-01
9.527447312708386962e-01
9.600535714991182967e-01
9.664629208350222767e-01
9.720491464741725096e-01
9.768949735546837987e-01
9.810799681569268849e-01
9.846768531927790891e-01
9.877503211142836248e-01
9.903597166914176464e-01
9.925586077589495515e-01
9.943959853838907348e-01
9.959151340496752436e-01
9.971551488201116920e-01
9.981519727601779746e-01
9.989379946280890765e-01
9.995436452833379448e-01
9.999952658515675052e-01
1.000316443807623523e+00
1.000527474861826915e+00
1.000646088758959218e+00
1.000689471173551670e+00
1.000671580539925554e+00
1.000604694695382602e+00
1.000500388244702776e+00
1.000367744474089271e+00
1.000215105557685336e+00
1.000049775746244540e+00
9.998769550727224509e-01
9.997017355240288561e-01
9.995287142289425164e-01
9.993604835631496597e-01
9.991995531498389926e-01
9.990489503726522891e-01
9.989099278202465682e-01
9.987830007752765971e-01
9.986696095892773073e-01
9.985708915281409359e-01
9.984864125735403162e-01
9.984155275835681076e-01
9.983584913749237177e-01
9.983153384014831211e-01
9.982854211655267651e-01
9.982677355400569885e-01
9.982616779504881466e-01
9.982669309673517510e-01
9.982830629995559368e-01
9.983095090252532833e-01
9.983453719363327705e-01
9.983897264556099715e-01
9.984419339741907873e-01
9.985013914159642789e-01
9.985674711004244308e-01
9.986395398331179285e-01
9.987169933124112609e-01
9.987992524150093310e-01
9.988857681141051215e-01
9.989759906759900776e-01
9.990693600712975408e-01
9.991653177730884794e-01
9.992633318260645270e-01
9.993629090737381482e-01
9.994635945353506079e-01
9.995649846666928573e-01
9.996667405285950547e-01
9.997685649448889711e-01
9.998701633373329178e-01
9.999712391708859283e-01
1.000071494716438192e+00
1.000170637317292943e+00
1.000268371329262607e+00
1.000364418215898610e+00
1.000458490963225477e+00
1.000550269164407258e+00
1.000639498111574932e+00
1.000726018253617067e+00
1.000809700612753650e+00
1.000890396123755410e+00
1.000967922543909427e+00
1.001042142218874664e+00
1.001112964904647518e+00
1.001180231240930807e+00
1.001243742363218336e+00
1.001303342941606056e+00
1.001358847363231996e+00
1.001410106857781646e+00
1.001457078860816585e+00
1.001499720855761444e+00
1.001538030827076486e+00
1.001571993694733154e+00
1.001601604784824850e+00
1.001626888379401725e+00
1.001647885810956984e+00
1.001664654070750116e+00
1.001677284345502850e+00
1.001685917183348318e+00
1.001690663258733238e+00
1.001691681589440996e+00
1.001689152432328811e+00
1.001683269713065094e+00
1.001674294718996716e+00
1.001662537816509824e+00
1.001648333230390042e+00
1.001632083646088800e+00
1.001614266050905755e+00
1.001595376860655806e+00
1.001575939018488626e+00
1.001556504218951593e+00
1.001537632989443205e+00
1.001519914819523738e+00
1.001503995802729863e+00
1.001490585434907876e+00
1.001480467760676563e+00
1.001474500750755281e+00
1.001473615584768107e+00
1.001478887002935414e+00
1.001491692930732036e+00
1.001513965950270091e+00
1.001548666921595609e+00
1.001600845735556078e+00
1.001680282203920802e+00
1.001808781019133621e+00
1.002045457062058498e+00
1.002607343567088138e+00
1.004741672768564742e+00
1.016709456952292312e+00
1.002726224670311028e+00
9.983880840085876951e-01
