9.432004434192173825e-01
9.498586766632449718e-01
9.565650673862772235e-01
9.637284690798227915e-01
9.710768053327378801e-01
9.790911507912758438e-01
9.877357167932755422e-01
9.973862567149690550e-01
1.008246632701167877e+00
1.020660407734573116e+00
1.034946419974259291e+00
1.051452203481875625e+00
1.070507718662751406e+00
1.092410147264448739e+00
1.117390040643183813e+00
1.145576472552490399e+00
1.176956941425897574e+00
1.211335818374928541e+00
1.248294201815405291e+00
1.287155284208643780e+00
1.326959319851683583e+00
1.366451797181686523e+00
1.404088195932868155e+00
1.438065048578478056e+00
1.466400185048754468e+00
1.487087677447281653e+00
1.498316983450198148e+00
1.498700114132190064e+00
1.487456484094743958e+00
1.464522837017078860e+00
1.430571470708546400e+00
1.386954312818062807e+00
1.335589242046778535e+00
1.278809300963817730e+00
1.219192356482782014e+00
1.159366694153421529e+00
1.101818044168169752e+00
1.048697186893864819e+00
1.001631317206627347e+00
9.615864837436971513e-01
9.287928154878332121e-01
9.028020233121304416e-01
8.826650341023912771e-01
8.671452573561343469e-01
8.549560434416292320e-01
8.449256934109885542e-01
8.361089105842354208e-01
8.278420517660298739e-01
8.197035528978758867e-01
8.114776073889534702e-01
8.030929158311527205e-01
7.945972191489588665e-01
7.861515128900375959e-01
7.780009109387726607e-01
7.704723485406324013e-01
7.639422941808939882e-01
7.588249326018312590e-01
7.555449523991460969e-01
7.545266310611127292e-01
7.561899363379387395e-01
7.609104358328273587e-01
7.689817380961090354e-01
7.805244980604363336e-01
7.953757452213177093e-01
8.129622019544757716e-01
8.322624244474812194e-01
8.519502532750597990e-01
8.707317244664490863e-01
8.877104372229821516e-01
9.025581686516099822e-01
9.154132170278915792e-01
9.266205394928820338e-01
9.365053352979366696e-01
9.452782209351054954e-01
9.530567785540691172e-01
9.599201427080557014e-01
9.659457211275725985e-01
9.712141044849067484e-01
9.758043158569287279e-01
9.797880138864846211e-01
9.832304617271744318e-01
9.861904993276898734e-01
9.887225411404002573e-01
9.908756088260345374e-01
9.926944964545665329e-01
9.942186923986365832e-01
9.954838702773244341e-01
9.965228398193366477e-01
9.973650714387566341e-01
9.980383005842167199e-01
9.985664352034722135e-01
9.989709441044891669e-01
9.992702912491352452e-01
9.994805838097599038e-01
9.996175518702733465e-01
9.996938690918169002e-01
9.997207081714643007e-01
9.997086901502135747e-01
9.996660868415293555e-01
9.996005594940113870e-01
9.995188653127633494e-01
9.994258048774650183e-01
9.993261334625088699e-01
9.992241793630464164e-01
9.991224257773240192e-01
9.990233029965069900e-01
9.989297215057433288e-01
9.988429736308547247e-01
9.987637085351411814e-01
9.986933918762226359e-01
9.986332015770758019e-01
9.985829356780235866e-01
9.985422146076551320e-01
9.985114290129957215e-01
9.984907507469833465e-01
9.984797642193117273e-01
9.984777422641930578e-01
9.984842927099757404e-01
9.984992528180333116e-01
9.985223508690306282e-01
9.985531996897282214e-01
9.985911230833773855e-01
9.986354153428526059e-01
9.986856083114886706e-01
9.987412555935180070e-01
9.988018853096690686e-01
9.988670164347994707e-01
9.989361880685229123e-01
9.990089563321857824e-01
9.990848991077474484e-01
9.991635902799363977e-01
9.992445920620592892e-01
9.993274651247415763e-01
9.994117898725985993e-01
9.994971768873404105e-01
9.995832665493449287e-01
9.996697403688251660e-01
9.997563322467811764e-01
9.998428094592610726e-01
9.999289399186817029e-01
1.000014488556344672e+00
1.000099218050661154e+00
1.000182894220510210e+00
1.000265279298206966e+00
1.000346148960304715e+00
1.000425270924337307e+00
1.000502384028826963e+00
1.000577281550403708e+00
1.000649835949968036e+00
1.000719944731306210e+00
1.000787488040721929e+00
1.000852317693436300e+00
1.000914322509339982e+00
1.000973430737782444e+00
1.001029512252406661e+00
1.001082403469193194e+00
1.001131977099775305e+00
1.001178080145144200e+00
1.001220590295560653e+00
1.001259474197467636e+00
1.001294698325884802e+00
1.001326263029484354e+00
1.001354157553390190e+00
1.001378379773770533e+00
1.001398951778732505e+00
1.001415909888273559e+00
1.001429303501706780e+00
1.001439210666833945e+00
1.001445750834306425e+00
1.001449018343070874e+00
1.001449148104171849e+00
1.001446292847262942e+00
1.001440616776847037e+00
1.001432340654540010e+00
1.001421726460271611e+00
1.001409056232989370e+00
1.001394669522484460e+00
1.001378968305931538e+00
1.001362370945092950e+00
1.001345318169871268e+00
1.001328274973513954e+00
1.001311713931753333e+00
1.001296132152813323e+00
1.001282074554451507e+00
1.001270139681032845e+00
1.001260989226653741e+00
1.001255347768955417e+00
1.001254002571515089e+00
1.001257863298687489e+00
1.001268097143514391e+00
1.001286341986982853e+00
1.001315107988103081e+00
1.001358676519578550e+00
1.001425337220337664e+00
1.001533567794331780e+00
1.001733455077639778e+00
1.002208891005514690e+00
1.004017027895545144e+00
1.014219406995898964e+00
1.002395644411868236e+00
9.985058919840607006e-01
