9.779276541658852295e-01
9.796600121628518121e-01
9.807453697009715921e-01
9.829236661872748915e-01
9.843812225265399229e-01
9.868881447982804644e-01
9.894667632038215421e-01
9.930230116856896272e-01
9.974543691108349597e-01
1.003230621277702239e+00
1.010618613498960316e+00
1.020010429639236715e+00
1.031775956408626627e+00
1.046291889123921237e+00
1.063899902274193288e+00
1.084879166508736281e+00
1.109406348339930348e+00
1.137512523110182139e+00
1.169037455721054775e+00
1.203585647617770649e+00
1.240488628362070411e+00
1.278778097908643607e+00
1.317173133411963182e+00
1.354086129231394153e+00
1.387659659376175858e+00
1.415862438947036894e+00
1.436671111323265526e+00
1.448311556327158689e+00
1.449495302058998458e+00
1.439590808210135853e+00
1.418692227317471799e+00
1.387593718935892007e+00
1.347689287149373749e+00
1.300829878276409168e+00
1.249166329201696346e+00
1.194979962699946219e+00
1.140526428035994577e+00
1.087887431257090753e+00
1.038821781130047084e+00
9.946439580004740044e-01
9.561241080483638966e-01
9.234686943031881201e-01
8.963861426133488131e-01
8.741938197007799172e-01
8.559899401602084623e-01
8.408103532640699429e-01
8.277768982089450667e-01
8.162063786291500200e-01
8.056208147103723904e-01
7.957465695002775563e-01
7.864718454977681628e-01
7.778283683446207686e-01
7.699831251256171738e-01
7.631991832847935253e-01
7.578213397389919059e-01
7.542302862987344536e-01
7.528196582781071511e-01
7.539589438029264956e-01
7.579688686083112525e-01
7.650955213802468347e-01
7.754340668323116414e-01
7.888463841244250929e-01
8.048509405564544528e-01
8.225861430248522232e-01
8.409114165739742797e-01
8.586841591799381224e-01
8.750752319681706082e-01
8.897295222520397173e-01
9.026880072020069257e-01
9.141749450022650381e-01
9.244177655323900789e-01
9.335762555872092472e-01
9.417567070996427647e-01
9.490431509994240455e-01
9.555157154400869546e-01
9.612511519607649380e-01
9.663218155373500817e-01
9.707934654559039478e-01
9.747269896621661989e-01
9.781775902940771372e-01
9.811963807723986797e-01
9.838294720558058426e-01
9.861195055936741172e-01
9.881046775220697631e-01
9.898199973575694255e-01
9.912961780858149385e-01
9.925609912324687700e-01
9.936400091354875563e-01
9.945559702320788675e-01
9.953304116927512712e-01
9.959816878985788824e-01
9.965264696673665767e-01
9.969791019064935256e-01
9.973520293104012335e-01
9.976576582008277461e-01
9.979057891655966905e-01
9.981051495311762389e-01
9.982642032598989523e-01
9.983894324014881416e-01
9.984869780629529457e-01
9.985623441550021129e-01
9.986194710555795773e-01
9.986623389211370938e-01
9.986946136326170231e-01
9.987185460059037068e-01
9.987363661247078417e-01
9.987506405536115128e-01
9.987627249393771223e-01
9.987735363364890206e-01
9.987845267847907937e-01
9.987969038857757997e-01
9.988109306549985966e-01
9.988267469716778368e-01
9.988449704047629440e-01
9.988660240781171984e-01
9.988899413734559918e-01
9.989165367890318059e-01
9.989458190838625962e-01
9.989779145321437959e-01
9.990128572119527650e-01
9.990505986544249151e-01
9.990908925799899531e-01
9.991334608321882360e-01
9.991781613956378649e-01
9.992248499776824611e-01
9.992733557867202743e-01
9.993234922553050348e-01
9.993750759309303344e-01
9.994279249438664525e-01
9.994818630240516200e-01
9.995367041022836796e-01
9.995922483479324772e-01
9.996482889176561137e-01
9.997046255405863668e-01
9.997610713641724711e-01
9.998174530940877602e-01
9.998736183751368856e-01
9.999294431220595580e-01
9.999848201865971786e-01
1.000039639559599403e+00
1.000093786526917716e+00
1.000147142335957806e+00
1.000199587774065257e+00
1.000250999178178057e+00
1.000301259176918478e+00
1.000350243717009091e+00
1.000397809282068229e+00
1.000443844281981853e+00
1.000488284327604394e+00
1.000531079129541867e+00
1.000572166667658358e+00
1.000611466514971237e+00
1.000648920063910596e+00
1.000684492120366365e+00
1.000718110898048296e+00
1.000749683423370451e+00
1.000779138450690331e+00
1.000806388364735344e+00
1.000831363898234461e+00
1.000854049979450711e+00
1.000874431008839105e+00
1.000892511888129999e+00
1.000908290405596590e+00
1.000921769408792850e+00
1.000932966397318769e+00
1.000941907425729305e+00
1.000948626427834665e+00
1.000953174799187773e+00
1.000955629268644342e+00
1.000956051067467989e+00
1.000954526301526926e+00
1.000951151989942334e+00
1.000946032194247159e+00
1.000939305722810646e+00
1.000931136734308557e+00
1.000921701772653938e+00
1.000911212789371785e+00
1.000899920193784931e+00
1.000888084625251917e+00
1.000875980679344801e+00
1.000863898134336960e+00
1.000852131795032740e+00
1.000840992015584074e+00
1.000830819153674556e+00
1.000821987381960376e+00
1.000814910896076659e+00
1.000810044307967495e+00
1.000807883407111687e+00
1.000809003273281705e+00
1.000814143739306994e+00
1.000824344812735411e+00
1.000841202077832559e+00
1.000867437308941676e+00
1.000908316265190612e+00
1.000975565681636814e+00
1.001100950435060311e+00
1.001401071069210946e+00
1.002546642084641837e+00
1.009122207224565582e+00
1.001683364745964644e+00
9.988075482427444252e-01
