9.927215827418771621e-01
9.921499408122657071e-01
9.927844816680562179e-01
9.918336381320963513e-01
9.925657540385930400e-01
9.923137566680056976e-01
9.931340928884877517e-01
9.940235106022233813e-01
9.957872555826030592e-01
9.983788431422859766e-01
1.002195756201238019e+00
1.007509791044145953e+00
1.014685461757194096e+00
1.024087061054742342e+00
1.036088036933407563e+00
1.051038019642523302e+00
1.069232923130459145e+00
1.090874914608652047e+00
1.116027505473439208e+00
1.144567710686505313e+00
1.176139649952863353e+00
1.210114413464589145e+00
1.245560135086590359e+00
1.281225953133400486e+00
1.315545382432634858e+00
1.346677219036997109e+00
1.372621245855318861e+00
1.391426370988814387e+00
1.401452517043146440e+00
1.401606784582590803e+00
1.391483823903994832e+00
1.371393056643105846e+00
1.342282636548489005e+00
1.305597649503310809e+00
1.263114213056733437e+00
1.216763041821450120e+00
1.168476293819833201e+00
1.120057590997045827e+00
1.073067135327730126e+00
1.028744373579350224e+00
9.879502981933280248e-01
9.511672803406211463e-01
9.185455411384209068e-01
8.899528382473755883e-01
8.650640899637214165e-01
8.434403737649882604e-01
8.246267088509930954e-01
8.082428324190613633e-01
7.940022437047816739e-01
7.817323923167982525e-01
7.713540197786920016e-01
7.628814618379449186e-01
7.564255292214941973e-01
7.521585226564961868e-01
7.503018853915768283e-01
7.510803352582481329e-01
7.546959625389861870e-01
7.612810910357280525e-01
7.708495652173195101e-01
7.832403101251714794e-01
7.980294666435667761e-01
8.145032618990866169e-01
8.317171454120118046e-01
8.486989809838607624e-01
8.646914800992465677e-01
8.792984923829120225e-01
8.924488026371018012e-01
9.042493876424938515e-01
9.148489942538610142e-01
9.243748175178756465e-01
9.329279506049233950e-01
9.405945484915623211e-01
9.474544923468953828e-01
9.535818347478288715e-01
9.590458136069985873e-01
9.639095876763119630e-01
9.682318260932692988e-01
9.720657879326740636e-01
9.754609411809121999e-01
9.784619070065793123e-01
9.811099699018288600e-01
9.834421508321846694e-01
9.854927181394348423e-01
9.872922108094087656e-01
9.888687275127914234e-01
9.902468084131850201e-01
9.914486809365342657e-01
9.924948413734387964e-01
9.934033231671027808e-01
9.941913448255667030e-01
9.948734281776515642e-01
9.954629348191641469e-01
9.959713881700549276e-01
9.964087275508966002e-01
9.967850084911822339e-01
9.971080861136906170e-01
9.973850398619856783e-01
9.976227967009746456e-01
9.978266405127040883e-01
9.980016528495405659e-01
9.981524210679684206e-01
9.982823066965869074e-01
9.983947104616995860e-01
9.984927684781628177e-01
9.985785508084901174e-01
9.986540976642075407e-01
9.987216539954855143e-01
9.987825690737986983e-01
9.988378772612896972e-01
9.988889452465133934e-01
9.989369350961075922e-01
9.989823502053271076e-01
9.990255941580623578e-01
9.990673618681045198e-01
9.991081858654504710e-01
9.991483273770638274e-01
9.991878854901782292e-01
9.992270684546747939e-01
9.992661408314029714e-01
9.993052899902798991e-01
9.993446384110694636e-01
9.993841672918464258e-01
9.994238256943424048e-01
9.994636398057056281e-01
9.995036229032125963e-01
9.995437622817580081e-01
9.995840267448841132e-01
9.996243794224666246e-01
9.996647773027794726e-01
9.997051745529369482e-01
9.997455131590371469e-01
9.997857209638522091e-01
9.998257164268363750e-01
9.998654177208663452e-01
9.999047474767914778e-01
9.999436332087598966e-01
9.999820123599334476e-01
1.000019837297629222e+00
1.000057068361652535e+00
1.000093661485263352e+00
1.000129567283561505e+00
1.000164731674104690e+00
1.000199098362708483e+00
1.000232606445130568e+00
1.000265197451207566e+00
1.000296807210459882e+00
1.000327357795148142e+00
1.000356790451846001e+00
1.000385075434443882e+00
1.000412190996147865e+00
1.000438107036921709e+00
1.000462780912971139e+00
1.000486183177811350e+00
1.000508298675203411e+00
1.000529088314378479e+00
1.000548498966268962e+00
1.000566490898473937e+00
1.000583013490530027e+00
1.000598027435563253e+00
1.000611527654674093e+00
1.000623508410742657e+00
1.000633976786792001e+00
1.000642935088965402e+00
1.000650388647533529e+00
1.000656351960358181e+00
1.000660844828863416e+00
1.000663891951893092e+00
1.000665529059010739e+00
1.000665807958200260e+00
1.000664770505879542e+00
1.000662474385814349e+00
1.000658984218034675e+00
1.000654369109707620e+00
1.000648720346871468e+00
1.000642145420298057e+00
1.000634759777800920e+00
1.000626701533119611e+00
1.000618133438682555e+00
1.000609224914228879e+00
1.000600154465568714e+00
1.000591110518888716e+00
1.000582285012297179e+00
1.000573880202560773e+00
1.000566118018013873e+00
1.000559242684883721e+00
1.000553524980089648e+00
1.000549262934616213e+00
1.000546783039084175e+00
1.000546465741480429e+00
1.000548802008720761e+00
1.000554483434971553e+00
1.000564572394634144e+00
1.000580881322198357e+00
1.000606913298849765e+00
1.000650460699677780e+00
1.000732610920455956e+00
1.000930733509462378e+00
1.001689960341672014e+00
1.006116487555434036e+00
1.001226081064916507e+00
9.990466464229884602e-01
