9.301264668528471669e-01
9.390740508503331307e-01
9.476111974962574402e-01
9.573534330902938594e-01
9.666599078299575876e-01
9.771852253478056083e-01
9.880641739836415471e-01
1.000160994770631140e+00
1.013410118120462222e+00
1.028262496721549901e+00
1.044967787248713087e+00
1.063868746758710460e+00
1.085258352742731525e+00
1.109398771720802257e+00
1.136475786160635826e+00
1.166567725781775478e+00
1.199605233501549462e+00
1.235331563133621247e+00
1.273264699837555636e+00
1.312665723703361209e+00
1.352517153956034557e+00
1.391514737536021729e+00
1.428076626383077308e+00
1.460381891891669115e+00
1.486463218512833695e+00
1.504373689847434914e+00
1.512406697556364366e+00
1.509312503634194336e+00
1.494467899298514535e+00
1.467971682952499801e+00
1.430652184032563667e+00
1.384004799010145614e+00
1.330073953089481842e+00
1.271297612521258946e+00
1.210330236931192349e+00
1.149839496014154028e+00
1.092303911184969500e+00
1.039813397618497337e+00
9.938800438836870033e-01
9.553109114682528658e-01
9.241556587220702834e-01
8.997945321285182319e-01
8.811446202676829209e-01
8.668888607897280441e-01
8.557130141073929774e-01
8.464578887296625442e-01
8.382134553715309133e-01
8.303588830252167652e-01
8.225122722414245358e-01
8.144878641227264460e-01
8.062317390961367680e-01
7.977954449525140879e-01
7.893311288867518316e-01
7.810650564247330063e-01
7.732989924752724509e-01
7.663826412636469687e-01
7.607065788224989245e-01
7.566794194387325145e-01
7.547207869053632612e-01
7.552611548802574681e-01
7.587072123634013288e-01
7.654135835372202212e-01
7.756053802416881249e-01
7.892788015224988518e-01
8.060634982728934750e-01
8.251280176859594473e-01
8.452260577464451030e-01
8.649589053043111875e-01
8.831663233338120644e-01
8.992228523448149158e-01
9.130710875059475651e-01
9.250126917780888691e-01
9.354358662949505687e-01
9.446368604148664971e-01
9.527862349393039221e-01
9.599773708293565244e-01
9.662843342555726966e-01
9.717853831933670472e-01
9.765629741597633418e-01
9.806946890529966154e-01
9.842510977234788516e-01
9.872952088017297179e-01
9.898850215374841444e-01
9.920728855604100671e-01
9.939066574525099451e-01
9.954285883525805234e-01
9.966768412551777478e-01
9.976865061725234129e-01
9.984891771998112286e-01
9.991145506617128413e-01
9.995883033962426056e-01
9.999334431593408512e-01
1.000169763611907126e+00
1.000314550094603128e+00
1.000384590151673692e+00
1.000393489638377931e+00
1.000353222308605794e+00
1.000275100920605897e+00
1.000167985266354531e+00
1.000040030173162009e+00
9.998983898295176198e-01
9.997481535047505474e-01
9.995943208470002839e-01
9.994414162813739511e-01
9.992920015312943827e-01
9.991485645655520109e-01
9.990141025098993044e-01
9.988898792103065860e-01
9.987764470150897189e-01
9.986752548247512795e-01
9.985874525241250632e-01
9.985126708449008071e-01
9.984503391717786114e-01
9.984007515069847072e-01
9.983639813592286583e-01
9.983394465128777595e-01
9.983262207249735676e-01
9.983237602313648207e-01
9.983317914763641943e-01
9.983499280121410635e-01
9.983776551116763098e-01
9.984141379082516199e-01
9.984585129924428148e-01
9.985101899513132429e-01
9.985686099402348859e-01
9.986331892475199812e-01
9.987033376181154720e-01
9.987784912204545895e-01
9.988581090915193972e-01
9.989416780154736220e-01
9.990286831273161861e-01
9.991185988646027472e-01
9.992109002977833665e-01
9.993050871377893163e-01
9.994006954628640305e-01
9.994972971627555935e-01
9.995945126604781628e-01
9.996920235487976036e-01
9.997895508209451165e-01
9.998868175062674002e-01
9.999835443816681435e-01
1.000079450724185914e+00
1.000174260334414367e+00
1.000267693848208239e+00
1.000359487976808959e+00
1.000449371093163009e+00
1.000537039433032849e+00
1.000622251771162041e+00
1.000704857557953575e+00
1.000784735261909475e+00
1.000861744025884015e+00
1.000935711168913222e+00
1.001006506471032287e+00
1.001074044884886272e+00
1.001138175252426654e+00
1.001198708603455945e+00
1.001255497473892753e+00
1.001308365394161903e+00
1.001357171011568736e+00
1.001401874346256271e+00
1.001442435402314812e+00
1.001478852828748600e+00
1.001511112758544764e+00
1.001539211233526627e+00
1.001563171922391415e+00
1.001583034754619739e+00
1.001598854595923349e+00
1.001610718953615198e+00
1.001618762467576085e+00
1.001623091237833885e+00
1.001623857531508621e+00
1.001621233896838881e+00
1.001615405936518766e+00
1.001606623588664924e+00
1.001595183668721800e+00
1.001581405786451606e+00
1.001565674945261053e+00
1.001548447124382957e+00
1.001530196879170997e+00
1.001511424127698113e+00
1.001492656282828131e+00
1.001474429240785335e+00
1.001457306620176402e+00
1.001441906181538055e+00
1.001428906351425674e+00
1.001419056915129779e+00
1.001413178495357492e+00
1.001412161982706550e+00
1.001417035911086995e+00
1.001429119225937248e+00
1.001450262033836580e+00
1.001483299066516786e+00
1.001533065148830115e+00
1.001608923072558888e+00
1.001731746488703445e+00
1.001958123941627088e+00
1.002495815814947955e+00
1.004538886871955583e+00
1.016013946399602297e+00
1.002634780172555473e+00
9.984194341844925269e-01
