9.898813539438539033e-01
9.895130451500221413e-01
9.905105056297032196e-01
9.897310267572874132e-01
9.908570039721010803e-01
9.908856316832090894e-01
9.921328747312250229e-01
9.934666980640389777e-01
9.957888198124527079e-01
9.990373905347347261e-01
1.003644958244203300e+00
1.009895583090375304e+00
1.018169665494474296e+00
1.028838479582086629e+00
1.042274541240885588e+00
1.058815157711213262e+00
1.078730601287011259e+00
1.102182281913498985e+00
1.129176975420285167e+00
1.159519266417148087e+00
1.192766846077560228e+00
1.228193533472056176e+00
1.264763848538295044e+00
1.301122963332869809e+00
1.335609028761506334e+00
1.366309068720720665e+00
1.391195100759292202e+00
1.408346586195772909e+00
1.416209061909923905e+00
1.413812282148090960e+00
1.400887919108303681e+00
1.377878532253778321e+00
1.345852348680191657e+00
1.306360614053760472e+00
1.261275401890263881e+00
1.212617640702837063e+00
1.162406233278360679e+00
1.112526140387100737e+00
1.064606560066828189e+00
1.019932280164673299e+00
9.793725160638699911e-01
9.433702491964889303e-01
9.119859809210005830e-01
8.849550497596607723e-01
8.617951201848388365e-01
8.419074095111231948e-01
8.246942616695814854e-01
8.096627801947199332e-01
7.964480748912338148e-01
7.848316008946157885e-01
7.747156627225192382e-01
7.661180157035540894e-01
7.591702771649577741e-01
7.540800163977191550e-01
7.511163061372392313e-01
7.505626996496321812e-01
7.526921450164719696e-01
7.577235823812653592e-01
7.657808533366229353e-01
7.768424345483428972e-01
7.906459951382794893e-01
8.066249918082591952e-01
8.239013193983166783e-01
8.414320690117675916e-01
8.582658113383571097e-01
8.737829029070734999e-01
8.877607726857340564e-01
9.002592708520362752e-01
9.114462152357278857e-01
9.214812585018317126e-01
9.304853546938938180e-01
9.385523629904111154e-01
9.457657203418932124e-01
9.522030594208433785e-01
9.579375775233023305e-01
9.630362338705296121e-01
9.675611795301090057e-01
9.715688823451132938e-01
9.751117976356817874e-01
9.782373195002354027e-01
9.809892979394998491e-01
9.834071188147404108e-01
9.855272258695292331e-01
9.873821455666852431e-01
9.890017685819307847e-01
9.904122318397781122e-01
9.916371954590335047e-01
9.926984669001793771e-01
9.936152911828527445e-01
9.944059983916430090e-01
9.950860925828336478e-01
9.956697861629567603e-01
9.961693271310061437e-01
9.965952956903331161e-01
9.969583585907282330e-01
9.972668675340571331e-01
9.975283236851798518e-01
9.977500561151971814e-01
9.979376544517226666e-01
9.980964760908936917e-01
9.982313507024018762e-01
9.983457903921697518e-01
9.984433513664603410e-01
9.985273137775466656e-01
9.985997996739499616e-01
9.986629056389257908e-01
9.987189675277274858e-01
9.987693435997350155e-01
9.988150474646813048e-01
9.988574756668403554e-01
9.988978090745032068e-01
9.989364992214075922e-01
9.989738926364586380e-01
9.990106723816641887e-01
9.990473499093699417e-01
9.990841368043351656e-01
9.991210685694438265e-01
9.991583101677846690e-01
9.991960969921745983e-01
9.992345831581581628e-01
9.992738536596292853e-01
9.993138383772699473e-01
9.993544349263170368e-01
9.993956319898036345e-01
9.994374075449619088e-01
9.994797133037579551e-01
9.995224829740210204e-01
9.995656465337815488e-01
9.996091295064640780e-01
9.996528564719852072e-01
9.996967402738392572e-01
9.997406795965544379e-01
9.997845642051134130e-01
9.998282851152636708e-01
9.998717398426958392e-01
9.999148327650249080e-01
9.999574807290065870e-01
9.999996186077858562e-01
1.000041191314815503e+00
1.000082139668521775e+00
1.000122399267468376e+00
1.000161901124568153e+00
1.000200574417211330e+00
1.000238343711700839e+00
1.000275136891704886e+00
1.000310875877656880e+00
1.000345467447272041e+00
1.000378840554114745e+00
1.000410957452443794e+00
1.000441789821278515e+00
1.000471300167281363e+00
1.000499437044359174e+00
1.000526164235290061e+00
1.000551461965757172e+00
1.000575283509462565e+00
1.000597566394424431e+00
1.000618263514441608e+00
1.000637315563321694e+00
1.000654676209665528e+00
1.000670338082903843e+00
1.000684293177311668e+00
1.000696548126572161e+00
1.000707104228011568e+00
1.000715966282662350e+00
1.000723149557783298e+00
1.000728675393224743e+00
1.000732570731891924e+00
1.000734875072017749e+00
1.000735646186170724e+00
1.000734930577657389e+00
1.000732792724580822e+00
1.000729304985017665e+00
1.000724544810791317e+00
1.000718614816313634e+00
1.000711635992320492e+00
1.000703738338774240e+00
1.000695077547521628e+00
1.000685837231250819e+00
1.000676208518162413e+00
1.000666392781997427e+00
1.000656602570367815e+00
1.000647054308094752e+00
1.000637975987862971e+00
1.000629617736598753e+00
1.000622254726980520e+00
1.000616191900176810e+00
1.000611764604613985e+00
1.000609339710161416e+00
1.000609344123204458e+00
1.000612328247810101e+00
1.000619066921690781e+00
1.000630749943883346e+00
1.000649407066147134e+00
1.000678962555237916e+00
1.000728148728027955e+00
1.000820603635255157e+00
1.001043068860927754e+00
1.001894584164060742e+00
1.006837662336944383e+00
1.001339827115026226e+00
9.989827866995285577e-01
