1.000000000000000000e+00
9.999768864409068758e-01
9.998970618017422041e-01
9.997568145695938657e-01
9.995729391288374899e-01
9.993909450903937230e-01
9.992965942821873115e-01
9.994316229166524401e-01
1.000013652631490002e+00
1.001359675057057697e+00
1.003909433167420540e+00
1.008246647283578046e+00
1.015111692493029683e+00
1.025403091873119621e+00
1.040169414805568682e+00
1.060549123139313155e+00
1.087709017539820300e+00
1.122516275118004003e+00
1.165121343088090677e+00
1.214418604103478128e+00
1.267515804291979853e+00
1.321323965040338111e+00
1.374689201838100061e+00
1.434537481083062005e+00
1.510055370623206938e+00
1.568526601859505876e+00
1.590362297461789254e+00
1.579009593420277469e+00
1.541993388434485857e+00
1.488339250102404199e+00
1.424711851644025362e+00
1.356430686517527961e+00
1.287588430284949625e+00
1.220846435311867095e+00
1.159359023134542976e+00
1.104310697314290213e+00
1.056376046458533002e+00
1.016245423202731146e+00
9.830162800434759651e-01
9.559087328152996443e-01
9.334049449301312640e-01
9.141846307963999996e-01
8.976485236413692670e-01
8.830503500423960705e-01
8.699964275327378704e-01
8.580097985433178254e-01
8.466609912309568386e-01
8.358833397033565982e-01
8.255026838200338890e-01
8.155203833060805652e-01
8.058549248408235499e-01
7.964648672724248257e-01
7.874968030751735570e-01
7.790789181372673733e-01
7.715188890239478292e-01
7.651073579559276583e-01
7.602246938062088288e-01
7.572331858896617085e-01
7.564936852802283118e-01
7.584306132506521969e-01
7.634011727843674766e-01
7.717552545530004249e-01
7.836834168962054648e-01
7.991416163282071272e-01
8.175889763214317929e-01
8.377888815366253406e-01
8.579320012908930870e-01
8.764684446120674099e-01
8.928122484676723758e-01
9.070805223927506100e-01
9.195893287041655428e-01
9.305901064234306519e-01
9.402891658202324754e-01
9.488256413439597470e-01
9.563376797500813264e-01
9.629218402880165284e-01
9.686861015930456897e-01
9.737060068710982064e-01
9.780704591967679384e-01
9.818413407859504227e-01
9.850916433932160876e-01
9.878723871561218006e-01
9.902439350631093706e-01
9.922485082503640363e-01
9.939353465341824734e-01
9.953392976904122946e-01
9.964947880349587228e-01
9.974365456687103171e-01
9.981886987996737570e-01
9.987830626360431063e-01
9.992388743340475665e-01
9.995788389931233864e-01
9.998206142465260182e-01
9.999772878570959422e-01
1.000067546652664063e+00
1.000101392075308349e+00
1.000089224281141220e+00
1.000042934254663285e+00
9.999688424674272325e-01
9.998747610370825045e-01
9.997677282091107509e-01
9.996513300880879305e-01
9.995304200545922502e-01
9.994095706414954927e-01
9.992904815962438958e-01
9.991753841485541132e-01
9.990675444952072937e-01
9.989678031708081329e-01
9.988765226967133426e-01
9.987952622060930485e-01
9.987251853816677682e-01
9.986658425162776576e-01
9.986167273889565710e-01
9.985782814020149889e-01
9.985505887336352249e-01
9.985331617451053132e-01
9.985251905211556256e-01
9.985262579576692499e-01
9.985361692142400436e-01
9.985545979108030323e-01
9.985811335025491786e-01
9.986150590266027471e-01
9.986556353362614491e-01
9.987023801800352096e-01
9.987548206890095592e-01
9.988124630561900918e-01
9.988748068984746320e-01
9.989413747930878662e-01
9.990117071390487435e-01
9.990853684126437262e-01
9.991619201122862171e-01
9.992409135714027668e-01
9.993218998443330614e-01
9.994044509209760729e-01
9.994881698910118573e-01
9.995726901830596089e-01
9.996576868755091549e-01
9.997428880268467433e-01
9.998280555694294414e-01
9.999129524923897616e-01
9.999973395735727300e-01
1.000080975893560264e+00
1.000163624303377352e+00
1.000245044348549550e+00
1.000325009579764224e+00
1.000403286113843659e+00
1.000479611347422138e+00
1.000553777286061985e+00
1.000625654829121691e+00
1.000695139806738743e+00
1.000762111102426299e+00
1.000826419562270031e+00
1.000887953051517343e+00
1.000946638874458117e+00
1.001002346356006267e+00
1.001054911798292091e+00
1.001104207889273345e+00
1.001150081693589655e+00
1.001192410809772282e+00
1.001231161262716052e+00
1.001266298736207760e+00
1.001297822702320817e+00
1.001325721593233853e+00
1.001349992468116845e+00
1.001370656429364514e+00
1.001387748699600344e+00
1.001401317478945563e+00
1.001411439359596978e+00
1.001418232020202304e+00
1.001421788184743811e+00
1.001422240842101186e+00
1.001419740613902931e+00
1.001414449466007772e+00
1.001406585405697269e+00
1.001396407253553944e+00
1.001384193665451949e+00
1.001370280253122580e+00
1.001355064445891507e+00
1.001338959851727939e+00
1.001322402194942285e+00
1.001305851179580264e+00
1.001289773938927485e+00
1.001274661807109778e+00
1.001261053341524265e+00
1.001249540028830598e+00
1.001240775644016034e+00
1.001235475869348912e+00
1.001234417909326213e+00
1.001238499335987742e+00
1.001248871412466768e+00
1.001267149276255042e+00
1.001295807873747279e+00
1.001339068471477578e+00
1.001405105296901743e+00
1.001512141544171675e+00
1.001709583243741042e+00
1.002178840794094583e+00
1.003961616382250011e+00
1.013974750442747208e+00
1.002282325227566107e+00
9.986461046170138633e-01
