1.000000000000000000e+00
9.999747006818878736e-01
9.998872958857416560e-01
9.997335156888984553e-01
9.995313716110313385e-01
9.993302535378482121e-01
9.992237197451844244e-01
9.993668477983328469e-01
9.999979716209956848e-01
1.001463887473109660e+00
1.004244275437038647e+00
1.008973240912170555e+00
1.016451471005262119e+00
1.027646903691133984e+00
1.043685907312212668e+00
1.065785548908169789e+00
1.095178603324679978e+00
1.132723119750224550e+00
1.178389571260753055e+00
1.230632613321604341e+00
1.285945856431307099e+00
1.341055779012369165e+00
1.395884272473158383e+00
1.462963601249088086e+00
1.547672701707643705e+00
1.601934823875702740e+00
1.614688442921862643e+00
1.593625696871855402e+00
1.547675844855162186e+00
1.486608719305937409e+00
1.417202602063678540e+00
1.344792194315327816e+00
1.273447548786389660e+00
1.205719024172002385e+00
1.144813270843551445e+00
1.091615175042869534e+00
1.046380536103691528e+00
1.009208702502412791e+00
9.786732941955631482e-01
9.537149922020889958e-01
9.327894319632465958e-01
9.146369132089470222e-01
8.987626246548638953e-01
8.845320751197400799e-01
8.716552137020504576e-01
8.597353630684917425e-01
8.483999608596960451e-01
8.376315324396255146e-01
8.272814975701464624e-01
8.173652208647641526e-01
8.077950260420327933e-01
7.985089935910225645e-01
7.896265427834950890e-01
7.812369032321099249e-01
7.736097088784885667e-01
7.669958818468736172e-01
7.617450445313307394e-01
7.581961060537300012e-01
7.566979774532124337e-01
7.576808152518978989e-01
7.615214488690177363e-01
7.686171213228106813e-01
7.792464362798673383e-01
7.935290658665952179e-01
8.111919418130766335e-01
8.313276291347686531e-01
8.522509119108406805e-01
8.720506819400656306e-01
8.896261035262799099e-01
9.048771738644914020e-01
9.181417833574769816e-01
9.297378101182811605e-01
9.399193035118783568e-01
9.488511745050527413e-01
9.566891931503467283e-01
9.635397797617528681e-01
9.695205251272096536e-01
9.747124283687631507e-01
9.792112143099286348e-01
9.830825388426366329e-01
9.864046328605698966e-01
9.892313890067901960e-01
9.916274027222162779e-01
9.936372106917583658e-01
9.953134650410525586e-01
9.966929247356448585e-01
9.978121022753390079e-01
9.987080685930730395e-01
9.994061928672279826e-01
9.999406649545995451e-01
1.000331710173845368e+00
1.000603604474069153e+00
1.000775087227398386e+00
1.000859878507593059e+00
1.000878115836303150e+00
1.000840258324632748e+00
1.000757301811389333e+00
1.000642004418498932e+00
1.000500915244804778e+00
1.000342328026855521e+00
1.000173720552649526e+00
9.999987231285739631e-01
9.998224398611946784e-01
9.996496972521848878e-01
9.994821101423820853e-01
9.993219233133725510e-01
9.991725788296639266e-01
9.990348003081150896e-01
9.989087912056875407e-01
9.987961273166693354e-01
9.986979544302310163e-01
9.986136077737431949e-01
9.985423717386061604e-01
9.984846155136511969e-01
9.984403152262840697e-01
9.984088097145672469e-01
9.983890819635212743e-01
9.983805680368521562e-01
9.983829633861394104e-01
9.983958215542909631e-01
9.984186071929682660e-01
9.984504437890941997e-01
9.984904350842835896e-01
9.985379807465371016e-01
9.985924956493501536e-01
9.986533751579140805e-01
9.987200110574506740e-01
9.987918246969275105e-01
9.988682608832243348e-01
9.989487947014789038e-01
9.990329006304055071e-01
9.991200441814660493e-01
9.992096928918589027e-01
9.993013401601062995e-01
9.993945165779344331e-01
9.994887889017978200e-01
9.995837727042119480e-01
9.996791450546648194e-01
9.997746227489193727e-01
9.998699250319159626e-01
9.999647697906498545e-01
1.000058874038269652e+00
1.000151960013312191e+00
1.000243747086885016e+00
1.000333971279922407e+00
1.000422360925759202e+00
1.000508612518118623e+00
1.000592484959532014e+00
1.000673826973993652e+00
1.000752515975426693e+00
1.000828410632128351e+00
1.000901338281310560e+00
1.000971168504325437e+00
1.001037815821687937e+00
1.001101129441017701e+00
1.001160921474044674e+00
1.001217045435006670e+00
1.001269326063167320e+00
1.001317622828417297e+00
1.001361895389308421e+00
1.001402103153629763e+00
1.001438243865221400e+00
1.001470302880986374e+00
1.001498275402729954e+00
1.001522183899324681e+00
1.001542066869634207e+00
1.001557977538159339e+00
1.001570001277286126e+00
1.001578269952536182e+00
1.001582887224120588e+00
1.001584002298530951e+00
1.001581784323971380e+00
1.001576415270647002e+00
1.001568140470396884e+00
1.001557251386060665e+00
1.001544061878954173e+00
1.001528950178053545e+00
1.001512364366168972e+00
1.001494770754097985e+00
1.001476660577645283e+00
1.001458552081020192e+00
1.001440971768019716e+00
1.001424473323274889e+00
1.001409663582909726e+00
1.001397208893285651e+00
1.001387845554543521e+00
1.001382379175023596e+00
1.001381683897091923e+00
1.001386768384893600e+00
1.001398925630921255e+00
1.001419968891529733e+00
1.001452676028460553e+00
1.001501784812429241e+00
1.001576471167792137e+00
1.001697195213787195e+00
1.001919434812877929e+00
1.002446890354298681e+00
1.004448739711742755e+00
1.015634203644065092e+00
1.002483378116951540e+00
9.985985879514054364e-01
