9.741083032250794638e-01
9.755196126592708961e-01
9.787297726151560351e-01
9.797163741538530424e-01
9.832072225856208769e-01
9.853600578779585506e-01
9.891481079478742222e-01
9.931192522163907466e-01
9.984195616549258467e-01
1.004947081746545567e+00
1.013216438098880179e+00
1.023530348951271707e+00
1.036289502210718139e+00
1.051854417040989365e+00
1.070557562798904572e+00
1.092658081488921518e+00
1.118305922639552863e+00
1.147497386792455831e+00
1.180030231678323771e+00
1.215460907747099251e+00
1.253068831479260625e+00
1.291832050784351704e+00
1.330417413201899324e+00
1.367190334353811876e+00
1.400257954735819155e+00
1.427574961838931955e+00
1.447134391228457329e+00
1.457209883957685914e+00
1.456584862166600436e+00
1.444713173539360795e+00
1.421778197762904927e+00
1.388661081223299787e+00
1.346838239762374601e+00
1.298238203556943304e+00
1.245084294071883368e+00
1.189723391089989368e+00
1.134465658490266371e+00
1.081429739739218077e+00
1.032385793480997682e+00
9.886269388109307776e-01
9.508662165337953276e-01
9.192220723767922097e-01
8.932972981798946721e-01
8.723036913037034434e-01
8.552501062743225191e-01
8.411080889841813235e-01
8.289604471214577774e-01
8.181048831409726274e-01
8.080570040465439030e-01
7.985432462415537058e-01
7.894545005843863761e-01
7.808257899734734053e-01
7.728277107730027184e-01
7.657282480167015848e-01
7.598796260976550254e-01
7.556737766047644245e-01
7.535203317162818548e-01
7.538106742962594753e-01
7.568960393617922833e-01
7.630666243360205714e-01
7.724824796857449050e-01
7.850967154703947237e-01
8.005389311728702273e-01
8.180478519445567587e-01
8.365198371858839632e-01
8.547469748848653959e-01
8.717516140558456694e-01
8.870211912204708504e-01
9.005015432138896436e-01
9.124005735592313204e-01
9.229744837901890930e-01
9.324150801122434995e-01
9.408448850922511708e-01
9.483516040003436842e-01
9.550157080065572179e-01
9.609154948033409305e-01
9.661259748408681514e-01
9.707155866475348782e-01
9.747475552413892297e-01
9.782791710873413038e-01
9.813634844301419857e-01
9.840484083227903911e-01
9.863782463813317580e-01
9.883927143619529732e-01
9.901281939859882808e-01
9.916166274732883812e-01
9.928868919019236960e-01
9.939655720053407473e-01
9.948763472311427103e-01
9.956416196361211890e-01
9.962805152828956290e-01
9.968103698468540053e-01
9.972460967303299340e-01
9.976006469676910182e-01
9.978868917823222606e-01
9.981150267134473175e-01
9.982941135387493059e-01
9.984329179264282983e-01
9.985381661476027126e-01
9.986162096097410679e-01
9.986727294950891176e-01
9.987117825456874876e-01
9.987374591621881459e-01
9.987535231652452383e-01
9.987622576831972632e-01
9.987659239221091667e-01
9.987671437947426289e-01
9.987672675492407226e-01
9.987671798097098597e-01
9.987683412376094916e-01
9.987719611057020996e-01
9.987782443250047271e-01
9.987872667533924664e-01
9.987996217081951400e-01
9.988157030158413274e-01
9.988354889376439560e-01
9.988587267205025766e-01
9.988853764860400331e-01
9.989155299223261286e-01
9.989491838172223082e-01
9.989862484230229711e-01
9.990264240982035249e-01
9.990693795587971548e-01
9.991149327857044016e-01
9.991629022303022412e-01
9.992130798888196885e-01
9.992652427441844898e-01
9.993191729924321143e-01
9.993746562861984817e-01
9.994314858744927088e-01
9.994894458652719971e-01
9.995483068015104111e-01
9.996078328453747996e-01
9.996677963532518696e-01
9.997279851836946563e-01
9.997882027705073948e-01
9.998482760151230497e-01
9.999080631279719800e-01
9.999674413153705199e-01
1.000026285326991449e+00
1.000084465394288191e+00
1.000141847905067216e+00
1.000198299219091869e+00
1.000253681324278832e+00
1.000307863392759788e+00
1.000360707728733756e+00
1.000412055939601474e+00
1.000461784422493450e+00
1.000509820849841081e+00
1.000556108375822095e+00
1.000600577691161286e+00
1.000643139794860081e+00
1.000683729438957226e+00
1.000722306831403952e+00
1.000758792787408646e+00
1.000793085356101564e+00
1.000825106175767365e+00
1.000854759308476005e+00
1.000881968738032590e+00
1.000906717091357034e+00
1.000928986505668750e+00
1.000948781331172821e+00
1.000966098290161588e+00
1.000980939620145671e+00
1.000993323433499782e+00
1.001003277123296842e+00
1.001010836627024725e+00
1.001016056775884566e+00
1.001019019793046416e+00
1.001019791172015116e+00
1.001018463292507654e+00
1.001015140332090381e+00
1.001009934078811670e+00
1.001002993861770385e+00
1.000994496393380340e+00
1.000984631754904708e+00
1.000973628267201265e+00
1.000961755780082507e+00
1.000949295163127362e+00
1.000936542321639866e+00
1.000923809509369544e+00
1.000911414337524175e+00
1.000899691122017821e+00
1.000889006469381393e+00
1.000879763347724660e+00
1.000872407723336410e+00
1.000867428875660714e+00
1.000865360045002594e+00
1.000866819326828416e+00
1.000872601520859773e+00
1.000883823555304586e+00
1.000902198702236401e+00
1.000930649433621644e+00
1.000974830607403332e+00
1.001047337588065744e+00
1.001182292796160000e+00
1.001504957601800250e+00
1.002735819612702750e+00
1.009781838483179595e+00
1.001779063296829309e+00
9.987626438180170485e-01
