9.954493363974562525e-01
9.953569070560223109e-01
9.945521693751600001e-01
9.947645888008268544e-01
9.941152626861989861e-01
9.943337000032528294e-01
9.943571873776255732e-01
9.950157813547396701e-01
9.961117602543850813e-01
9.980229964426524658e-01
1.000925812250869962e+00
1.005135139400597843e+00
1.010965314604361787e+00
1.018770495298731538e+00
1.028914136245343114e+00
1.041752829225367494e+00
1.057606210401107250e+00
1.076721049306011091e+00
1.099228388598859629e+00
1.125096690296125468e+00
1.154084557235034891e+00
1.185697666891610602e+00
1.219153792403953274e+00
1.253359317120377847e+00
1.286900933737771924e+00
1.318066232507627111e+00
1.344928744835252488e+00
1.365528469411238177e+00
1.378130013962523881e+00
1.381481192407838510e+00
1.374987885387519704e+00
1.358772142829056895e+00
1.333613657835168942e+00
1.300811330125382970e+00
1.262011917566448593e+00
1.219025576655591525e+00
1.173667225563844507e+00
1.127626932420755068e+00
1.082362501208986139e+00
1.039036110428258830e+00
9.984744083347047994e-01
9.611839760339456751e-01
9.274055104489549173e-01
8.971593811715485867e-01
8.703175759427648206e-01
8.466564547348005565e-01
8.259267739227463823e-01
8.079219073932797368e-01
7.924843768369459474e-01
7.795224995998528694e-01
7.689928111080809314e-01
7.609068783900668764e-01
7.553408173424809302e-01
7.524060538290339162e-01
7.522412565346680013e-01
7.549688267664270702e-01
7.606670388209860745e-01
7.693171930774698186e-01
7.807477807938592029e-01
7.945829228132158528e-01
8.101916694864820245e-01
8.267366070418652457e-01
8.433148365850864359e-01
8.591727031468811004e-01
8.738519088480086738e-01
8.871966200875731623e-01
8.992442724265977683e-01
9.101045187927373492e-01
9.198897991082252146e-01
9.286969937905211747e-01
9.366118286040636676e-01
9.437128164079122694e-01
9.500737523284057406e-01
9.557626281123594580e-01
9.608428846408508806e-01
9.653723674684876466e-01
9.694048628925386879e-01
9.729891211578926002e-01
9.761704337626330164e-01
9.789895700095098130e-01
9.814842686606831679e-01
9.836882972370095679e-01
9.856329413116740046e-01
9.873460218965822710e-01
9.888531909812149356e-01
9.901768150909580068e-01
9.913371734989748774e-01
9.923529812489534363e-01
9.932406342199874283e-01
9.940158475497199442e-01
9.946918216377392818e-01
9.952807673194911109e-01
9.957932276759184909e-01
9.962382799082422080e-01
9.966251445530832642e-01
9.969610090324252383e-01
9.972523822741397037e-01
9.975056382933432664e-01
9.977256478720734068e-01
9.979171128317728678e-01
9.980842834342323888e-01
9.982303109572279176e-01
9.983583754148646072e-01
9.984714073704021864e-01
9.985713950487691282e-01
9.986602898338277079e-01
9.987402029722058927e-01
9.988124588071847221e-01
9.988781042538168453e-01
9.989384544185567760e-01
9.989946355176676507e-01
9.990472053880981029e-01
9.990966285908640110e-01
9.991436047268502652e-01
9.991886842729720275e-01
9.992321823916713308e-01
9.992742700810657297e-01
9.993152026156231216e-01
9.993552747608025477e-01
9.993947098370817850e-01
9.994336717471277165e-01
9.994722007645295836e-01
9.995103055295110339e-01
9.995480548007080746e-01
9.995855021322069822e-01
9.996226757181604361e-01
9.996595849200307082e-01
9.996962312597109657e-01
9.997326082627778776e-01
9.997687045120414728e-01
9.998044960498462252e-01
9.998399449641384162e-01
9.998750035428992655e-01
9.999096220309471317e-01
9.999437527401713321e-01
9.999773505440069377e-01
1.000010377218364832e+00
1.000042805731208073e+00
1.000074614560179320e+00
1.000105777475896129e+00
1.000136262883475124e+00
1.000166034420955752e+00
1.000195053111426313e+00
1.000223275427753800e+00
1.000250659236118667e+00
1.000277157073631962e+00
1.000302709477404184e+00
1.000327272489059061e+00
1.000350825889818385e+00
1.000373355732343317e+00
1.000394840755747694e+00
1.000415248922589040e+00
1.000434558905868743e+00
1.000452761029509752e+00
1.000469825430722048e+00
1.000485710334615419e+00
1.000500384944096766e+00
1.000513809210423322e+00
1.000525952358776394e+00
1.000536812005340170e+00
1.000546385090755663e+00
1.000554679135374769e+00
1.000561697581565213e+00
1.000567446309318820e+00
1.000571938767084834e+00
1.000575192761331333e+00
1.000577230127897677e+00
1.000578081852800505e+00
1.000577792289372825e+00
1.000576397469543632e+00
1.000573946600018527e+00
1.000570494658433951e+00
1.000566100360102517e+00
1.000560840912000149e+00
1.000554807041600158e+00
1.000548096131604003e+00
1.000540824489392522e+00
1.000533129002470378e+00
1.000525152173322052e+00
1.000517044152269719e+00
1.000508963453972777e+00
1.000501071644246398e+00
1.000493539051661829e+00
1.000486552616958846e+00
1.000480318160840598e+00
1.000475064046821627e+00
1.000471041950148132e+00
1.000468528153597436e+00
1.000467845280010204e+00
1.000469410265019565e+00
1.000473810970859301e+00
1.000481950939281495e+00
1.000495371714374526e+00
1.000517051472676666e+00
1.000553611466828308e+00
1.000622961676592704e+00
1.000790797098266571e+00
1.001435084501859141e+00
1.005214374684099798e+00
1.001078386350917171e+00
9.991351580425187340e-01
