1.263878304491740101e+00
1.264285392192070701e+00
1.268959972148546278e+00
1.273138339389409568e+00
1.282020820137550698e+00
1.290742469191711761e+00
1.304710769956341165e+00
1.318876321186729594e+00
1.338941765427156261e+00
1.359512497946801179e+00
1.386693087676897473e+00
1.414468013638732868e+00
1.449452717305222293e+00
1.484583816458096006e+00
1.527105739701510201e+00
1.568354345869815925e+00
1.616500721956163567e+00
1.660867168783925596e+00
1.711598731545596719e+00
1.755723207799931629e+00
1.803178300879769269e+00
1.826887363322616142e+00
1.836542034833627435e+00
1.816521472911838631e+00
1.778548343290303979e+00
1.717239884364623270e+00
1.643503044308996408e+00
1.558392757590114419e+00
1.470301538041247413e+00
1.383266208004853004e+00
1.302430335648894211e+00
1.230289601914580144e+00
1.169113199281065940e+00
1.117889230117595334e+00
1.076578331149297130e+00
1.042686047709987074e+00
1.014209094303946124e+00
9.900697042803650039e-01
9.687327632255143817e-01
9.498541574404727461e-01
9.325935670427241142e-01
9.162405280431383803e-01
9.010578127198023424e-01
8.867849112081519491e-01
8.736120487777532251e-01
8.613473942512488435e-01
8.496913313213951824e-01
8.388825606315620798e-01
8.288033835608500377e-01
8.195874571216354987e-01
8.111054760548473963e-01
8.031987302837179099e-01
7.959377089765201641e-01
7.892199409011114719e-01
7.831585622542315273e-01
7.777213073238269381e-01
7.729721410018085548e-01
7.688963889446716049e-01
7.654642868215232321e-01
7.628186051632238618e-01
7.610480563763573070e-01
7.604147533563012651e-01
7.611581661575395064e-01
7.636406485801138233e-01
7.682350123277066345e-01
7.753906643181837088e-01
7.855757328358066172e-01
7.992601263631738950e-01
8.168537973681577746e-01
8.385454705310589896e-01
8.641408065036109143e-01
8.927469553538240898e-01
9.227879346978641317e-01
9.522205024067769141e-01
9.793579392244815551e-01
1.003141958176227533e+00
1.023318622314311810e+00
1.039963969376831221e+00
1.053489992931919028e+00
1.064241047826810727e+00
1.072660624710942034e+00
1.079026131543038947e+00
1.083668730162801186e+00
1.086777209327359550e+00
1.088583924708689921e+00
1.089232311646619156e+00
1.088868724745885697e+00
1.087637177762626139e+00
1.085628423543105736e+00
1.082983395618571043e+00
1.079773879512183399e+00
1.076104600840329217e+00
1.072053666437198460e+00
1.067679652652056221e+00
1.063074431419084309e+00
1.058286236312603101e+00
1.053372767685594180e+00
1.048399957927818482e+00
1.043405523086157638e+00
1.038439927328713264e+00
1.033549400084418091e+00
1.028761642409661503e+00
1.024112869841633744e+00
1.019638162075401144e+00
1.015354884932785584e+00
1.011282946676614669e+00
1.007450312261492620e+00
1.003866537798947078e+00
1.000537639241608545e+00
9.974769419119694502e-01
9.946944532398972472e-01
9.921858307214480588e-01
9.899441748852808587e-01
9.879701549858155296e-01
9.862599540643284257e-01
9.848044347592165293e-01
9.835896682736382513e-01
9.826051187010256260e-01
9.818422655947002253e-01
9.812909571258631169e-01
9.809400722076164758e-01
9.807744730085935503e-01
9.807784282498090977e-01
9.809391690348390203e-01
9.812441155282547456e-01
9.816808241956739289e-01
9.822369361653042752e-01
9.829006071898827024e-01
9.836604501539523149e-01
9.845056739443969196e-01
9.854257320159086619e-01
9.864102540351270543e-01
9.874491708853595506e-01
9.885330074142644197e-01
9.896530379334838035e-01
9.908012892654581849e-01
9.919706783154907948e-01
9.931551334124499864e-01
9.943493158127694187e-01
9.955481493424672701e-01
9.967467482243502763e-01
9.979403873239992562e-01
9.991245725621279439e-01
1.000294921609053311e+00
1.001447387297865088e+00
1.002577980356463172e+00
1.003682477664187722e+00
1.004757525488575443e+00
1.005800933667714281e+00
1.006810947170095005e+00
1.007785686912789691e+00
1.008722968351407623e+00
1.009621140457891864e+00
1.010479116199262117e+00
1.011295080138960856e+00
1.012066809193614914e+00
1.012792597204685396e+00
1.013470429410528340e+00
1.014098731976609491e+00
1.014677136209163999e+00
1.015205277040840848e+00
1.015683263194977481e+00
1.016111052979807194e+00
1.016488721571529474e+00
1.016816656530814766e+00
1.017095428906402477e+00
1.017325780310675887e+00
1.017508816777408898e+00
1.017646187347933884e+00
1.017739198469425066e+00
1.017789687929171016e+00
1.017799718654490038e+00
1.017771501590541305e+00
1.017707989237963018e+00
1.017612676505712743e+00
1.017489325888021767e+00
1.017342459290708989e+00
1.017177423691025151e+00
1.016999784171428667e+00
1.016815401597033208e+00
1.016630453191996297e+00
1.016451209318629312e+00
1.016284253439994512e+00
1.016136782818037654e+00
1.016016675189965079e+00
1.015932599571711670e+00
1.015893990810697867e+00
1.015911016723235027e+00
1.015995324484311180e+00
1.016161758979397867e+00
1.016431063852094141e+00
1.016834975118998896e+00
1.017427673291199763e+00
1.018314477059264700e+00
1.019732172044218954e+00
1.022333283265784321e+00
1.028550471025118318e+00
1.049981206006349588e+00
1.155620212508027489e+00
1.018259557604548560e+00
1.000171951751093191e+00
