9.929497609279395176e-01
9.928516816994635841e-01
9.925367720793678572e-01
9.925842395735103851e-01
9.924384397898179389e-01
9.927160497574143427e-01
9.931649434753504480e-01
9.941626844916979788e-01
9.957859452932281696e-01
9.983236147825096385e-01
1.002028386386415004e+00
1.007223120088434065e+00
1.014251412178033052e+00
1.023482017116501996e+00
1.035286357060739793e+00
1.050015754251080624e+00
1.067969090806503152e+00
1.089353789132374128e+00
1.114240902706809200e+00
1.142517337507406472e+00
1.173839271052023348e+00
1.207591633456109870e+00
1.242857587878311909e+00
1.278401670635507914e+00
1.312671919035182544e+00
1.343838665449546221e+00
1.369907225294663355e+00
1.388923641030674450e+00
1.399236682690469857e+00
1.399736490805739475e+00
1.389998330075352007e+00
1.370312662901264966e+00
1.341610623893694454e+00
1.305322424194468756e+00
1.263210889549663429e+00
1.217194282255105620e+00
1.169192686682122284e+00
1.120998164281265863e+00
1.074160726009541378e+00
1.029912510578502971e+00
9.891119731651613067e-01
9.522453150751212236e-01
9.194736144775347286e-01
8.906818243030056870e-01
8.655662445053005083e-01
8.437105631215521262e-01
8.246807395644286665e-01
8.081136423764533339e-01
7.937351162830684759e-01
7.813801204169082970e-01
7.709725907821127766e-01
7.625265067297970489e-01
7.561494474494082629e-01
7.520081182301600053e-01
7.503163834839121638e-01
7.512896141790172955e-01
7.551186358461223769e-01
7.619220042747597565e-01
7.716962812899516022e-01
7.842592091545692590e-01
7.991641122145684006e-01
8.156793898220444650e-01
8.328572641960855227e-01
8.497422457603526214e-01
8.656073595517612684e-01
8.800855296412579687e-01
8.931217933218741356e-01
9.048260039920057451e-01
9.153432615987674437e-01
9.247968738893895813e-01
9.332858841623871138e-01
9.408956067403903001e-01
9.477053753982820350e-01
9.537886713953913631e-01
9.592141557926048279e-01
9.640444523762676798e-01
9.683377394249919057e-01
9.721468220832071294e-01
9.755207463595597650e-01
9.785037428582409325e-01
9.811367355231445098e-01
9.834564136151443536e-01
9.854967407714855243e-01
9.872879778927059480e-01
9.888579730953925839e-01
9.902310435875670835e-01
9.914292168509420966e-01
9.924728062638477066e-01
9.933796766146980595e-01
9.941668916553940694e-01
9.948488367885293115e-01
9.954387551670238476e-01
9.959480693427612552e-01
9.963866296489635177e-01
9.967644061074639739e-01
9.970891849189863487e-01
9.973679868485864075e-01
9.976076824336252979e-01
9.978135130519659723e-01
9.979905215567349552e-01
9.981432611217117001e-01
9.982750720473435591e-01
9.983893329299251551e-01
9.984891593161915324e-01
9.985766135233016261e-01
9.986537273347790844e-01
9.987227325233756225e-01
9.987849765264447122e-01
9.988414958779645580e-01
9.988936525763190133e-01
9.989426055784013103e-01
9.989888647675507771e-01
9.990328409085408312e-01
9.990752300242123907e-01
9.991165670816907207e-01
9.991571195948059092e-01
9.991969948362344756e-01
9.992364065347008051e-01
9.992756228730964585e-01
9.993148354237145758e-01
9.993541714438739509e-01
9.993936187850080977e-01
9.994331331952927000e-01
9.994727456945330379e-01
9.995124741191862006e-01
9.995523103738432891e-01
9.995922278188572596e-01
9.996321938922212436e-01
9.996721696757864262e-01
9.997121131886622658e-01
9.997519702185272417e-01
9.997916724198322447e-01
9.998311420091380297e-01
9.998703007177662805e-01
9.999090744684223653e-01
9.999473938085754465e-01
9.999851988806165437e-01
1.000022444341357009e+00
1.000059092548168493e+00
1.000095101414272936e+00
1.000130423525111834e+00
1.000165006756899899e+00
1.000198796726757378e+00
1.000231734444689824e+00
1.000263763239149339e+00
1.000294820775606386e+00
1.000324831149592253e+00
1.000353737231714168e+00
1.000381510327974954e+00
1.000408129554813064e+00
1.000433565786189805e+00
1.000457777541837068e+00
1.000480736268435811e+00
1.000502427416229301e+00
1.000522812905068282e+00
1.000541840845445618e+00
1.000559472482053680e+00
1.000575658347577335e+00
1.000590360066927031e+00
1.000603572861062940e+00
1.000615291290188003e+00
1.000625522491887631e+00
1.000634268901986923e+00
1.000641535916636293e+00
1.000647337926298786e+00
1.000651694522456170e+00
1.000654630099893083e+00
1.000656179880539565e+00
1.000656394871408006e+00
1.000655316304118303e+00
1.000653000950714411e+00
1.000649512393431362e+00
1.000644918620583246e+00
1.000639309400622068e+00
1.000632790416503992e+00
1.000625475167543854e+00
1.000617499414519829e+00
1.000609023118171237e+00
1.000600212793002708e+00
1.000591243884391801e+00
1.000582301590252854e+00
1.000573574571167246e+00
1.000565261638865389e+00
1.000557580946786151e+00
1.000550772578009395e+00
1.000545102734811787e+00
1.000540864450002676e+00
1.000538378803637718e+00
1.000538020015802498e+00
1.000540271083214972e+00
1.000545812435216009e+00
1.000555689353552324e+00
1.000571685121519172e+00
1.000597246327178613e+00
1.000640039285485283e+00
1.000720809337239947e+00
1.000915669205313385e+00
1.001662520750881802e+00
1.006019585126925797e+00
1.001210530769335305e+00
9.990556531708003618e-01
