9.846665972450852067e-01
9.854344164594743827e-01
9.859136943693738164e-01
9.869321174900546056e-01
9.876914346216612017e-01
9.890659283286771242e-01
9.906803460549513662e-01
9.930506330897148626e-01
9.962495649340080695e-01
1.000637250644336618e+00
1.006502300876931377e+00
1.014210851917316081e+00
1.024133622321786508e+00
1.036651549928724769e+00
1.052125255285254690e+00
1.070867268429457564e+00
1.093104513847177328e+00
1.118935788819455990e+00
1.148285521256267705e+00
1.180857648925119685e+00
1.216094131058734984e+00
1.253142926561532366e+00
1.290838966649755504e+00
1.327702231576913139e+00
1.361962272601398238e+00
1.391634221911258296e+00
1.414679547751094280e+00
1.429241188988214839e+00
1.433892828461962088e+00
1.427832893653296686e+00
1.410975596761069317e+00
1.383940224876510694e+00
1.347957027932133567e+00
1.304724369770179804e+00
1.256250218227653814e+00
1.204683382391927848e+00
1.152162272972941714e+00
1.100676968538182754e+00
1.051935262147013050e+00
1.007257513939558313e+00
9.674886621815446119e-01
9.329783289558034598e-01
9.036292192920993838e-01
8.789740149472274888e-01
8.583133938102955884e-01
8.408477081608306536e-01
8.258155177271485625e-01
8.126057056247785182e-01
8.007782624096752011e-01
7.900748555035023157e-01
7.803849018931933168e-01
7.717328416019324511e-01
7.642720656709344196e-01
7.582451912260931293e-01
7.539686297833053663e-01
7.517853286165934179e-01
7.520405545369429623e-01
7.550421984033174327e-01
7.610290857790552588e-01
7.701331927900805230e-01
7.822899514087616746e-01
7.971540560194051439e-01
8.140239116408574116e-01
8.318899319220508515e-01
8.496359465159428748e-01
8.663421430683149183e-01
8.815001126724281155e-01
8.950148340170334116e-01
9.070358472252626481e-01
9.177697474451640414e-01
9.273827658296458498e-01
9.359901780726246345e-01
9.436817105826510454e-01
9.505382479602024759e-01
9.566375091692603805e-01
9.620516356065673680e-01
9.668476751491736909e-01
9.710865311616801998e-01
9.748247565193830511e-01
9.781135613381751748e-01
9.810003400634865756e-01
9.835277552461917372e-01
9.857352697379413442e-01
9.876581718160013512e-01
9.893288449901322945e-01
9.907756524788434715e-01
9.920242537550517659e-01
9.930982869746006747e-01
9.940186941310018565e-01
9.948053625619737161e-01
9.954751778485054770e-01
9.960435450900045895e-01
9.965237287229419261e-01
9.969272115914925569e-01
9.972655089005397766e-01
9.975476728220866729e-01
9.977817975358367342e-01
9.979757671173494771e-01
9.981356021509417698e-01
9.982670419776447090e-01
9.983752475747111887e-01
9.984639390365449563e-01
9.985368820763553810e-01
9.985975490503109508e-01
9.986481271349340050e-01
9.986907820395720670e-01
9.987279670043135438e-01
9.987610431659678101e-01
9.987909827597114543e-01
9.988192143169242199e-01
9.988469361338837560e-01
9.988745142468481442e-01
9.989022015637600838e-01
9.989306545291651851e-01
9.989603461221625569e-01
9.989914070588140627e-01
9.990237716333496554e-01
9.990575341081977534e-01
9.990928809805686983e-01
9.991299119997847367e-01
9.991686515238739075e-01
9.992089485176232078e-01
9.992506197561197290e-01
9.992935941887821638e-01
9.993377937927626631e-01
9.993831140769485755e-01
9.994294334967736004e-01
9.994766299003351451e-01
9.995245794193949873e-01
9.995731602352315726e-01
9.996222396259971665e-01
9.996716708323651890e-01
9.997212990081442152e-01
9.997709729953949687e-01
9.998205513248251686e-01
9.998699024758931353e-01
9.999189113195148249e-01
9.999674855112695715e-01
1.000015545940673878e+00
1.000063009945665549e+00
1.000109789856398423e+00
1.000155793645972624e+00
1.000200928071885986e+00
1.000245095331173451e+00
1.000288202311732988e+00
1.000330149582922212e+00
1.000370820527208604e+00
1.000410125255215110e+00
1.000448013674581249e+00
1.000484447293511714e+00
1.000519377238580310e+00
1.000552738585908763e+00
1.000584484718905598e+00
1.000614588721787879e+00
1.000642992202046999e+00
1.000669618465631183e+00
1.000694409160036491e+00
1.000717291772206252e+00
1.000738209275898294e+00
1.000757150739227663e+00
1.000774104640297146e+00
1.000789076840807201e+00
1.000802067030517772e+00
1.000813079129713401e+00
1.000822129484133516e+00
1.000829241673550030e+00
1.000834445945982143e+00
1.000837787402424350e+00
1.000839332725030895e+00
1.000839135344941511e+00
1.000837269900862969e+00
1.000833820332485802e+00
1.000828876586305372e+00
1.000822558262130402e+00
1.000815006603956503e+00
1.000806373447374886e+00
1.000796840872708593e+00
1.000786623818995524e+00
1.000775946014066164e+00
1.000765043171851554e+00
1.000754164060988716e+00
1.000743561869233966e+00
1.000733503222174914e+00
1.000724280572655500e+00
1.000716215536294307e+00
1.000709664313639502e+00
1.000705018219449016e+00
1.000702704640044072e+00
1.000703220058911436e+00
1.000707203849690918e+00
1.000715555412468927e+00
1.000729655180181643e+00
1.000751858014376161e+00
1.000786718372394413e+00
1.000844375164903211e+00
1.000952283812792887e+00
1.001211211977897975e+00
1.002200857249894828e+00
1.007913009815729399e+00
1.001504201445636566e+00
9.988959737331776223e-01
