1.386492045365738779e+00
1.386826169005962006e+00
1.390820983319514870e+00
1.394327580235194652e+00
1.401932168685688929e+00
1.409268990458936610e+00
1.421232016734400805e+00
1.433191189464621429e+00
1.450358377927189801e+00
1.467792815687811281e+00
1.490986708811818717e+00
1.514606125833664496e+00
1.544310714562593834e+00
1.574245769803233719e+00
1.610050289482202857e+00
1.645231188182916249e+00
1.685299915057117071e+00
1.723292447708233643e+00
1.764916939971301613e+00
1.802615959588859340e+00
1.837337212041400880e+00
1.851838076719078963e+00
1.850271386562677645e+00
1.822933743921569594e+00
1.777899189360254928e+00
1.712549583104648443e+00
1.635780875463505479e+00
1.549705055330246939e+00
1.461581530750256208e+00
1.375585209372740980e+00
1.296195468826713659e+00
1.225694521541258464e+00
1.166001739010205762e+00
1.115972805701245019e+00
1.075524149681091224e+00
1.042201012430398421e+00
1.014056284054865475e+00
9.900972316612830504e-01
9.688291606302366077e-01
9.499701369140665097e-01
9.326987850906446331e-01
9.163080127792526675e-01
9.010915495996032476e-01
8.867852627040456737e-01
8.735939805849036732e-01
8.613201909997308947e-01
8.496522752567079451e-01
8.388406529970197090e-01
8.287616483418658309e-01
8.195563730888988374e-01
8.110911559551223782e-01
8.032019362712072841e-01
7.959640973259489716e-01
7.892707440526570695e-01
7.832398942191542979e-01
7.778353673059963391e-01
7.731198025131388318e-01
7.690706916553012862e-01
7.656458494076502364e-01
7.629792952360733294e-01
7.611432457372825366e-01
7.603873859974988880e-01
7.609333771041002503e-01
7.631294251492590774e-01
7.673331141090218299e-01
7.739838130860682286e-01
7.835453492338356751e-01
7.964973089253932770e-01
8.132868546215550332e-01
8.341909809042019619e-01
8.591885836793289322e-01
8.876579659719227022e-01
9.183384109505022819e-01
9.493833449119486456e-01
9.790424050137259693e-01
1.005959577792392867e+00
1.029513937448972127e+00
1.049447859490689972e+00
1.065952539215510475e+00
1.079244985305016336e+00
1.089742639605597807e+00
1.097736701437746820e+00
1.103613959134737810e+00
1.107613166230746682e+00
1.110023308295845723e+00
1.111028513186859357e+00
1.110811748579045188e+00
1.109542919318129206e+00
1.107332998363585785e+00
1.104339661541726914e+00
1.100646322704297519e+00
1.096369732077660419e+00
1.091596838900625643e+00
1.086395309960002109e+00
1.080864910240394883e+00
1.075061617212597964e+00
1.069051605875410260e+00
1.062909021460692438e+00
1.056680299801301404e+00
1.050425551669797342e+00
1.044200995541629373e+00
1.038044838313961327e+00
1.032004502515795119e+00
1.026126955289118348e+00
1.020441451227119378e+00
1.014979784230476634e+00
1.009783328896974641e+00
1.004873320654486646e+00
1.000267395489141897e+00
9.959904729377273558e-01
9.920636397032587261e-01
9.884909170567377501e-01
9.852719525428006442e-01
9.824143435994745488e-01
9.799189644825199164e-01
9.777796618223395519e-01
9.759827906136049336e-01
9.745178012894482045e-01
9.733756196772327396e-01
9.725441720285458169e-01
9.720093801302286396e-01
9.717510016181508670e-01
9.717471992887040111e-01
9.719794057274311339e-01
9.724288491375553400e-01
9.730767759006605511e-01
9.739043126953697005e-01
9.748931634152840919e-01
9.760255725573724339e-01
9.772846036705459261e-01
9.786536993061021317e-01
9.801166437398617370e-01
9.816577596687454665e-01
9.832623414099868064e-01
9.849168972966716451e-01
9.866091734897244336e-01
9.883283402860174593e-01
9.900651398856608054e-01
9.918114880548735135e-01
9.935598067731349348e-01
9.953029069128025430e-01
9.970339215476394790e-01
9.987464009207907001e-01
1.000434132039243140e+00
1.002091438593181838e+00
1.003712808925259603e+00
1.005292493505066220e+00
1.006826001619700817e+00
1.008310478020952194e+00
1.009743703800527026e+00
1.011123335553264724e+00
1.012446636559365620e+00
1.013711597820353250e+00
1.014916978010540038e+00
1.016060554442482999e+00
1.017139552462301477e+00
1.018151901487232003e+00
1.019095116454009187e+00
1.019967316691926751e+00
1.020768258374507464e+00
1.021497692226539744e+00
1.022156013819295550e+00
1.022743398793865444e+00
1.023260170863446783e+00
1.023707060839950556e+00
1.024085035589123338e+00
1.024395283483832131e+00
1.024639470135413566e+00
1.024819988674568139e+00
1.024938755884968744e+00
1.024998401985609098e+00
1.025001853095369952e+00
1.024952232580513156e+00
1.024853665521598289e+00
1.024711012548297662e+00
1.024529501629144024e+00
1.024315394302681037e+00
1.024076076755358056e+00
1.023819238728591818e+00
1.023552979322858159e+00
1.023285833618518215e+00
1.023026470092206486e+00
1.022783989401890192e+00
1.022568332137254510e+00
1.022390368570541330e+00
1.022262047982964273e+00
1.022196363334714198e+00
1.022207308846939444e+00
1.022310902652858511e+00
1.022527541060953782e+00
1.022885709432955093e+00
1.023428991058153992e+00
1.024231832626533167e+00
1.025439124738672270e+00
1.027377795159201801e+00
1.030951272968491539e+00
1.039537615428101303e+00
1.067908327381184685e+00
1.202813177546541379e+00
1.024121582863714908e+00
1.002400196452069903e+00
