9.592866407491903447e-01
9.637505918384640102e-01
9.673446827762723910e-01
9.725074496259125123e-01
9.766590383685951338e-01
9.822581776107799367e-01
9.878765325213358928e-01
9.947235891245720385e-01
1.002568499153224435e+00
1.011966033450854452e+00
1.023162791675890970e+00
1.036559662147328753e+00
1.052505657393969951e+00
1.071342716338202550e+00
1.093353614704120069e+00
1.118733610610298967e+00
1.147548341064665189e+00
1.179691261336947461e+00
1.214840655177340745e+00
1.252421057448203978e+00
1.291573289713495276e+00
1.331137107406200171e+00
1.369649448859577845e+00
1.405365381480712550e+00
1.436320581753756098e+00
1.460465037534383059e+00
1.475873766866895975e+00
1.480984820890153264e+00
1.474805415216047244e+00
1.457044025565530365e+00
1.428145626654539369e+00
1.389245729162158716e+00
1.342062066322632363e+00
1.288748828192760376e+00
1.231734507824535196e+00
1.173540243751355128e+00
1.116602895228450354e+00
1.063098805658483359e+00
1.014765524891114046e+00
9.727608498276701932e-01
9.375655925745676189e-01
9.090001639656929422e-01
8.863546045953343278e-01
8.685659778196310743e-01
8.544426802466384974e-01
8.428391595188741148e-01
8.327902452641263720e-01
8.235904734416392703e-01
8.147733748436509771e-01
8.060871770748389009e-01
7.974392420586997599e-01
7.888721933021716204e-01
7.805564309392902800e-01
7.727565285851595300e-01
7.658233834223174830e-01
7.601554187720426237e-01
7.561809756295280183e-01
7.543262074572887332e-01
7.549993045079581577e-01
7.585803751575379561e-01
7.653704794369746711e-01
7.755367134163316800e-01
7.890022564061945909e-01
8.053346960114403652e-01
8.236718107497148500e-01
8.428048339795511934e-01
8.614544485454077583e-01
8.786331414816195284e-01
8.938731206318031308e-01
9.071898970179769206e-01
9.188580530685573899e-01
9.291780572502424951e-01
9.383625983015687622e-01
9.465367511639400933e-01
9.537859315798037363e-01
9.601882274849200538e-01
9.658237167952469227e-01
9.707691383590340006e-01
9.750957456693807313e-01
9.788676622799775684e-01
9.821439987273087313e-01
9.849782858350883963e-01
9.874200368311699672e-01
9.895137348496187979e-01
9.913000636755313622e-01
9.928148232240073812e-01
9.940903633820292740e-01
9.951564490451363376e-01
9.960397170990838989e-01
9.967652909927804394e-01
9.973547317126173484e-01
9.978274755475544655e-01
9.982002367922663266e-01
9.984875691550940680e-01
9.987038019811063094e-01
9.988603856526898639e-01
9.989674477593895041e-01
9.990346990406284711e-01
9.990696454300334040e-01
9.990793024006977552e-01
9.990699019112718737e-01
9.990458737034333403e-01
9.990116491597039738e-01
9.989712873809966087e-01
9.989271722641890339e-01
9.988816549166321668e-01
9.988375150996509078e-01
9.987960779208711060e-01
9.987581142394309497e-01
9.987250970838171815e-01
9.986982282814715894e-01
9.986775147257112017e-01
9.986628122340757141e-01
9.986546218685901088e-01
9.986532327336018477e-01
9.986584332925665386e-01
9.986697411898071142e-01
9.986869478269445599e-01
9.987100237256300028e-01
9.987388367349431251e-01
9.987731544122691041e-01
9.988124950325414364e-01
9.988563461958154255e-01
9.989043882906142313e-01
9.989563120885650571e-01
9.990117822633964861e-01
9.990704512339408927e-01
9.991319838284679067e-01
9.991960548270937270e-01
9.992623534438873634e-01
9.993305621479225964e-01
9.994003506680462223e-01
9.994713846226522813e-01
9.995433433848672777e-01
9.996159289276144166e-01
9.996888656734718159e-01
9.997619100802431769e-01
9.998348601690981718e-01
9.999075399328525293e-01
9.999797723573325969e-01
1.000051376613066312e+00
1.000122168755721352e+00
1.000191966322137693e+00
1.000260582813292221e+00
1.000327841946745178e+00
1.000393560004059879e+00
1.000457528517926686e+00
1.000519583408306712e+00
1.000579625511417214e+00
1.000637575799900425e+00
1.000693340367339701e+00
1.000746801361594995e+00
1.000797871159846864e+00
1.000846494429091793e+00
1.000892567126200117e+00
1.000935957192734538e+00
1.000976562379168877e+00
1.001014258858078820e+00
1.001048947989196636e+00
1.001080604621784165e+00
1.001109203259535230e+00
1.001134746331915348e+00
1.001157226932471334e+00
1.001176645194794768e+00
1.001193021210287970e+00
1.001206386775328250e+00
1.001216784451733899e+00
1.001224280473729689e+00
1.001228975333838811e+00
1.001230948686846700e+00
1.001230313781705794e+00
1.001227198615692426e+00
1.001221740690725337e+00
1.001214124368671632e+00
1.001204568174699716e+00
1.001193307282043365e+00
1.001180624547661768e+00
1.001166854599034206e+00
1.001152345714130920e+00
1.001137464802454469e+00
1.001122599003994251e+00
1.001108141911474902e+00
1.001094507664737954e+00
1.001082150307620156e+00
1.001071568718307159e+00
1.001063314666209791e+00
1.001057992850994838e+00
1.001056261149574578e+00
1.001058880753405989e+00
1.001066829259775970e+00
1.001081479351232817e+00
1.001104935551655029e+00
1.001140787532746490e+00
1.001195983751480334e+00
1.001286007569415215e+00
1.001452819570647135e+00
1.001850471379720942e+00
1.003364830015291087e+00
1.011966533399427659e+00
1.002087814526001486e+00
9.986275018181676177e-01
