9.789070511887358883e-01
9.805865584466280094e-01
9.813993229962256759e-01
9.835971017779236991e-01
9.847835786346432752e-01
9.872267794307260091e-01
9.895962808469849215e-01
9.930061559854252984e-01
9.972412369775314200e-01
1.002820624804894090e+00
1.009987850820717181e+00
1.019142112769003905e+00
1.030650390453095255e+00
1.044891546182280750e+00
1.062209922436956999e+00
1.082889635949682905e+00
1.107114347857688808e+00
1.134924349480302075e+00
1.166170699203882721e+00
1.200470954775732846e+00
1.237170947762036288e+00
1.275317237897930500e+00
1.313643505677138279e+00
1.350575473797821946e+00
1.384266084106161809e+00
1.412688831519970156e+00
1.433816949841651089e+00
1.445864249550493197e+00
1.447523381886456129e+00
1.438140049895247463e+00
1.417784506285489243e+00
1.387227633718019160e+00
1.347841468904004802e+00
1.301456331724233362e+00
1.250203729655473994e+00
1.196347274205638023e+00
1.142127444095535349e+00
1.089614926512667781e+00
1.040563776547279939e+00
9.962920446719850665e-01
9.575829559778734623e-01
9.246647988101360793e-01
8.972735142020391574e-01
8.747551736642974474e-01
8.562334006531215902e-01
8.407633301634080958e-01
8.274793863486243906e-01
8.157053037079045055e-01
8.049661394602936060e-01
7.949890340220834295e-01
7.856617996780946855e-01
7.770152270096148950e-01
7.692149848949789703e-01
7.625222460444813777e-01
7.572790835799509956e-01
7.538623524778109708e-01
7.526605258684181399e-01
7.540362918280439919e-01
7.583011290756583866e-01
7.656879803080751667e-01
7.762730368208587972e-01
7.898922765778491062e-01
8.060341456709649854e-01
8.238125435571844735e-01
8.420821692664230973e-01
8.597234291300128728e-01
8.759491291524683643e-01
8.904438376939743938e-01
9.032693057618585986e-01
9.146507902681363378e-01
9.248073946824498792e-01
9.338913939618829207e-01
9.420057991429563460e-01
9.492340223001105581e-01
9.556560210026695534e-01
9.613480222727708302e-01
9.663816583050832687e-01
9.708220031523439042e-01
9.747293437653354875e-01
9.781583362588562869e-01
9.811595856605729304e-01
9.837787306712286739e-01
9.860579773789122093e-01
9.880351237684716903e-01
9.897448197893140565e-01
9.912174564642659558e-01
9.924805158274573325e-01
9.935593051102020734e-01
9.944763163966592323e-01
9.952528605121219174e-01
9.959070900658023584e-01
9.964555020481368208e-01
9.969122928451218391e-01
9.972897748740260360e-01
9.976002325740417342e-01
9.978533634683823816e-01
9.980578076596396953e-01
9.982219499360369674e-01
9.983522087017516755e-01
9.984546700212880710e-01
9.985347911601057946e-01
9.985964821699284677e-01
9.986436941412133450e-01
9.986800669489604987e-01
9.987078428690474574e-01
9.987292435760778408e-01
9.987468207066521053e-01
9.987619310650863724e-01
9.987754998330387046e-01
9.987889763927082498e-01
9.988035675621659282e-01
9.988195511303470386e-01
9.988370832193752547e-01
9.988567873220629556e-01
9.988790938888205684e-01
9.989040502839945379e-01
9.989314881231926568e-01
9.989614284782352138e-01
9.989940063464123332e-01
9.990292652541157281e-01
9.990671671968116563e-01
9.991074794854168939e-01
9.991499374997914185e-01
9.991944093867048959e-01
9.992407603285367035e-01
9.992888290035579768e-01
9.993384381245710157e-01
9.993894129861498055e-01
9.994415799910351117e-01
9.994947706338503934e-01
9.995488064464926881e-01
9.996034951536121316e-01
9.996586373092707367e-01
9.997140396275939755e-01
9.997695217097908316e-01
9.998249162011488833e-01
9.998800760402528631e-01
9.999348816582612764e-01
9.999892298974494276e-01
1.000043014638032801e+00
1.000096125009404924e+00
1.000148446054574869e+00
1.000199862247368898e+00
1.000250253592933625e+00
1.000299506160382768e+00
1.000347499386084804e+00
1.000394093561732367e+00
1.000439180171139197e+00
1.000482696854069653e+00
1.000524594996269778e+00
1.000564814441692096e+00
1.000603276958234700e+00
1.000639925637335059e+00
1.000674726459958253e+00
1.000707609534712272e+00
1.000738484188813615e+00
1.000767280999788511e+00
1.000793914485959224e+00
1.000818317109928746e+00
1.000840474387964196e+00
1.000860371299166607e+00
1.000878012884446111e+00
1.000893397203588497e+00
1.000906527258694778e+00
1.000917420390005752e+00
1.000926102306446408e+00
1.000932606425451121e+00
1.000936983258520430e+00
1.000939308121790772e+00
1.000939641150249138e+00
1.000938066836861262e+00
1.000934680360681783e+00
1.000929583797269151e+00
1.000922913251419022e+00
1.000914829656107452e+00
1.000905506076899432e+00
1.000895150259643929e+00
1.000884007619217142e+00
1.000872333597625063e+00
1.000860397315717965e+00
1.000848482777496828e+00
1.000836878928279772e+00
1.000825889965701654e+00
1.000815849503167598e+00
1.000807124314474272e+00
1.000800120431493356e+00
1.000795283557226467e+00
1.000793099855590507e+00
1.000794133348867021e+00
1.000799109738777837e+00
1.000809049256380812e+00
1.000825517226791250e+00
1.000851183821831469e+00
1.000891214759551229e+00
1.000957113446954816e+00
1.001080038627972790e+00
1.001374364025556130e+00
1.002498005101798872e+00
1.008952408642338483e+00
1.001658514332907313e+00
9.988194622353820940e-01
