1.367138050429531848e+00
1.367487460016341361e+00
1.371607571479151133e+00
1.375200610749254704e+00
1.383056358267776398e+00
1.390574915188535599e+00
1.402933247805210115e+00
1.415183873284773464e+00
1.432916564910266199e+00
1.450767161296836916e+00
1.474724991378496997e+00
1.498896632303071019e+00
1.529590855710891484e+00
1.560214486123844058e+00
1.597249623696624932e+00
1.633225896014310674e+00
1.674747022499181393e+00
1.713552306197985819e+00
1.756803261114412651e+00
1.795326948879745421e+00
1.832259494763271546e+00
1.847964726828131399e+00
1.848308318941705553e+00
1.821918405334460589e+00
1.778099011949584529e+00
1.713244575798921199e+00
1.637020969358079725e+00
1.551017320448472292e+00
1.462939299239609969e+00
1.376746605435293258e+00
1.297153563705795598e+00
1.226388510893160699e+00
1.166474964255068691e+00
1.116259908863964423e+00
1.075680045665496687e+00
1.042268689845568641e+00
1.014072612912299887e+00
9.900853104324082166e-01
9.688062500848386716e-01
9.499438370575190582e-01
9.326738373917126124e-01
9.162886464163124689e-01
9.010772081761138086e-01
8.867759380937805247e-01
8.735874184572879342e-01
8.613150297621676721e-01
8.496490008865347221e-01
8.388379773122137673e-01
8.287591845438765370e-01
8.195526160569125418e-01
8.110852809718877010e-01
8.031939478782109676e-01
7.959532644230432608e-01
7.892569837869883864e-01
7.832223469316311748e-01
7.778136954182199858e-01
7.730937698465047969e-01
7.690411123234780488e-01
7.656152377812877052e-01
7.629512504477811152e-01
7.611235869216106398e-01
7.603835100402100977e-01
7.609550902009554196e-01
7.631884389073999575e-01
7.674433207554687275e-01
7.741606924535970879e-01
7.838054453378406894e-01
7.968567486718036719e-01
8.137583086241848562e-01
8.347777970708538664e-01
8.598742937506953510e-01
8.883928957712957653e-01
9.190300370079594883e-01
9.499047888239111614e-01
9.792607699092745754e-01
1.005768281371149708e+00
1.028848935519809604e+00
1.048291624995768556e+00
1.064325136560641427e+00
1.077194193597193594e+00
1.087329497816613033e+00
1.095027481131289449e+00
1.100671230411403689e+00
1.104493985678601575e+00
1.106776546660220184e+00
1.107696339725023904e+00
1.107429863692788841e+00
1.106142439637528341e+00
1.103941237625511107e+00
1.100981234896906358e+00
1.097343802807090318e+00
1.093143951277788961e+00
1.088467397931688563e+00
1.083380509739971354e+00
1.077982185098605994e+00
1.072327370272826208e+00
1.066481202491341262e+00
1.060516859253004762e+00
1.054479588059037631e+00
1.048428226427111865e+00
1.042417599173753651e+00
1.036484304221723551e+00
1.030674033423289782e+00
1.025031841717575665e+00
1.019584903484358929e+00
1.014362886690346244e+00
1.009404739161786413e+00
1.004729400921798188e+00
1.000352131968326841e+00
9.962954786331956747e-01
9.925781786817629015e-01
9.892022763847346800e-01
9.861657552362941281e-01
9.834745302630352182e-01
9.811282098812551533e-01
9.791196794747518695e-01
9.774348601792660629e-01
9.760628945675694501e-01
9.749945727596376344e-01
9.742179899458067727e-01
9.737194790963504820e-01
9.734796486296702911e-01
9.734777499375911747e-01
9.736963050231342010e-01
9.741177418912082553e-01
9.747245496019298905e-01
9.754991551607334888e-01
9.764245628412596689e-01
9.774843099616952191e-01
9.786627131726021167e-01
9.799444405082758935e-01
9.813144638790403107e-01
9.827582405053792991e-01
9.842621185001767525e-01
9.858135619194985377e-01
9.874011698474146614e-01
9.890148543924937030e-01
9.906459852587763404e-01
9.922870142959591133e-01
9.939308451083896934e-01
9.955707252343817260e-01
9.972001879626949394e-01
9.988131433936591197e-01
1.000403710210615804e+00
1.001966502648564683e+00
1.003496275136178228e+00
1.004987539826326604e+00
1.006435994532731026e+00
1.007838886527288924e+00
1.009194061681314869e+00
1.010499239203533017e+00
1.011751759515401083e+00
1.012949656966369849e+00
1.014091698284009579e+00
1.015175713189256923e+00
1.016199005097763175e+00
1.017159549045596245e+00
1.018054924311540876e+00
1.018883286040763503e+00
1.019644350986480763e+00
1.020337833034013597e+00
1.020964061195957617e+00
1.021523157972316076e+00
1.022015389355644066e+00
1.022441413094426821e+00
1.022802114756795611e+00
1.023098593253887634e+00
1.023332406143638851e+00
1.023505806846369381e+00
1.023620596610961719e+00
1.023679258734048858e+00
1.023684560620318429e+00
1.023639458521079293e+00
1.023547865096006371e+00
1.023414394717538478e+00
1.023244011321365443e+00
1.023042664136700308e+00
1.022817374169653348e+00
1.022575450460563751e+00
1.022324590927218946e+00
1.022072907993968105e+00
1.021828639889371670e+00
1.021600435592438849e+00
1.021397743822305193e+00
1.021230898764782236e+00
1.021111262675443720e+00
1.021051192284722964e+00
1.021063997862278194e+00
1.021164916741203577e+00
1.021373354539637957e+00
1.021716415862501393e+00
1.022235570758363021e+00
1.023001648456520529e+00
1.024152465526972700e+00
1.025998764839613164e+00
1.029398986423364581e+00
1.037561405083629706e+00
1.064748283152337160e+00
1.194844973411579137e+00
1.023083733363862935e+00
1.001950276443573484e+00
