1.393673746840016880e+00
1.394005451601525447e+00
1.397950790165502166e+00
1.401427320497653506e+00
1.408934535079269246e+00
1.416208672211107134e+00
1.428017902841073994e+00
1.439876050274794927e+00
1.456823608775119405e+00
1.474113278407966465e+00
1.497011449367009917e+00
1.520438216070869819e+00
1.549761343379984391e+00
1.579455789349430317e+00
1.614788001141196139e+00
1.649691065485797692e+00
1.689203862164193826e+00
1.726913891659662914e+00
1.767918717382633842e+00
1.805338236730955614e+00
1.839233147635966903e+00
1.853318441698035723e+00
1.851037454866826026e+00
1.823372015076452746e+00
1.777881983460383841e+00
1.712365871862580269e+00
1.635393119402107631e+00
1.549302058258714476e+00
1.461162674930891248e+00
1.375248047235872129e+00
1.295938798648893497e+00
1.225545450073768583e+00
1.165943613081007912e+00
1.115994341894045006e+00
1.075604166939706285e+00
1.042322794747696291e+00
1.014205003327721455e+00
9.902626744110919477e-01
9.690040754541521251e-01
9.501501099075736478e-01
9.328808053020497537e-01
9.164903498232488399e-01
9.012728763819183309e-01
8.869652737359482453e-01
8.737721091698180675e-01
8.614958383275347353e-01
8.498253165395034392e-01
8.390101833727483527e-01
8.289275952709602713e-01
8.197181242570853454e-01
8.112483607302347632e-01
8.033545403894843950e-01
7.961116206699141440e-01
7.894133126504179199e-01
7.833772617577654529e-01
7.779676199410898718e-01
7.732467262739020075e-01
7.691918909415904615e-01
7.657606473211563403e-01
7.630862979640584687e-01
7.612405674626722130e-01
7.604722895637321400e-01
7.610024005915518863e-01
7.631782751422399036e-01
7.673567700009059633e-01
7.739766552156351898e-01
7.835014239270754466e-01
7.964108627761292691e-01
8.131533983746577210e-01
8.340093466859199722e-01
8.589645376866378301e-01
8.874089363472186243e-01
9.180970497155224175e-01
9.491950148947019272e-01
9.789556549424439647e-01
1.006014761691942372e+00
1.029737049122197323e+00
1.049848486818851789e+00
1.066526419060293218e+00
1.079977097033864464e+00
1.090612217631347525e+00
1.098720202708929339e+00
1.104688511221617153e+00
1.108757499074292108e+00
1.111218958005184332e+00
1.112259436920069122e+00
1.112064338026210963e+00
1.110805314321073212e+00
1.108594827247168402e+00
1.105591577363885358e+00
1.101879773276715158e+00
1.097576804311490406e+00
1.092770065395770596e+00
1.087527691224582815e+00
1.081949727791217342e+00
1.076092510173257910e+00
1.070022559852127353e+00
1.063814339847560797e+00
1.057514697205216292e+00
1.051184179311954070e+00
1.044879493183823449e+00
1.038639427359156153e+00
1.032512034621057007e+00
1.026544989417909726e+00
1.020768335723837739e+00
1.015214682280612957e+00
1.009926341286422558e+00
1.004925455647379007e+00
1.000230613052815576e+00
9.958676888064627031e-01
9.918587267744337632e-01
9.882085763182281157e-01
9.849175961018836745e-01
9.819940991284180631e-01
9.794395128777710902e-01
9.772481193076982819e-01
9.754064986049080233e-01
9.739042684138152772e-01
9.727324446410151593e-01
9.718789163293457545e-01
9.713294650771074901e-01
9.710635287779328939e-01
9.710588490201527145e-01
9.712964283769597307e-01
9.717570157095338779e-01
9.724213575710456414e-01
9.732700549523678468e-01
9.742842841851855340e-01
9.754457639602281960e-01
9.767370474273220360e-01
9.781410780665276139e-01
9.796411571317986677e-01
9.812211466809688254e-01
9.828659138902283710e-01
9.845615804396220527e-01
9.862955482856958778e-01
9.880566891160122989e-01
9.898354931097411713e-01
9.916236614689155626e-01
9.934134244330801167e-01
9.951974200418943761e-01
9.969686238460411243e-01
9.987204452961115919e-01
1.000446542413847340e+00
1.002141126616892031e+00
1.003798584232913793e+00
1.005413066140877332e+00
1.006980010909629852e+00
1.008496526157744322e+00
1.009960370707442046e+00
1.011369180002735346e+00
1.012720190668865206e+00
1.014011380007435958e+00
1.015241506500652369e+00
1.016408330148565797e+00
1.017509049019724054e+00
1.018541577677408272e+00
1.019503408942362910e+00
1.020392650973021897e+00
1.021209077670600207e+00
1.021952456335236459e+00
1.022623210506669933e+00
1.023221538438263689e+00
1.023747788082688404e+00
1.024202720214887785e+00
1.024587334689655238e+00
1.024902855899544996e+00
1.025150992467174005e+00
1.025334192630341423e+00
1.025454418861583727e+00
1.025514359084702232e+00
1.025517001580151577e+00
1.025465535080233748e+00
1.025364167445312225e+00
1.025217855119652244e+00
1.025031928777123014e+00
1.024812771294390856e+00
1.024567910619305522e+00
1.024305184313964778e+00
1.024032847274652047e+00
1.023759598725648479e+00
1.023494274291636863e+00
1.023246150117590902e+00
1.023025357846989891e+00
1.022842975920582154e+00
1.022711181489422749e+00
1.022643214416125268e+00
1.022653334312246587e+00
1.022757862215471381e+00
1.022977578627929152e+00
1.023341504259974499e+00
1.023894041779142672e+00
1.024711040848893751e+00
1.025940137071818414e+00
1.027914548457547594e+00
1.031555170339681249e+00
1.040306005165026360e+00
1.069128643796691369e+00
1.205846904514577433e+00
1.024523388824058356e+00
1.002581058597751706e+00
