9.877640980240900426e-01
9.875855965781523693e-01
9.888589751251185556e-01
9.882574639006909134e-01
9.896818409983629827e-01
9.899537497129203834e-01
9.915266291274807964e-01
9.932018600657209761e-01
9.959329227454344347e-01
9.996507461161776575e-01
1.004806804808169973e+00
1.011691557697137922e+00
1.020692974929833241e+00
1.032184303078153009e+00
1.046534799347258904e+00
1.064071352287881078e+00
1.085045623869521192e+00
1.109591369945529982e+00
1.137678439215694670e+00
1.169065725649035770e+00
1.203257832452441223e+00
1.239470287800312098e+00
1.276607022677202830e+00
1.313254042528243293e+00
1.347697298421483225e+00
1.377987759377570898e+00
1.402089175076414396e+00
1.418107178729698381e+00
1.424544221828372148e+00
1.420506608358415912e+00
1.405809491116764010e+00
1.380976226966214915e+00
1.347148677780861892e+00
1.305944391706481911e+00
1.259296321093167137e+00
1.209282754896713552e+00
1.157976812703820801e+00
1.107312320223255542e+00
1.058956873584495417e+00
1.014215798211989705e+00
9.739529738079845123e-01
9.385750257000569086e-01
9.080757792706193321e-01
8.821010830856146345e-01
8.600694286625694129e-01
8.412872889597130532e-01
8.250773606538779337e-01
8.108874844082594180e-01
7.983139190803263396e-01
7.871167830925970277e-01
7.771908688331234938e-01
7.685567618266004875e-01
7.613569441829374229e-01
7.558167490666493071e-01
7.522291956167516114e-01
7.509076546718883582e-01
7.521611516597145330e-01
7.562528325755581982e-01
7.633634039656993497e-01
7.735463487253871895e-01
7.866334949702301627e-01
8.021585444318906077e-01
8.193146309336581945e-01
8.370568305408829790e-01
8.543422102756135228e-01
8.704097180843163306e-01
8.849157225977477559e-01
8.978634878419877730e-01
9.094211712541887538e-01
9.197707323869105389e-01
9.290509895493965775e-01
9.373633575578311783e-01
9.447935945915846290e-01
9.514210333801651487e-01
9.573211064844416862e-01
9.625631344271484702e-01
9.672114518638688097e-01
9.713245169066373474e-01
9.749566334345431962e-01
9.781569168215369370e-01
9.809708139809680816e-01
9.834391859742152020e-01
9.855998353902943876e-01
9.874865314580556497e-01
9.891302863040696280e-01
9.905582377694124308e-01
9.917949446276839165e-01
9.928630371037978630e-01
9.937825223018262877e-01
9.945724295384560376e-01
9.952488825131512451e-01
9.958266290083168659e-01
9.963183731276108457e-01
9.967350997091608544e-01
9.970878575074955119e-01
9.973853120397081495e-01
9.976352303082134387e-01
9.978451916797989041e-01
9.980209788137375249e-01
9.981681211041224522e-01
9.982915980438132886e-01
9.983950153446591314e-01
9.984820243202585655e-01
9.985559926962928046e-01
9.986190726264345674e-01
9.986733929511988350e-01
9.987213435814091822e-01
9.987642852546055883e-01
9.988032145379973636e-01
9.988395436376499292e-01
9.988744624093222058e-01
9.989083856303820896e-01
9.989416195653607611e-01
9.989748366511933542e-01
9.990085322255076727e-01
9.990428830391346882e-01
9.990778807373790205e-01
9.991136598627853305e-01
9.991504349091241410e-01
9.991883365987122012e-01
9.992274237702946094e-01
9.992675911610964246e-01
9.993087012451299378e-01
9.993507168368649385e-01
9.993935916331444513e-01
9.994372529499858659e-01
9.994816104914446830e-01
9.995265715815750962e-01
9.995720402697986229e-01
9.996179209583464509e-01
9.996641066594978975e-01
9.997104762624278163e-01
9.997569000865947908e-01
9.998032507591667617e-01
9.998494087955224208e-01
9.998952629171387052e-01
9.999407160274357276e-01
9.999856911379469970e-01
1.000030122695058754e+00
1.000073941279937539e+00
1.000117072339330226e+00
1.000159436827479764e+00
1.000200954129180086e+00
1.000241539033930982e+00
1.000281110247269067e+00
1.000319580350291782e+00
1.000356845877193424e+00
1.000392827535839135e+00
1.000427482187576489e+00
1.000460777071634721e+00
1.000492669720184136e+00
1.000523102787231444e+00
1.000552035507009219e+00
1.000579444987282685e+00
1.000605279391790781e+00
1.000629470012822431e+00
1.000651964815749473e+00
1.000672698701939645e+00
1.000691620650867586e+00
1.000708721738942097e+00
1.000723992425941011e+00
1.000737439017260755e+00
1.000749062113657883e+00
1.000758866138667935e+00
1.000766866843164626e+00
1.000773086560945657e+00
1.000777553696965194e+00
1.000780310221665470e+00
1.000781417833968456e+00
1.000780926091789702e+00
1.000778903949558041e+00
1.000775428866557792e+00
1.000770583797396363e+00
1.000764478834291316e+00
1.000757243883068304e+00
1.000749018554855096e+00
1.000739970155182679e+00
1.000730296082345205e+00
1.000720201810527454e+00
1.000709903825504066e+00
1.000699630614800828e+00
1.000689614782425574e+00
1.000680101323889515e+00
1.000671358994760674e+00
1.000663683409279470e+00
1.000657402071671198e+00
1.000652874968225747e+00
1.000650495614860969e+00
1.000650721559623646e+00
1.000654142394146850e+00
1.000661587826090715e+00
1.000674331633909730e+00
1.000694546790127371e+00
1.000726435168919126e+00
1.000779348684626591e+00
1.000878606879393118e+00
1.001117129693330998e+00
1.002029488973950722e+00
1.007311873597741103e+00
1.001412991117547113e+00
9.989434108101322707e-01
