1.000000000000000000e+00
9.999620100495092423e-01
9.998305507771264589e-01
9.995976138552254975e-01
9.992873565973400263e-01
9.989705823807519813e-01
9.987848998251566135e-01
9.989610177438670302e-01
9.998532744398751504e-01
1.001971315165289811e+00
1.006005922422652743e+00
1.012848928455037045e+00
1.023602695030535026e+00
1.039580416310915911e+00
1.062295254105788844e+00
1.093326079156887509e+00
1.134075460520719947e+00
1.184782984467199318e+00
1.243210314568354846e+00
1.304084991295828111e+00
1.361210111988042870e+00
1.412852540949457003e+00
1.497390331640493732e+00
1.667154422921927059e+00
1.735496812955920065e+00
1.730892599692114064e+00
1.685300477529935614e+00
1.612831550418449833e+00
1.524716204249946028e+00
1.433699287956371249e+00
1.346224112087128999e+00
1.267399169312050988e+00
1.200082524723689703e+00
1.144099576301874421e+00
1.099006364099658795e+00
1.061736358318596807e+00
1.030040111206747433e+00
1.002847474286425067e+00
9.788811682535614178e-01
9.577021082979142452e-01
9.385369935461909119e-01
9.207491298435287463e-01
9.044122713424507243e-01
8.892875050336763731e-01
8.754026183997207777e-01
8.625413245087572012e-01
8.504328890027561538e-01
8.391717618408945922e-01
8.286445992925086657e-01
8.188912350728972944e-01
8.097906764252642553e-01
8.012143400296082296e-01
7.932023413687881996e-01
7.857163643519178287e-01
7.788863811189118413e-01
7.727921682993973418e-01
7.676151061791298691e-01
7.635295441642906411e-01
7.607433774256291414e-01
7.596033898840706122e-01
7.604434440199251410e-01
7.636966365978115068e-01
7.697637015903648905e-01
7.790640006020721486e-01
7.919253776802150924e-01
8.085123501972213411e-01
8.285956996414509668e-01
8.512252758442109268e-01
8.744772241358035325e-01
8.959512202020966098e-01
9.142722207472275819e-01
9.295142649661239931e-01
9.423384735818431945e-01
9.532622927994216511e-01
9.626493332294051575e-01
9.707078278766977375e-01
9.776272112862806063e-01
9.835264717555490810e-01
9.885418034177344548e-01
9.927600652524758429e-01
9.962878144849706130e-01
9.991933258618361791e-01
1.001563202285954857e+00
1.003452959835873015e+00
1.004932721711397914e+00
1.006048153831716974e+00
1.006845907601230605e+00
1.007374963333410145e+00
1.007666330858617787e+00
1.007766823647741283e+00
1.007701266487287528e+00
1.007502232006231457e+00
1.007194023921633486e+00
1.006793375636194199e+00
1.006328578531637152e+00
1.005812352748621574e+00
1.005258907819128078e+00
1.004686003636457103e+00
1.004101348694813822e+00
1.003516031560973909e+00
1.002940135221788598e+00
1.002377476875237594e+00
1.001834672729501996e+00
1.001318118213319952e+00
1.000828883538778857e+00
1.000369298262712592e+00
9.999439302523890349e-01
9.995527784768936108e-01
9.991950496263557469e-01
9.988724412507208328e-01
9.985860013703470317e-01
9.983337015052453634e-01
9.981134903064959873e-01
9.979252760012091716e-01
9.977683402335183471e-01
9.976409016036963395e-01
9.975406014109631236e-01
9.974659180727966090e-01
9.974158260403522824e-01
9.973890888253497122e-01
9.973843486093865174e-01
9.973996803770265318e-01
9.974331538576618472e-01
9.974833862455393385e-01
9.975490474070690672e-01
9.976287970627291113e-01
9.977213110982755540e-01
9.978253382454224107e-01
9.979396879038804347e-01
9.980632407428943198e-01
9.981948931847176576e-01
9.983335415615217645e-01
9.984781003358782492e-01
9.986275428929080045e-01
9.987809203998647689e-01
9.989373590139959402e-01
9.990960811106749384e-01
9.992564265653332001e-01
9.994178137063021161e-01
9.995796732463930745e-01
9.997414409670720703e-01
9.999025579734588387e-01
1.000062480811400700e+00
1.000220666795649027e+00
1.000376607650190763e+00
1.000529786507353247e+00
1.000679635353094898e+00
1.000825699262216650e+00
1.000967683696734500e+00
1.001105347286060931e+00
1.001238418736921432e+00
1.001366574683723920e+00
1.001489567756131960e+00
1.001607230938947213e+00
1.001719285222233857e+00
1.001825388711240716e+00
1.001925273188143839e+00
1.002018621711059598e+00
1.002105179019801007e+00
1.002184865190921537e+00
1.002257600629753664e+00
1.002323373067259382e+00
1.002382149215958140e+00
1.002433913354294548e+00
1.002478697517078743e+00
1.002516561863817213e+00
1.002547592334263715e+00
1.002571930849923687e+00
1.002589800158426581e+00
1.002601374000529288e+00
1.002606905201015142e+00
1.002606681134658784e+00
1.002601011321030411e+00
1.002590315158367940e+00
1.002575091946539709e+00
1.002555879630736335e+00
1.002533327637941341e+00
1.002508206340853025e+00
1.002481317336098021e+00
1.002453504975356013e+00
1.002425659841779559e+00
1.002398685996306327e+00
1.002373533549920648e+00
1.002351243349247190e+00
1.002332957421699478e+00
1.002319936223165397e+00
1.002313556174509124e+00
1.002315306224778046e+00
1.002326898995498539e+00
1.002350524966223233e+00
1.002389251359183220e+00
1.002447772695416406e+00
1.002534094356771766e+00
1.002663728871633131e+00
1.002871283715779827e+00
1.003250616178186672e+00
1.004146115971619624e+00
1.007527609358245924e+00
1.025918970238593575e+00
1.003606031675896793e+00
9.985254871103468322e-01
