9.856250278430084277e-01
9.863177716082027757e-01
9.866168049018513297e-01
9.875901181175644750e-01
9.881635645395292489e-01
9.894442899318729445e-01
9.908886362168283224e-01
9.931081319952991260e-01
9.961197598482902649e-01
1.000304108879252585e+00
1.005936202000254465e+00
1.013383338764677122e+00
1.023013386648493173e+00
1.035207856795021364e+00
1.050329549482515556e+00
1.068695940008240752e+00
1.090541825068744419e+00
1.115977056341965312e+00
1.144940264195481783e+00
1.177152440057344762e+00
1.212074849272426258e+00
1.248876142222801189e+00
1.286412244446668796e+00
1.323223073669742567e+00
1.357554994166511486e+00
1.387433436046489721e+00
1.410819729009500811e+00
1.425844580150068763e+00
1.431059230304776220e+00
1.425633460886525539e+00
1.409450822725016650e+00
1.383100891217267314e+00
1.347786423546599943e+00
1.305180507301801462e+00
1.257267567319591439e+00
1.206174318928305622e+00
1.154018901712147604e+00
1.102774270165897574e+00
1.054136522044078150e+00
1.009422592866671575e+00
9.694848798120894173e-01
9.346923301447560561e-01
9.049772184727055135e-01
8.799079303349611747e-01
8.588214217423799646e-01
8.409499485890459258e-01
8.255567420469516193e-01
8.120475147181720477e-01
7.999923008370535271e-01
7.891376787792291347e-01
7.793743335303433550e-01
7.707254732044763745e-01
7.633413585042395644e-01
7.574597098823319108e-01
7.533902900761071386e-01
7.514675682239205790e-01
7.520263459626816971e-01
7.553615328226820358e-01
7.616950201320867864e-01
7.711357213279912415e-01
7.835880972965981739e-01
7.986695354106904121e-01
8.156439620685991265e-01
8.334867337995176539e-01
8.510998863109713319e-01
8.676109076556004496e-01
8.825642916645325409e-01
8.958991371007072324e-01
9.077734140624335035e-01
9.183866440358785521e-01
9.278958807110535556e-01
9.364114162278475151e-01
9.440215195443466545e-01
9.508066373622636736e-01
9.568438379486029488e-01
9.622043931069073075e-01
9.669544940057510640e-01
9.711542743076096995e-01
9.748595827928338009e-01
9.781209742027808796e-01
9.809852331888055943e-01
9.834944579672245668e-01
9.856875912443447962e-01
9.875994453592089606e-01
9.892619740928162431e-01
9.907031565370618686e-01
9.919483070646599732e-01
9.930207478029213775e-01
9.939411274925612494e-01
9.947290642946060579e-01
9.954012046082399978e-01
9.959727472668459258e-01
9.964567808253473880e-01
9.968646317224344466e-01
9.972076690848848957e-01
9.974948235940167551e-01
9.977340866535087116e-01
9.979332470142022737e-01
9.980982504788284970e-01
9.982347706315779501e-01
9.983479117766751454e-01
9.984413581489581802e-01
9.985188398208153515e-01
9.985837966438494417e-01
9.986384049969837529e-01
9.986848193148678554e-01
9.987254733145157770e-01
9.987617282892025106e-01
9.987945644778991605e-01
9.988254056174149520e-01
9.988554476461505294e-01
9.988850722915119107e-01
9.989145496406535152e-01
9.989445414901755305e-01
9.989755281221182059e-01
9.990076550634635622e-01
9.990408749975858704e-01
9.990752951568842022e-01
9.991111110867784140e-01
9.991484325082691242e-01
9.991872948664001219e-01
9.992275617848135338e-01
9.992690646667651277e-01
9.993117433264194771e-01
9.993555299098587641e-01
9.994003301163828512e-01
9.994460324080106650e-01
9.994925240702303704e-01
9.995396901708367698e-01
9.995874172829039006e-01
9.996355809166965756e-01
9.996840425134699837e-01
9.997326552700948055e-01
9.997812756291232228e-01
9.998297691459242520e-01
9.998780107673138628e-01
9.999258911261432736e-01
9.999733227863626395e-01
1.000020230971459423e+00
1.000066537251357524e+00
1.000112158146004848e+00
1.000157005773409047e+00
1.000200990921872091e+00
1.000244019806539209e+00
1.000286003085783415e+00
1.000326845159913658e+00
1.000366433603443683e+00
1.000404681905936677e+00
1.000441542194647537e+00
1.000476977807766232e+00
1.000510941915590202e+00
1.000543372009914167e+00
1.000574223340178426e+00
1.000603470275222007e+00
1.000631056511755546e+00
1.000656907899150960e+00
1.000680968097583667e+00
1.000703166954818757e+00
1.000723449357250550e+00
1.000741805014593311e+00
1.000758223037748307e+00
1.000772709432149465e+00
1.000785264179640865e+00
1.000795891362841195e+00
1.000804607140600710e+00
1.000811434698714253e+00
1.000816403701326518e+00
1.000819558256193620e+00
1.000820963463245672e+00
1.000820671524207617e+00
1.000818755272649518e+00
1.000815296590038539e+00
1.000810383202042742e+00
1.000804131687933252e+00
1.000796679689265334e+00
1.000788175157484972e+00
1.000778795478088457e+00
1.000768750016073350e+00
1.000758256698702997e+00
1.000747545129687888e+00
1.000736857632889887e+00
1.000726440855309152e+00
1.000716554549462067e+00
1.000707483638377804e+00
1.000699541475956522e+00
1.000693075145121513e+00
1.000688466007422450e+00
1.000686130689643738e+00
1.000686553308230087e+00
1.000690357425949362e+00
1.000698420309696468e+00
1.000712088521854337e+00
1.000733659161256561e+00
1.000767574712428054e+00
1.000823724146825855e+00
1.000928884550937426e+00
1.001181331257527063e+00
1.002146431408146965e+00
1.007722236257347470e+00
1.001475428246291210e+00
9.989107485812942500e-01
