9.336592344799107268e-01
9.421701117445184792e-01
9.498348374053644516e-01
9.592692948534030650e-01
9.676990266515499428e-01
9.777542496012615603e-01
9.878870323112773910e-01
9.993742760530069935e-01
1.011938297957391653e+00
1.026134736413129689e+00
1.042176787901647028e+00
1.060430270449929102e+00
1.081191356986790586e+00
1.104734428764347243e+00
1.131256951058736915e+00
1.160851206407842007e+00
1.193462956221093885e+00
1.228851490987522332e+00
1.266551047939490138e+00
1.305838383466934038e+00
1.345710225503885749e+00
1.384874124256298966e+00
1.421756464262927233e+00
1.454538976816986739e+00
1.481248174487632241e+00
1.499919300557903901e+00
1.508816432195961621e+00
1.506652048130080468e+00
1.492760717729803899e+00
1.467198331207475448e+00
1.430752386078870231e+00
1.384881241199460211e+00
1.331597279415965396e+00
1.273312725354597719e+00
1.212664385590869198e+00
1.152312620224373862e+00
1.094741220240790680e+00
1.042059396987175202e+00
9.958121580598503497e-01
9.568498004019115877e-01
9.252692585624949784e-01
9.004941239460155789e-01
8.814738930457510779e-01
8.669096002017729896e-01
8.554915834291826338e-01
8.460553958828586074e-01
8.376804662227518294e-01
8.297339504322499559e-01
8.218230706156229859e-01
8.137538840666015405e-01
8.054677273026333850e-01
7.970150810718198420e-01
7.885504969278249732e-01
7.803054711399441956e-01
7.725888949152716068e-01
7.657582600164285491e-01
7.602113065564530814e-01
7.563619683135355265e-01
7.546322639923067621e-01
7.554511568810596822e-01
7.592186029515436418e-01
7.662750511063763925e-01
7.768205555014919828e-01
7.908119563342743685e-01
8.078265229905283729e-01
8.269799185159223409e-01
8.469971058105243422e-01
8.664974469659285639e-01
8.843846881815162764e-01
9.001136975231981419e-01
9.136861545912726701e-01
9.254226071724664937e-01
9.356978702000375847e-01
9.447844534535559946e-01
9.528361559293446748e-01
9.599407582217460710e-01
9.661729281396126412e-01
9.716119920787674724e-01
9.763398336644880660e-01
9.804324897578415854e-01
9.839590298751055286e-01
9.869812997871122429e-01
9.895563353028078435e-01
9.917355988764752217e-01
9.935661250036849079e-01
9.950894201961737462e-01
9.963429763910373049e-01
9.973612691150010034e-01
9.981753200621515942e-01
9.988142967397920513e-01
9.993033983175898527e-01
9.996652163109470690e-01
9.999191843019087367e-01
1.000082268764070470e+00
1.000170971351883376e+00
1.000198645257597718e+00
1.000177046700928774e+00
1.000117300924580510e+00
1.000028107947702694e+00
9.999174885935576684e-01
9.997924895406177237e-01
9.996581212323154553e-01
9.995193171555378786e-01
9.993805491878255953e-01
9.992443574349405555e-01
9.991132143326155735e-01
9.989900945163802115e-01
9.988762697634585574e-01
9.987723188753453440e-01
9.986796961626656088e-01
9.985995598935950568e-01
9.985315867392683398e-01
9.984752587607382823e-01
9.984308971725995852e-01
9.983986028604941998e-01
9.983778396529287003e-01
9.983677362703092806e-01
9.983677909917398896e-01
9.983777610542210468e-01
9.983972917837178329e-01
9.984259038162693889e-01
9.984628061503978413e-01
9.985071789757852256e-01
9.985584657671461306e-01
9.986161388122130056e-01
9.986796453530396578e-01
9.987484253650884547e-01
9.988219435063490081e-01
9.988996856807595970e-01
9.989811638839826147e-01
9.990658878052164349e-01
9.991533561593087809e-01
9.992430676863501837e-01
9.993345444080724560e-01
9.994273430011078041e-01
9.995210542893790961e-01
9.996153155839253568e-01
9.997098229420368076e-01
9.998043101563027779e-01
9.998985126636492637e-01
9.999921634433650564e-01
1.000084993762734298e+00
1.000176739027848649e+00
1.000267131358984596e+00
1.000355918224391072e+00
1.000442838855200245e+00
1.000527601237500841e+00
1.000609973663860286e+00
1.000689811936199325e+00
1.000766999777299215e+00
1.000841402124423407e+00
1.000912853050202944e+00
1.000981227584968547e+00
1.001046444349878772e+00
1.001108357982611441e+00
1.001166786506247464e+00
1.001221588015532404e+00
1.001272592504793613e+00
1.001319663865599452e+00
1.001362763944459333e+00
1.001401854527754987e+00
1.001436934733783257e+00
1.001467991553132153e+00
1.001495021533487462e+00
1.001518047909447873e+00
1.001537109617906651e+00
1.001552260020934115e+00
1.001563584023176912e+00
1.001571212085161644e+00
1.001575247070994212e+00
1.001575836472345937e+00
1.001573147384358542e+00
1.001567359521987388e+00
1.001558714795026450e+00
1.001547500433227267e+00
1.001534025707954356e+00
1.001518663114829621e+00
1.001501853772721828e+00
1.001484056773600084e+00
1.001465755748250253e+00
1.001447460933178046e+00
1.001429690800740513e+00
1.001412990668317349e+00
1.001397958253183562e+00
1.001385250002372329e+00
1.001375591463991466e+00
1.001369776836936287e+00
1.001368668504871051e+00
1.001373262305093714e+00
1.001384835444761867e+00
1.001405179662586020e+00
1.001437040426859992e+00
1.001485100354619018e+00
1.001558427102564597e+00
1.001677235397936627e+00
1.001896325769732199e+00
1.002416895195956448e+00
1.004395368324760618e+00
1.015521105957339243e+00
1.002569581354183947e+00
9.984423517316692864e-01
