9.249690950530573552e-01
9.347880051538653978e-01
9.441707150377027791e-01
9.548413327368263648e-01
9.650345773390638371e-01
9.765094910924460025e-01
9.883237036231761197e-01
1.001382332624455529e+00
1.015591153786059131e+00
1.031405199769739767e+00
1.049060810948221789e+00
1.068891643933178370e+00
1.091176962342627288e+00
1.116163660184197104e+00
1.144019699090262465e+00
1.174803587532434523e+00
1.208424510026636423e+00
1.244603353864002893e+00
1.282835777628536178e+00
1.322361723860455918e+00
1.362145008660045509e+00
1.400866412338485301e+00
1.436934497113165454e+00
1.468526976501417503e+00
1.493687927044440977e+00
1.510498179862739265e+00
1.517294498012279558e+00
1.512881696246155760e+00
1.496696618508840393e+00
1.468898406330715778e+00
1.430372198742694279e+00
1.382664253812977417e+00
1.327862169510562129e+00
1.268437512087865704e+00
1.207066282581593653e+00
1.146422629642305013e+00
1.088973696135101088e+00
1.036778663632397235e+00
9.913007593362317404e-01
9.532853119482550541e-01
9.227164945072934277e-01
8.989162798099797902e-01
8.807597949329918352e-01
8.669081516883284655e-01
8.560436089647135427e-01
8.470163569759591171e-01
8.389323549477812891e-01
8.311882760231642520e-01
8.234178405928737066e-01
8.154470026267032212e-01
8.072286666581282022e-01
7.988159804357815030e-01
7.903577067862732619e-01
7.820725737392473231e-01
7.742519013807686035e-01
7.672337394632299246e-01
7.613976200216674428e-01
7.571435015378490396e-01
7.548863232945645096e-01
7.550572389130270068e-01
7.580707223399916206e-01
7.642991508534320300e-01
7.739999629827876149e-01
7.872213616208880715e-01
8.036644657831050198e-01
8.225740250685737998e-01
8.427519798750753299e-01
8.627857077716809542e-01
8.814335969948141614e-01
8.979573899145156801e-01
9.122089207906298736e-01
9.244537415035614103e-01
9.350933951743408690e-01
9.444576973892973015e-01
9.527439978218990024e-01
9.600563190812575476e-01
9.664687082609035862e-01
9.720574701209435675e-01
9.769053275579160367e-01
9.810919021719534117e-01
9.846899824038953808e-01
9.877643126147522823e-01
9.903742781830174868e-01
9.925734832070040037e-01
9.944109525982818276e-01
9.959300017924627157e-01
9.971697537970874992e-01
9.981661772427654622e-01
9.989516847025110557e-01
9.995567290556603979e-01
1.000007671356926364e+00
1.000328116489306751e+00
1.000538375249284018e+00
1.000656190732530204e+00
1.000698760569007417e+00
1.000680053793410629e+00
1.000612357395203489e+00
1.000507253856059098e+00
1.000373833191923412e+00
1.000220443216697230e+00
1.000054392694744276e+00
9.998808850037963492e-01
9.997050149081290193e-01
9.995313817120026201e-01
9.993625787223187062e-01
9.992011162138174640e-01
9.990500224599218049e-01
9.989105497079756590e-01
9.987832121244241135e-01
9.986694497859468500e-01
9.985703995624443108e-01
9.984856254777331186e-01
9.984144801311707340e-01
9.983572171393149119e-01
9.983138697664428740e-01
9.982837885335962280e-01
9.982659669507507605e-01
9.982597996243428584e-01
9.982649677893731255e-01
9.982810384829139405e-01
9.983074451537246041e-01
9.983432888036259945e-01
9.983876422766170267e-01
9.984398654981745391e-01
9.984993540479604190e-01
9.985654789093806327e-01
9.986376055832003606e-01
9.987151285379669563e-01
9.987974674908430828e-01
9.988840723268244126e-01
9.989743922527916098e-01
9.990678661923249049e-01
9.991639345979689280e-01
9.992620645526113510e-01
9.993617620118198097e-01
9.994625711787421540e-01
9.995640877812426162e-01
9.996659722564887884e-01
9.997679268763918214e-01
9.998696565279586723e-01
9.999708641504563289e-01
1.000071251498454883e+00
1.000170525415660316e+00
1.000268389763767862e+00
1.000364565543567119e+00
1.000458765274172102e+00
1.000550668043885150e+00
1.000640018735805770e+00
1.000726657525659702e+00
1.000810455209709016e+00
1.000891262473712073e+00
1.000968896784969475e+00
1.001043220263655664e+00
1.001114142508116700e+00
1.001181503909359893e+00
1.001245105302929428e+00
1.001304791120446014e+00
1.001360375471904929e+00
1.001411709362160840e+00
1.001458750148418231e+00
1.001501455237711058e+00
1.001539822594348594e+00
1.001573837101541464e+00
1.001603494063691313e+00
1.001628817781436087e+00
1.001649849629782318e+00
1.001666646664400862e+00
1.001679300183512700e+00
1.001687950914282865e+00
1.001692709669773862e+00
1.001693735672321672e+00
1.001691209412365557e+00
1.001685325067769305e+00
1.001676344269775587e+00
1.001664577795386979e+00
1.001650360312245969e+00
1.001634095041600725e+00
1.001616259607335468e+00
1.001597351087675447e+00
1.001577893123468677e+00
1.001558438145035090e+00
1.001539547426127497e+00
1.001521811240219106e+00
1.001505876539348305e+00
1.001492453760764123e+00
1.001482327987122778e+00
1.001476358320724680e+00
1.001475477161824168e+00
1.001480760650475421e+00
1.001493588498902687e+00
1.001515895787675081e+00
1.001550647197619659e+00
1.001602899134497182e+00
1.001682444042728104e+00
1.001811114818371484e+00
1.002048102869906199e+00
1.002610722309758451e+00
1.004747815629272623e+00
1.016730509801756277e+00
1.002728982417399717e+00
9.983871530791904592e-01
