9.311216496895485806e-01
9.392382336886625493e-01
9.489113346059228071e-01
9.570849937353042014e-01
9.674150141074163711e-01
9.770040449909888070e-01
9.881828851941789615e-01
9.998996218170206340e-01
1.013094995205779503e+00
1.027752149373174717e+00
1.044318531732032040e+00
1.063063987444532676e+00
1.084309385557755023e+00
1.108311145108116458e+00
1.135260293750430582e+00
1.165237724424595722e+00
1.198177747972636542e+00
1.233827271823762839e+00
1.271708013813595661e+00
1.311084623764437129e+00
1.350942834427873551e+00
1.389981032103422054e+00
1.426619165406120215e+00
1.459036795428620747e+00
1.485265039957946787e+00
1.503352724380122574e+00
1.511586359765695553e+00
1.508707410618426836e+00
1.494082884880141293e+00
1.467801674388950595e+00
1.430682713005414497e+00
1.384212908961001576e+00
1.330429386616701848e+00
1.271764303113103622e+00
1.210868212669691912e+00
1.150407295925730322e+00
1.092861500197718660e+00
1.040325387888104469e+00
9.943187880700968817e-01
9.556587996903022075e-01
9.244059493369167768e-01
8.999503530452569455e-01
8.812163913662250936e-01
8.668909862571997360e-01
8.556607958086290822e-01
8.463653056600459745e-01
8.380919874827837956e-01
8.302172018184114100e-01
8.223565189173188683e-01
8.143222787420674180e-01
8.060594582046245460e-01
7.976193539670292099e-01
7.891546695820652602e-01
7.808928894050900515e-01
7.731374478880908008e-01
7.662398862724715265e-01
7.605924874536629243e-01
7.566051570825716999e-01
7.546981421081501162e-01
7.553016443425072390e-01
7.588208883053230158e-01
7.656073426473513077e-01
7.758804898812851070e-01
7.896276178533658818e-01
8.064663907865572412e-01
8.255530308701033437e-01
8.456341701481359108e-01
8.653146615962402644e-01
8.834486124319930189e-01
8.994291349663982027e-01
9.132128874450842204e-01
9.251063856205137270e-01
9.354950026276744879e-01
9.446694774301636066e-01
9.527963292333738732e-01
9.599675100310391951e-01
9.662571905073630285e-01
9.717439013346708121e-01
9.765099929333035389e-01
9.806326954263326900e-01
9.841822262836187329e-01
9.872213209036692083e-01
9.898077547667566423e-01
9.919936723310718296e-01
9.938267397101941958e-01
9.953490352490856896e-01
9.965985661931354711e-01
9.976102799564086077e-01
9.984156377977309038e-01
9.990442132996947278e-01
9.995215723881779590e-01
9.998706261250910332e-01
1.000111084494855529e+00
1.000260158749051609e+00
1.000334570022837655e+00
1.000347865441208128e+00
1.000311968165604970e+00
1.000238147359973517e+00
1.000135225649902315e+00
1.000011326696707892e+00
9.998735796991438107e-01
9.997270555640153100e-01
9.995767385616161071e-01
9.994271409380226512e-01
9.992808193671497419e-01
9.991402582100429308e-01
9.990084494262928549e-01
9.988866587167569699e-01
9.987754445885790311e-01
9.986762572541955096e-01
9.985902485968511932e-01
9.985170600623298753e-01
9.984561333353564327e-01
9.984077688087370506e-01
9.983720464007576068e-01
9.983483946542708320e-01
9.983359001662528431e-01
9.983340290066259337e-01
9.983425148258919801e-01
9.983609786051996782e-01
9.983889138883623726e-01
9.984254960601897100e-01
9.984698719007640833e-01
9.985214589227492388e-01
9.985797055603023997e-01
9.986440353382742829e-01
9.987138650689346697e-01
9.987886375812110584e-01
9.988678181929729893e-01
9.989508995823620507e-01
9.990373726242233188e-01
9.991267174307684185e-01
9.992184146046985127e-01
9.993119690714666881e-01
9.994069217235563851e-01
9.995028488758764817e-01
9.995993748984203231e-01
9.996961847647465316e-01
9.997930024597395660e-01
9.998895539125290943e-01
9.999855627516037737e-01
1.000080751055758110e+00
1.000174845337263418e+00
1.000267568915074845e+00
1.000358661013520001e+00
1.000447852542048377e+00
1.000534842480874209e+00
1.000619391827876292e+00
1.000701351517242488e+00
1.000780601244931400e+00
1.000857001507232669e+00
1.000930381200390240e+00
1.001000611330625567e+00
1.001067607707470275e+00
1.001131220526205290e+00
1.001191262449453001e+00
1.001247587311084430e+00
1.001300020150632353e+00
1.001348420839745401e+00
1.001392749825031236e+00
1.001432967526678430e+00
1.001469072703305541e+00
1.001501051688129307e+00
1.001528900641095676e+00
1.001552643129604014e+00
1.001572318851464471e+00
1.001587982321427761e+00
1.001599720439296348e+00
1.001607666869417157e+00
1.001611926956500698e+00
1.001612651853007296e+00
1.001610012834335262e+00
1.001604194128889791e+00
1.001595443800833873e+00
1.001584056428132197e+00
1.001570349207369537e+00
1.001554704222387127e+00
1.001537573983696916e+00
1.001519429437182751e+00
1.001500766699136680e+00
1.001482109173126966e+00
1.001463988688332973e+00
1.001446964591552691e+00
1.001431649964917403e+00
1.001418718104670313e+00
1.001408913138888801e+00
1.001403049522801236e+00
1.001402011493484734e+00
1.001406819953680083e+00
1.001418784107592330e+00
1.001439740439610038e+00
1.001472502848894885e+00
1.001521870637697598e+00
1.001597137718432062e+00
1.001719023961019861e+00
1.001943700622998090e+00
1.002477396360944795e+00
1.004505392288537191e+00
1.015898971492597447e+00
1.002619600226513974e+00
9.984247276643809510e-01
