1.000000000000000000e+00
9.999707092168469424e-01
9.998694583754391685e-01
9.996909008151790843e-01
9.994551676720894173e-01
9.992186225789808640e-01
9.990889657371427868e-01
9.992455155348393125e-01
9.999640742725981468e-01
1.001644838508415125e+00
1.004838094456796727e+00
1.010265801086966730e+00
1.018832731702857153e+00
1.031626210045123671e+00
1.049906599227539372e+00
1.075023981090207581e+00
1.108310144850707779e+00
1.150548877943326831e+00
1.201251718820117054e+00
1.257893137090614788e+00
1.315847462936800660e+00
1.371877306443645139e+00
1.429823369031645530e+00
1.518853991523416047e+00
1.613935954813709994e+00
1.654520249307176227e+00
1.649004087935294738e+00
1.610505932515525096e+00
1.549422188882680684e+00
1.476528335730501684e+00
1.398586198794786517e+00
1.320883713350908595e+00
1.247384232088918132e+00
1.180351571671885758e+00
1.122839232510487673e+00
1.074696742896262380e+00
1.034944819859995313e+00
1.002584968968618373e+00
9.757386691975047377e-01
9.533069390838267987e-01
9.339467247081473245e-01
9.166180236094112477e-01
9.010535396711507605e-01
8.868060310522478673e-01
8.737444127239161196e-01
8.615799323865006576e-01
8.500107486148391622e-01
8.390844319679231500e-01
8.286811973168385359e-01
8.188327075911721042e-01
8.094385853556979038e-01
8.004051156952157742e-01
7.918106383690399763e-01
7.836829648893177680e-01
7.762273015498570850e-01
7.696222959612678549e-01
7.641537080893125999e-01
7.601051093802019265e-01
7.577860396077346072e-01
7.576144688075582279e-01
7.599740928248919225e-01
7.653045212398896791e-01
7.739717469159600460e-01
7.862741074896376636e-01
8.022665685606401587e-01
8.215600551472070912e-01
8.429955718615680382e-01
8.645958852950462736e-01
8.844030940113279948e-01
9.015656067717982003e-01
9.162667763086377315e-01
9.289412981018556614e-01
9.399636075176519556e-01
9.495665458570333728e-01
9.579470101023525030e-01
9.652332242754794178e-01
9.715617391650288592e-01
9.770240686366253868e-01
9.817284213037078544e-01
9.857471898857735892e-01
9.891678908848474672e-01
9.920493387323284784e-01
9.944635293894135142e-01
9.964588942751499978e-01
9.980940202355228497e-01
9.994088640510265797e-01
1.000443489904801142e+00
1.001239031966246973e+00
1.001822915500720113e+00
1.002233524825954847e+00
1.002492735492854559e+00
1.002627586666410942e+00
1.002658696735351906e+00
1.002600847487469693e+00
1.002476792114221027e+00
1.002297765287364140e+00
1.002075811945012829e+00
1.001825265044111957e+00
1.001553059336822704e+00
1.001268360314987671e+00
1.000979447495324415e+00
1.000690012354476632e+00
1.000405615648310320e+00
1.000131551673872909e+00
9.998692636326386163e-01
9.996210132214063959e-01
9.993905699975370593e-01
9.991784298534590603e-01
9.989844885128651431e-01
9.988103491031656844e-01
9.986571195392002220e-01
9.985237211776405442e-01
9.984090349201549808e-01
9.983132881545005999e-01
9.982362467865337763e-01
9.981769141908000131e-01
9.981338734693996351e-01
9.981062758523669975e-01
9.980936029197422510e-01
9.980951745224039273e-01
9.981102125910182865e-01
9.981375314348560623e-01
9.981759303306092512e-01
9.982245792683660524e-01
9.982826747190413075e-01
9.983493965297293160e-01
9.984239268648095189e-01
9.985054902657012343e-01
9.985933457024779303e-01
9.986867944797445107e-01
9.987851420268155644e-01
9.988876872937471063e-01
9.989937358637589471e-01
9.991026288004594136e-01
9.992137562068034162e-01
9.993265556756817380e-01
9.994405274930293626e-01
9.995552498859540114e-01
9.996703521428611516e-01
9.997854688004738088e-01
9.999002347991752249e-01
1.000014285903142230e+00
1.000127265998904225e+00
1.000238817053171081e+00
1.000348602836566902e+00
1.000456279044223518e+00
1.000561463669716433e+00
1.000663852088829575e+00
1.000763250422393336e+00
1.000859500709003092e+00
1.000952422858583546e+00
1.001041799215199868e+00
1.001127464375815679e+00
1.001209308399028330e+00
1.001287142078713277e+00
1.001360731381503832e+00
1.001429893269505600e+00
1.001494409948513464e+00
1.001554106374775266e+00
1.001608930118692120e+00
1.001658828677017166e+00
1.001703796548380376e+00
1.001743813277886197e+00
1.001778870573961866e+00
1.001808993548655380e+00
1.001834226975487407e+00
1.001854633675890005e+00
1.001870315762939612e+00
1.001881432127966098e+00
1.001888107258542160e+00
1.001890521234756193e+00
1.001888878465026389e+00
1.001883398984387608e+00
1.001874380116200447e+00
1.001862175429226065e+00
1.001847165762218106e+00
1.001829810423183531e+00
1.001810653864175560e+00
1.001790262659506991e+00
1.001769233647766821e+00
1.001748196432534765e+00
1.001727790446606647e+00
1.001708687960676691e+00
1.001691625659110629e+00
1.001677412231422704e+00
1.001666940865918676e+00
1.001661188080349429e+00
1.001661212177829219e+00
1.001668232782811030e+00
1.001683811940787372e+00
1.001710138924291726e+00
1.001750566425430033e+00
1.001810812309434251e+00
1.001901953272964496e+00
1.002048693927975354e+00
1.002318031281782984e+00
1.002955932210001899e+00
1.005372874259022220e+00
1.018758469394591026e+00
1.002845142286422631e+00
9.985383863243290081e-01
