9.349798621869396253e-01
9.432644045895369755e-01
9.507304378781352705e-01
9.599162213930527709e-01
9.681354521115341782e-01
9.779429741487231098e-01
9.878444544891042955e-01
9.990856920130661845e-01
1.011406799847880844e+00
1.025357114138175207e+00
1.041155067893334119e+00
1.059167766696896829e+00
1.079694959572633506e+00
1.103014701321316515e+00
1.129328981100387264e+00
1.158735193590075818e+00
1.191184769208148087e+00
1.226443041745924001e+00
1.264050432058238860e+00
1.303289720861543044e+00
1.343163166594386837e+00
1.382383000816872265e+00
1.419379002510374965e+00
1.452334264646006456e+00
1.479273397168587412e+00
1.498225354934678011e+00
1.507443542122589131e+00
1.505626473272827059e+00
1.492092973236256226e+00
1.466882827554511159e+00
1.430768116974159287e+00
1.385193117598060519e+00
1.332157905922528807e+00
1.274064657260570499e+00
1.213543058016649079e+00
1.153250145215833689e+00
1.095671072753686248e+00
1.042921724509372483e+00
9.965590410385487541e-01
9.574493704527282656e-01
9.257075157836758272e-01
9.007737337288348467e-01
8.816102425706089374e-01
8.669254441088671825e-01
8.554118718035716995e-01
8.459034382856109868e-01
8.374758153597358090e-01
8.294917589653489909e-01
8.215544671530007337e-01
8.134669620085388519e-01
8.051688242426138231e-01
7.967101471469925089e-01
7.882463787331579486e-01
7.800109423058290137e-01
7.723153284740879032e-01
7.655198329791182976e-01
7.600247259304591108e-01
7.562457492516303503e-01
7.546056123444214725e-01
7.555324839081454247e-01
7.594235251241160389e-01
7.666135147942829686e-01
7.772926385673630811e-01
7.914024489179747324e-01
8.085002601442127235e-01
8.276822654397042456e-01
8.476639493794696500e-01
8.670732394941853549e-01
8.848390990445432758e-01
9.004463982565131808e-01
9.139177214527336446e-01
9.255792825541330204e-01
9.358001548945994452e-01
9.448440621689279117e-01
9.528590177398069683e-01
9.599310790813841976e-01
9.661352236489554324e-01
9.715510993003658724e-01
9.762603026056644318e-01
9.803382797428136231e-01
9.838535548761500049e-01
9.868675502172975511e-01
9.894369433669598646e-01
9.916128648083618602e-01
9.934420424795471494e-01
9.949657059279030102e-01
9.962210975446137429e-01
9.972424642943561457e-01
9.980606149792271564e-01
9.987045204818481015e-01
9.991992024852093257e-01
9.995670979707987902e-01
9.998275069199813458e-01
9.999972774654414254e-01
1.000092805106638005e+00
1.000127349333630011e+00
1.000112585770663420e+00
1.000059570134866904e+00
9.999769432711671513e-01
9.998726763536914808e-01
9.997537761837317349e-01
9.996252240838455760e-01
9.994919289980244148e-01
9.993583432103042563e-01
9.992269988773165856e-01
9.991003626626591139e-01
9.989814006814365932e-01
9.988713876174235562e-01
9.987709120503771576e-01
9.986814301391140347e-01
9.986041031167722792e-01
9.985386245863424604e-01
9.984844959819969556e-01
9.984420484220304370e-01
9.984113928121421955e-01
9.983920098950258559e-01
9.983830485896099116e-01
9.983840225901519094e-01
9.983947004132237568e-01
9.984147390432197566e-01
9.984436720842182478e-01
9.984807246431844918e-01
9.985250929200963910e-01
9.985762328173651836e-01
9.986336280468327553e-01
9.986967372105243212e-01
9.987650113788947293e-01
9.988379256654875693e-01
9.989149758350834851e-01
9.989956831363222545e-01
9.990795662714906378e-01
9.991661328682188703e-01
9.992548903573631458e-01
9.993453689528786210e-01
9.994371328950037991e-01
9.995297799605180611e-01
9.996229536618576050e-01
9.997163553671474245e-01
9.998097235682434913e-01
9.999027982583645890e-01
9.999953168984201390e-01
1.000087015160145976e+00
1.000177632713240117e+00
1.000266905897946090e+00
1.000354586135368873e+00
1.000440416647324193e+00
1.000524109739770573e+00
1.000605437204066916e+00
1.000684257176318370e+00
1.000760455310257813e+00
1.000833898673174183e+00
1.000904423821110223e+00
1.000971907714849563e+00
1.001036270324070943e+00
1.001097368418148115e+00
1.001155022592749688e+00
1.001209092987365601e+00
1.001259411974484870e+00
1.001305845375174197e+00
1.001348355707661675e+00
1.001386905414068940e+00
1.001421493785187078e+00
1.001452108127076412e+00
1.001478745173461249e+00
1.001501427999057059e+00
1.001520195175355621e+00
1.001535099510930893e+00
1.001546224952474917e+00
1.001553700422236792e+00
1.001557627593275157e+00
1.001558152199553797e+00
1.001555439329095076e+00
1.001549666529760296e+00
1.001541072756419126e+00
1.001529941710721516e+00
1.001516578858895556e+00
1.001501352093006503e+00
1.001484697062526408e+00
1.001467067168078540e+00
1.001448940045832625e+00
1.001430819610421130e+00
1.001413217921164334e+00
1.001396673559405315e+00
1.001381776865128304e+00
1.001369176195268107e+00
1.001359588176658377e+00
1.001353797281733904e+00
1.001352655400397973e+00
1.001357146333287096e+00
1.001368531921797755e+00
1.001388582416194328e+00
1.001420010421417039e+00
1.001467442517137041e+00
1.001539837702337676e+00
1.001657168112608520e+00
1.001873575983522446e+00
1.002387841732514051e+00
1.004342529802891848e+00
1.015339531253045768e+00
1.002545473216283067e+00
9.984509473335566598e-01
