9.247570990583263706e-01
9.344642540250663876e-01
9.441710990705854956e-01
9.545704960922033466e-01
9.650663052848751366e-01
9.764125939007090027e-01
9.883722775869967503e-01
1.001427166567442573e+00
1.015704737285087589e+00
1.031556177983313560e+00
1.049260755905818909e+00
1.069135121643413067e+00
1.091463594960239369e+00
1.116490503918672106e+00
1.144383478983425073e+00
1.175199933118615814e+00
1.208848065084750178e+00
1.245047698423351834e+00
1.283293450563231408e+00
1.322824288176366991e+00
1.362603178331744491e+00
1.401310239927088253e+00
1.437353639423477381e+00
1.468911096735369126e+00
1.494027308864202874e+00
1.510784500796284791e+00
1.517521554977644849e+00
1.513045914300027883e+00
1.496797289717815227e+00
1.468937683384736292e+00
1.430354908837192740e+00
1.382597597995250283e+00
1.327755338067823754e+00
1.268301209552013198e+00
1.206912136275754888e+00
1.146262461414292222e+00
1.088818672493241602e+00
1.036638391087332467e+00
9.911824571434879605e-01
9.531932509301764833e-01
9.226518752207514273e-01
8.988776216613286740e-01
8.807437338935408810e-01
8.669103926500182355e-01
8.560597729985662818e-01
8.470425643449773778e-01
8.389655147460541862e-01
8.312261427348268672e-01
8.234589171324637746e-01
8.154903523735704818e-01
8.072736807992334507e-01
7.988621293022427627e-01
7.904043010884902465e-01
7.821185629132418882e-01
7.742957289931591269e-01
7.672732777463716625e-01
7.614301908178585654e-01
7.571659830795310908e-01
7.548953339205735080e-01
7.550493875394421739e-01
7.580429386780306311e-01
7.642491441852192757e-01
7.739268918896101690e-01
7.871267517032493055e-01
8.035531592521947264e-01
8.224545144389430185e-01
8.426352574598727774e-01
8.626824421176740865e-01
8.813508719200351393e-01
8.978969768845626032e-01
9.121680804576723922e-01
9.244277349170180180e-01
9.350779328087769349e-01
9.444500682537598779e-01
9.527428522171214054e-01
9.600609009127134552e-01
9.664782930483314383e-01
9.720712300036475906e-01
9.769224296888043835e-01
9.811116045818403242e-01
9.847116511436914132e-01
9.877873994179564576e-01
9.903983017122096610e-01
9.925980218217822504e-01
9.944356403787096843e-01
9.959545237938497442e-01
9.971938410993895774e-01
9.981896030325833058e-01
9.989742613892083067e-01
9.995783053159338349e-01
1.000028128693118967e+00
1.000347365079160111e+00
1.000556350122346672e+00
1.000672848911247304e+00
1.000714078769372906e+00
1.000694026194383968e+00
1.000624993254156880e+00
1.000518575407321809e+00
1.000383873757647812e+00
1.000229245410853451e+00
1.000062006567321804e+00
9.998873661167849702e-01
9.997104233991429556e-01
9.995357813013472370e-01
9.993660346656138005e-01
9.992036948401777918e-01
9.990517915619033795e-01
9.989115765155599513e-01
9.987835620286130700e-01
9.986691877228088821e-01
9.985695898136899284e-01
9.984843290984118935e-01
9.984127544531501419e-01
9.983551175146857526e-01
9.983114495856980630e-01
9.982810979211158564e-01
9.982630521354938224e-01
9.982567038361753742e-01
9.982617320560185359e-01
9.982777015703725443e-01
9.983040433063881114e-01
9.983398551499181872e-01
9.983842068475314857e-01
9.984364559082132828e-01
9.984959956954022608e-01
9.985621949897178773e-01
9.986344171407542936e-01
9.987120545894700996e-01
9.987945251413141712e-01
9.988812768871846437e-01
9.989717572873452189e-01
9.990654035391522969e-01
9.991616544126900035e-01
9.992599754051664229e-01
9.993598710082602921e-01
9.994608840796864735e-01
9.995626091472347152e-01
9.996647056198759707e-01
9.997668748596021393e-01
9.998688208718202741e-01
9.999702457291390623e-01
1.000070850334935146e+00
1.000170340709293448e+00
1.000268419899338790e+00
1.000364808142980122e+00
1.000459217189621164e+00
1.000551325295315541e+00
1.000640876668871027e+00
1.000727711035706236e+00
1.000811698819583428e+00
1.000892690295771326e+00
1.000970502453541577e+00
1.001044997041364182e+00
1.001116083397705969e+00
1.001183601503620402e+00
1.001247351700213173e+00
1.001307178026002331e+00
1.001362894134144810e+00
1.001414350658891061e+00
1.001461504828281557e+00
1.001504313923429423e+00
1.001542775875430946e+00
1.001576875506900777e+00
1.001606608086485162e+00
1.001631997945457986e+00
1.001653086528907943e+00
1.001669930998678293e+00
1.001682622836778336e+00
1.001691303065481264e+00
1.001696082726336146e+00
1.001697121378852806e+00
1.001694599898494742e+00
1.001688712878827658e+00
1.001679722517957449e+00
1.001667940269721058e+00
1.001653701531741936e+00
1.001637410408446671e+00
1.001619545573029679e+00
1.001600605195600568e+00
1.001581114067053413e+00
1.001561625830514224e+00
1.001542702989983713e+00
1.001524937111089253e+00
1.001508976560979258e+00
1.001495533328647491e+00
1.001485394207783708e+00
1.001479420165910739e+00
1.001478545615282156e+00
1.001483849003320215e+00
1.001496712987375970e+00
1.001519076766257843e+00
1.001553911318618706e+00
1.001606283788813112e+00
1.001686007443764348e+00
1.001814961667798043e+00
1.002052464010297239e+00
1.002616291554770056e+00
1.004757940952606843e+00
1.016765209425307459e+00
1.002733526533776232e+00
9.983856209025038231e-01
