9.919869211110902141e-01
9.911735112446812268e-01
9.924465519032548144e-01
9.909350194456342242e-01
9.922698470051980468e-01
9.917596358249423094e-01
9.928893248412126171e-01
9.938072680371260459e-01
9.957728837988133463e-01
9.985373097640276585e-01
1.002591998626486403e+00
1.008181396545818398e+00
1.015686246638619838e+00
1.025470048596785144e+00
1.037907563471450301e+00
1.053344987720778558e+00
1.072071048071590260e+00
1.094275936589476084e+00
1.120006169829903309e+00
1.149116732827800247e+00
1.181225128345863018e+00
1.215672146866881853e+00
1.251493284084545632e+00
1.287404530745043907e+00
1.321808496286921208e+00
1.352839950541516956e+00
1.378488030982125023e+00
1.396809294635325660e+00
1.406189030248418570e+00
1.405571903536210643e+00
1.394595063720463157e+00
1.373609358246875356e+00
1.343600176738545038e+00
1.306045287932471766e+00
1.262750146021560882e+00
1.215672995175407056e+00
1.166772613589284857e+00
1.117877927712529695e+00
1.070571150052439080e+00
1.026107050528401565e+00
9.853510902176378927e-01
9.487758224499122095e-01
9.165061203357457442e-01
8.883706844819965198e-01
8.639967090057955046e-01
8.428955543206122503e-01
8.245668416079724450e-01
8.085936741391882565e-01
7.946635041557957857e-01
7.825881540053889474e-01
7.722818594333514808e-01
7.637598451887680495e-01
7.571397531639953993e-01
7.526056181438876003e-01
7.503947547435609877e-01
7.507514575285544334e-01
7.539013917836702161e-01
7.600056949771770709e-01
7.691145778886220308e-01
7.811122398376904030e-01
7.956251765381281427e-01
8.119818087474693913e-01
8.292504366514729108e-01
8.464281182603782261e-01
8.626930112657695826e-01
8.775824555054599907e-01
8.909850235723000278e-01
9.029983704226236529e-01
9.137786848767425196e-01
9.234623579716769726e-01
9.321555673628032501e-01
9.399464647787854066e-01
9.469160778297250891e-01
9.531396601897448306e-01
9.586877017849250171e-01
9.636245339125009135e-01
9.680099004099635973e-01
9.718980535162490275e-01
9.753393853414671355e-01
9.783793734311911905e-01
9.810600935839487446e-01
9.834192953902621825e-01
9.854919169204834350e-01
9.873091086725360732e-01
9.888995204583577170e-01
9.902881831512908573e-01
9.914977643341197355e-01
9.925491630302939461e-01
9.934607843721641185e-01
9.942501878957495931e-01
9.949321963635902044e-01
9.955204323792964383e-01
9.960266416348141361e-01
9.964609597568955257e-01
9.968336303348638294e-01
9.971526605525117271e-01
9.974252591708177018e-01
9.976584771003310648e-01
9.978576919236098464e-01
9.980280701922978892e-01
9.981742741828157905e-01
9.982997119376986195e-01
9.984078325031825463e-01
9.985018168524373294e-01
9.985837516332499719e-01
9.986556950920721931e-01
9.987199207481134433e-01
9.987777813716619546e-01
9.988303058753810193e-01
9.988788707982522164e-01
9.989246446101774923e-01
9.989681157351520957e-01
9.990096712352429797e-01
9.990500030889138960e-01
9.990896380005599431e-01
9.991288227730579230e-01
9.991676378474168008e-01
9.992062789016789015e-01
9.992450021153036488e-01
9.992839852078280183e-01
9.993233397295177012e-01
9.993630317698143362e-01
9.994029952229185332e-01
9.994432452733479355e-01
9.994837848283689707e-01
9.995245907118212036e-01
9.995656213864068107e-01
9.996068302092111502e-01
9.996481648869633974e-01
9.996895708556655658e-01
9.997309814918535764e-01
9.997723160137204079e-01
9.998134843855045473e-01
9.998543967366169127e-01
9.998949682579819642e-01
9.999351196089066862e-01
9.999747821316660179e-01
1.000013903015711358e+00
1.000052438036694191e+00
1.000090338651820732e+00
1.000127551025042028e+00
1.000164016652057786e+00
1.000199674925732252e+00
1.000234460624937372e+00
1.000268311224095985e+00
1.000301158415714209e+00
1.000332919717200175e+00
1.000363532716952442e+00
1.000392965294404801e+00
1.000421193753201932e+00
1.000448185796703804e+00
1.000473896160839260e+00
1.000498293385948534e+00
1.000521360946167615e+00
1.000543057476056541e+00
1.000563327059436514e+00
1.000582127765770046e+00
1.000599406382512768e+00
1.000615121507508309e+00
1.000629267383582377e+00
1.000641837601543127e+00
1.000652839116850323e+00
1.000662273940029046e+00
1.000670147249024255e+00
1.000676473778040254e+00
1.000681273794915782e+00
1.000684572676048711e+00
1.000686407285040103e+00
1.000686831221554440e+00
1.000685887738868018e+00
1.000683636560810941e+00
1.000680144630115009e+00
1.000675483558354228e+00
1.000669748029746176e+00
1.000663049583782271e+00
1.000655508032275876e+00
1.000647266759500553e+00
1.000638494771740383e+00
1.000629367996918706e+00
1.000620071796675337e+00
1.000610801828931029e+00
1.000601757373519307e+00
1.000593148403864596e+00
1.000585205303629710e+00
1.000578181578839931e+00
1.000572358252010963e+00
1.000568044547042623e+00
1.000565579068800171e+00
1.000565356206892575e+00
1.000567884767809002e+00
1.000573881333574056e+00
1.000584446531409322e+00
1.000601458034885427e+00
1.000628545359270483e+00
1.000673783020367136e+00
1.000759024007396691e+00
1.000964450932078753e+00
1.001751377450618818e+00
1.006333203586278646e+00
1.001260611493305142e+00
9.990268974560531090e-01
