9.897122348581607332e-01
9.892129173158303868e-01
9.905090419363664633e-01
9.894410491117984208e-01
9.908452358830183160e-01
9.907283192670645056e-01
9.921030631433988001e-01
9.934211605461474859e-01
9.958044828834529127e-01
9.990903226177226815e-01
1.003755189199190268e+00
1.010067926805387373e+00
1.018415304963387280e+00
1.029167131260732893e+00
1.042696188978628147e+00
1.059338669280669665e+00
1.079363055697159623e+00
1.102927985062626570e+00
1.130036494631875943e+00
1.160488494914679425e+00
1.193836200860445285e+00
1.229347371606764661e+00
1.265980179684689455e+00
1.302373545328528337e+00
1.336860032794652264e+00
1.367522689983875273e+00
1.392332398646561442e+00
1.409371080149961708e+00
1.417089998129663853e+00
1.414526753214647714e+00
1.401421633004104939e+00
1.378225538969441555e+00
1.346014269159696575e+00
1.306345842626752241e+00
1.261098520563216141e+00
1.212299061141988821e+00
1.161971915963882607e+00
1.112007125137501662e+00
1.064038001731654637e+00
1.019351737297000904e+00
9.788173989021625720e-01
9.428746804321460617e-01
9.115776325920681433e-01
8.846526467655938530e-01
8.616072239333202321e-01
8.418326520961264547e-01
8.247227463927407909e-01
8.097781279282006972e-01
7.966295641741417688e-01
7.850560668055360791e-01
7.749590350354352841e-01
7.663564928131437748e-01
7.593812444532805905e-01
7.542428240427072605e-01
7.512129525153878884e-01
7.505784676506147557e-01
7.526162801130913405e-01
7.575501780825811826e-01
7.655102165929869029e-01
7.764829796925916128e-01
7.902160800981711253e-01
8.061531016875643774e-01
8.234223702632542663e-01
8.409793512663502613e-01
8.578620626644952729e-01
8.734362227633614140e-01
8.874676869987879746e-01
9.000115229132839012e-01
9.112361022822471623e-01
9.213033445187437387e-01
9.303358276284491302e-01
9.384280588320275118e-01
9.456636966736755578e-01
9.521205674317005929e-01
9.578721076385933175e-01
9.629855183818002429e-01
9.675231728325567326e-01
9.715417422516725576e-01
9.750938712680236042e-01
9.782271301125331497e-01
9.809855320482301355e-01
9.834086136624249352e-01
9.855329574886261268e-01
9.873912168894733998e-01
9.890133970260280849e-01
9.904257369506223041e-01
9.916519884567382981e-01
9.927140429286284151e-01
9.936312230665926837e-01
9.944219302242179870e-01
9.951017315580555911e-01
9.956848940338485221e-01
9.961837121229086822e-01
9.966088072196827019e-01
9.969708850925576016e-01
9.972783293770774993e-01
9.975386683076186145e-01
9.977592565544535219e-01
9.979457033896629303e-01
9.981033837858495072e-01
9.982371427689683552e-01
9.983505020133974783e-01
9.984470275054035948e-01
9.985300084238700746e-01
9.986015699636788812e-01
9.986638120977637811e-01
9.987190762961294377e-01
9.987687211708230484e-01
9.988137587219696467e-01
9.988555871933322283e-01
9.988953884624025559e-01
9.989336104500742275e-01
9.989705957242310808e-01
9.990070263689682095e-01
9.990434122875295753e-01
9.990799616326205834e-01
9.991167055638436878e-01
9.991538060490584572e-01
9.991914964350619988e-01
9.992299285344239390e-01
9.992691847602785948e-01
9.993091915058528452e-01
9.993498428965021940e-01
9.993911250540493674e-01
9.994330135495715917e-01
9.994754576750948249e-01
9.995183887556825519e-01
9.995617345200003001e-01
9.996054183584466291e-01
9.996493628462429504e-01
9.996934788552991336e-01
9.997376631007159897e-01
9.997818034117875730e-01
9.998257889733277448e-01
9.998695156081505164e-01
9.999128861346944230e-01
9.999558160112964611e-01
9.999982389305357433e-01
1.000040098764322316e+00
1.000081335311840514e+00
1.000121883160341785e+00
1.000161672320168060e+00
1.000200630992284401e+00
1.000238682767630172e+00
1.000275754614106116e+00
1.000311767519805439e+00
1.000346627239034003e+00
1.000380261901922418e+00
1.000412633225011172e+00
1.000443712444869071e+00
1.000473461571855571e+00
1.000501828570556251e+00
1.000528776769723960e+00
1.000554286084288202e+00
1.000578309277285971e+00
1.000600783253048354e+00
1.000621660412653435e+00
1.000640880870411475e+00
1.000658397825938684e+00
1.000674203754048142e+00
1.000688290496148936e+00
1.000700664653948690e+00
1.000711327455806821e+00
1.000720283665730292e+00
1.000727548600256034e+00
1.000733143699644945e+00
1.000737096054115760e+00
1.000739445410481432e+00
1.000740249935681225e+00
1.000739556439967926e+00
1.000737429850941718e+00
1.000733943038830454e+00
1.000729174007873423e+00
1.000723226122940401e+00
1.000716221269351447e+00
1.000708290411463475e+00
1.000699590406326944e+00
1.000690306249640837e+00
1.000680630508841151e+00
1.000670766073759710e+00
1.000660927091173269e+00
1.000651331609134775e+00
1.000642209326254362e+00
1.000633812238540754e+00
1.000626417569725701e+00
1.000620332525023359e+00
1.000615894925338312e+00
1.000613474314959506e+00
1.000613500676228895e+00
1.000616528347487932e+00
1.000623337675603297e+00
1.000635126891850968e+00
1.000653940128650277e+00
1.000683729526146815e+00
1.000733289610169940e+00
1.000826427253119988e+00
1.001050504349870529e+00
1.001908128314976443e+00
1.006885313810575333e+00
1.001347232133972920e+00
9.989787446249249747e-01
