1.108211278832229807e+00
1.108661669436163733e+00
1.113329810077446247e+00
1.117934605292874917e+00
1.126746872522583987e+00
1.136408285024997022e+00
1.150398396197973128e+00
1.166261437685029323e+00
1.186712288134263327e+00
1.210124743654410251e+00
1.238461361864460430e+00
1.270752235540848041e+00
1.308192187947712082e+00
1.350117370056641120e+00
1.396935404427505301e+00
1.447697118310739661e+00
1.502205207361481998e+00
1.558566073384713313e+00
1.617137203105619037e+00
1.674950140336619153e+00
1.734482425662260852e+00
1.780607611058358630e+00
1.804484851778548338e+00
1.803164600729700195e+00
1.775050534517714551e+00
1.725058102791516834e+00
1.655725645671791479e+00
1.574762317935787914e+00
1.486377130253468293e+00
1.398408433914805071e+00
1.314583525419377175e+00
1.239460245014138540e+00
1.175180878936040285e+00
1.121548088990380387e+00
1.078457010564905172e+00
1.043426651006002848e+00
1.014301390624308574e+00
9.898378600341851685e-01
9.683997171853381269e-01
9.495206567767363603e-01
9.323151591808354066e-01
9.160591097804493543e-01
9.009615027424019429e-01
8.867657771575281345e-01
8.736391335887707665e-01
8.613998372245974533e-01
8.497684028242679100e-01
8.389659012045511677e-01
8.288844395713059754e-01
8.196462711335511520e-01
8.111290791379591747e-01
8.031826308190486152e-01
7.958698682158367177e-01
7.890956063100513784e-01
7.829663959336907730e-01
7.774580384751367257e-01
7.726398907993178300e-01
7.685144408353625778e-01
7.650780787324467092e-01
7.624955617504737271e-01
7.608910504168489020e-01
7.605561574873459518e-01
7.617679588419487002e-01
7.649188332612302244e-01
7.704099674129442077e-01
7.787042941858346445e-01
7.902616458616809059e-01
8.054959951875677593e-01
8.246699578961117494e-01
8.476659393214063254e-01
8.737594176033488536e-01
9.013655828091864386e-01
9.283871191073062024e-01
9.529458419906579048e-01
9.741875564535172893e-01
9.920003340203920050e-01
1.006770548240685015e+00
1.018882181305710288e+00
1.028779034329173170e+00
1.036735643198380519e+00
1.043055807610545394e+00
1.047910046002892059e+00
1.051516916124770828e+00
1.053998985712822467e+00
1.055521822219455785e+00
1.056188520484198534e+00
1.056107794658590171e+00
1.055392350779291277e+00
1.054111651819181317e+00
1.052378535638829105e+00
1.050249356095362296e+00
1.047806355028400471e+00
1.045110610065955514e+00
1.042205627681705549e+00
1.039163955952354446e+00
1.036020379793784807e+00
1.032816351791369991e+00
1.029600843501501384e+00
1.026398150821848265e+00
1.023242515037332101e+00
1.020164710561416666e+00
1.017179571195982346e+00
1.014308981425668721e+00
1.011573817481034032e+00
1.008980505987850940e+00
1.006538081341778357e+00
1.004261741269298236e+00
1.002152978949260476e+00
1.000210795980958300e+00
9.984405707956949261e-01
9.968455229187471733e-01
9.954189878744318376e-01
9.941534027253193795e-01
9.930471211304037205e-01
9.920960479202313165e-01
9.912926648842284028e-01
9.906269502061230137e-01
9.900915818439448568e-01
9.896809144542956238e-01
9.893885254175810440e-01
9.892075785239353714e-01
9.891289975793327027e-01
9.891435884632006070e-01
9.892441920614363227e-01
9.894238802904044006e-01
9.896758175200758290e-01
9.899932753190311407e-01
9.903698647951431067e-01
9.907994907254951134e-01
9.912764096506863076e-01
9.917950085007476435e-01
9.923497479912903874e-01
9.929352322013154097e-01
9.935463751052787673e-01
9.941784836160187933e-01
9.948272519114008672e-01
9.954888441687764766e-01
9.961599728930495834e-01
9.968377364099890725e-01
9.975193438047940120e-01
9.982020774104864991e-01
9.988832833095576680e-01
9.995604127825145069e-01
1.000230956140609972e+00
1.000892577764699309e+00
1.001542946137782497e+00
1.002179559565709033e+00
1.002800410843831092e+00
1.003404172145818452e+00
1.003989759075568644e+00
1.004555993858013085e+00
1.005101504517976752e+00
1.005625237034077912e+00
1.006126473914382924e+00
1.006604053643681551e+00
1.007056566323109692e+00
1.007482910265762976e+00
1.007881794005311749e+00
1.008252187236687858e+00
1.008593783168734381e+00
1.008906279277439477e+00
1.009189656090689224e+00
1.009443807985194841e+00
1.009668702453925038e+00
1.009864500423098166e+00
1.010031477300091796e+00
1.010170014221170476e+00
1.010280717830123187e+00
1.010364525068028874e+00
1.010422170383343810e+00
1.010454711082385160e+00
1.010463343676903047e+00
1.010449355229502855e+00
1.010414481570247824e+00
1.010360785845769716e+00
1.010290491155981130e+00
1.010206277576832345e+00
1.010111321119465888e+00
1.010008926940762830e+00
1.009902576090518700e+00
1.009795938495185341e+00
1.009692738333370254e+00
1.009596886641947799e+00
1.009512662899420210e+00
1.009444755751282452e+00
1.009398330568408664e+00
1.009379014922848983e+00
1.009392878718528008e+00
1.009446881857500866e+00
1.009549904280581112e+00
1.009714361861399512e+00
1.009959249944403892e+00
1.010316983535804569e+00
1.010850505609059091e+00
1.011700899127573994e+00
1.013255036885412075e+00
1.016949383433855658e+00
1.030210259030241549e+00
1.098393019172523521e+00
1.011780938582512501e+00
9.985423011008713878e-01
