1.418389948307699600e+00
1.418719451203407145e+00
1.422485573902878331e+00
1.425868607345597061e+00
1.433023257280927165e+00
1.440102485513454100e+00
1.451353220896073326e+00
1.462894842133566575e+00
1.479045804525837893e+00
1.495878749046308576e+00
1.517707273124906164e+00
1.540522326411095211e+00
1.568470635365739385e+00
1.597397352526830794e+00
1.631034130815233629e+00
1.665050498705934690e+00
1.702575884794630401e+00
1.739392943293559979e+00
1.778175644700187519e+00
1.814666332988811748e+00
1.845583888308019116e+00
1.858275414052218188e+00
1.853436287310481267e+00
1.824678288326130993e+00
1.777545695829961137e+00
1.711477757853030912e+00
1.633747731528800262e+00
1.547610106197486735e+00
1.459377579917797263e+00
1.373733556968898650e+00
1.294666385332547742e+00
1.224615881469810486e+00
1.165289229986299135e+00
1.115578196734958061e+00
1.075353658928175582e+00
1.042184302274396179e+00
1.014130832011621797e+00
9.902234015722946037e-01
9.689773885932688735e-01
9.501264991106557201e-01
9.328544354767271951e-01
9.164558329471029774e-01
9.012314363692165431e-01
8.869170950824075694e-01
8.737205915594038474e-01
8.614431469687947596e-01
8.497708782252798576e-01
8.389561268843277464e-01
8.288744977960375016e-01
8.196682738132151647e-01
8.112030086165225029e-01
8.033136900957938975e-01
7.960764467361621799e-01
7.893838939173625224e-01
7.833548856491673318e-01
7.779527620540277466e-01
7.732398604925584396e-01
7.691921632599788561e-01
7.657650335975180189e-01
7.630906009972291404e-01
7.612377907803979937e-01
7.604536296107471394e-01
7.609560708904394843e-01
7.630902177546891041e-01
7.672102339663036119e-01
7.737529156550464471e-01
7.831802985648101956e-01
7.959722933030227709e-01
8.125806946599372083e-01
8.332954857117792491e-01
8.581237500496681214e-01
8.864919695011879153e-01
9.172037299603228444e-01
9.484681904917390272e-01
9.785530099378119129e-01
1.006072758225388997e+00
1.030349784756407594e+00
1.051058573147363839e+00
1.068330722317795356e+00
1.082334690590342596e+00
1.093459734732858069e+00
1.101981479417676102e+00
1.108286660570085624e+00
1.112619001747544578e+00
1.115278696874854925e+00
1.116460135860628533e+00
1.116357150854107472e+00
1.115147600487631285e+00
1.112949445566910445e+00
1.109925077474387844e+00
1.106161661494445392e+00
1.101778805191302446e+00
1.096865422553978453e+00
1.091491210135307810e+00
1.085757012172473779e+00
1.079720278932678079e+00
1.073448541388659194e+00
1.067017158817595401e+00
1.060474237113215645e+00
1.053881642156715870e+00
1.047297608719109263e+00
1.040762828597361578e+00
1.034327444999774803e+00
1.028041534637663235e+00
1.021937918849739280e+00
1.016052118469249477e+00
1.010429842726951133e+00
1.005096621777420873e+00
1.000074661269759302e+00
9.953935071478449137e-01
9.910789399326327409e-01
9.871391527635197116e-01
9.835774504069704216e-01
9.804051056964483424e-01
9.776259123389549055e-01
9.752360896530908319e-01
9.732233580267007911e-01
9.715782176996007324e-01
9.702922302699745760e-01
9.693533135074795526e-01
9.687468492517787855e-01
9.684511654703380490e-01
9.684424694253545018e-01
9.687001493478633041e-01
9.692031211187372985e-01
9.699301999242799788e-01
9.708599400328372653e-01
9.719714532454185596e-01
9.732443933268708491e-01
9.746593050016676418e-01
9.761971684843039343e-01
9.778393885899472338e-01
9.795680234133465891e-01
9.813662716898078342e-01
9.832187492146363672e-01
9.851115224190172270e-01
9.870323088542151124e-01
9.889706281558097167e-01
9.909173595899476439e-01
9.928640047010357517e-01
9.948025503698308958e-01
9.967253836497569353e-01
9.986253927686301601e-01
1.000495762613864859e+00
1.002330296849681446e+00
1.004123015762796722e+00
1.005867716858058980e+00
1.007559593736699011e+00
1.009195633257922164e+00
1.010773529047030772e+00
1.012290856800133199e+00
1.013744773795831611e+00
1.015133224552130731e+00
1.016454983193336936e+00
1.017707762950532668e+00
1.018888678441043805e+00
1.019995605348466228e+00
1.021025970912109004e+00
1.021977857101628473e+00
1.022851115958897328e+00
1.023645587839212556e+00
1.024361810320695954e+00
1.025000075217296969e+00
1.025560829178812972e+00
1.026044951418056517e+00
1.026453570403383697e+00
1.026788049506486056e+00
1.027050260777163437e+00
1.027242859230402594e+00
1.027367979375283680e+00
1.027428524366801987e+00
1.027427713431452228e+00
1.027368977706873077e+00
1.027256830440821167e+00
1.027096580769488510e+00
1.026893937297959969e+00
1.026655728643782739e+00
1.026390002914607136e+00
1.026105140259022885e+00
1.025809967565292302e+00
1.025513786762514812e+00
1.025226047519892880e+00
1.024956670746384857e+00
1.024716489803136454e+00
1.024517347410000667e+00
1.024372256931288971e+00
1.024295363953813043e+00
1.024301901495318967e+00
1.024409301274198825e+00
1.024639751840802138e+00
1.025024235331722711e+00
1.025610156636764581e+00
1.026478507852467859e+00
1.027786993616387257e+00
1.029891957555141513e+00
1.033778379325103414e+00
1.043132361605163316e+00
1.073574441610607666e+00
1.216683040164793228e+00
1.025992282072029749e+00
1.003277544370305696e+00
