9.854891922839802421e-01
9.860829317552076700e-01
9.866172871566395441e-01
9.873690629445234235e-01
9.881617501154393857e-01
9.893317461579709260e-01
9.908773172671306861e-01
9.930858971381926192e-01
9.961454805053411299e-01
1.000357889497755393e+00
1.006032032389026387e+00
1.013523050958439864e+00
1.023203466481584778e+00
1.035453391926973721e+00
1.050635653467733466e+00
1.069066785606320513e+00
1.090980266898228024e+00
1.116484045934300395e+00
1.145514308644788981e+00
1.177789101373120539e+00
1.212766347748411855e+00
1.249611108572690421e+00
1.287175659131566618e+00
1.323996441461629647e+00
1.358316875362511889e+00
1.388160563115425905e+00
1.411488807032833970e+00
1.426434386316975278e+00
1.431552395553654211e+00
1.426017557277768688e+00
1.409718719116887176e+00
1.383250587794733644e+00
1.347820661476294868e+00
1.305106378279003554e+00
1.257096210741986964e+00
1.205920675728641145e+00
1.153701412996898101e+00
1.102414356210312585e+00
1.053757673732425904e+00
1.009048972976887226e+00
9.691394646200595098e-01
9.343948624428248806e-01
9.047424150567624501e-01
8.797443766350894201e-01
8.587314176471207983e-01
8.409302178814390683e-01
8.255996571564340192e-01
8.121424506171421864e-01
8.001268236584258009e-01
7.892984570884015172e-01
7.795477930033731795e-01
7.708982505503728655e-01
7.635006468959653070e-01
7.575935767495309836e-01
7.534879882386885663e-01
7.515198570057148864e-01
7.520258388153228113e-01
7.553031386571076311e-01
7.615766374590628995e-01
7.709593089188032655e-01
7.833610357141298497e-01
7.984056694701889834e-01
8.153629917796743065e-01
8.332107166266506937e-01
8.508474514032636771e-01
8.673923755447664474e-01
8.823809409509119073e-01
8.957465794110315294e-01
9.076459828084422199e-01
9.182799407542594494e-01
9.278070520650580910e-01
9.363384233621947494e-01
9.439625580026430596e-01
9.507599802844126646e-01
9.568078748795482147e-01
9.621776643117164740e-01
9.669356866535837591e-01
9.711422076435245465e-01
9.748531971579114108e-01
9.781193227027646930e-01
9.809874738225754509e-01
9.834998457900611113e-01
9.856954707662149984e-01
9.876092429410551210e-01
9.892731899965631071e-01
9.907153570744559046e-01
9.919611178832787868e-01
9.930338488870098512e-01
9.939542492399633389e-01
9.947419833753603502e-01
9.954137387984074437e-01
9.959847497964460228e-01
9.964681351524129482e-01
9.968752481808709209e-01
9.972174831352466073e-01
9.975037915694457968e-01
9.977421825456253002e-01
9.979404612173239375e-01
9.981045862332473817e-01
9.982402424873521030e-01
9.983525440419507291e-01
9.984451812968287987e-01
9.985218904659440842e-01
9.985861170080979621e-01
9.986400391691440115e-01
9.986858133392823023e-01
9.987258766128417342e-01
9.987615902729454209e-01
9.987939332048808572e-01
9.988243299896834015e-01
9.988539769887737618e-01
9.988832532563867161e-01
9.989124259533106454e-01
9.989421559766669123e-01
9.989729223706809158e-01
9.990048681388142837e-01
9.990379428275545370e-01
9.990722514601475535e-01
9.991079880428317406e-01
9.991452605980236656e-01
9.991841026814137772e-01
9.992243754150786916e-01
9.992659077055278116e-01
9.993086375140192157e-01
9.993524952519283744e-01
9.993973848797967907e-01
9.994431931519609513e-01
9.994898057432749505e-01
9.995371061963168602e-01
9.995849796517697339e-01
9.996333002145308955e-01
9.996819279256231594e-01
9.997307146083941332e-01
9.997795154073705337e-01
9.998281946782062723e-01
9.998766262631539892e-01
9.999246998110117302e-01
9.999723270475517900e-01
1.000019432456212165e+00
1.000065936884176665e+00
1.000111756135755980e+00
1.000156801620890379e+00
1.000200983439237579e+00
1.000244207119374007e+00
1.000286382675391161e+00
1.000327413852896807e+00
1.000367187509842326e+00
1.000405616558280641e+00
1.000442652746251326e+00
1.000478259099328415e+00
1.000512388438587141e+00
1.000544977842914296e+00
1.000575982242847495e+00
1.000605375787767093e+00
1.000633101817229864e+00
1.000659085745717825e+00
1.000683270889302312e+00
1.000705586692051341e+00
1.000725977713323722e+00
1.000744433553248935e+00
1.000760943214627163e+00
1.000775512678459211e+00
1.000788141876763460e+00
1.000798834864522480e+00
1.000807607832694623e+00
1.000814484034606711e+00
1.000819493234421209e+00
1.000822679709946872e+00
1.000824108831938286e+00
1.000823833012578268e+00
1.000821925394394185e+00
1.000818468211116308e+00
1.000813549568494887e+00
1.000807286562710674e+00
1.000799817451788476e+00
1.000791290851848370e+00
1.000781884951765344e+00
1.000771810070347767e+00
1.000761285127433453e+00
1.000750540772297414e+00
1.000739820431615135e+00
1.000729371871636131e+00
1.000719456021003095e+00
1.000710359091259383e+00
1.000702395850079585e+00
1.000695914940648690e+00
1.000691299427812986e+00
1.000688967779715943e+00
1.000689406229356537e+00
1.000693241045531146e+00
1.000701353283303563e+00
1.000715095302187940e+00
1.000736774087440439e+00
1.000770851288226515e+00
1.000827258653839147e+00
1.000932889369232859e+00
1.001186445337099107e+00
1.002155746456217633e+00
1.007754896392644817e+00
1.001480364772563414e+00
9.989082019840542781e-01
