9.428223230381244102e-01
9.492515383295828668e-01
9.565832702902210549e-01
9.632046990021381205e-01
9.711359537013138921e-01
9.788880367398469229e-01
9.878080667321202935e-01
9.974421608453126753e-01
1.008429113697584034e+00
1.020909201529825339e+00
1.035285759967749630e+00
1.051873291317447112e+00
1.071011975437272890e+00
1.092994212732854464e+00
1.118050088888792093e+00
1.146306618791976817e+00
1.177749335691079091e+00
1.212180358071922370e+00
1.249178421916165682e+00
1.288064335245477698e+00
1.327876068816447042e+00
1.367357066121433595e+00
1.404961159022487305e+00
1.438883895643943811e+00
1.467143238969823127e+00
1.487734992034737802e+00
1.498852041895929688e+00
1.499111181962928363e+00
1.487737414344961984e+00
1.464673338457976870e+00
1.430596974471060490e+00
1.386865598823186607e+00
1.335401916473912154e+00
1.278543116840370697e+00
1.218870297500758371e+00
1.159013724866094774e+00
1.101459480516233658e+00
1.048356738056315463e+00
1.001329005016872609e+00
9.613368293225064143e-01
9.286037626369525455e-01
9.026749706047217936e-01
8.825959978207511547e-01
8.671267480891179380e-01
8.549790532229087914e-01
8.449812846085741347e-01
8.361891765276694422e-01
8.279404914334838050e-01
8.198150182605304925e-01
8.115979883952912921e-01
8.032187029884902962e-01
7.947250322778669496e-01
7.862776692920505628e-01
7.781210993133379494e-01
7.705814425154421388e-01
7.640343384247501035e-01
7.588932941561300494e-01
7.555826181661691177e-01
7.545266370437200276e-01
7.561459359851594453e-01
7.608174918493597616e-01
7.688374939668235486e-01
7.803308593484267197e-01
7.951408687231473760e-01
8.127017659678014150e-01
8.319983967344541931e-01
8.517060156059071963e-01
8.705251358506689296e-01
8.875488980901997671e-01
9.024387976696058855e-01
9.153274407035826288e-01
9.265594961238871052e-01
9.364629166683475781e-01
9.452511482049432701e-01
9.530431999449926472e-01
9.599184362557956485e-01
9.659541240991353916e-01
9.712308528893092152e-01
9.758278196740941546e-01
9.798168952514264562e-01
9.832635179521471702e-01
9.862266696962938006e-01
9.887608925410728000e-01
9.909153271815297481e-01
9.927348762675274330e-01
9.942591257376552916e-01
9.955238371250330065e-01
9.965619007096635507e-01
9.974028619008196150e-01
9.980745253428929820e-01
9.986008612977874677e-01
9.990033926751623605e-01
9.993006301083086074e-01
9.995087221552776402e-01
9.996434361042950689e-01
9.997174782974775908e-01
9.997420494448319150e-01
9.997277948430129957e-01
9.996830068511425305e-01
9.996153639886314890e-01
9.995316374043137220e-01
9.994366377023474746e-01
9.993351287449314668e-01
9.992314458181346115e-01
9.991280748207408413e-01
9.990274480906504717e-01
9.989324793288628657e-01
9.988444599044787875e-01
9.987640356312653678e-01
9.986926717343063142e-01
9.986315452922370772e-01
9.985804485882275872e-01
9.985389955138979090e-01
9.985075735068316138e-01
9.984863510995417579e-01
9.984749070165080953e-01
9.984725072900917375e-01
9.984787546017022120e-01
9.984934824604039250e-01
9.985164152439274243e-01
9.985471614457374079e-01
9.985850394568838162e-01
9.986293381911216516e-01
9.986795853367603781e-01
9.987353306700692546e-01
9.987960985033692562e-01
9.988614040911447667e-01
9.989307830275065969e-01
9.990037881266572439e-01
9.990799941675215790e-01
9.991589720104593342e-01
9.992402808762814725e-01
9.993234785162434797e-01
9.994081425825436238e-01
9.994938811154620018e-01
9.995803321587451995e-01
9.996671751386495552e-01
9.997541421723238342e-01
9.998409989576297896e-01
9.999275118757198211e-01
1.000013444350832614e+00
1.000098557579319314e+00
1.000182615944765763e+00
1.000265380257817860e+00
1.000346624863113210e+00
1.000426116132695498e+00
1.000503591446955998e+00
1.000578842901983068e+00
1.000651742172009362e+00
1.000722186110075240e+00
1.000790054143897656e+00
1.000855197249848505e+00
1.000917503596000513e+00
1.000976900976848327e+00
1.001033258545359184e+00
1.001086411847189162e+00
1.001136232902446688e+00
1.001182567907186627e+00
1.001225293898549751e+00
1.001264377296018804e+00
1.001299784352763123e+00
1.001331515359422664e+00
1.001359559454521486e+00
1.001383914451482449e+00
1.001404602492880436e+00
1.001421660022815407e+00
1.001435136628447964e+00
1.001445110682502193e+00
1.001451702157293511e+00
1.001455005795733211e+00
1.001455157104959248e+00
1.001452309495269644e+00
1.001446627906057651e+00
1.001438334100883454e+00
1.001427691255914132e+00
1.001414982700256306e+00
1.001400549544496199e+00
1.001384795620092971e+00
1.001368141218355934e+00
1.001351029101581469e+00
1.001333926406402508e+00
1.001317307882936047e+00
1.001301672923400998e+00
1.001287568947078599e+00
1.001275597241716442e+00
1.001266422526896349e+00
1.001260772679229971e+00
1.001259438522186018e+00
1.001263333804232492e+00
1.001273630932869807e+00
1.001291975082037045e+00
1.001320887564930651e+00
1.001364668774329836e+00
1.001431645229077683e+00
1.001540376972289481e+00
1.001741174287277047e+00
1.002218749504474760e+00
1.004034962238374851e+00
1.014281195056696339e+00
1.002403961363636187e+00
9.985027711692424646e-01
