9.251896037210152191e-01
9.351249292154443227e-01
9.441702321417696497e-01
9.551232935083142639e-01
9.650015899689946552e-01
9.766104841922700341e-01
9.882733017115030716e-01
1.001335881716668652e+00
1.015473176148417922e+00
1.031248332437860959e+00
1.048852995918280406e+00
1.068638526820502976e+00
1.090878922684134888e+00
1.115823747408917876e+00
1.143641306250413825e+00
1.174391247702471830e+00
1.207983782798553785e+00
1.244140907435462795e+00
1.282359366244703480e+00
1.321880120836250061e+00
1.361667875294529484e+00
1.400404103481042606e+00
1.436497785427374829e+00
1.468126634593160729e+00
1.493334088585034358e+00
1.510199533679730699e+00
1.517057530928424658e+00
1.512710161185365054e+00
1.496591283612991985e+00
1.468857059667053822e+00
1.430389840397534584e+00
1.382733407328702091e+00
1.327973280672606116e+00
1.268579441786056083e+00
1.207226921148883303e+00
1.146589654271563896e+00
1.089135456013210268e+00
1.036925123676685434e+00
9.914243650686926923e-01
9.533815786918280466e-01
9.227841394591667079e-01
8.989568209389512399e-01
8.807767220737406921e-01
8.669059341030855848e-01
8.560268106674744359e-01
8.469890268034451219e-01
8.388977226706268997e-01
8.311486920479091989e-01
8.233748763029624662e-01
8.154016459777704284e-01
8.071815644988844518e-01
7.987676974911628314e-01
7.903089741907913801e-01
7.820244986932948228e-01
7.742061171731735580e-01
7.671924729224566253e-01
7.613636689474759800e-01
7.571201228451799325e-01
7.548770411810163949e-01
7.550655835613088174e-01
7.580998853095727297e-01
7.643515059020805635e-01
7.740763664254651788e-01
7.873201947915366983e-01
8.037806479672293669e-01
8.226986755559265729e-01
8.428736326153893899e-01
8.628932649398618482e-01
8.815197214992629426e-01
8.980202836818578227e-01
9.122514665831527036e-01
9.244808781917334128e-01
9.351095753021430035e-01
9.444657268651611703e-01
9.527452726623084622e-01
9.600516255767140850e-01
9.664588032454398681e-01
9.720432172870281384e-01
9.768875940738926955e-01
9.810714598843062184e-01
9.846674908659333036e-01
9.877403424578666824e-01
9.903493304461089553e-01
9.925479967627880429e-01
9.943853083018083794e-01
9.959045274440495588e-01
9.971447293001707290e-01
9.981418386797484832e-01
9.989282273357260600e-01
9.995343104042747617e-01
9.999864147811716730e-01
1.000308115511966411e+00
1.000519697535929842e+00
1.000638881065623265e+00
1.000682843239509845e+00
1.000665534923774080e+00
1.000599227421878012e+00
1.000495489715070851e+00
1.000363400285225302e+00
1.000211297280241718e+00
1.000046481728475323e+00
9.998741512754023564e-01
9.996993959250916051e-01
9.995268112528002957e-01
9.993589889697253037e-01
9.991984382339175186e-01
9.990481857930846310e-01
9.989094844794785821e-01
9.987828503726314811e-01
9.986697240197037750e-01
9.985712429687380043e-01
9.984869745988474987e-01
9.984162753801374413e-01
9.983594009853905549e-01
9.983163867172676342e-01
9.982865864919222565e-01
9.982689978687051546e-01
9.982630185709742143e-01
9.982683321221964556e-01
9.982845079102007357e-01
9.983109820044543392e-01
9.983468586456140104e-01
9.983912138972289574e-01
9.984434101962170738e-01
9.985028454256806851e-01
9.985688928585255697e-01
9.986409202313699662e-01
9.987183241201572637e-01
9.988005262290243769e-01
9.988869783076842479e-01
9.989771313784110429e-01
9.990704261590080959e-01
9.991663048507737344e-01
9.992642361847599020e-01
9.993637276381150958e-01
9.994643248124464030e-01
9.995656246829933700e-01
9.996672887556297127e-01
9.997690202480360444e-01
9.998705249635702064e-01
9.999715067423284864e-01
1.000071668223653454e+00
1.000170717107372154e+00
1.000268358101909616e+00
1.000364313001054661e+00
1.000458295124036168e+00
1.000549984424306427e+00
1.000639126485899588e+00
1.000725561952640064e+00
1.000809162007998854e+00
1.000889777764452093e+00
1.000967227186235986e+00
1.001041372779926331e+00
1.001112124414025528e+00
1.001179322905719538e+00
1.001242769604566707e+00
1.001302309350851960e+00
1.001357756729504445e+00
1.001408963130662633e+00
1.001455886045810262e+00
1.001498483012889462e+00
1.001536752030741440e+00
1.001570678045573537e+00
1.001600256398959443e+00
1.001625511359685472e+00
1.001646484229902656e+00
1.001663231954901256e+00
1.001675845641829099e+00
1.001684465711047967e+00
1.001689202738078821e+00
1.001690215594718047e+00
1.001687684371120213e+00
1.001681802812967925e+00
1.001672831962175936e+00
1.001661081892081029e+00
1.001646886511412093e+00
1.001630648123231326e+00
1.001612843260522911e+00
1.001593967866351909e+00
1.001574544385934518e+00
1.001555123988712159e+00
1.001536266669424746e+00
1.001518561358169634e+00
1.001502653535785603e+00
1.001489252026257049e+00
1.001479140133375800e+00
1.001473175020268558e+00
1.001472286995412908e+00
1.001477549799986821e+00
1.001490340084282504e+00
1.001512588647289093e+00
1.001547253622201206e+00
1.001599380250234317e+00
1.001678739327362733e+00
1.001807115417380656e+00
1.002043568784083627e+00
1.002604932201223376e+00
1.004737288667034267e+00
1.016694431181856428e+00
1.002724256067195840e+00
9.983887490510898743e-01
