9.560513708010940359e-01
9.603515409268218450e-01
9.657115900798470820e-01
9.700253193457394341e-01
9.758679046706422167e-01
9.812698370830689187e-01
9.879136165393394009e-01
9.951446939243639989e-01
1.003711175439364833e+00
1.013711248791631547e+00
1.025581028424610519e+00
1.039645460331068971e+00
1.056273173097060702e+00
1.075790013510468324e+00
1.098470033745692520e+00
1.124493640036308362e+00
1.153909220348359188e+00
1.186589848685192905e+00
1.222191092564574477e+00
1.260113253830866364e+00
1.299472544820547970e+00
1.339085031524464453e+00
1.377466393456199478e+00
1.412855120303046164e+00
1.443278973223304007e+00
1.466693855776622257e+00
1.481197208031113544e+00
1.485264066306285935e+00
1.477948425924354714e+00
1.459010109263236155e+00
1.428945900324900320e+00
1.388941199635981061e+00
1.340760565935273485e+00
1.286601029897518789e+00
1.228928335177284392e+00
1.170292544861204709e+00
1.113147397436406338e+00
1.059669961493875157e+00
1.011579126777973903e+00
9.699941713633650764e-01
9.353413519301332357e-01
9.073790508734763671e-01
8.853388891309494912e-01
8.681124774608289796e-01
8.544802827694152336e-01
8.432853428979484312e-01
8.335629030123007377e-01
8.246142199212216362e-01
8.159812657143362680e-01
8.074194136369933217e-01
7.988404197901294301e-01
7.902881206021609151e-01
7.819313336653753721e-01
7.740312928041931384e-01
7.669350386445989987e-01
7.610380204669653370e-01
7.567676597113522918e-01
7.545522063907980082e-01
7.548060376328591392e-01
7.579211268440377847e-01
7.642189394867141550e-01
7.738998223130727494e-01
7.869369139860775686e-01
8.029623128995490022e-01
8.211764811088657634e-01
8.404007710580926327e-01
8.593269137389631940e-01
8.768843161080570603e-01
8.925081817836818532e-01
9.061486076242954990e-01
9.180639912476173947e-01
9.285725380157962006e-01
9.379115101479142957e-01
9.462206381589508553e-01
9.535891473967591514e-01
9.600946115690637273e-01
9.658171415217582378e-01
9.708348742562445954e-01
9.752208615141870762e-01
9.790407836903636252e-01
9.823550461586975091e-01
9.852183475822848813e-01
9.876812896513068596e-01
9.897893568717790469e-01
9.915841368821961543e-01
9.931022404043139407e-01
9.943767478371624557e-01
9.954380931542216038e-01
9.963135356970691525e-01
9.970287723129155344e-01
9.976058783447658840e-01
9.980647347336644160e-01
9.984224379358730417e-01
9.986938813004447857e-01
9.988937012410366023e-01
9.990336150092927747e-01
9.991239776380573812e-01
9.991746990397518680e-01
9.991934517226068735e-01
9.991873920125871056e-01
9.991628671681935803e-01
9.991243871447841318e-01
9.990764545040889955e-01
9.990231884499173320e-01
9.989669943182556411e-01
9.989102410233636764e-01
9.988557386584334674e-01
9.988048057533062130e-01
9.987581873400160903e-01
9.987173563726885472e-01
9.986835107908779152e-01
9.986566131145891978e-01
9.986364694368733419e-01
9.986235583907682178e-01
9.986181447115188847e-01
9.986199738583990682e-01
9.986285117501236819e-01
9.986435112886996590e-01
9.986649151505364586e-01
9.986925618534593374e-01
9.987261864699333858e-01
9.987652662294458361e-01
9.988092479260074485e-01
9.988577807235254902e-01
9.989105265070034045e-01
9.989671211770086989e-01
9.990271890248182407e-01
9.990903683781149347e-01
9.991563089985390222e-01
9.992246766265665547e-01
9.992951308236518448e-01
9.993673186229076189e-01
9.994408834783584661e-01
9.995154838574537015e-01
9.995908024263879810e-01
9.996665458508391389e-01
9.997424547545230578e-01
9.998183136181264530e-01
9.998939344593689160e-01
9.999691286284725367e-01
1.000043703830183262e+00
1.000117464829972658e+00
1.000190218221024274e+00
1.000261766648551598e+00
1.000331923656166300e+00
1.000400495234878395e+00
1.000467261740451086e+00
1.000532050051306410e+00
1.000594754994709845e+00
1.000655292574208488e+00
1.000713563383869964e+00
1.000769443134955416e+00
1.000822839208093784e+00
1.000873692791965031e+00
1.000921894304505066e+00
1.000967304987900208e+00
1.001009817273563085e+00
1.001049301132438174e+00
1.001085652892512057e+00
1.001118845663590884e+00
1.001148852245073995e+00
1.001175674628584034e+00
1.001199305092677516e+00
1.001219743294491149e+00
1.001237009754511575e+00
1.001251137236017108e+00
1.001262169760310128e+00
1.001270176080515384e+00
1.001275260729594940e+00
1.001277506492575631e+00
1.001277031234844683e+00
1.001273968223947541e+00
1.001268460651706382e+00
1.001260700634931222e+00
1.001250915956114707e+00
1.001239351772288400e+00
1.001226303016913288e+00
1.001212118663374451e+00
1.001197161918010226e+00
1.001181815414787346e+00
1.001166482877443809e+00
1.001151574723776916e+00
1.001137522768334343e+00
1.001124800414393334e+00
1.001113927773708001e+00
1.001105480036490913e+00
1.001100087446821885e+00
1.001098435457015601e+00
1.001101316907465177e+00
1.001109749815627836e+00
1.001125163407198038e+00
1.001149748696730457e+00
1.001187242844590042e+00
1.001244880277584182e+00
1.001338782812216666e+00
1.001512643772042521e+00
1.001926878271121035e+00
1.003503890999084103e+00
1.012447886599126212e+00
1.002154390051957833e+00
9.986001543222154941e-01
