9.840832125126498520e-01
9.841693184449086251e-01
9.861589250177233978e-01
9.856893294358484159e-01
9.878496762197603864e-01
9.884574113108136606e-01
9.906908524606193867e-01
9.929385726570524318e-01
9.963935723223179552e-01
1.000897704139392275e+00
1.006960374678540937e+00
1.014866733613476457e+00
1.025017204800345194e+00
1.037783335808333485e+00
1.053526496678586222e+00
1.072554610396251329e+00
1.095088659905158135e+00
1.121218905750325456e+00
1.150858948947028448e+00
1.183699790771476801e+00
1.219168822534750563e+00
1.256398463938697585e+00
1.294207955124554887e+00
1.331102460763689654e+00
1.365299165254123537e+00
1.394805856171940528e+00
1.417584591236311864e+00
1.431787968441445846e+00
1.436006903381412902e+00
1.429461614164656558e+00
1.412089562262091480e+00
1.384532578833707284e+00
1.348041842033503857e+00
1.304335032983334086e+00
1.255438151105314315e+00
1.203516893468296711e+00
1.150725042922077890e+00
1.099065442853580432e+00
1.050254251944620965e+00
1.005613638321998460e+00
9.659818955912214955e-01
9.316929904167046139e-01
9.026264406430453135e-01
8.782875408431033426e-01
8.579496760843563496e-01
8.407896584314724642e-01
8.260282136317109725e-01
8.130423321699624672e-01
8.013850926823968823e-01
7.907949041609508845e-01
7.811604449374168757e-01
7.725071025302407968e-01
7.649904897649489888e-01
7.588566652646082655e-01
7.544267307761847174e-01
7.520496632404385373e-01
7.520782261252468848e-01
7.548296543431179950e-01
7.605550097315797453e-01
7.694030338538402347e-01
7.813319458379986981e-01
7.960244886614522564e-01
8.128060813887620917e-01
8.306808021558960142e-01
8.485213989576917415e-01
8.653736331445468499e-01
8.806881862497129010e-01
8.943420230929123305e-01
9.064765232884653967e-01
9.173031289214691464e-01
9.269953913580338822e-01
9.356728268092826539e-01
9.434264536950164315e-01
9.503374760216891648e-01
9.564840654253032870e-01
9.619390158513642097e-01
9.667700353333236185e-01
9.710386200069491824e-01
9.748018620764108411e-01
9.781114730406568203e-01
9.810153141242536901e-01
9.835564800298048915e-01
9.857748319334136422e-01
9.877060225853706577e-01
9.893827646067867576e-01
9.908337154862294494e-01
9.920847991025057988e-01
9.931598957483397383e-01
9.940801721679273228e-01
9.948657220222631992e-01
9.955336143188625586e-01
9.960994122978167331e-01
9.965765152745792443e-01
9.969765260801694007e-01
9.973110717422569715e-01
9.975892976717329885e-01
9.978193769162780891e-01
9.980092664656580181e-01
9.981650443152455532e-01
9.982925001548795807e-01
9.983968382515640005e-01
9.984818061856141069e-01
9.985511968497466917e-01
9.986085073279185043e-01
9.986559329747755065e-01
9.986956479783020146e-01
9.987301203390996918e-01
9.987607109170787423e-01
9.987883856035181251e-01
9.988145764134650495e-01
9.988404832818208456e-01
9.988664599885904716e-01
9.988927460189899188e-01
9.989199935185936186e-01
9.989486697013976180e-01
9.989788937162641380e-01
9.990105855307658267e-01
9.990438292707316537e-01
9.990788043429161824e-01
9.991156027047530808e-01
9.991542400580284422e-01
9.991945539563427126e-01
9.992363497914018566e-01
9.992795480434500943e-01
9.993240627674166987e-01
9.993697815369035897e-01
9.994165750179323515e-01
9.994643137131050681e-01
9.995128668003060435e-01
9.995621059310689782e-01
9.996118919802747804e-01
9.996620718122031235e-01
9.997124843285442042e-01
9.997629724640211268e-01
9.998133892898498631e-01
9.998635982594059612e-01
9.999134797654493090e-01
9.999629376478325060e-01
1.000011889426497991e+00
1.000060249150105163e+00
1.000107925893298555e+00
1.000154824409485554e+00
1.000200848325752512e+00
1.000245896719484495e+00
1.000289873551424513e+00
1.000332676417664546e+00
1.000374185448587694e+00
1.000414308132889785e+00
1.000452992654490725e+00
1.000490199100105837e+00
1.000525877009733389e+00
1.000559959585354264e+00
1.000592398762154556e+00
1.000623166626579907e+00
1.000652203165707688e+00
1.000679429713651869e+00
1.000704786357183851e+00
1.000728198753254583e+00
1.000749608392826007e+00
1.000769003845483285e+00
1.000786373097799498e+00
1.000801721898687990e+00
1.000815049710374938e+00
1.000826360326146469e+00
1.000835670235197039e+00
1.000843003321153057e+00
1.000848390282960132e+00
1.000851876989527600e+00
1.000853531346963976e+00
1.000853407737224199e+00
1.000851582195573242e+00
1.000848140254222862e+00
1.000843173578079393e+00
1.000836804104513700e+00
1.000829175865608711e+00
1.000820443703120288e+00
1.000810793331174953e+00
1.000800444003286938e+00
1.000789623937096806e+00
1.000778573576017738e+00
1.000767546677093112e+00
1.000756801490666259e+00
1.000746609962031686e+00
1.000737270371987009e+00
1.000729110730447236e+00
1.000722494294483012e+00
1.000717820081646670e+00
1.000715523804361018e+00
1.000716111515280726e+00
1.000720234821159904e+00
1.000728810246135358e+00
1.000743244427488632e+00
1.000765936915393617e+00
1.000801528797379714e+00
1.000860352358361460e+00
1.000970387840781184e+00
1.001234331177633274e+00
1.002242966616487152e+00
1.008060523958246746e+00
1.001526347965212116e+00
9.988847147485636624e-01
