9.471462812396589381e-01
9.534383533990143933e-01
9.590062393488765213e-01
9.660535668106562390e-01
9.722726242249446482e-01
9.798937458878937967e-01
9.876534627876092376e-01
9.966650330211268560e-01
1.006747729538905789e+00
1.018428235444540420e+00
1.031954351806329218e+00
1.047708515462569379e+00
1.066019147836806180e+00
1.087197363851131637e+00
1.111486160994304528e+00
1.139030846739286007e+00
1.169837285492199230e+00
1.203730319273245808e+00
1.240312827980927457e+00
1.278930172383504038e+00
1.318644026752960663e+00
1.358219316741843485e+00
1.396127499020872298e+00
1.430575232365579597e+00
1.459580476731498599e+00
1.481122914775876875e+00
1.493361922700581657e+00
1.494866741732134408e+00
1.484806306214647265e+00
1.463064114248891601e+00
1.430260168917745656e+00
1.387697260587030135e+00
1.337248613580793943e+00
1.281208470234613594e+00
1.222123863088300455e+00
1.162603255859087525e+00
1.105127126059322284e+00
1.051858780951838046e+00
1.004457170862150805e+00
9.639372874965591587e-01
9.305889995022097461e-01
9.040245283398666842e-01
8.833455298808445821e-01
8.673493864378912788e-01
8.547651824267799014e-01
8.444220590659569092e-01
8.353663383466174430e-01
8.269222027435636502e-01
8.186561421798527194e-01
8.103431191199385042e-01
8.019064780153918326e-01
7.933927950183945477e-01
7.849657176715428841e-01
7.768758398529893583e-01
7.694571206133752339e-01
7.630930305987398965e-01
7.582032633845742220e-01
7.552152391581342661e-01
7.545520155572787990e-01
7.566270944808273224e-01
7.618021907494778588e-01
7.703460662641086198e-01
7.823388835000016917e-01
7.975592150944638137e-01
8.153651685266113391e-01
8.346807725294184133e-01
8.541725224562549679e-01
8.726023158209182951e-01
8.891709904780434881e-01
9.036412650664092938e-01
9.161982783097434302e-01
9.271858405646904444e-01
9.369032591633323914e-01
9.455366887632260520e-01
9.531922614252571480e-01
9.599476891729207262e-01
9.658815654924589600e-01
9.710742280111137603e-01
9.756030173716125908e-01
9.795376977704221000e-01
9.829419873382165829e-01
9.858734531942621171e-01
9.883853535754290043e-01
9.905256328738804017e-01
9.923381049815063193e-01
9.938613780720055857e-01
9.951303325860948457e-01
9.961770515092173151e-01
9.970303287255394276e-01
9.977172756211835081e-01
9.982612384739046885e-01
9.986831987792761378e-01
9.990012003436560262e-01
9.992309776527157350e-01
9.993879255350706092e-01
9.994844235612482253e-01
9.995313925619095929e-01
9.995392352196682539e-01
9.995160386627001126e-01
9.994693087933580466e-01
9.994056771896175917e-01
9.993298545073607819e-01
9.992465186286874079e-01
9.991599345189766668e-01
9.990725612091420071e-01
9.989868104493047074e-01
9.989055631798746671e-01
9.988301201734008927e-01
9.987611605460282593e-01
9.987001533275382537e-01
9.986482835805214897e-01
9.986054007729389115e-01
9.985711836139630204e-01
9.985460510479140517e-01
9.985302043879733525e-01
9.985232786846727215e-01
9.985246073963220947e-01
9.985338441212806559e-01
9.985508594546455008e-01
9.985754164081118711e-01
9.986071663527585907e-01
9.986454813062065616e-01
9.986897034817309171e-01
9.987394016899965310e-01
9.987941636125144962e-01
9.988535512782189540e-01
9.989171167888560854e-01
9.989844304569251987e-01
9.990550778531028797e-01
9.991286644907663161e-01
9.992047911900269197e-01
9.992830468202007488e-01
9.993630180600925339e-01
9.994443098364577116e-01
9.995265553739429709e-01
9.996094158721809952e-01
9.996925914089551668e-01
9.997758317768921099e-01
9.998589183108579359e-01
9.999416325667246364e-01
1.000023752905798480e+00
1.000105055215999572e+00
1.000185318110390131e+00
1.000264316496608519e+00
1.000341837926830069e+00
1.000417662117295103e+00
1.000491540913661437e+00
1.000563278122377220e+00
1.000632753218632320e+00
1.000699869508399731e+00
1.000764513546961165e+00
1.000826544633673043e+00
1.000885857403188917e+00
1.000942384161341847e+00
1.000996001213033892e+00
1.001046552742526075e+00
1.001093917633220753e+00
1.001137950071635752e+00
1.001178533578378493e+00
1.001215636824728694e+00
1.001249228265628233e+00
1.001279308766655607e+00
1.001305868523820530e+00
1.001328905972607597e+00
1.001348442713736242e+00
1.001364513958018287e+00
1.001377167426317438e+00
1.001386478263860180e+00
1.001392561261619907e+00
1.001395507150026454e+00
1.001395445515622207e+00
1.001392523008440394e+00
1.001386897268879972e+00
1.001378780109419386e+00
1.001368422825657190e+00
1.001356095933388701e+00
1.001342125042238740e+00
1.001326895568134034e+00
1.001310808639362060e+00
1.001294286833717795e+00
1.001277776000946362e+00
1.001261729296180958e+00
1.001246623427824334e+00
1.001232980970702569e+00
1.001221375965653859e+00
1.001212443082945880e+00
1.001206877432586406e+00
1.001205434478238177e+00
1.001208987399565542e+00
1.001218656805344720e+00
1.001236015421922643e+00
1.001263473756051958e+00
1.001305143252888330e+00
1.001368984063337741e+00
1.001472738267286777e+00
1.001664496380686886e+00
1.002120820480991936e+00
1.003856801054918924e+00
1.013667019654638679e+00
1.002321015238100799e+00
9.985342647959811746e-01
