1.396256346416341776e+00
1.396593541098899660e+00
1.400518123589133079e+00
1.403983339506215344e+00
1.411455260529084654e+00
1.418707604151483226e+00
1.430460452018821993e+00
1.442283223622816912e+00
1.459150341615534918e+00
1.476389205753633194e+00
1.499179121871460740e+00
1.522538094651599616e+00
1.551721674849079191e+00
1.581331233141153758e+00
1.616490809512041382e+00
1.651295783449730603e+00
1.690605762224066000e+00
1.728216571988092864e+00
1.768994838463391783e+00
1.806313009821942206e+00
1.839902147004883304e+00
1.853835922236976463e+00
1.851291717771149203e+00
1.823507232005978862e+00
1.777848418659066176e+00
1.712270612182597462e+00
1.635219968414854064e+00
1.549120808276928996e+00
1.460971466949015252e+00
1.375082787814413399e+00
1.295798387657365769e+00
1.225440081234904222e+00
1.165867424537156527e+00
1.115943643314199152e+00
1.075571879094894934e+00
1.042303325413290294e+00
1.014193351112837815e+00
9.902555604365188557e-01
9.689990443364414618e-01
9.501459538344088074e-01
9.328767563293975940e-01
9.164858573304788258e-01
9.012679247621996348e-01
8.869598960286546596e-01
8.737665484212490119e-01
8.614902651735794059e-01
8.498197359728919542e-01
8.390047390217708623e-01
8.289223440613276983e-01
8.197131961873761474e-01
8.112438241985818754e-01
8.033503916011910384e-01
7.961079180109230657e-01
7.894100532896389799e-01
7.833744853744404324e-01
7.779653068450257392e-01
7.732448212355482742e-01
7.691902280316871288e-01
7.657588915398825247e-01
7.630839551162351686e-01
7.612368958737839586e-01
7.604663123311262707e-01
7.609928627828460579e-01
7.631636737855375108e-01
7.673353667862212735e-01
7.739465439398007796e-01
7.834606160391710539e-01
7.963574637537010892e-01
8.130859503342607875e-01
8.339274942910416266e-01
8.588702273694844846e-01
8.873080298721250925e-01
9.180006239598085260e-01
9.491186249305938460e-01
9.789161523216022287e-01
1.006026340668519925e+00
1.029809031153577692e+00
1.049984494958461134e+00
1.066725183105476482e+00
1.080233466299425293e+00
1.090918900829198845e+00
1.099068815801411914e+00
1.105070827077621720e+00
1.109165810557328768e+00
1.111646539212999718e+00
1.112700426447922775e+00
1.112513758766878968e+00
1.111258828634014817e+00
1.109048647690034750e+00
1.106042292170479335e+00
1.102324264670972331e+00
1.098012185932196516e+00
1.093193611421354738e+00
1.087936843358990435e+00
1.082342024144893777e+00
1.076465614543132610e+00
1.070374255609598535e+00
1.064142519134290588e+00
1.057817395913765113e+00
1.051459585339666436e+00
1.045125966087957714e+00
1.038855533629773120e+00
1.032696565750451878e+00
1.026696991063924536e+00
1.020887140109153046e+00
1.015299918721697336e+00
1.009977982199623314e+00
1.004943808502952285e+00
1.000216338575043995e+00
9.958218034285863940e-01
9.917826048556319662e-01
9.881039051082064484e-01
9.847863336341594609e-01
9.818384756273985658e-01
9.792619711770326196e-01
9.770512716699167877e-01
9.751930488327454905e-01
9.736769892393876136e-01
9.724941478592719069e-01
9.716324046815674187e-01
9.710774930494741053e-01
9.708087352987397889e-01
9.708037187790493627e-01
9.710432872555060380e-01
9.715080116414640532e-01
9.721784523954747348e-01
9.730350143633637039e-01
9.740586767440697624e-01
9.752309615502833262e-01
9.765342309048111735e-01
9.779512415148271520e-01
9.794651139681219698e-01
9.810595381528230963e-01
9.827192217127290741e-01
9.844301420368674060e-01
9.861795727697937330e-01
9.879562744066950897e-01
9.897506433784216684e-01
9.915543011921528205e-01
9.933594070317173230e-01
9.951585350462885948e-01
9.969446026945768535e-01
9.987109676389778201e-01
1.000451240579378398e+00
1.002159591857959331e+00
1.003830370606757727e+00
1.005457691507218199e+00
1.007036967594145960e+00
1.008565293301690868e+00
1.010040419750998231e+00
1.011459975135484912e+00
1.012821186828901654e+00
1.014122027606800369e+00
1.015361256348884078e+00
1.016536627184787323e+00
1.017645328654373404e+00
1.018685270321511904e+00
1.019653937342640537e+00
1.020549434205852757e+00
1.021371541695068830e+00
1.022120033546091600e+00
1.022795343890803732e+00
1.023397679586205644e+00
1.023927397761700719e+00
1.024385270432408568e+00
1.024772309776730284e+00
1.025089753600937348e+00
1.025339326471395918e+00
1.025523496977242210e+00
1.025644244481891176e+00
1.025704278182252516e+00
1.025706609248352441e+00
1.025654450468978185e+00
1.025552040122853281e+00
1.025404369839312713e+00
1.025216808003925006e+00
1.024995782024407331e+00
1.024748871857011245e+00
1.024483969300728603e+00
1.024209386418603041e+00
1.023933882666609563e+00
1.023666355012423201e+00
1.023416144006829898e+00
1.023193451405251642e+00
1.023009432032361277e+00
1.022876346640711365e+00
1.022807525667717599e+00
1.022817326078465872e+00
1.022922180016911486e+00
1.023143008888917294e+00
1.023509029728337794e+00
1.024064945691067319e+00
1.024887121003919432e+00
1.026124198261752607e+00
1.028111704527356673e+00
1.031776943366483623e+00
1.040588116244628880e+00
1.069575416673957724e+00
1.206951119952700768e+00
1.024670596842674586e+00
1.002648446855879172e+00
