9.667825961879256136e-01
9.692421685323494573e-01
9.734629616424347320e-01
9.755787286994754837e-01
9.801510038881624531e-01
9.834930449585825851e-01
9.884826948773206556e-01
9.937391434854490058e-01
1.000384310173959124e+00
1.008338514826861321e+00
1.018114175781167585e+00
1.030016261276673450e+00
1.044438450771931981e+00
1.061727717530801751e+00
1.082193474673975642e+00
1.106061539964354745e+00
1.133437486107768288e+00
1.164262331499957170e+00
1.198268722356816030e+00
1.234940314694599861e+00
1.273479166168913990e+00
1.312785241447858464e+00
1.351451029854965125e+00
1.387777305064095579e+00
1.419826501604268598e+00
1.445543809913274469e+00
1.462959968594438775e+00
1.470432451530435225e+00
1.466862510396029551e+00
1.451839996270333666e+00
1.425688905866125067e+00
1.389427440923489687e+00
1.344662306858165124e+00
1.293444557614018997e+00
1.238110401589410214e+00
1.181105188178109167e+00
1.124814816707164766e+00
1.071399517668517154e+00
1.022624653200925104e+00
9.797235899975264006e-01
9.432949436174818958e-01
9.133019252760061768e-01
8.891771851315759534e-01
8.699764489317695082e-01
8.545886107094775586e-01
8.419093492224263287e-01
8.309843728504928695e-01
8.211010714082607187e-01
8.117788650858702715e-01
8.027525291536454777e-01
7.939204782886425393e-01
7.853221853282099651e-01
7.771299440848886686e-01
7.696129393022078657e-01
7.631266893945480856e-01
7.580712831173500588e-01
7.548714200521756679e-01
7.539423599239981622e-01
7.556715431215512702e-01
7.604041404922597946e-01
7.683844227106381153e-01
7.796904101748954874e-01
7.941173897733536657e-01
8.110789787155853192e-01
8.295819051350457052e-01
8.483837912750633592e-01
8.663147425202363250e-01
8.826010829220786169e-01
8.969867650792999747e-01
9.096050333316538783e-01
9.207393223252873238e-01
9.306404609593633692e-01
9.394714977484120988e-01
9.473336545810053799e-01
9.543082537354585781e-01
9.604743111075181305e-01
9.659103695723920691e-01
9.706893882968341547e-01
9.748786660065877907e-01
9.785389941116549029e-01
9.817266012180257961e-01
9.844923616477869732e-01
9.868833180881417810e-01
9.889416900985166237e-01
9.907061192927906212e-01
9.922105738523446794e-01
9.934857540497842310e-01
9.945599141185260672e-01
9.954582858505733878e-01
9.962046991395531181e-01
9.968195563117544511e-01
9.973212933343331699e-01
9.977257659929439360e-01
9.980467643636231623e-01
9.982979251748073102e-01
9.984900999987754711e-01
9.986329071230956034e-01
9.987356083934932904e-01
9.988053369650308211e-01
9.988487919477889720e-01
9.988719444944856862e-01
9.988790455808436164e-01
9.988743653572598191e-01
9.988618247949457851e-01
9.988437598360681013e-01
9.988224801298718480e-01
9.988006933598400083e-01
9.987797379439328216e-01
9.987604407884083102e-01
9.987442717262523528e-01
9.987324384362047391e-01
9.987250446276613181e-01
9.987220540747533404e-01
9.987240146392615259e-01
9.987312674913645383e-01
9.987436943027667713e-01
9.987609251634869123e-01
9.987828345748841485e-01
9.988094529326566606e-01
9.988407115104781520e-01
9.988764480685197178e-01
9.989162700621070368e-01
9.989597537736134569e-01
9.990066471781707813e-01
9.990567036814533841e-01
9.991096503826403241e-01
9.991652007501530264e-01
9.992230771318778570e-01
9.992830086288101432e-01
9.993447354232296576e-01
9.994079897533488799e-01
9.994724906873206915e-01
9.995379520515208505e-01
9.996040986987493326e-01
9.996706746068640959e-01
9.997374428369319999e-01
9.998041942982297536e-01
9.998707564595802344e-01
9.999369793525072492e-01
1.000002711279259993e+00
1.000067796371321371e+00
1.000132075277353261e+00
1.000195389381868250e+00
1.000257575857182557e+00
1.000318480608938687e+00
1.000377942373704254e+00
1.000435777097064438e+00
1.000491840439676317e+00
1.000546046340371475e+00
1.000598326604407395e+00
1.000648599326966259e+00
1.000696760719216538e+00
1.000742734069757223e+00
1.000786471632337804e+00
1.000827881474234626e+00
1.000866846195444859e+00
1.000903275180397234e+00
1.000937058176153860e+00
1.000968107555278763e+00
1.000996401963114346e+00
1.001021919626317036e+00
1.001044663920665378e+00
1.001064629714667475e+00
1.001081818175229454e+00
1.001096248442232106e+00
1.001107950181856721e+00
1.001116962746009698e+00
1.001123346836386929e+00
1.001127194076351978e+00
1.001128577247634821e+00
1.001127599466718365e+00
1.001124377164636758e+00
1.001119035356705433e+00
1.001111741389805410e+00
1.001102693479522188e+00
1.001092104896208257e+00
1.001080232004798898e+00
1.001067377964140137e+00
1.001053858305692490e+00
1.001040005445873460e+00
1.001026170146131378e+00
1.001012709089817987e+00
1.000999997642075146e+00
1.000988447374819623e+00
1.000978510580519121e+00
1.000970687640513779e+00
1.000965527200623706e+00
1.000963626616645730e+00
1.000965677605874404e+00
1.000972569025585734e+00
1.000985549410212228e+00
1.001006533371063822e+00
1.001038786726122565e+00
1.001088630016744085e+00
1.001170144742876245e+00
1.001321486811556527e+00
1.001682733848165752e+00
1.003059496954496144e+00
1.010907608107342703e+00
1.001939600127345509e+00
9.986906109932774944e-01
