9.958351750787692858e-01
9.956664029248162295e-01
9.949512334225389942e-01
9.950221157619376644e-01
9.944469459697710123e-01
9.945669220291425416e-01
9.945867149750083902e-01
9.951699759433807468e-01
9.961995789337375617e-01
9.980086568719495066e-01
1.000784952586935894e+00
1.004831946326580239e+00
1.010461503515728499e+00
1.018023358851449123e+00
1.027878911214896274e+00
1.040384497241548134e+00
1.055862238066485048e+00
1.074564625846507804e+00
1.096632170745512003e+00
1.122046850658806827e+00
1.150584883185313601e+00
1.181773388870288599e+00
1.214854789302338700e+00
1.248762285100865510e+00
1.282109816362056121e+00
1.313209471305329945e+00
1.340151355879919848e+00
1.360978720294895083e+00
1.373944287093168182e+00
1.377771901533441978e+00
1.371837189471700080e+00
1.356231315231805068e+00
1.331705946853493527e+00
1.299535742787188752e+00
1.261346205440159629e+00
1.218927827696633992e+00
1.174076427252671362e+00
1.128463459983526374e+00
1.083529676724009239e+00
1.040423868642522010e+00
9.999656605897518924e-01
9.626633908496607939e-01
9.287696269228119528e-01
8.983264089920811601e-01
8.712349241591681448e-01
8.473045963991422402e-01
8.263188920996649145e-01
8.080997452465460418e-01
7.925115985403227148e-01
7.794769076232641591e-01
7.689586392768910095e-01
7.609678899471100655e-01
7.555744294640627245e-01
7.528785019106100096e-01
7.530035110188159075e-01
7.560529004151821386e-01
7.620818810914637975e-01
7.710438177747647170e-01
7.827342074490383217e-01
7.967422387358692459e-01
8.124093488666067620e-01
8.288912226932562133e-01
8.453073413326446239e-01
8.609484291667294231e-01
8.754017117599317555e-01
8.885397517625707176e-01
9.004081964191378296e-01
9.111134747476163920e-01
9.207627012852334092e-01
9.294492508418418231e-01
9.372569808525551549e-01
9.442631430774716117e-01
9.505403916648402785e-01
9.561556468281260379e-01
9.611713663855416812e-01
9.656445013274631561e-01
9.696280163128427887e-01
9.731699060680419899e-01
9.763147659024322689e-01
9.791027261665793402e-01
9.815709398193457336e-01
9.837526389016991724e-01
9.856786194558306846e-01
9.873762574525698499e-01
9.888708047500365250e-01
9.901842731988611535e-01
9.913366244363571722e-01
9.923462833030917141e-01
9.932293800596332378e-01
9.940013857452481005e-01
9.946752871042839894e-01
9.952631080631660909e-01
9.957752323571896769e-01
9.962205976796560947e-01
9.966082880687883172e-01
9.969453828667158568e-01
9.972382981459039231e-01
9.974933171038153912e-01
9.977152432828648720e-01
9.979087159433440712e-01
9.980779294880532948e-01
9.982260000192370031e-01
9.983560703950695725e-01
9.984710365207553062e-01
9.985728717458443038e-01
9.986635114201423136e-01
9.987450438243451467e-01
9.988187875917218239e-01
9.988857897031074851e-01
9.989473555366661373e-01
9.990046042089389955e-01
9.990581004294915024e-01
9.991083166667948934e-01
9.991559519169657122e-01
9.992015582698343668e-01
9.992454580311140866e-01
9.992878321570143330e-01
9.993289421622908453e-01
9.993690865938644752e-01
9.994084935086759991e-01
9.994473324135220160e-01
9.994856519236711145e-01
9.995234691448087183e-01
9.995608587663813438e-01
9.995978799803197923e-01
9.996345667500344812e-01
9.996709341899949752e-01
9.997069892798953195e-01
9.997427307535023955e-01
9.997781521081110512e-01
9.998132342715555509e-01
9.998479442685382912e-01
9.998822392817297011e-01
9.999160742043441408e-01
9.999494056530187081e-01
9.999821924714363819e-01
1.000014399963316425e+00
1.000046004073987804e+00
1.000076985898592064e+00
1.000107321790986381e+00
1.000136982742249714e+00
1.000165934974982518e+00
1.000194142044115386e+00
1.000221562971083777e+00
1.000248158020145439e+00
1.000273882188726926e+00
1.000298678745626724e+00
1.000322505914887916e+00
1.000345344869199460e+00
1.000367182796012999e+00
1.000387999729990485e+00
1.000407765199666787e+00
1.000426459071428464e+00
1.000444072466589063e+00
1.000460576888501762e+00
1.000475932251835731e+00
1.000490109085564239e+00
1.000503068916208660e+00
1.000514782237776679e+00
1.000525247054945943e+00
1.000534460695674976e+00
1.000542430730201549e+00
1.000549160757381317e+00
1.000554656725925584e+00
1.000558931912166605e+00
1.000562003808239675e+00
1.000563893805050508e+00
1.000564632160032774e+00
1.000564262088684320e+00
1.000562818731639103e+00
1.000560350003725674e+00
1.000556909414751283e+00
1.000552554099000790e+00
1.000547359125323110e+00
1.000541412677425246e+00
1.000534809397334302e+00
1.000527662286249786e+00
1.000520104311928282e+00
1.000512273897548265e+00
1.000504316896091650e+00
1.000496387288828393e+00
1.000488642037302478e+00
1.000481246629091547e+00
1.000474382699524822e+00
1.000468250244497037e+00
1.000463071192948972e+00
1.000459090183761779e+00
1.000456575872164633e+00
1.000455842088464165e+00
1.000457294504677908e+00
1.000461505194112810e+00
1.000469353516757254e+00
1.000482339773504981e+00
1.000503362239083316e+00
1.000538863935211076e+00
1.000606271360754862e+00
1.000769503201724309e+00
1.001396305799455488e+00
1.005076676369429878e+00
1.001055180346036577e+00
9.991497198553843662e-01
