9.703184510530681317e-01
9.723280293198044433e-01
9.759317141301582232e-01
9.776271065920434378e-01
9.815585531281070253e-01
9.843924809842591328e-01
9.887529881529564246e-01
9.934056017967085594e-01
9.993901005406260474e-01
1.006660854955832463e+00
1.015713626866892927e+00
1.026859996944641917e+00
1.040495175312860843e+00
1.056973839645671376e+00
1.076616450510283762e+00
1.099664794694462655e+00
1.126245291217267575e+00
1.156324662253574553e+00
1.189665555941998187e+00
1.225784916119477597e+00
1.263919926794845994e+00
1.303005759897819971e+00
1.341668160490024242e+00
1.378236427204195147e+00
1.410791997093449268e+00
1.437282509994542767e+00
1.455719389102345884e+00
1.464419896759766582e+00
1.462229898783335313e+00
1.448675887064726719e+00
1.424016586338134882e+00
1.389206621660441954e+00
1.345792257146696036e+00
1.295767810999170155e+00
1.241417548614323962e+00
1.185142157713487743e+00
1.129294256372300076e+00
1.076017580138296958e+00
1.027083323506783774e+00
9.837565105907551954e-01
9.466922974515826761e-01
9.159279730205234227e-01
8.909751578644679038e-01
8.709599937897736233e-01
8.548236484570401750e-01
8.414931506323616306e-01
8.300278906204353602e-01
8.197172661766135571e-01
8.100770133270822626e-01
8.008369197659489513e-01
7.918914685218320093e-01
7.832781834367390505e-01
7.751691441152521733e-01
7.678339257309378940e-01
7.616277468304261111e-01
7.569483193979085200e-01
7.542148493658560326e-01
7.538330719412539294e-01
7.561753314896085820e-01
7.615633501403902272e-01
7.702049142440489105e-01
7.821229797385105265e-01
7.970378648608703598e-01
8.142805061519541310e-01
8.327995424566558835e-01
8.513582467879553528e-01
8.688682633241607833e-01
8.846773482841240321e-01
8.986303353544425887e-01
9.109031834915751746e-01
9.217705299115801498e-01
9.314550736973332690e-01
9.400986562651402201e-01
9.477947013837730861e-01
9.546239147396572422e-01
9.606652610861627917e-01
9.659958029420493419e-01
9.706863737702882133e-01
9.748023137890495793e-01
9.784027508381046845e-01
9.815424184707988164e-01
9.842707987085284049e-01
9.866336447034024237e-01
9.886719970586247408e-01
9.904234334729918876e-01
9.919209681451182092e-01
9.931944426693227745e-01
9.942713249887199511e-01
9.951761157117131606e-01
9.959319720266446296e-01
9.965586946165833071e-01
9.970742006041470873e-01
9.974939011448569204e-01
9.978311905226018297e-01
9.980993450341818507e-01
9.983089065411161478e-01
9.984692304326371337e-01
9.985893449876768191e-01
9.986761910785644236e-01
9.987363038642832480e-01
9.987755182325414038e-01
9.987979932810385764e-01
9.988079147666456548e-01
9.988091302818487005e-01
9.988039509183954667e-01
9.987946639054205988e-01
9.987839373579585622e-01
9.987731156790228271e-01
9.987630535618867711e-01
9.987552172789294636e-01
9.987508159136506691e-01
9.987500016322067298e-01
9.987527919709987545e-01
9.987597570307495953e-01
9.987712634348622220e-01
9.987872392042063119e-01
9.988073705528937030e-01
9.988315731302327416e-01
9.988599068454819818e-01
9.988923344364730728e-01
9.989287284782559784e-01
9.989687409280205710e-01
9.990119923371882926e-01
9.990582642686268722e-01
9.991073413131457137e-01
9.991589816738195573e-01
9.992129292531556350e-01
9.992689350751418065e-01
9.993267553328298858e-01
9.993861556300680515e-01
9.994468930459095013e-01
9.995087112926483996e-01
9.995713482896111390e-01
9.996345516245623841e-01
9.996980862754962782e-01
9.997617346236066238e-01
9.998253048028182821e-01
9.998886389971087807e-01
9.999516002469781562e-01
1.000014049511780190e+00
1.000075843410456189e+00
1.000136834903152305e+00
1.000196877318219268e+00
1.000255819692009052e+00
1.000313519052772326e+00
1.000369825400686086e+00
1.000424566940381288e+00
1.000477609240667753e+00
1.000528872806760727e+00
1.000578294870944296e+00
1.000625799548466199e+00
1.000671290114343970e+00
1.000714695334507187e+00
1.000755971265649302e+00
1.000795032062626211e+00
1.000831767700216091e+00
1.000866093413426139e+00
1.000897905781590769e+00
1.000927122719480034e+00
1.000953724775965670e+00
1.000977692046525203e+00
1.000999028375535227e+00
1.001017729519020794e+00
1.001033797157755645e+00
1.001047249944824413e+00
1.001058116465493475e+00
1.001066434446415965e+00
1.001072261792771867e+00
1.001075685648344260e+00
1.001076775322263135e+00
1.001075628814127150e+00
1.001072356714856504e+00
1.001067077735352973e+00
1.001059950633850670e+00
1.001051163375372699e+00
1.001040918175894356e+00
1.001029458031023278e+00
1.001017070219865301e+00
1.001004053749229517e+00
1.000990723629332946e+00
1.000977412263694744e+00
1.000964457709002220e+00
1.000952215761552910e+00
1.000941076557796405e+00
1.000931468877269692e+00
1.000923867162482939e+00
1.000918791761685300e+00
1.000916809471877889e+00
1.000918576923656822e+00
1.000924938151069199e+00
1.000937078974072580e+00
1.000956818062013642e+00
1.000987257622859561e+00
1.001034400985083561e+00
1.001111621465007095e+00
1.001255152912553958e+00
1.001598012869576504e+00
1.002905254164226045e+00
1.010371572933406181e+00
1.001863570699696560e+00
9.987242295511045143e-01
