9.278658502928405216e-01
9.372132860186692671e-01
9.460819158263047424e-01
9.562701235542063749e-01
9.659292239941211777e-01
9.768914359605688214e-01
9.881652812593333390e-01
1.000688485158666596e+00
1.014353896963013701e+00
1.029627926031510432e+00
1.046748802374051879e+00
1.066057547200642830e+00
1.087840462004441289e+00
1.112353321053392685e+00
1.139774064172092816e+00
1.170172355028942901e+00
1.203469387349766162e+00
1.239398525712093413e+00
1.277467831478441562e+00
1.316928932204865843e+00
1.356755915487123820e+00
1.395637694263273332e+00
1.431987907009862004e+00
1.463984685654528439e+00
1.489665352381098984e+00
1.507094851959919657e+00
1.514585402531568148e+00
1.510911128139835524e+00
1.495475213559842365e+00
1.468403075441796268e+00
1.430548191551448856e+00
1.383428572008970514e+00
1.329107960251753706e+00
1.270039520093146468e+00
1.208887685704787662e+00
1.148323527329383253e+00
1.090821108349681934e+00
1.038457289121166083e+00
9.927229548573807127e-01
9.543980506105268491e-01
9.235031909888528068e-01
8.993925279347717572e-01
8.809641282147242514e-01
8.668907964302147162e-01
8.558563446807310182e-01
8.467054502297379770e-01
8.385349820139695876e-01
8.307317512653977776e-01
8.229207078445111012e-01
8.149212331732812453e-01
8.066823968203046258e-01
7.982564370452956970e-01
7.897940057025699678e-01
7.815180648060253699e-01
7.737258265573242477e-01
7.667619482895193794e-01
7.610122667828106424e-01
7.568817409683217257e-01
7.547881123641900780e-01
7.551623570365515459e-01
7.584148330744384658e-01
7.649082987988348181e-01
7.748825315847900352e-01
7.883571451964516141e-01
8.049936501477219508e-01
8.239939984932993511e-01
8.441321111135473565e-01
8.640015122993343066e-01
8.824047837082176216e-01
8.986665911329543288e-01
9.126905302773981044e-01
9.247637146059510815e-01
9.352810778393023661e-01
9.445537053509016623e-01
9.527635268348754183e-01
9.600081998655346505e-01
9.663616397083172327e-01
9.719012997453997382e-01
9.767098362622051999e-01
9.808657555500209790e-01
9.844405916000611434e-01
9.874981030414398120e-01
9.900968952492110731e-01
9.922898701884326211e-01
9.941253981474496015e-01
9.956461972529556670e-01
9.968908515546530680e-01
9.978948364939060900e-01
9.986901052157846070e-01
9.993066858730408342e-01
9.997705552815879804e-01
1.000104982861551584e+00
1.000329988801550440e+00
1.000463058984736753e+00
1.000521160658355724e+00
1.000518058720183623e+00
1.000465864015545936e+00
1.000376007386097221e+00
1.000257449359552187e+00
1.000118429218900484e+00
9.999661688314327446e-01
9.998058073183737626e-01
9.996423859736555118e-01
9.994804621008980261e-01
9.993226111775528331e-01
9.991713309387940667e-01
9.990296323153720071e-01
9.988987740990509234e-01
9.987792919350864107e-01
9.986726310070079826e-01
9.985799356366757973e-01
9.985008074360753882e-01
9.984346423137486770e-01
9.983817167669606363e-01
9.983420868072339083e-01
9.983151409155792688e-01
9.982999178835021414e-01
9.982958471285000579e-01
9.983026354318428330e-01
9.983198760957041618e-01
9.983470318398323107e-01
9.983832398670110519e-01
9.984276090056480868e-01
9.984795272310349468e-01
9.985384158580185021e-01
9.986036714509970436e-01
9.986746844925481481e-01
9.987508729970037136e-01
9.988316788827027448e-01
9.989165728693685242e-01
9.990050244490565889e-01
9.990964925954496367e-01
9.991904373043050125e-01
9.992863440780155315e-01
9.993837358771562318e-01
9.994821725343151497e-01
9.995812637181555882e-01
9.996806818091128477e-01
9.997801396482741687e-01
9.998793523641109626e-01
9.999780329646968946e-01
1.000075893094791057e+00
1.000172649168592276e+00
1.000268014514327897e+00
1.000361718998844074e+00
1.000453484087602707e+00
1.000542998543985096e+00
1.000630015089432057e+00
1.000714379133500254e+00
1.000795965801959397e+00
1.000874630552443856e+00
1.000950196410304249e+00
1.001022529817313877e+00
1.001091543392943928e+00
1.001157082295462741e+00
1.001218953110708076e+00
1.001277004841850449e+00
1.001331056912372341e+00
1.001380964637690552e+00
1.001426686877155081e+00
1.001468182502547988e+00
1.001505449864441566e+00
1.001538474550927482e+00
1.001567252282334453e+00
1.001591807002926382e+00
1.001612179272487912e+00
1.001628424911628956e+00
1.001640633080614906e+00
1.001648941073616683e+00
1.001653457045725393e+00
1.001654336296851966e+00
1.001651754838380981e+00
1.001645902012177292e+00
1.001637032855062337e+00
1.001625450270301032e+00
1.001611480433520107e+00
1.001595516291837296e+00
1.001578023262390982e+00
1.001559485721393417e+00
1.001540413931004014e+00
1.001521346212740804e+00
1.001502829528549965e+00
1.001485439119809806e+00
1.001469805475999397e+00
1.001456620982038803e+00
1.001446650814945771e+00
1.001440732377100407e+00
1.001439774660574322e+00
1.001444826959896339e+00
1.001457234720916745e+00
1.001478885107944139e+00
1.001512669524908361e+00
1.001563519430793914e+00
1.001640984993988681e+00
1.001766358204451590e+00
1.001997362761168020e+00
1.002545925713275832e+00
1.004630003677803307e+00
1.016326578119453705e+00
1.002675963758024924e+00
9.984052029029467645e-01
