9.812354161132408326e-01
9.825645924008076237e-01
9.831831366449962362e-01
9.849512045750083988e-01
9.859104595078891364e-01
9.879451726617114460e-01
9.899859651280482620e-01
9.929813387636702293e-01
9.967938580469164478e-01
1.001897771601437004e+00
1.008548095208894324e+00
1.017134547799691591e+00
1.028025436894721034e+00
1.041601411451408055e+00
1.058213617322630640e+00
1.078157589764621171e+00
1.101633870932092973e+00
1.128705211271662456e+00
1.159250493444048402e+00
1.192919713888383360e+00
1.229094488742883629e+00
1.266858817595337028e+00
1.304983456295491839e+00
1.341928263994437209e+00
1.375873335821571120e+00
1.404805777108102394e+00
1.426692252803765992e+00
1.439718188300241453e+00
1.442530439924563979e+00
1.434418842987783327e+00
1.415394743602414795e+00
1.386171715603426113e+00
1.348067916701955804e+00
1.302863252269701233e+00
1.252641965079174469e+00
1.199624027841355023e+00
1.146011827380337023e+00
1.093847175998376553e+00
1.044869550684381476e+00
1.000401980318193385e+00
9.612557451740992853e-01
9.277093364025713607e-01
8.995645129129246076e-01
8.762382841578686410e-01
8.569191563118904176e-01
8.407133776767630184e-01
8.267903157115663593e-01
8.144942591748204341e-01
8.033603410639045261e-01
7.931192148423970023e-01
7.836584152612156018e-01
7.750063612938020707e-01
7.673248209562401057e-01
7.608692128199275873e-01
7.559735193229588646e-01
7.530035923787817831e-01
7.523335318447220699e-01
7.543074790858662615e-01
7.592120311171544067e-01
7.672451395279433761e-01
7.784332485895447684e-01
7.925460966523624196e-01
8.089985718432614048e-01
8.268498480632582304e-01
8.449532760213528393e-01
8.622553631367846361e-01
8.780743141344538039e-01
8.921863597822217162e-01
9.046957968999095323e-01
9.158252432743427818e-01
9.257731172527722263e-01
9.346753140545637217e-01
9.426283884583477324e-01
9.497146113788953459e-01
9.560133236333785423e-01
9.615993136508755867e-01
9.665424457144538017e-01
9.709061623290365928e-01
9.747493064435603927e-01
9.781252102777406865e-01
9.810832451188513659e-01
9.836679048796174163e-01
9.859203404285310501e-01
9.878773845116051167e-01
9.895728153616777378e-01
9.910362437268555036e-01
9.922944501925260452e-01
9.933720996152026750e-01
9.942910872868732097e-01
9.950721758437917064e-01
9.957330295568986855e-01
9.962897246808778418e-01
9.967560983039960298e-01
9.971441428973766286e-01
9.974658472558673994e-01
9.977306598057736897e-01
9.979470099014673412e-01
9.981230901138411493e-01
9.982651651603180465e-01
9.983791877289428518e-01
9.984705016110716480e-01
9.985429435839471290e-01
9.986003939066768753e-01
9.986464287701187770e-01
9.986832695553857775e-01
9.987131170464229601e-01
9.987384859186400066e-01
9.987607352774920955e-01
9.987808092894989720e-01
9.988001501649202973e-01
9.988199621876641121e-01
9.988405581115715748e-01
9.988621324504786125e-01
9.988853222761957529e-01
9.989105751557010304e-01
9.989379715051944775e-01
9.989673835138604963e-01
9.989988613175646570e-01
9.990325604420116079e-01
9.990685467284441401e-01
9.991068069010807795e-01
9.991471405052153587e-01
9.991893150379548283e-01
9.992332227024658398e-01
9.992787511301165493e-01
9.993257614475572481e-01
9.993740983751639995e-01
9.994236079529258410e-01
9.994741362081611680e-01
9.995255330571477526e-01
9.995776380729941568e-01
9.996302769208647021e-01
9.996832677266066502e-01
9.997364337990819472e-01
9.997896100731198388e-01
9.998426433071585517e-01
9.998953990174086481e-01
9.999477683623576585e-01
9.999996576612638632e-01
1.000050970034676912e+00
1.000101603746901713e+00
1.000151452865258639e+00
1.000200410630720294e+00
1.000248365775479931e+00
1.000295212554733970e+00
1.000340838710878311e+00
1.000385113604828735e+00
1.000427936039012033e+00
1.000469248479084916e+00
1.000509006294153291e+00
1.000547153764063557e+00
1.000583617883954890e+00
1.000618345789875852e+00
1.000651306257510198e+00
1.000682433910007774e+00
1.000711643559109243e+00
1.000738870127094060e+00
1.000764033219279092e+00
1.000787069422086395e+00
1.000807965649876285e+00
1.000826708258255593e+00
1.000843302615622710e+00
1.000857747425614619e+00
1.000870046055156282e+00
1.000880215460076883e+00
1.000888280520341844e+00
1.000894273416907509e+00
1.000898242547088923e+00
1.000900259850580731e+00
1.000900382841598102e+00
1.000898692158776360e+00
1.000895278584454040e+00
1.000890239449127250e+00
1.000883704399114116e+00
1.000875826662242174e+00
1.000866770995621380e+00
1.000856735099976191e+00
1.000845952461660193e+00
1.000834666109509996e+00
1.000823132088700218e+00
1.000811620612022113e+00
1.000800406629655859e+00
1.000789779634340571e+00
1.000780057130423284e+00
1.000771588218678732e+00
1.000764759430055051e+00
1.000759995185133144e+00
1.000757758650914209e+00
1.000758587428631330e+00
1.000763173451968857e+00
1.000772489690994194e+00
1.000788029156343795e+00
1.000812338697434800e+00
1.000850344953557958e+00
1.000913017631157143e+00
1.001030066967626642e+00
1.001310544994076679e+00
1.002381777038168220e+00
1.008546270138202861e+00
1.001598679745369536e+00
9.988486055657617158e-01
