1.000000000000000000e+00
9.999932982826414962e-01
9.999703249751068501e-01
9.999308136224932531e-01
9.998811384704788807e-01
9.998365131512330084e-01
9.998239358553252520e-01
9.998861341208973297e-01
1.000086722988918764e+00
1.000516842975228471e+00
1.001303037582545574e+00
1.002616300723676579e+00
1.004680768490710641e+00
1.007780433436810563e+00
1.012262682467264474e+00
1.018529483707236727e+00
1.027029559934547809e+00
1.038206893410787757e+00
1.052453729891627665e+00
1.070047283064692323e+00
1.091007537958431861e+00
1.115108388334476341e+00
1.141708420564695015e+00
1.169922714178276424e+00
1.199014163945960609e+00
1.228202170161941886e+00
1.256829115545466724e+00
1.282729489076008811e+00
1.302025053272378274e+00
1.311760670263296236e+00
1.310647825751148909e+00
1.299455525317930071e+00
1.279896131829602712e+00
1.253779860294388815e+00
1.223049117122006146e+00
1.189154409154079772e+00
1.153287230348317705e+00
1.116590518391706865e+00
1.079824106238194137e+00
1.043769641216542254e+00
1.008853366686968123e+00
9.753657751528883590e-01
9.438088975340518383e-01
9.144478451493989191e-01
8.876446190392717206e-01
8.635773789292405800e-01
8.423723215724351343e-01
8.242864835936281054e-01
8.094166884759009806e-01
7.978759363054733766e-01
7.896588926180135859e-01
7.847191832756007512e-01
7.830220770644056305e-01
7.844502343166418479e-01
7.888660615135473231e-01
7.960222619324989202e-01
8.055737624919738771e-01
8.170304814674049787e-01
8.297702691457790047e-01
8.431483300308104667e-01
8.565502104427931140e-01
8.695344321643472263e-01
8.818095826820211425e-01
8.932432866904643776e-01
9.037824678476568119e-01
9.134369070697976323e-01
9.222386292332924729e-01
9.302360729568884823e-01
9.374836973338968038e-01
9.440357003291094395e-01
9.499493543723027678e-01
9.552755210725190071e-01
9.600674830806762428e-01
9.643701953813289540e-01
9.682308275669289088e-01
9.716881426343619843e-01
9.747826511113525383e-01
9.775472299328424874e-01
9.800162043056027672e-01
9.822172292393127613e-01
9.841788832691592548e-01
9.859241842473521755e-01
9.874768198608939729e-01
9.888558352224530168e-01
9.900806376194275504e-01
9.911668975526594094e-01
9.921293508398382199e-01
9.929820044140458268e-01
9.937360989261910804e-01
9.944037130143498215e-01
9.949939083570976672e-01
9.955158856980622639e-01
9.959773934399631656e-01
9.963848710207654502e-01
9.967454403666703433e-01
9.970642085731484805e-01
9.973460455444724815e-01
9.975958208164803498e-01
9.978170880663560505e-01
9.980134567809200163e-01
9.981881832519396980e-01
9.983436854166282126e-01
9.984824559846100511e-01
9.986067849403533758e-01
9.987182863290874346e-01
9.988185545276716537e-01
9.989092697237230700e-01
9.989915577726332652e-01
9.990663669382123802e-01
9.991347903029623723e-01
9.991977742263030704e-01
9.992558974797897120e-01
9.993096694194062435e-01
9.993597230790277619e-01
9.994065757672683237e-01
9.994505935943467367e-01
9.994920422483833944e-01
9.995312241657415830e-01
9.995684498388244243e-01
9.996039747107209328e-01
9.996380107416499294e-01
9.996706873825781381e-01
9.997021068427145440e-01
9.997323981681494054e-01
9.997616728801693720e-01
9.997900209936485538e-01
9.998175152234795027e-01
9.998442178896376209e-01
9.998701812312829063e-01
9.998954497389475060e-01
9.999200561672642040e-01
9.999440211628221054e-01
9.999673559965862601e-01
9.999900673395671902e-01
1.000012159909257514e+00
1.000033637013593379e+00
1.000054503295146002e+00
1.000074767429658174e+00
1.000094439084964648e+00
1.000113523264193338e+00
1.000132020130152455e+00
1.000149925499153936e+00
1.000167232228280190e+00
1.000183929222649981e+00
1.000200004981734336e+00
1.000215443860878128e+00
1.000230222330999119e+00
1.000244324829797415e+00
1.000257748540267277e+00
1.000270493475237332e+00
1.000282554797847556e+00
1.000293920894485655e+00
1.000304585728250650e+00
1.000314549432987254e+00
1.000323800142771224e+00
1.000332318779088681e+00
1.000340092187876673e+00
1.000347101584593501e+00
1.000353333190695748e+00
1.000358789200274767e+00
1.000363471173569385e+00
1.000367386519813273e+00
1.000370540130094410e+00
1.000372938130458689e+00
1.000374590834353317e+00
1.000375510926076572e+00
1.000375713291870472e+00
1.000375217963742847e+00
1.000374052550408122e+00
1.000372239849630418e+00
1.000369810158163064e+00
1.000366797050572298e+00
1.000363236232578279e+00
1.000359173991265394e+00
1.000354664368584778e+00
1.000349765254362699e+00
1.000344545419015851e+00
1.000339085481333434e+00
1.000333469380163542e+00
1.000327785569146588e+00
1.000322127466701128e+00
1.000316590472568379e+00
1.000311275305758363e+00
1.000306292594087099e+00
1.000301764320540521e+00
1.000297826142505064e+00
1.000294628179688283e+00
1.000292336310418584e+00
1.000291145511884583e+00
1.000291308866358531e+00
1.000293184239185562e+00
1.000297322625976593e+00
1.000304664242279484e+00
1.000317023054173360e+00
1.000338425411739562e+00
1.000379746929243474e+00
1.000480847764025016e+00
1.000870992929114855e+00
1.003194170017857489e+00
1.000709826630907351e+00
9.993931166230679564e-01
