1.000000000000000000e+00
9.999646066520477827e-01
9.998421687598618712e-01
9.996255182233148018e-01
9.993376979103741897e-01
9.990453165527914958e-01
9.988772042569517007e-01
9.990489796510785281e-01
9.998920727728315416e-01
1.001884594838465370e+00
1.005677490251941197e+00
1.012115142738721829e+00
1.022245204657802109e+00
1.037318380785439809e+00
1.058778265805539798e+00
1.088145831150809206e+00
1.126829173144372032e+00
1.175299283728295618e+00
1.231960161948088661e+00
1.292403025062948352e+00
1.350673789159789306e+00
1.404423431386519372e+00
1.475332948421200774e+00
1.621906544425535612e+00
1.703231515913312455e+00
1.713272462476151947e+00
1.679270022879604030e+00
1.616237968169687678e+00
1.535344298323723766e+00
1.448658513417115046e+00
1.362679525798035085e+00
1.282578525452973794e+00
1.211851343606380249e+00
1.151604833448991672e+00
1.102847692912845678e+00
1.062983005586881413e+00
1.029699053667215924e+00
1.001694426010749872e+00
9.774359203144314945e-01
9.562772689669629678e-01
9.373024031595160732e-01
9.197859362914165837e-01
9.037311741610847271e-01
8.888656807454816677e-01
8.751940913127904675e-01
8.624966884882548923e-01
8.505061575388236372e-01
8.393129191072852269e-01
8.288067958573609451e-01
8.190274628198644935e-01
8.098585382143912437e-01
8.011774932636883673e-01
7.930295010407378831e-01
7.853872112655956306e-01
7.783935036900319071e-01
7.721478019276362126e-01
7.668544588117103267e-01
7.627146509973102839e-01
7.599642220465230302e-01
7.589730098531811686e-01
7.600945407713752822e-01
7.637724113367144740e-01
7.704100906989999054e-01
7.804132977096192025e-01
7.940679582414403859e-01
8.114381389973378544e-01
8.320938452359991633e-01
8.547700512645548532e-01
8.773000076929812208e-01
8.975406191198678219e-01
9.147011100694887320e-01
9.291166026879256190e-01
9.413884719385666733e-01
9.519281347251685732e-01
9.610335360918097480e-01
9.688820233122685810e-01
9.756447608430159901e-01
9.814315767778482025e-01
9.863700929704044551e-01
9.905428183714226620e-01
9.940507796550750452e-01
9.969595869904146479e-01
9.993517008586130235e-01
1.001280713860846383e+00
1.002813510084517912e+00
1.003994227406159512e+00
1.004867715990939825e+00
1.005480762621963287e+00
1.005863432522241085e+00
1.006060131598491836e+00
1.006094894088871206e+00
1.005998712534478257e+00
1.005794847781530388e+00
1.005499498500828093e+00
1.005139326681150802e+00
1.004726632983462986e+00
1.004274993604248545e+00
1.003801142450917672e+00
1.003312559776047275e+00
1.002819750908432672e+00
1.002332246161337759e+00
1.001853818821883735e+00
1.001390754688593621e+00
1.000949102099441657e+00
1.000530035341572255e+00
1.000135852754055588e+00
9.997708657192114767e-01
9.994352156285231104e-01
9.991283119960403525e-01
9.988518142022148050e-01
9.986067802657444537e-01
9.983914679627124977e-01
9.982041081883117339e-01
9.980447026067420513e-01
9.979126782593529255e-01
9.978064932316033087e-01
9.977240779664879877e-01
9.976641173549335440e-01
9.976257414962050873e-01
9.976078853520518042e-01
9.976093702993417134e-01
9.976285005155588470e-01
9.976635722420635899e-01
9.977133745284449962e-01
9.977767411573714718e-01
9.978524939058379672e-01
9.979394665224754490e-01
9.980365562043990169e-01
9.981427127018317469e-01
9.982569480562571984e-01
9.983782864395908119e-01
9.985057499186452690e-01
9.986383750715491781e-01
9.987752500577649073e-01
9.989155318253319926e-01
9.990584437023318776e-01
9.992032947562223821e-01
9.993494992092666340e-01
9.994965411742670058e-01
9.996439148733601288e-01
9.997911180889059723e-01
9.999376524700746005e-01
1.000083032777599801e+00
1.000226773648569489e+00
1.000368420167126349e+00
1.000507508931603118e+00
1.000643529502729834e+00
1.000776073424850310e+00
1.000904877227313250e+00
1.001029725243775648e+00
1.001150374274586641e+00
1.001266533511412815e+00
1.001377980777645726e+00
1.001484566541625210e+00
1.001586039382176940e+00
1.001682090557032057e+00
1.001772477976955678e+00
1.001856915132105730e+00
1.001935171336905794e+00
1.002007174958482683e+00
1.002072854574029170e+00
1.002132199819047331e+00
1.002185181192033703e+00
1.002231785098795402e+00
1.002272041282090909e+00
1.002306005009171885e+00
1.002333754953536049e+00
1.002355420633380678e+00
1.002371204987376530e+00
1.002381266464656751e+00
1.002385835363295730e+00
1.002385173389459760e+00
1.002379562393433954e+00
1.002369384061676305e+00
1.002355092694738659e+00
1.002337177737046225e+00
1.002316229939355319e+00
1.002292949961667290e+00
1.002268066884006048e+00
1.002242348691541052e+00
1.002216605450010567e+00
1.002191659580115024e+00
1.002168375482223039e+00
1.002147700182187018e+00
1.002130672900670705e+00
1.002118440840625846e+00
1.002112257130139517e+00
1.002113477977827571e+00
1.002123664082839039e+00
1.002144812305400867e+00
1.002179719413589520e+00
1.002232666618024348e+00
1.002310954753117267e+00
1.002428730252505673e+00
1.002617551349260561e+00
1.002963007441561638e+00
1.003779215814886605e+00
1.006864391604999520e+00
1.023734283004151813e+00
1.003382904775179885e+00
9.985121877099824017e-01
