1.411460522336977608e+00
1.411792280184629655e+00
1.415608891965242755e+00
1.419016217219174480e+00
1.426272508496234215e+00
1.433403126734633437e+00
1.444814864077774486e+00
1.456440273479773895e+00
1.472820736409047315e+00
1.489775095991130893e+00
1.511911299393526198e+00
1.534889583154381398e+00
1.563232540447075714e+00
1.592364706220816384e+00
1.626487130643144319e+00
1.660740972355322809e+00
1.698834760493441287e+00
1.735890170016317846e+00
1.775308451104441687e+00
1.812050117877705313e+00
1.843814947758725120e+00
1.856885632759409210e+00
1.852773371980657835e+00
1.824311772282381394e+00
1.777646634701646411e+00
1.711725676786531647e+00
1.634211758769270162e+00
1.548081664737942953e+00
1.459876483450038842e+00
1.374153289533151634e+00
1.295018634223153553e+00
1.224871026711420674e+00
1.165467988473256611e+00
1.115690694150825335e+00
1.075420683775237141e+00
1.042220700446801596e+00
1.014149853179466598e+00
9.902330516721820075e-01
9.689837560807772476e-01
9.501320882989463534e-01
9.328607852414435575e-01
9.164644402604023021e-01
9.012419250272082349e-01
8.869294385174941731e-01
8.737338363449622669e-01
8.614567073441957712e-01
8.497849705381171903e-01
8.389701728960510252e-01
8.288883704985782197e-01
8.196813381432679346e-01
8.112149330257161228e-01
8.033245083856430657e-01
7.960858461100048800e-01
7.893918729342757068e-01
7.833610667127203220e-01
7.779569808432862388e-01
7.732419190870960524e-01
7.691922160508271045e-01
7.657638275751398327e-01
7.630891660894052464e-01
7.612379155545014875e-01
7.604575601838782228e-01
7.609668719727713526e-01
7.631115780261108483e-01
7.672466259006494038e-01
7.738094258724832475e-01
7.832625355596045669e-01
7.960860035830054082e-01
8.127309221733589606e-01
8.334848870112708807e-01
8.583493958837432602e-01
8.867410594299965920e-01
9.174499121110195610e-01
9.486729296238504139e-01
9.786729996057165204e-01
1.006069678180707250e+00
1.030196224139121819e+00
1.050740850920012237e+00
1.067847705694488836e+00
1.081695957988910717e+00
1.092681574051077353e+00
1.101084288933076305e+00
1.107291551414578246e+00
1.111546520906457003e+00
1.114147275617882515e+00
1.115286118309737784e+00
1.115154532035954382e+00
1.113928618613742261e+00
1.111724742512313346e+00
1.108704236094634199e+00
1.104953400039086819e+00
1.100591216861030563e+00
1.095706176888507910e+00
1.090367547468897635e+00
1.084675977260256108e+00
1.078688624289517728e+00
1.072472768199036031e+00
1.066103551138414485e+00
1.059628754221070501e+00
1.053109906330478740e+00
1.046604841753886905e+00
1.040153737873687367e+00
1.033806167479207616e+00
1.027611541646511029e+00
1.021601895561748075e+00
1.015811917780616858e+00
1.010286338193854938e+00
1.005049694220608192e+00
1.000123120159776224e+00
9.955350681621021325e-01
9.913101952068459344e-01
9.874556716059642580e-01
9.839738890917647529e-01
9.808752029641603087e-01
9.781626612828089318e-01
9.758318616734864559e-01
9.738701389380738371e-01
9.722676899540427797e-01
9.710158799732433454e-01
9.701025893970982583e-01
9.695132961584074227e-01
9.692266399499370744e-01
9.692192723293593382e-01
9.694710573745018989e-01
9.699614570516142953e-01
9.706698654179800601e-01
9.715754528022585434e-01
9.726579541862929723e-01
9.738976478331654585e-01
9.752756865274546660e-01
9.767736447638569741e-01
9.783735007905250969e-01
9.800578573975436969e-01
9.818104163565860576e-01
9.836162467385050068e-01
9.854618161212462812e-01
9.873351879590096525e-01
9.892261721586418366e-01
9.911258930696855707e-01
9.930260685404045384e-01
9.949188777800175298e-01
9.967968808145080128e-01
9.986531182553500807e-01
1.000480912563435298e+00
1.002274185258232864e+00
1.004027061654774844e+00
1.005733439967252174e+00
1.007388582547868339e+00
1.008989508702600624e+00
1.010533928170419760e+00
1.012019430959446797e+00
1.013443194272254377e+00
1.014803169171700770e+00
1.016098122434159201e+00
1.017325778044565476e+00
1.018483272075947577e+00
1.019568488874251333e+00
1.020578872127400061e+00
1.021512508925591423e+00
1.022369226362954242e+00
1.023148841475092441e+00
1.023851856736296417e+00
1.024478534957127041e+00
1.025029292431684613e+00
1.025504972485831612e+00
1.025906664897026310e+00
1.026235691457580312e+00
1.026493875726278704e+00
1.026683811785785050e+00
1.026807583353474884e+00
1.026868030372984020e+00
1.026868304393186992e+00
1.026811765589375147e+00
1.026702838071608115e+00
1.026546728159839938e+00
1.026349034305301222e+00
1.026116455331736566e+00
1.025856887982915300e+00
1.025578554484194216e+00
1.025290115218851605e+00
1.025000696658984189e+00
1.024719569663167906e+00
1.024456467369210033e+00
1.024222018820203584e+00
1.024027844251257591e+00
1.023886713667610637e+00
1.023812509122981496e+00
1.023820180432470694e+00
1.023926836227782244e+00
1.024154255589882156e+00
1.024532850361855596e+00
1.025109152498896448e+00
1.025962658547481920e+00
1.027248143551540371e+00
1.029315213957203712e+00
1.033130203769869304e+00
1.042308751669265066e+00
1.072285979005638712e+00
1.213577858974962842e+00
1.025565593546436061e+00
1.003069623291561907e+00
