9.334372676239353073e-01
9.418279661531538949e-01
9.498353658861755644e-01
9.589802687592133834e-01
9.677297778817245399e-01
9.776469468955880648e-01
9.879328488646734741e-01
9.994149241388590177e-01
1.012050982207978844e+00
1.026286456013613346e+00
1.042380196979583173e+00
1.060680031257594136e+00
1.081487560153997940e+00
1.105074485673076312e+00
1.131637947446360482e+00
1.161269065242356069e+00
1.193912523475263221e+00
1.229326417987569586e+00
1.267043778459968628e+00
1.306340186662477088e+00
1.346211297315569322e+00
1.385363757893186998e+00
1.422223306779263785e+00
1.454971432584541091e+00
1.481635050115136298e+00
1.500250666416356848e+00
1.509084478816526520e+00
1.506851725261983077e+00
1.492890076293937218e+00
1.467258587010371595e+00
1.430747778415440763e+00
1.384818764611513542e+00
1.331486327917256851e+00
1.273164641505548200e+00
1.212491877493880210e+00
1.152129009342964361e+00
1.094559517855618225e+00
1.041891263554945102e+00
9.956668792914128430e-01
9.567334947240796472e-01
9.251845407177526903e-01
9.004403604579191978e-01
8.814479887131361213e-01
8.669070518779989909e-01
8.555074898968090258e-01
8.460852017214859355e-01
8.377203685335110617e-01
8.297810188425769340e-01
8.218751698398539807e-01
8.138094779252138533e-01
8.055256263989272192e-01
7.970741729969608169e-01
7.886094925642291864e-01
7.803626999889756721e-01
7.726421702354563381e-01
7.658048356122200140e-01
7.602479278979218380e-01
7.563850124141646702e-01
7.546379576946246059e-01
7.554358674023979869e-01
7.591792281414055932e-01
7.662095787457013918e-01
7.767288805250720518e-01
7.906969426546439639e-01
8.076949368989642108e-01
8.268423808432394662e-01
8.468661921252162994e-01
8.663841720322624784e-01
8.842951908384396598e-01
9.000482066089636746e-01
9.136407015016807520e-01
9.253920133138278104e-01
9.356780388413817873e-01
9.447730250370164340e-01
9.528319427327853752e-01
9.599429361264723015e-01
9.661806170440954133e-01
9.716242430833262889e-01
9.763557495859129798e-01
9.804512889459872094e-01
9.839800390822772691e-01
9.870039298353801005e-01
9.895800676179437039e-01
9.917599801942563742e-01
9.935907624443600650e-01
9.951139754796547443e-01
9.963671604342019261e-01
9.973848378915149970e-01
9.981980715147280581e-01
9.988360675771679187e-01
9.993240602494433134e-01
9.996846715302138975e-01
9.999373613611161060e-01
1.000099119562376293e+00
1.000186468727269684e+00
1.000212780538574320e+00
1.000189827125509634e+00
1.000128747451316524e+00
1.000038253217485851e+00
9.999263750477949131e-01
9.998001674891051627e-01
9.996646467389442847e-01
9.995247511266922569e-01
9.993849563888701493e-01
9.992478042043794195e-01
9.991157681470130836e-01
9.989918245212069392e-01
9.988772445281222101e-01
9.987726050372928155e-01
9.986793599837013868e-01
9.985986670405161414e-01
9.985301995303239586e-01
9.984734356799854771e-01
9.984286947368349319e-01
9.983960756000834769e-01
9.983750387493673939e-01
9.983647089065212921e-01
9.983645812965805666e-01
9.983744109210931361e-01
9.983938407968276918e-01
9.984223889907386518e-01
9.984592613116854976e-01
9.985036347790980926e-01
9.985549504057137371e-01
9.986126782165763993e-01
9.986762632038485021e-01
9.987451431456202400e-01
9.988187806291126680e-01
9.988966596053391322e-01
9.989782902374036988e-01
9.990631804295525553e-01
9.991508271316360545e-01
9.992407273627894604e-01
9.993324015225378831e-01
9.994254047897945803e-01
9.995193266117252673e-01
9.996138030714053491e-01
9.997085291744595148e-01
9.998032377829046968e-01
9.998976634314660217e-01
9.999915382120644347e-01
1.000084592519947746e+00
1.000176560917088731e+00
1.000267174688348026e+00
1.000356180519442528e+00
1.000443316851535425e+00
1.000528290815669630e+00
1.000610870011862108e+00
1.000690909779961224e+00
1.000768293460497338e+00
1.000842885569114049e+00
1.000914519686929571e+00
1.000983070462189373e+00
1.001048456249123308e+00
1.001110531263540881e+00
1.001169113019431345e+00
1.001224059206894612e+00
1.001275199349661582e+00
1.001322396957492478e+00
1.001365613743959493e+00
1.001404811365685044e+00
1.001439988906818623e+00
1.001471133295518623e+00
1.001498241042650728e+00
1.001521335414438552e+00
1.001540455420063092e+00
1.001555654531103734e+00
1.001567017841738405e+00
1.001574676116844476e+00
1.001578732456179122e+00
1.001579334699176371e+00
1.001576650338091179e+00
1.001570859516641265e+00
1.001562204729261607e+00
1.001550973903753361e+00
1.001537477064339932e+00
1.001522087617478851e+00
1.001505247764185036e+00
1.001487417722491946e+00
1.001469082309244252e+00
1.001450753011759121e+00
1.001432949571235520e+00
1.001416218637797506e+00
1.001401159388332074e+00
1.001388429870506025e+00
1.001378757397497266e+00
1.001372938092553566e+00
1.001371836415465788e+00
1.001376450584866573e+00
1.001388060847840489e+00
1.001408463194280785e+00
1.001440409593991498e+00
1.001488593750118117e+00
1.001562104815598930e+00
1.001681205510624562e+00
1.001900826596438643e+00
1.002422643119145640e+00
1.004405821581642488e+00
1.015557018838554315e+00
1.002574343571930759e+00
9.984406621408601357e-01
