1.000000000000000000e+00
9.999634935462252683e-01
9.998371888507380234e-01
9.996135624344352211e-01
9.993161441367119924e-01
9.990133532338315581e-01
9.988377995003498988e-01
9.990115989132636320e-01
9.998760627565173031e-01
1.001922947414686682e+00
1.005820504821386185e+00
1.012433807206834402e+00
1.022834406357024051e+00
1.038300305841217686e+00
1.060305555966302160e+00
1.090397170527667381e+00
1.129984158796148330e+00
1.179446610645577431e+00
1.236925921347294954e+00
1.297641876254015614e+00
1.355505006354980280e+00
1.408409352776046619e+00
1.484214502691178605e+00
1.641612644990749548e+00
1.717562736539604673e+00
1.721327840899848693e+00
1.682290384690658724e+00
1.615132282720074253e+00
1.531057841697429200e+00
1.442404059188407972e+00
1.355633345672948131e+00
1.275896326438925588e+00
1.206479573038717001e+00
1.148019953574873186e+00
1.100897096690709676e+00
1.062237734883366480e+00
1.029719882973951339e+00
1.002128976558687157e+00
9.780411532496748883e-01
9.569016700844358292e-01
9.378598782271636569e-01
9.202321324869318087e-01
9.040552544687555647e-01
8.890738433557934250e-01
8.753045947615648581e-01
8.625306803726797700e-01
8.504842227171450775e-01
8.392581026102178265e-01
8.287410934450326616e-01
8.189730710727931573e-01
8.098355119482086861e-01
8.012029300420080435e-01
7.931178287196138932e-01
7.855474312819337168e-01
7.786282495542254933e-01
7.724503464408531972e-01
7.672073432048295283e-01
7.630881699815054153e-01
7.603161982769351956e-01
7.592512817997747465e-01
7.602387213834339574e-01
7.637181888607494917e-01
7.700929125367198536e-01
7.797760733328987781e-01
7.930744411028746166e-01
8.101002468690005065e-01
8.305172144718139249e-01
8.532009562609779163e-01
8.760755775081244812e-01
8.968581767645666947e-01
9.145089640471858461e-01
9.292705046071084718e-01
9.417760917979794977e-01
9.524807385168738705e-01
9.617084625108222040e-01
9.696488728609049534e-01
9.764806184529103428e-01
9.823173243508014352e-01
9.872902560673630923e-01
9.914837800258329281e-01
9.950013098624208574e-01
9.979096140727168329e-01
1.000292953000871288e+00
1.002205763978116781e+00
1.003716342416321128e+00
1.004869500061472243e+00
1.005710877218552346e+00
1.006288217579836886e+00
1.006632004701064398e+00
1.006787689111381168e+00
1.006779653534541685e+00
1.006639575993875324e+00
1.006391170663707646e+00
1.006050870439053835e+00
1.005646038746187187e+00
1.005189158393327453e+00
1.004694078298193904e+00
1.004177971843954520e+00
1.003648417028304651e+00
1.003116167955682814e+00
1.002590990019365025e+00
1.002076674156391123e+00
1.001579645768182925e+00
1.001106099616605016e+00
1.000657164084128414e+00
1.000235149267316048e+00
9.998444741659983093e-01
9.994852180320066282e-01
9.991567026984871092e-01
9.988606024849997489e-01
9.985979699414582189e-01
9.983669400744561440e-01
9.981656229001926173e-01
9.979939795758850929e-01
9.978513746677353247e-01
9.977361639385098346e-01
9.976461545409023302e-01
9.975799432916796494e-01
9.975365938813435251e-01
9.975149682242165916e-01
9.975138114260366784e-01
9.975313302240514934e-01
9.975657246070718243e-01
9.976157106138910935e-01
9.976800524163023098e-01
9.977575029933878348e-01
9.978468290939318530e-01
9.979468649173703909e-01
9.980565006697120767e-01
9.981746926647896423e-01
9.983004108867576942e-01
9.984326240693419674e-01
9.985703169909543320e-01
9.987125291234120184e-01
9.988583725398261226e-01
9.990070293427161241e-01
9.991577718169697420e-01
9.993099826385404283e-01
9.994631180043137553e-01
9.996166451807750875e-01
9.997700356291406854e-01
9.999227652899703722e-01
1.000074324198581888e+00
1.000224202639613535e+00
1.000371923022255416e+00
1.000516999219148273e+00
1.000658896313380231e+00
1.000797186085732537e+00
1.000931591844272717e+00
1.001061886978414472e+00
1.001187816326454927e+00
1.001309075218164146e+00
1.001425430743267952e+00
1.001536725913141357e+00
1.001642697552054484e+00
1.001743022795759774e+00
1.001837448418159360e+00
1.001925674941381850e+00
1.002007461201812388e+00
1.002082732013888755e+00
1.002151412453467838e+00
1.002213491321398919e+00
1.002268937482545308e+00
1.002317736415795135e+00
1.002359918818197304e+00
1.002395542018856833e+00
1.002424687764520428e+00
1.002447490833517474e+00
1.002464162576759188e+00
1.002474867935415181e+00
1.002479846778993045e+00
1.002479371723109525e+00
1.002473736379859925e+00
1.002463338471131449e+00
1.002448651434366900e+00
1.002430185341371960e+00
1.002408555900099696e+00
1.002384493423764678e+00
1.002358757838833991e+00
1.002332149615050350e+00
1.002305513068881826e+00
1.002279705349597538e+00
1.002255627318199949e+00
1.002234265912294697e+00
1.002216704088456423e+00
1.002204137231517356e+00
1.002197870925173540e+00
1.002199317856088623e+00
1.002210103366418581e+00
1.002232306705352460e+00
1.002268839728784666e+00
1.002324159529981218e+00
1.002405866767271725e+00
1.002528689240687276e+00
1.002725482912791621e+00
1.003085356270833506e+00
1.003935314377807808e+00
1.007146683566394474e+00
1.024666360002447263e+00
1.003478983452320561e+00
9.985161045208365005e-01
