1.000000000000000000e+00
9.999954786306860521e-01
9.999800359490733648e-01
9.999537129902252852e-01
9.999212377016740705e-01
9.998935295475419593e-01
9.998896785877320337e-01
9.999395468881684401e-01
1.000087118512453577e+00
1.000394775480662135e+00
1.000948387495268710e+00
1.001863263524780612e+00
1.003290121121477529e+00
1.005420161962170100e+00
1.008488534558567240e+00
1.012770164687319951e+00
1.018576447722555178e+00
1.026223944226050344e+00
1.036006876852335390e+00
1.048160507636922256e+00
1.062774111075051930e+00
1.079795852862656114e+00
1.098899423216505911e+00
1.119538315738751511e+00
1.141118531625787025e+00
1.162858619191943887e+00
1.184067667679219227e+00
1.203554885491609827e+00
1.219380072544717475e+00
1.229643904166374258e+00
1.232684866044436722e+00
1.228130421157046737e+00
1.216574082921743294e+00
1.199029246846710084e+00
1.176895915034551043e+00
1.151331996291897308e+00
1.123378680497263415e+00
1.094073913017852284e+00
1.064174616551468944e+00
1.034445017098293285e+00
1.005390378096608250e+00
9.774088675457478503e-01
9.510295866909417306e-01
9.266043465729940642e-01
9.045220739083120742e-01
8.850268685415664249e-01
8.682896897746668063e-01
8.545341295848982721e-01
8.438397949045678414e-01
8.362575573417169172e-01
8.317161091254260397e-01
8.300679176695920924e-01
8.311354009346892946e-01
8.346386965578093120e-01
8.402597754301976973e-01
8.475917969896710202e-01
8.561958946859871133e-01
8.656095491510980011e-01
8.753928416257191758e-01
8.852081172088125394e-01
8.947822909560191329e-01
9.039535754789594924e-01
9.126078228856824293e-01
9.206967351820088963e-01
9.281945764172019331e-01
9.351062704144221804e-01
9.414465777245478728e-01
9.472413788971131288e-01
9.525214749898015532e-01
9.573191162472465265e-01
9.616697765647573837e-01
9.656059206497193959e-01
9.691622976867386718e-01
9.723689320512908241e-01
9.752575893298508491e-01
9.778549432181704582e-01
9.801888693621070292e-01
9.822824583321476677e-01
9.841596834588945963e-01
9.858402447662493184e-01
9.873443317385193208e-01
9.886885147311704758e-01
9.898896686158626945e-01
9.909616121865550964e-01
9.919182705031475145e-01
9.927710845839405884e-01
9.935307869813020387e-01
9.942075371715726195e-01
9.948096378574634580e-01
9.953458238475727526e-01
9.958228268671835970e-01
9.962473814848417097e-01
9.966252229757753822e-01
9.969611840290256710e-01
9.972604635633124381e-01
9.975269218015138106e-01
9.977642127399536376e-01
9.979759393469062045e-01
9.981648234395708030e-01
9.983335800594193010e-01
9.984846617910887456e-01
9.986199543199778539e-01
9.987413590743371428e-01
9.988506200396212176e-01
9.989490260353242057e-01
9.990378296264511571e-01
9.991183162703414222e-01
9.991913999655834822e-01
9.992578641625807778e-01
9.993185680475988875e-01
9.993742629585100623e-01
9.994254535069311274e-01
9.994725880589251377e-01
9.995161824150429197e-01
9.995566688291070978e-01
9.995943743876909426e-01
9.996295540587915029e-01
9.996624785197449903e-01
9.996934166200865945e-01
9.997225959316146104e-01
9.997502106494319252e-01
9.997763973185918029e-01
9.998012703849051830e-01
9.998249569541366455e-01
9.998475690095768309e-01
9.998692012337032642e-01
9.998899339980364953e-01
9.999098380390554208e-01
9.999289749236323077e-01
9.999473987729944335e-01
9.999651539523941590e-01
9.999822750371494262e-01
9.999987887328710690e-01
1.000014717077693183e+00
1.000030079277971051e+00
1.000044892195463886e+00
1.000059172219909476e+00
1.000072937101668114e+00
1.000086204128509015e+00
1.000098986631143605e+00
1.000111293961545744e+00
1.000123131888642103e+00
1.000134503554443777e+00
1.000145408911726985e+00
1.000155847039255752e+00
1.000165813823663097e+00
1.000175299634812331e+00
1.000184299443528158e+00
1.000192815901272958e+00
1.000200853080268626e+00
1.000208411630004957e+00
1.000215487585032204e+00
1.000222080243562184e+00
1.000228192572204966e+00
1.000233819685031333e+00
1.000238951907317819e+00
1.000243583143461734e+00
1.000247703553525547e+00
1.000251306329158041e+00
1.000254394678378400e+00
1.000256971287817764e+00
1.000259042455640790e+00
1.000260612786917802e+00
1.000261687589973469e+00
1.000262274763276116e+00
1.000262383651096210e+00
1.000262024945562489e+00
1.000261212566355695e+00
1.000259965214080449e+00
1.000258298506180310e+00
1.000256232807744228e+00
1.000253790556824063e+00
1.000250995543550125e+00
1.000247878288197834e+00
1.000244474253241922e+00
1.000240821369300814e+00
1.000236964514145788e+00
1.000232956138792373e+00
1.000228850860882313e+00
1.000224706240044892e+00
1.000220583084425074e+00
1.000216543581885498e+00
1.000212653458403933e+00
1.000208984947091650e+00
1.000205617783560541e+00
1.000202640793986575e+00
1.000200152572283008e+00
1.000198262585500375e+00
1.000197100117687032e+00
1.000196833508931071e+00
1.000197701285860497e+00
1.000200071156117421e+00
1.000204570648159930e+00
1.000212409283606219e+00
1.000226268632738780e+00
1.000253384416965430e+00
1.000320259577383020e+00
1.000579322858771381e+00
1.002134643106536327e+00
1.000491685480865200e+00
9.995674816707391663e-01
