1.000000000000000000e+00
9.999825120936216560e-01
9.999221901089668796e-01
9.998166596272168860e-01
9.996794072786421292e-01
9.995457855892870835e-01
9.994814048789480987e-01
9.995936505073532707e-01
1.000046619831079786e+00
1.001079472824551120e+00
1.003025990081761520e+00
1.006333796498081190e+00
1.011577847645823036e+00
1.019464740923802015e+00
1.030827887027259138e+00
1.046585548154160827e+00
1.067703875061120966e+00
1.094995235094351926e+00
1.128888479714491133e+00
1.169107998865564824e+00
1.214173415643860388e+00
1.261937046623659464e+00
1.310261812118742819e+00
1.359282533050354180e+00
1.413536626548780539e+00
1.469295352747967298e+00
1.508030343477603230e+00
1.520411403526658045e+00
1.507835272421756079e+00
1.476191232935319286e+00
1.431139635322794756e+00
1.377679332122037303e+00
1.319809438102893306e+00
1.260335558036886683e+00
1.202160231930406109e+00
1.146838757126981800e+00
1.095503477057913511e+00
1.049488875293589363e+00
1.009059255655113896e+00
9.745970125406159257e-01
9.453729324560896652e-01
9.204663086920762405e-01
8.993976755820466407e-01
8.813215183634487415e-01
8.656660496960767448e-01
8.517543460601810779e-01
8.389942462513901855e-01
8.271751199767569673e-01
8.160349996446598642e-01
8.055236160540396595e-01
7.955642529763362614e-01
7.861629570928845290e-01
7.775258887526513840e-01
7.698650828289405057e-01
7.635516861927252874e-01
7.589346236551752778e-01
7.564170229851928662e-01
7.563626130562933758e-01
7.590984105615447008e-01
7.649551164924950353e-01
7.741303688253481363e-01
7.866809545033222051e-01
8.023096176831406856e-01
8.202352933718632944e-01
8.391142716632005172e-01
8.574602217723072961e-01
8.742907676647295734e-01
8.893291769242640532e-01
9.026883658773641184e-01
9.145591443454016423e-01
9.251229992899004939e-01
9.345151990098934380e-01
9.428646018476254387e-01
9.502668374607876611e-01
9.568244338869950072e-01
9.626130066480816927e-01
9.677175087863089109e-01
9.722000357775837376e-01
9.761318772895544171e-01
9.795648158243452919e-01
9.825578548046545180e-01
9.851539894672285413e-01
9.874021183376120447e-01
9.893378718889782597e-01
9.910011908982518936e-01
9.924214558599532277e-01
9.936272501967934323e-01
9.946468890119557482e-01
9.955009040409583676e-01
9.962147547592329344e-01
9.968048324289633388e-01
9.972896027486022330e-01
9.976837476612281375e-01
9.979985330872909177e-01
9.982488448653622504e-01
9.984433691533372013e-01
9.985908790339083074e-01
9.987009998354451357e-01
9.987793765239336707e-01
9.988325440624641338e-01
9.988663841856707526e-01
9.988843055312315311e-01
9.988904903700513982e-01
9.988888424374553487e-01
9.988812248639326041e-01
9.988697978322346183e-01
9.988573676170672266e-01
9.988450296590826172e-01
9.988335058369420816e-01
9.988242911999527518e-01
9.988185715031836498e-01
9.988163976703370306e-01
9.988177511125717611e-01
9.988232303055539774e-01
9.988331642096979213e-01
9.988474688712430938e-01
9.988658196943724921e-01
9.988881400606743899e-01
9.989144867661359228e-01
9.989448107789969944e-01
9.989789909417022828e-01
9.990166840596507170e-01
9.990575194540186610e-01
9.991012898432243272e-01
9.991477838938378486e-01
9.991967664734409116e-01
9.992479892217422943e-01
9.993012113761039483e-01
9.993561969471828066e-01
9.994127195923431239e-01
9.994705447729299586e-01
9.995294253788181704e-01
9.995891089267030516e-01
9.996493524329975733e-01
9.997099297368160498e-01
9.997706313577046089e-01
9.998312725432836334e-01
9.998917013081244365e-01
9.999517857259677678e-01
1.000011391853041998e+00
1.000070381742322212e+00
1.000128614012275152e+00
1.000185947772096462e+00
1.000242237985670579e+00
1.000297347434651929e+00
1.000351132267024878e+00
1.000403427627304609e+00
1.000454104576120828e+00
1.000503086783104623e+00
1.000550313871235275e+00
1.000595712969295725e+00
1.000639191232444825e+00
1.000680680281466728e+00
1.000720137939416832e+00
1.000757481863137732e+00
1.000792606612316948e+00
1.000825431048410818e+00
1.000855856091881879e+00
1.000883803080591328e+00
1.000909253324989034e+00
1.000932187594989919e+00
1.000952609446868591e+00
1.000970514669402123e+00
1.000985904734688958e+00
1.000998797349893721e+00
1.001009219714054987e+00
1.001017207764110184e+00
1.001022816721047315e+00
1.001026129779592377e+00
1.001027213049106468e+00
1.001026160092782336e+00
1.001023076498789965e+00
1.001018075606341817e+00
1.001011309039116615e+00
1.001002956330456772e+00
1.000993210622980634e+00
1.000982304034223169e+00
1.000970511003440366e+00
1.000958117166081962e+00
1.000945423448492910e+00
1.000932747393972866e+00
1.000920411935827037e+00
1.000908756947884726e+00
1.000898155104821940e+00
1.000889015985007680e+00
1.000881792769993339e+00
1.000876982460223275e+00
1.000875126366306045e+00
1.000876851528893052e+00
1.000882963891530197e+00
1.000894595707094714e+00
1.000913483445539320e+00
1.000942589109536929e+00
1.000987644889600681e+00
1.001061420727910489e+00
1.001198518835768603e+00
1.001525977804939016e+00
1.002773974486754538e+00
1.009890802319115988e+00
1.001755517136176721e+00
9.988172974934897974e-01
