9.908430509045912382e-01
9.912415084801707854e-01
9.905109541864682843e-01
9.914129192686380598e-01
9.909295596550159457e-01
9.918090640061054675e-01
9.923211976492257724e-01
9.937506870577859086e-01
9.957205628149047305e-01
9.987541787039845298e-01
1.003028349953472453e+00
1.008914988432374260e+00
1.016757009468549633e+00
1.026933729050739208e+00
1.039815708503027736e+00
1.055746456168515257e+00
1.075006532020171379e+00
1.097773591434638263e+00
1.124076562796326284e+00
1.153747964621597566e+00
1.186378455762700179e+00
1.221278584811677170e+00
1.257451602858408846e+00
1.293581114609538618e+00
1.328039982860243384e+00
1.358940525797273979e+00
1.384263083597275568e+00
1.402073557613029875e+00
1.410783738951727262e+00
1.409376352210884642e+00
1.397531095064197704e+00
1.375640153544767985e+00
1.344726173867371921e+00
1.306299831108289178e+00
1.262196298507727077e+00
1.214401759987984830e+00
1.164901888724351853e+00
1.115550889975616800e+00
1.067952510366831920e+00
1.023375808905286455e+00
9.826890991956702681e-01
9.463530482476751882e-01
9.144649861430477200e-01
8.868127007289769992e-01
8.629745950603234794e-01
8.424122606997017648e-01
8.245807702574138309e-01
8.090279686936000525e-01
7.954167135800159771e-01
7.835443633288103893e-01
7.733193307919095094e-01
7.647578826734253710e-01
7.579841656602275268e-01
7.531932565550987224e-01
7.506373813528148808e-01
7.505792450623113288e-01
7.532666762150130868e-01
7.588879008827055239e-01
7.675275287811735847e-01
7.791133781433589034e-01
7.933223348480140658e-01
8.095284880138636785e-01
8.268201850303622535e-01
8.441714586134583254e-01
8.606992720752009163e-01
8.758714525382379490e-01
8.895302446996700141e-01
9.017594808312624499e-01
9.127216680937977333e-01
9.225632388173622411e-01
9.313963640288219770e-01
9.393114900945744861e-01
9.463907392069416114e-01
9.527104911404910004e-01
9.583424704898096946e-01
9.633521864054217509e-01
9.678004612097796944e-01
9.717425418815751614e-01
9.752297468622332932e-01
9.783084134365090945e-01
9.810214127445511245e-01
9.834072274724158236e-01
9.855014700178889031e-01
9.873359069350398087e-01
9.889397434844382495e-01
9.903385054353375239e-01
9.915553044028040386e-01
9.926114457737886809e-01
9.935257101446499650e-01
9.943160015198677648e-01
9.949974470084638201e-01
9.955839328663573795e-01
9.960874293131144475e-01
9.965182705429265209e-01
9.968868896165463678e-01
9.972014475651778120e-01
9.974692838158478736e-01
9.976975739507937257e-01
9.978917902753932090e-01
9.980571848525152667e-01
9.981984951087679026e-01
9.983191757633810282e-01
9.984227241027840982e-01
9.985123658059336105e-01
9.985902036801259651e-01
9.986583135091648966e-01
9.987189970563465913e-01
9.987736099435355897e-01
9.988231747379674452e-01
9.988690773016654090e-01
9.989124919946751335e-01
9.989538912598368015e-01
9.989936445757867656e-01
9.990324403205392834e-01
9.990707987303577564e-01
9.991089513053759141e-01
9.991469588691849202e-01
9.991850037579554922e-01
9.992233331698943122e-01
9.992621145749862599e-01
9.993014479653891113e-01
9.993412835926080984e-01
9.993815394711274003e-01
9.994222192151501760e-01
9.994633148398990308e-01
9.995047921881515807e-01
9.995465988906285792e-01
9.995886780719611675e-01
9.996309677265092786e-01
9.996734041571733176e-01
9.997159117436522635e-01
9.997584007014310714e-01
9.998007721344448484e-01
9.998429277861645703e-01
9.998847750920004662e-01
9.999262275666218613e-01
9.999672101922030265e-01
1.000007664756465520e+00
1.000047542271987444e+00
1.000086789528666698e+00
1.000125348053071406e+00
1.000163154737674809e+00
1.000200144488033738e+00
1.000236247595017058e+00
1.000271397317786137e+00
1.000305521052015312e+00
1.000338531589685553e+00
1.000370362721404005e+00
1.000400979855808670e+00
1.000430357266184123e+00
1.000458460372142699e+00
1.000485241190128383e+00
1.000510666168874740e+00
1.000534717356254211e+00
1.000557351027633324e+00
1.000578508379722509e+00
1.000598145203518419e+00
1.000616205602338438e+00
1.000632646003345894e+00
1.000647459941710560e+00
1.000660640307647009e+00
1.000672193918375363e+00
1.000682122473182778e+00
1.000690430986999058e+00
1.000697134432432023e+00
1.000702253553431342e+00
1.000705814420628670e+00
1.000707855063146301e+00
1.000708430924998060e+00
1.000707586696449436e+00
1.000705384202174475e+00
1.000701892777480007e+00
1.000697186614038614e+00
1.000691363898548403e+00
1.000684540344304319e+00
1.000676840262196610e+00
1.000668412471031887e+00
1.000659432426274531e+00
1.000650082767260418e+00
1.000640555925511599e+00
1.000631055016371729e+00
1.000621786890078413e+00
1.000612969476710301e+00
1.000604841877984930e+00
1.000597667167576255e+00
1.000591736930588116e+00
1.000587371928551184e+00
1.000584923250895208e+00
1.000584799651720980e+00
1.000587528315235897e+00
1.000593851562323389e+00
1.000604909420117261e+00
1.000622646757109102e+00
1.000650823319327198e+00
1.000697804251425405e+00
1.000786231199441101e+00
1.000999184591635283e+00
1.001814646469114889e+00
1.006556219698490962e+00
1.001295825432511499e+00
9.990070865162112845e-01
