9.857739067156943147e-01
9.865759321341973642e-01
9.866158326077600904e-01
9.878334609324882498e-01
9.881654969573494540e-01
9.895684250424988671e-01
9.909013973845710588e-01
9.931330798182773645e-01
9.960919974175778124e-01
1.000245530208146327e+00
1.005831351688867947e+00
1.013230149828912463e+00
1.022804654752773601e+00
1.034937910074170020e+00
1.049992680742292128e+00
1.068287474359324696e+00
1.090058539076498079e+00
1.115417826881714758e+00
1.144306670074155319e+00
1.176449319345782341e+00
1.211310742207931668e+00
1.248063569805694328e+00
1.285567779761272789e+00
1.322367152714996053e+00
1.356711332206903320e+00
1.386627795580399169e+00
1.410077927700310596e+00
1.425190162194987398e+00
1.430511485618754852e+00
1.425206213596479143e+00
1.409152033535519655e+00
1.382932840915306105e+00
1.347746148436324676e+00
1.305260235332764696e+00
1.257455055227590934e+00
1.206453122872658490e+00
1.154368704468242024e+00
1.103171447045089737e+00
1.054555132583969712e+00
1.009835914593054662e+00
9.698674546658228035e-01
9.350222285549996126e-01
9.052380340638046530e-01
8.800900251650632944e-01
8.589221234339804445e-01
8.409727876720328732e-01
8.255101086246871001e-01
8.119431606269340573e-01
7.998440162514200980e-01
7.889602716333101728e-01
7.791828924678680934e-01
7.705348542912401344e-01
7.631657942584257892e-01
7.573124512583966350e-01
7.532832578800312540e-01
7.514109951032724721e-01
7.520283893576849010e-01
7.554277830074159761e-01
7.618277261906659659e-01
7.713326002748703836e-01
7.838408299702699367e-01
7.989626394881935711e-01
8.159555264449432910e-01
8.337923592461704558e-01
8.513791056463901885e-01
8.678525132936352193e-01
8.827670333511333789e-01
8.960679263919407722e-01
9.079144934258324140e-01
9.185048324297246936e-01
9.279943070326331922e-01
9.364923296522977836e-01
9.440869174913190109e-01
9.508584302183094028e-01
9.568838053975032842e-01
9.622341478174482043e-01
9.669754865523524368e-01
9.711678094706297504e-01
9.748668315523318917e-01
9.781229829258020203e-01
9.809829323421179748e-01
9.834886707844022746e-01
9.856790421256318435e-01
9.875887682730650763e-01
9.892497213608542062e-01
9.906898075124986880e-01
9.919342755512576826e-01
9.930063875779927551e-01
9.939267366444101137e-01
9.947148897984207094e-01
9.953874480376532219e-01
9.959595710341155872e-01
9.964443139553419426e-01
9.968529735576249218e-01
9.971968912047556310e-01
9.974849745275998769e-01
9.977251954281982638e-01
9.979253245307039277e-01
9.980912934523268332e-01
9.982287632812264500e-01
9.983428275348745773e-01
9.984371636377371573e-01
9.985154948707899436e-01
9.985812548822519119e-01
9.986366179833744416e-01
9.986837364400836803e-01
9.987250402284004736e-01
9.987618906445419054e-01
9.987952694118570340e-01
9.988265993248313102e-01
9.988570758459369703e-01
9.988870836435528311e-01
9.989168960242427175e-01
9.989471757681658293e-01
9.989784045160750026e-01
9.990107305714768238e-01
9.990441100709601674e-01
9.990786526772313936e-01
9.991145556279970030e-01
9.991519305129383799e-01
9.991908148560468828e-01
9.992310750352972892e-01
9.992725452031785416e-01
9.993151672134080732e-01
9.993588751217423738e-01
9.994035765418055606e-01
9.994491618158702906e-01
9.994955200028697861e-01
9.995425378500599756e-01
9.995901035077990882e-01
9.996380940339922860e-01
9.996863724120008676e-01
9.997347933514805218e-01
9.997832147246553669e-01
9.998315034082978503e-01
9.998795355658411932e-01
9.999272029140018336e-01
9.999744189398742655e-01
1.000021109681996423e+00
1.000067197506328220e+00
1.000112599721081352e+00
1.000157229224241329e+00
1.000200997562717964e+00
1.000243811708029895e+00
1.000285583028346581e+00
1.000326216645298860e+00
1.000365600922947573e+00
1.000403649987155807e+00
1.000440316382926520e+00
1.000475563792813105e+00
1.000509345771847913e+00
1.000541600266782405e+00
1.000572282878410046e+00
1.000601368217319376e+00
1.000628800373770222e+00
1.000654505676385808e+00
1.000678428164529121e+00
1.000700498130854044e+00
1.000720660822150609e+00
1.000738906068838752e+00
1.000755223100897817e+00
1.000769617950616253e+00
1.000782090654688261e+00
1.000792645326128216e+00
1.000801298088327185e+00
1.000808072052578268e+00
1.000812996772713515e+00
1.000816116168981251e+00
1.000817495042717997e+00
1.000817185363606976e+00
1.000815259624591835e+00
1.000811799318777284e+00
1.000806891752808347e+00
1.000800652936101987e+00
1.000793219830609981e+00
1.000784739655040667e+00
1.000775388909252328e+00
1.000765375906778942e+00
1.000754917480686901e+00
1.000744242082075353e+00
1.000733590819079311e+00
1.000723209104851463e+00
1.000713355395356219e+00
1.000704313193167438e+00
1.000696394293640434e+00
1.000689944059651726e+00
1.000685341975002807e+00
1.000683002636485019e+00
1.000683407827126059e+00
1.000687178126358656e+00
1.000695186624671162e+00
1.000708773493149906e+00
1.000730224930913126e+00
1.000763962293663267e+00
1.000819827390909023e+00
1.000924469312498122e+00
1.001175693103880215e+00
1.002136161749626497e+00
1.007686224713538747e+00
1.001469979964876300e+00
9.989135649045289833e-01
