1.000000000000000000e+00
9.999808210981083745e-01
9.999146384388085673e-01
9.997986924369467454e-01
9.996474931358747540e-01
9.994994748027654641e-01
9.994263186056355774e-01
9.995457304325559011e-01
1.000037906218294692e+00
1.001165524081076841e+00
1.003294625228095205e+00
1.006914638011719543e+00
1.012651739215919555e+00
1.021272249064211435e+00
1.033676595463577819e+00
1.050851962960515085e+00
1.073829108143603328e+00
1.103447209816072583e+00
1.140076049260565272e+00
1.183233705148710957e+00
1.231050330337537746e+00
1.281046259193075132e+00
1.331171013401510894e+00
1.382781799821620528e+00
1.442449680902056608e+00
1.500878058652178160e+00
1.535800332303630222e+00
1.541419242114688615e+00
1.521347261634252046e+00
1.482650820983296924e+00
1.431434485314238225e+00
1.372853204140673355e+00
1.310963212156683877e+00
1.248549514658877424e+00
1.188600506331281448e+00
1.132599815229651252e+00
1.081598399946378741e+00
1.036855602284376898e+00
9.983827156277474968e-01
9.662406480533226594e-01
9.393786828203274375e-01
9.166567699854185625e-01
8.974698747022904488e-01
8.809439095442133105e-01
8.665249197420684668e-01
8.535809528444308070e-01
8.415620999711972416e-01
8.302983105381592788e-01
8.195544586723675362e-01
8.092974572767027697e-01
7.994514318592423896e-01
7.900106677595163385e-01
7.811683388675056960e-01
7.731177247028888644e-01
7.662211454829240820e-01
7.608213383274380348e-01
7.573275704374758943e-01
7.561159202825752379e-01
7.575373793889064178e-01
7.619682889381016455e-01
7.696790012028946748e-01
7.808526390683809826e-01
7.953914483874680030e-01
8.127819926931612038e-01
8.318858467848434524e-01
8.511113022747919254e-01
8.690728571757959653e-01
8.851614053400355120e-01
8.993919067579829729e-01
9.119762130244237763e-01
9.231345051239454591e-01
9.330282326807063376e-01
9.418042745960590878e-01
9.495688020403516560e-01
9.564339596990151238e-01
9.624811533454360468e-01
9.678020749696739644e-01
9.724628200656747490e-01
9.765400084167177308e-01
9.800885404946005908e-01
9.831717157108763594e-01
9.858350524883591204e-01
9.881309920600508390e-01
9.900972527766344067e-01
9.917766565517437405e-01
9.932003190337733711e-01
9.943986589091395878e-01
9.954019828548327231e-01
9.962319712770948410e-01
9.969160354708324068e-01
9.974714736648321312e-01
9.979180600695959358e-01
9.982714047238469002e-01
9.985433553212010871e-01
9.987499539793612824e-01
9.989003072788003035e-01
9.990036954281489301e-01
9.990704333003538329e-01
9.991063857349196109e-01
9.991184805071817721e-01
9.991129538665997067e-01
9.990932804916403676e-01
9.990638510167288988e-01
9.990287750510645770e-01
9.989898774295234984e-01
9.989493473922036459e-01
9.989101325804734532e-01
9.988732606854728857e-01
9.988393548700912339e-01
9.988099342061873553e-01
9.987861828607202952e-01
9.987680105622012139e-01
9.987552610483261262e-01
9.987484909621253681e-01
9.987479616464692844e-01
9.987534751152262746e-01
9.987645688287593027e-01
9.987810701278186931e-01
9.988029653936291163e-01
9.988301275330101481e-01
9.988623536683520765e-01
9.988991942269113133e-01
9.989401735506465707e-01
9.989850063956018378e-01
9.990334072342599292e-01
9.990850674444835544e-01
9.991396669877306014e-01
9.991968977702248011e-01
9.992564601523441503e-01
9.993180682293139050e-01
9.993814293184645203e-01
9.994462387722141683e-01
9.995121879618282801e-01
9.995789809974678919e-01
9.996463428819220010e-01
9.997140191941220611e-01
9.997817850904777703e-01
9.998494543060559847e-01
9.999168645932950961e-01
9.999838525288005098e-01
1.000050251158664194e+00
1.000115890554728049e+00
1.000180602191480084e+00
1.000244213603818322e+00
1.000306561907860825e+00
1.000367477320760923e+00
1.000426766781650878e+00
1.000484278553781747e+00
1.000539921130028098e+00
1.000593621547573697e+00
1.000645293036136918e+00
1.000694826488955691e+00
1.000742140901504040e+00
1.000787185309669258e+00
1.000829863388319918e+00
1.000870052815213240e+00
1.000907659075813028e+00
1.000942567469660371e+00
1.000974686649895862e+00
1.001003993518009061e+00
1.001030464488877003e+00
1.001054101963066545e+00
1.001074899618642045e+00
1.001092857671976866e+00
1.001107994846397231e+00
1.001120340703960387e+00
1.001129934778803188e+00
1.001136838541287322e+00
1.001141145254317522e+00
1.001142928805078602e+00
1.001142294266040844e+00
1.001139360368930475e+00
1.001134254644302279e+00
1.001127148079619777e+00
1.001118243331420965e+00
1.001107758480499488e+00
1.001095955820815453e+00
1.001083145647741590e+00
1.001069650906389885e+00
1.001055811823489128e+00
1.001041987390718369e+00
1.001028542588642489e+00
1.001015861459432221e+00
1.001004365055485845e+00
1.000994516012903457e+00
1.000986826031039056e+00
1.000981855922708608e+00
1.000980215862906642e+00
1.000982611903859176e+00
1.000989950875992518e+00
1.001003506140602406e+00
1.001025229994726873e+00
1.001058452485355188e+00
1.001109619496645564e+00
1.001193094634025504e+00
1.001347806511851291e+00
1.001716687220290503e+00
1.003121055651309712e+00
1.011090047765318189e+00
1.001915374397849279e+00
9.987583823314181153e-01
