9.886912402500841468e-01
9.892155211998078235e-01
9.888605045965788154e-01
9.898162751957362282e-01
9.897237221432054755e-01
9.907784934905750074e-01
9.916542738962603742e-01
9.934114883967043452e-01
9.958100111438095148e-01
9.993288198922110066e-01
1.004181817117101749e+00
1.010742957113244467e+00
1.019366557975994958e+00
1.030434606498960015e+00
1.044315485246178898e+00
1.061342403554417002e+00
1.081776574019147175e+00
1.105766116336663663e+00
1.133299861293580513e+00
1.164160079548735460e+00
1.197878409477619366e+00
1.233699938452699207e+00
1.270559191832839385e+00
1.307071908293401474e+00
1.341550080566601855e+00
1.372062349350610333e+00
1.396575914076286784e+00
1.413182433725498122e+00
1.420354982896226748e+00
1.417160738530746311e+00
1.403372338791641027e+00
1.379471999120307713e+00
1.346563999559702740e+00
1.306231929073127906e+00
1.260377473197979548e+00
1.211049462429641510e+00
1.160293282361253286e+00
1.110017982711040352e+00
1.061872037441735861e+00
1.017151111138316466e+00
9.767229221135057537e-01
9.410138944293984231e-01
9.100529854312188194e-01
8.835323883368998432e-01
8.609212640790131488e-01
8.415738867754316566e-01
8.248526408180181235e-01
8.102345273249393909e-01
7.973346725350793918e-01
7.859233996073364814e-01
7.758989731989827110e-01
7.672804759227055404e-01
7.602050380890101877e-01
7.548893063924533298e-01
7.516145877085125271e-01
7.506796320749875573e-01
7.523757409620560610e-01
7.569443208869092166e-01
7.645380534479336854e-01
7.751732288845049057e-01
7.886343769807701021e-01
8.044036320839320631e-01
8.216354288621773305e-01
8.392820304708701329e-01
8.563439908266367029e-01
8.721320119389834868e-01
8.863665533290112641e-01
8.990826174773983714e-01
9.104496826670673837e-01
9.206382938184796139e-01
9.297775661385090373e-01
9.379646865800810307e-01
9.452841720438120987e-01
9.518145391900693086e-01
9.576301074652571188e-01
9.627989900674046586e-01
9.673844001401491477e-01
9.714437763375578516e-01
9.750304768641574471e-01
9.781927361883270278e-01
9.809751835697396727e-01
9.834179244893765937e-01
9.855580654301849819e-01
9.874287388933743470e-01
9.890603823625583324e-01
9.904796206573563966e-01
9.917105518931499386e-01
9.927753845152769152e-01
9.936937348130334691e-01
9.944842735050335447e-01
9.951628063565600701e-01
9.957438065590510368e-01
9.962397442578768691e-01
9.966613966358425225e-01
9.970196167636700135e-01
9.973229090764044180e-01
9.975789041679991032e-01
9.977950532810578865e-01
9.979770399932602620e-01
9.981303056115665706e-01
9.982597530250802986e-01
9.983689400102447875e-01
9.984614693379788575e-01
9.985406640965555081e-01
9.986086612075286695e-01
9.986675732430729813e-01
9.987197626789482419e-01
9.987665892511090604e-01
9.988090586109554803e-01
9.988485752131683881e-01
9.988863245573251781e-01
9.989227406325337233e-01
9.989581507404858840e-01
9.989932330530695292e-01
9.990284914257141491e-01
9.990641207952210001e-01
9.991001356438213854e-01
9.991366864017019456e-01
9.991739985093046617e-01
9.992122149071759329e-01
9.992514080790979580e-01
9.992914910425797492e-01
9.993323445436147479e-01
9.993739448685780014e-01
9.994162583530894484e-01
9.994592250057782179e-01
9.995027670145989473e-01
9.995468034839158911e-01
9.995912496276251336e-01
9.996360203373034770e-01
9.996810189308963368e-01
9.997261345807847421e-01
9.997712477050144653e-01
9.998162404791962610e-01
9.998610022458164215e-01
9.999054298551032227e-01
9.999494334504296367e-01
9.999929422038931204e-01
1.000035895998772739e+00
1.000078230732222462e+00
1.000119877121035117e+00
1.000160761339676574e+00
1.000200807854068730e+00
1.000239936525242568e+00
1.000278070819361931e+00
1.000315128160445877e+00
1.000351010392274365e+00
1.000385642497790828e+00
1.000418984136600464e+00
1.000451004852272785e+00
1.000481664757304046e+00
1.000510909564165551e+00
1.000538700865872377e+00
1.000565017388357125e+00
1.000589809943648323e+00
1.000613013054354905e+00
1.000634577239528644e+00
1.000654440400817524e+00
1.000672553946863941e+00
1.000688909760524714e+00
1.000703499098147820e+00
1.000716328437520897e+00
1.000727398742139673e+00
1.000736714633077007e+00
1.000744291613129944e+00
1.000750151503890129e+00
1.000754321955852122e+00
1.000756843662317097e+00
1.000757776292727552e+00
1.000757167826467287e+00
1.000755084903901970e+00
1.000751602346958258e+00
1.000746800265122083e+00
1.000740784883732637e+00
1.000733681498171768e+00
1.000725624749048803e+00
1.000716775935422742e+00
1.000707325325529196e+00
1.000697470973682668e+00
1.000687421549589340e+00
1.000677397296567905e+00
1.000667622450836625e+00
1.000658333214290430e+00
1.000649788708135590e+00
1.000642273974841068e+00
1.000636104850040509e+00
1.000631628579077281e+00
1.000629224899569847e+00
1.000629335516544760e+00
1.000632529761237510e+00
1.000639608974096983e+00
1.000651803518122662e+00
1.000671212324189652e+00
1.000701893747755866e+00
1.000752879374938953e+00
1.000848619416693674e+00
1.001078839615456850e+00
1.001959742393574881e+00
1.007066818464616098e+00
1.001375327951879335e+00
9.989635250046322579e-01
