1.000000000000000000e+00
9.999915448285936481e-01
9.999625036416474044e-01
9.999123081667065094e-01
9.998485556946424824e-01
9.997897797580950208e-01
9.997692050822470922e-01
9.998398294396881880e-01
1.000081107855753881e+00
1.000607549346526515e+00
1.001578809463341102e+00
1.003211037091653157e+00
1.005787303028342849e+00
1.009664923114587332e+00
1.015278262311265500e+00
1.023125254074880308e+00
1.033755496542451802e+00
1.047700457649746841e+00
1.065407927779909336e+00
1.087152257003033862e+00
1.112839952148581224e+00
1.142035325376266508e+00
1.173790105994909627e+00
1.206976725275841211e+00
1.240919139491030165e+00
1.275084934798628833e+00
1.308705923284455341e+00
1.337839395210173699e+00
1.356805664666010491e+00
1.362862839721127761e+00
1.355931348598037323e+00
1.337944762473849192e+00
1.311403976649951675e+00
1.278555252330459746e+00
1.241622264070757042e+00
1.202168241769007606e+00
1.161427903311444743e+00
1.120594295762185721e+00
1.080397369524641382e+00
1.041625751644325026e+00
1.004616782759391258e+00
9.695419896470441889e-01
9.368503825204024249e-01
9.066745459066427593e-01
8.792746033091946023e-01
8.546694132744431238e-01
8.328293298445178516e-01
8.139202199270522131e-01
7.979436282675107517e-01
7.849762803462631000e-01
7.750004909909061768e-01
7.680063255488988050e-01
7.640510020116684231e-01
7.631403810899500817e-01
7.653068619151628393e-01
7.705041570726317568e-01
7.786197181381698806e-01
7.893940518446451726e-01
8.023694172916021605e-01
8.169101066601275329e-01
8.322042669861710040e-01
8.474792903205515815e-01
8.621293523608478671e-01
8.758246621560072942e-01
8.884285354480232488e-01
8.999344261090689301e-01
9.103849980991388646e-01
9.198472174334710871e-01
9.283949780245072114e-01
9.360995226713468842e-01
9.430345133362250110e-01
9.492639172691678118e-01
9.548542731962395003e-01
9.598606824994546649e-01
9.643411396685237502e-01
9.683424695177861308e-01
9.719140285765583975e-01
9.750951884057057484e-01
9.779275469489746575e-01
9.804440543761568927e-01
9.826792001767246099e-01
9.846603122179543588e-01
9.864159006678602237e-01
9.879685220023769476e-01
9.893414716697548350e-01
9.905532740562628113e-01
9.916214211648960442e-01
9.925626320836623551e-01
9.933901062667117587e-01
9.941183368240308349e-01
9.947579313915856369e-01
9.953198261790167090e-01
9.958131416510171974e-01
9.962453628874741174e-01
9.966249959217698962e-01
9.969579450477421556e-01
9.972498845348066743e-01
9.975065675538780097e-01
9.977320566887415421e-01
9.979305541960092896e-01
9.981058480205344807e-01
9.982606562961379160e-01
9.983978453440692791e-01
9.985200534198679367e-01
9.986290526479224550e-01
9.987266243865925430e-01
9.988146972044364968e-01
9.988944862668713842e-01
9.989669952741493386e-01
9.990334459527329125e-01
9.990948852511495337e-01
9.991518873999924999e-01
9.992049515757153166e-01
9.992547589832406763e-01
9.993018506194544237e-01
9.993465783955784998e-01
9.993891719542328245e-01
9.994299213604839194e-01
9.994691376617643730e-01
9.995070674282963141e-01
9.995439074267986612e-01
9.995797515846284176e-01
9.996146643623312622e-01
9.996487525915259686e-01
9.996821054731879208e-01
9.997147887295244617e-01
9.997468497720407576e-01
9.997783265260508090e-01
9.998092474618167635e-01
9.998396343632748318e-01
9.998694966614254387e-01
9.998988306395206749e-01
9.999276228230101760e-01
9.999558561297084980e-01
9.999835131883654249e-01
1.000010576860016931e+00
1.000037033724340940e+00
1.000062877520771165e+00
1.000088104916151410e+00
1.000112707783031851e+00
1.000136672832996565e+00
1.000159982158173699e+00
1.000182614979855389e+00
1.000204546218939727e+00
1.000225751154508957e+00
1.000246200333587909e+00
1.000265854486426242e+00
1.000284685686529507e+00
1.000302683685966310e+00
1.000319842577807705e+00
1.000336150459441908e+00
1.000351586804929749e+00
1.000366138965120166e+00
1.000379802923035300e+00
1.000392558925559783e+00
1.000404377862080141e+00
1.000415238826164233e+00
1.000425113615202921e+00
1.000433980948051138e+00
1.000441841125830900e+00
1.000448693773799969e+00
1.000454546502297370e+00
1.000459403685165505e+00
1.000463271468462034e+00
1.000466161708021939e+00
1.000468089522511317e+00
1.000469073053519953e+00
1.000469137394107255e+00
1.000468317831149978e+00
1.000466643247341691e+00
1.000464152591667988e+00
1.000460889216157723e+00
1.000456899329234206e+00
1.000452243298135979e+00
1.000446991852427026e+00
1.000441220840046164e+00
1.000435020629267369e+00
1.000428497388310189e+00
1.000421761647672492e+00
1.000414929876223935e+00
1.000408125053662500e+00
1.000401472636201161e+00
1.000395104971409044e+00
1.000389167366455334e+00
1.000383819913088557e+00
1.000379240425683047e+00
1.000375625237994281e+00
1.000373190526847589e+00
1.000372189491645303e+00
1.000372950012831774e+00
1.000375935004975902e+00
1.000381856539530157e+00
1.000391929584639072e+00
1.000408499914907212e+00
1.000436778900161583e+00
1.000490853996631957e+00
1.000622381134767869e+00
1.001128475464420742e+00
1.004118797578921196e+00
1.000882143082073128e+00
9.992692744988022069e-01
