9.772394249563353119e-01
9.785179932432178651e-01
9.807453037279908470e-01
9.818852019061991010e-01
9.844071398683353902e-01
9.864022236918582598e-01
9.894779299005770357e-01
9.929923003677700866e-01
9.976575120360983151e-01
1.003565926670812791e+00
1.011144517807329946e+00
1.020725813242697733e+00
1.032700532230666379e+00
1.047437618671814175e+00
1.065278242825419719e+00
1.086497071049784324e+00
1.111265235354081504e+00
1.139606390667887936e+00
1.171351294065695603e+00
1.206094067511286116e+00
1.243154917342143895e+00
1.281553819508611136e+00
1.319998368888993800e+00
1.356890541624783841e+00
1.390364892896858162e+00
1.418386633188365664e+00
1.438935428576422870e+00
1.450247023557269310e+00
1.451048142274758312e+00
1.440725457445813706e+00
1.419392212408331355e+00
1.387861168071848006e+00
1.347543912904686003e+00
1.300307925767058448e+00
1.248319524435072436e+00
1.193874152353092466e+00
1.139239425510308878e+00
1.086505529782999968e+00
1.037434563754435990e+00
9.933375032994622433e-01
9.549733583635541256e-01
9.225305950322143511e-01
8.956953834219805177e-01
8.737622539819037693e-01
8.558095494595144848e-01
8.408583352980465442e-01
8.280210546313001574e-01
8.166095422990922170e-01
8.061438092007914280e-01
7.963498509979988205e-01
7.871162881260902466e-01
7.784755787968343776e-01
7.705956545178178629e-01
7.637409172604264773e-01
7.582581123710103732e-01
7.545307410540699200e-01
7.529562904520492594e-01
7.539093890803290066e-01
7.577178116128009400e-01
7.646377290942426574e-01
7.747789676297401895e-01
7.880236619143078380e-01
8.039142362927593766e-01
8.216094846708563715e-01
8.399742505831948591e-01
8.578492062082658798e-01
8.743722473081084745e-01
8.891556913001250617e-01
9.022224675527054094e-01
9.137950699020933598e-01
9.241074582391084480e-01
9.333257633755509541e-01
9.415592043917978549e-01
9.488923976805893057e-01
9.554055785611371698e-01
9.611758874104672223e-01
9.662762557593721491e-01
9.707730002051037088e-01
9.747274957902052339e-01
9.781953846685668141e-01
9.812281895480653438e-01
9.838724018198580223e-01
9.861710136888631739e-01
9.881625420279828154e-01
9.898822860001414981e-01
9.913612179902948629e-01
9.926273427849146014e-01
9.937064463318211471e-01
9.946214655879203059e-01
9.953941201442080278e-01
9.960429270539550295e-01
9.965846972782496094e-01
9.970338954991134761e-01
9.974030730902094799e-01
9.977047345320464444e-01
9.979487635663517597e-01
9.981439579072396429e-01
9.982988452546127656e-01
9.984199590336700902e-01
9.985134847066345909e-01
9.985849636962468301e-01
9.986383608570771342e-01
9.986776797015500806e-01
9.987066069526303602e-01
9.987274002792344563e-01
9.987422964576957440e-01
9.987538739465054993e-01
9.987634873781467970e-01
9.987720471429405444e-01
9.987810072981905263e-01
9.987915759693439810e-01
9.988040041299192096e-01
9.988184184090925788e-01
9.988354314709038118e-01
9.988554604286504768e-01
9.988785272575880780e-01
9.989044325109209810e-01
9.989331748957838153e-01
9.989648735545714198e-01
9.989995548543817439e-01
9.990371617881707023e-01
9.990774370075568012e-01
9.991200913332114464e-01
9.991649744650018539e-01
9.992119343890808469e-01
9.992607925987961881e-01
9.993113549675688434e-01
9.993634309183954123e-01
9.994168318444276444e-01
9.994713751522941170e-01
9.995268685839925338e-01
9.995831061587563404e-01
9.996398750126648247e-01
9.996969691903502264e-01
9.997541965872568381e-01
9.998113790756500974e-01
9.998683599923181564e-01
9.999250115760264235e-01
9.999812234303586678e-01
1.000036882380963332e+00
1.000091870586369058e+00
1.000146066206231810e+00
1.000199347029312236e+00
1.000251586409384386e+00
1.000302664177250778e+00
1.000352453442338252e+00
1.000400807592966901e+00
1.000447612540098286e+00
1.000492802244417723e+00
1.000536325053912101e+00
1.000578117432685321e+00
1.000618097169713394e+00
1.000656204276156647e+00
1.000692402602156639e+00
1.000726618821505154e+00
1.000758758091330636e+00
1.000788747684561608e+00
1.000816498252663278e+00
1.000841939122984359e+00
1.000865054745474714e+00
1.000885829050014886e+00
1.000904266824555799e+00
1.000920365636231324e+00
1.000934128206450113e+00
1.000945572163537634e+00
1.000954723842025551e+00
1.000961617594334108e+00
1.000966305533129042e+00
1.000968865533567342e+00
1.000969359716326057e+00
1.000967875496086679e+00
1.000964511385194378e+00
1.000959373056852453e+00
1.000952601513644291e+00
1.000944363532313863e+00
1.000934838479929478e+00
1.000924241721605101e+00
1.000912827720561227e+00
1.000900861334743652e+00
1.000888621603428286e+00
1.000876402991726977e+00
1.000864505060377052e+00
1.000853243160494843e+00
1.000842963123743878e+00
1.000834045127967364e+00
1.000826909994671166e+00
1.000822019566218746e+00
1.000819877443682282e+00
1.000821067679983134e+00
1.000826341574871492e+00
1.000836755183403648e+00
1.000853928643034463e+00
1.000880625599814167e+00
1.000922192989726067e+00
1.000990538765700988e+00
1.001117919647049437e+00
1.001422743089501077e+00
1.002586108628352068e+00
1.009259925786387679e+00
1.001703452464493660e+00
9.987979961384394478e-01
