9.955069564600104171e-01
9.954725675106802507e-01
9.945507722624749025e-01
9.948855081063601169e-01
9.941273144103283110e-01
9.944093127361156581e-01
9.943844669596139108e-01
9.950522264679808604e-01
9.961247370511261412e-01
9.980205461976626724e-01
1.000897554677076196e+00
1.005076355310202674e+00
1.010868123869562485e+00
1.018627059396679302e+00
1.028716000008972342e+00
1.041491585414635601e+00
1.057273937058812230e+00
1.076310945398999630e+00
1.098735477178760300e+00
1.124518581226191527e+00
1.153422213654473172e+00
1.184956115671429000e+00
1.218342711715936444e+00
1.252493423367374348e+00
1.286000035287688359e+00
1.317154678623829955e+00
1.344033900330569020e+00
1.364678191001417629e+00
1.377349816252444459e+00
1.380792009135719089e+00
1.374404923214195273e+00
1.358304788037334898e+00
1.333266025870777804e+00
1.300582978993843897e+00
1.261898406832438146e+00
1.219018763627346402e+00
1.173755368705649449e+00
1.127794782143428653e+00
1.082591594999645856e+00
1.039305469161142303e+00
9.987617473532983681e-01
9.614673777806602706e-01
9.276653507536612997e-01
8.973801924888237247e-01
8.704894710172284000e-01
8.467758449538423937e-01
8.259962817305274152e-01
8.079495605787750945e-01
7.924823391730698718e-01
7.795055960918649829e-01
7.689770764833337990e-01
7.609082639988389296e-01
7.553740942458281316e-01
7.524839111024543836e-01
7.523735419107610012e-01
7.551618618285791396e-01
7.609228577261687443e-01
7.696326284706012100e-01
7.811134831368029552e-01
7.949829061438863365e-01
8.106045363159879447e-01
8.271393117024656849e-01
8.436882198647824849e-01
8.595058595480313812e-01
8.741426708320022554e-01
8.874484370291462199e-01
8.994623229737316317e-01
9.102934199650519753e-01
9.200531391904245293e-01
9.288376736760042274e-01
9.367323893137530222e-01
9.438155634690047480e-01
9.501607790865429504e-01
9.558358274412664946e-01
9.609039650068006422e-01
9.654228694665680788e-01
9.694461728742261863e-01
9.730224835459428956e-01
9.761969621088543159e-01
9.790102576802948153e-01
9.814999987771124701e-01
9.836998520962063619e-01
9.856410110041429196e-01
9.873512126602556060e-01
9.888560336520527683e-01
9.901777736499151050e-01
9.913366520482055355e-01
9.923513291780915457e-01
9.932381508114942470e-01
9.940127860461072107e-01
9.946883949615411558e-01
9.952771531419830620e-01
9.957895736192512448e-01
9.962347072717947505e-01
9.966217489115815065e-01
9.969578655693596136e-01
9.972495486670398535e-01
9.975031551140137731e-01
9.977235430167221697e-01
9.979154024193430672e-01
9.980829730745071071e-01
9.982293996528320834e-01
9.983578551922240862e-01
9.984712637492169085e-01
9.985716107828463972e-01
9.986608446918875392e-01
9.987410724205876278e-01
9.988136172759400910e-01
9.988795262331402469e-01
9.989401125957909633e-01
9.989965012715550374e-01
9.990492514409438085e-01
9.990988292039748586e-01
9.991459340797379518e-01
9.991911168804323840e-01
9.992346941541953020e-01
9.992768388181739736e-01
9.993178073568657060e-01
9.993578952755899358e-01
9.993973268143334643e-01
9.994362669593137571e-01
9.994747575870589484e-01
9.995128089630553880e-01
9.995504909877399591e-01
9.995878582998941608e-01
9.996249402024199870e-01
9.996617471615267814e-01
9.996982817468345051e-01
9.997345384833485893e-01
9.997705068967068787e-01
9.998061639659160393e-01
9.998414727247627587e-01
9.998763863985290490e-01
9.999108561219579583e-01
9.999448350309971811e-01
9.999782787590489885e-01
1.000011149757386697e+00
1.000043421564210000e+00
1.000075073158579020e+00
1.000106078805723664e+00
1.000136407405640249e+00
1.000166023090748313e+00
1.000194887368272667e+00
1.000222957198205975e+00
1.000250190905030978e+00
1.000276541495856542e+00
1.000301950029300446e+00
1.000326372963800559e+00
1.000349790346694689e+00
1.000372188447787414e+00
1.000393546253846688e+00
1.000413832026475047e+00
1.000433024666712356e+00
1.000451114651062401e+00
1.000468072377525441e+00
1.000483856393514115e+00
1.000498436154990012e+00
1.000511771913655812e+00
1.000523833136756746e+00
1.000534617514915681e+00
1.000544122062952512e+00
1.000552354311133874e+00
1.000559317732010234e+00
1.000565018219024660e+00
1.000569469188212990e+00
1.000572688386538012e+00
1.000574697565456805e+00
1.000575527572597601e+00
1.000575222544982879e+00
1.000573818345159571e+00
1.000571363934189328e+00
1.000567914010564774e+00
1.000563526988905938e+00
1.000558279669440553e+00
1.000552262295677064e+00
1.000545571728872485e+00
1.000538323647315542e+00
1.000530654192625546e+00
1.000522705091039688e+00
1.000514625675147595e+00
1.000506573596964044e+00
1.000498709546196352e+00
1.000491202930288148e+00
1.000484239680496712e+00
1.000478024509243280e+00
1.000472784555789252e+00
1.000468770156722975e+00
1.000466256143857979e+00
1.000465563467654695e+00
1.000467106921532734e+00
1.000471471365010467e+00
1.000479555741137894e+00
1.000492893750716927e+00
1.000514448374836274e+00
1.000550806969789486e+00
1.000619787563669094e+00
1.000786747318754610e+00
1.001427709216823114e+00
1.005188196494329889e+00
1.001073990662606494e+00
9.991379009551458745e-01
