9.324376486950698428e-01
9.409176620348955744e-01
9.492375000234950511e-01
9.583982567891148330e-01
9.674561306932846216e-01
9.774675219539282756e-01
9.879885927993756756e-01
9.996329395105896243e-01
1.012469352573180048e+00
1.026889912861995935e+00
1.043173758602277568e+00
1.061658424089156449e+00
1.082645919066865581e+00
1.106404066366861727e+00
1.133126799671911655e+00
1.162901219509779649e+00
1.195667683735019082e+00
1.231179672579350237e+00
1.268965523206527113e+00
1.308296271533410771e+00
1.348163430063284318e+00
1.387270177816316785e+00
1.424039793137855670e+00
1.456652886038423356e+00
1.483138012779819048e+00
1.501536674654589509e+00
1.510123382833617134e+00
1.507624156530301684e+00
1.493388758226534385e+00
1.467488564453956590e+00
1.430725850423893775e+00
1.384572423593219082e+00
1.331052356600907594e+00
1.272587337849008682e+00
1.211820765552439783e+00
1.151415895391708411e+00
1.093854888414741211e+00
1.041240242185646370e+00
9.951052671380550274e-01
9.562847298954750830e-01
9.248584434874781435e-01
9.002341775926026024e-01
8.813494850152940874e-01
8.668986159710202477e-01
8.555700480382812945e-01
8.462010872612087953e-01
8.378748811806433494e-01
8.299628751480184752e-01
8.220761925518125235e-01
8.140238288559199509e-01
8.057488219384980610e-01
7.973020316136961716e-01
7.888371436394631120e-01
7.805837814642433425e-01
7.728482964301921498e-01
7.659854210402220476e-01
7.603903789982414674e-01
7.564752667460690194e-01
7.546613301553066755e-01
7.553781777775997464e-01
7.590283130765052011e-01
7.659574541276437110e-01
7.763749022317706361e-01
7.902519311358152665e-01
8.071848516809039253e-01
8.263082577155396180e-01
8.463569162029395132e-01
8.659428770499009165e-01
8.839462462302919432e-01
8.997929451377314480e-01
9.134638820715720309e-01
9.252734252615281152e-01
9.356015536214890016e-01
9.447293006494681400e-01
9.528162915943241273e-01
9.599521548696130502e-01
9.662112992241680409e-01
9.716726997993668791e-01
9.764184802363201632e-01
9.805252408378719586e-01
9.840625847961491646e-01
9.870927715706216965e-01
9.896731830464647883e-01
9.918556014297537082e-01
9.936873570479164419e-01
9.952102240315952031e-01
9.964619354647609173e-01
9.974771877176258350e-01
9.982872081965048494e-01
9.989213544317236959e-01
9.994049971822278611e-01
9.997608774285324795e-01
1.000008558013807836e+00
1.000165119892209242e+00
1.000247167382279700e+00
1.000268144357403521e+00
1.000239885075042690e+00
1.000173582068912825e+00
1.000077992665055815e+00
9.999611857589639774e-01
9.998302466159668667e-01
9.996902139192288539e-01
9.995460449028790162e-01
9.994022303501395310e-01
9.992613180941255502e-01
9.991257861496183335e-01
9.989986173037478379e-01
9.988810805021525185e-01
9.987737450656128946e-01
9.986780634334611051e-01
9.985951909293819817e-01
9.985247877832128527e-01
9.984663172225265448e-01
9.984200907795459656e-01
9.983861995736568185e-01
9.983640909801586583e-01
9.983528740756950626e-01
9.983520321291483590e-01
9.983613113886924406e-01
9.983803458325758440e-01
9.984086434706272994e-01
9.984453976293995447e-01
9.984897729218999984e-01
9.985412007231742049e-01
9.985991422019728780e-01
9.986630335445320084e-01
9.987323039286315485e-01
9.988064078366319931e-01
9.988848215760441906e-01
9.989670481375304556e-01
9.990525884394610978e-01
9.991409325241682460e-01
9.992315706758215788e-01
9.993240169455045452e-01
9.994178206508983475e-01
9.995125658513769329e-01
9.996078838244890630e-01
9.997034654601495429e-01
9.997990399785261495e-01
9.998943383836921273e-01
9.999890892950864529e-01
1.000083019695608311e+00
1.000175860844222830e+00
1.000267340756971768e+00
1.000357203057741673e+00
1.000445183096856372e+00
1.000530984660153999e+00
1.000614372638119143e+00
1.000695200562661480e+00
1.000773350278693075e+00
1.000848684652313025e+00
1.000921035341779008e+00
1.000990275500546423e+00
1.001056322438501622e+00
1.001119028721153770e+00
1.001178209871059765e+00
1.001233721995416603e+00
1.001285392777170102e+00
1.001333084232602921e+00
1.001376757555243024e+00
1.001416373894145284e+00
1.001451932199863615e+00
1.001483419156336208e+00
1.001510831130393520e+00
1.001534191511926464e+00
1.001553539592849651e+00
1.001568929273032094e+00
1.001580446387957402e+00
1.001588222892888513e+00
1.001592362809262005e+00
1.001593015336693870e+00
1.001590349520627754e+00
1.001584547181770146e+00
1.001575853101224656e+00
1.001564557937032252e+00
1.001550974658039106e+00
1.001535480233212816e+00
1.001518521096128378e+00
1.001500561869141048e+00
1.001482092008089353e+00
1.001463627892524189e+00
1.001445694226394512e+00
1.001428842872492675e+00
1.001413678716578826e+00
1.001400866066726181e+00
1.001391139139635733e+00
1.001385301585003829e+00
1.001384225982574483e+00
1.001388919864533822e+00
1.001400675367202009e+00
1.001421305106859894e+00
1.001453586480633540e+00
1.001502256549249070e+00
1.001576488537089693e+00
1.001696732863918360e+00
1.001918429624860885e+00
1.002445123553517670e+00
1.004446704040400373e+00
1.015697449771039373e+00
1.002592949309009773e+00
9.984340833152813843e-01
