9.939575653757288798e-01
9.932029408934077708e-01
9.939095125622706695e-01
9.926693576562042320e-01
9.934414785354269695e-01
9.929548090904867230e-01
9.936773828785666618e-01
9.943449372601950165e-01
9.958842344333447283e-01
9.981760742571132994e-01
1.001632523431116972e+00
1.006505138418110956e+00
1.013153125513279740e+00
1.021933899798376899e+00
1.033219596500791759e+00
1.047363635755398148e+00
1.064672607797409132e+00
1.085367193398815600e+00
1.109538001361798143e+00
1.137097880474828182e+00
1.167734972548270633e+00
1.200871243967164492e+00
1.235630452284069758e+00
1.270819140592173158e+00
1.304925477164381453e+00
1.336152424386709114e+00
1.362522206752451170e+00
1.382075179276808674e+00
1.393131629464756438e+00
1.394536907344226861e+00
1.385814418506198020e+00
1.367203667334438988e+00
1.339590070444333314e+00
1.304364039232573269e+00
1.263252998515570491e+00
1.218142112502129004e+00
1.170919304732720656e+00
1.123345644768559026e+00
1.076943494534359891e+00
1.032924640363600322e+00
9.921394766160893663e-01
9.550827533551564663e-01
9.219426778444095305e-01
8.926484265174059463e-01
8.669522702581977658e-01
8.444979846078420893e-01
8.249079803755433593e-01
8.078659602697570996e-01
7.931319849841881320e-01
7.805621137628423467e-01
7.700894388922433498e-01
7.617271074657349095e-01
7.555737080949362916e-01
7.517802643921056571e-01
7.505393664817917587e-01
7.520401373826386404e-01
7.564417258265484501e-01
7.638239791587891903e-01
7.741352199093061159e-01
7.871352118008846377e-01
8.023172657287842569e-01
8.189070031575813591e-01
8.359561148867110658e-01
8.525607583748332496e-01
8.680765440375963760e-01
8.822097878076640143e-01
8.949430335426518113e-01
9.063903744957948483e-01
9.166867885349407885e-01
9.259460930581012716e-01
9.342625005937579274e-01
9.417191991875994983e-01
9.483939759756204735e-01
9.543587229917325221e-01
9.596805411014338594e-01
9.644206173812394089e-01
9.686358104145045278e-01
9.723777049764185110e-01
9.756942140939189878e-01
9.786285212065729544e-01
9.812205846384182140e-01
9.835062061851643778e-01
9.855185348652273358e-01
9.872870885596499724e-01
9.888390461670308884e-01
9.901981297766694334e-01
9.913858333016989377e-01
9.924219821049558021e-01
9.933239915030505074e-01
9.941085127553399570e-01
9.947895680460704382e-01
9.953800848185331285e-01
9.958912167375975066e-01
9.963325772194953078e-01
9.967139078796839469e-01
9.970428114373431905e-01
9.973261522345725494e-01
9.975706498668998057e-01
9.977814324348726061e-01
9.979634392412077837e-01
9.981211317933981197e-01
9.982577934065718361e-01
9.983767430702463752e-01
9.984810408736775056e-01
9.985727277963790671e-01
9.986538124076794753e-01
9.987264907233178723e-01
9.987921045296827005e-01
9.988516952259500759e-01
9.989066116468124923e-01
9.989580038430559972e-01
9.990063980587247094e-01
9.990522232389896784e-01
9.990961776924121018e-01
9.991388022561553672e-01
9.991803804191636829e-01
9.992210404378143451e-01
9.992610099628623788e-01
9.993005662844762771e-01
9.993399116417315264e-01
9.993791854775783134e-01
9.994183927664512801e-01
9.994575064872854853e-01
9.994965700591204039e-01
9.995356130290999896e-01
9.995746391613986592e-01
9.996136335538338136e-01
9.996525747463989031e-01
9.996914343763545485e-01
9.997301803990249480e-01
9.997687684182348100e-01
9.998071399414401039e-01
9.998452269052087171e-01
9.998829602504242242e-01
9.999202744206951987e-01
9.999571078162214910e-01
9.999934075657846977e-01
1.000029134247855112e+00
1.000064255436383887e+00
1.000098734168086922e+00
1.000132528131311149e+00
1.000165590278878192e+00
1.000197871184545395e+00
1.000229316826246162e+00
1.000259875201249260e+00
1.000289488744279476e+00
1.000318086812522766e+00
1.000345616497134049e+00
1.000372051832064901e+00
1.000397374170084897e+00
1.000421556912685084e+00
1.000444561604144855e+00
1.000466362010453913e+00
1.000486945153108431e+00
1.000506275580744786e+00
1.000524304632040895e+00
1.000540996094732460e+00
1.000556303505653055e+00
1.000570190916066027e+00
1.000582654322265119e+00
1.000593689053826729e+00
1.000603302383659576e+00
1.000611497079724410e+00
1.000618278703919284e+00
1.000623661359884675e+00
1.000627664084541735e+00
1.000630310472351292e+00
1.000631634413028825e+00
1.000631684814783595e+00
1.000630501271042361e+00
1.000628138165749803e+00
1.000624656363562348e+00
1.000620120923349843e+00
1.000614617641899740e+00
1.000608247471841183e+00
1.000601118814344881e+00
1.000593361274734638e+00
1.000585127511355310e+00
1.000576576439286436e+00
1.000567875498466375e+00
1.000559201442245083e+00
1.000550734357313232e+00
1.000542664042911589e+00
1.000535198776803636e+00
1.000528567802460245e+00
1.000523025352753503e+00
1.000518851381223762e+00
1.000516352806502418e+00
1.000515887544406457e+00
1.000517917722953065e+00
1.000523094535158419e+00
1.000532418500975407e+00
1.000547596562832986e+00
1.000571927372023051e+00
1.000612747151354398e+00
1.000689905596630735e+00
1.000876224558125971e+00
1.001590674050449215e+00
1.005765627506443716e+00
1.001169447565328108e+00
9.990797832407782852e-01
