9.334829389390345566e-01
9.418983540214288519e-01
9.498352604888175010e-01
9.590397207408345448e-01
9.677234465070777558e-01
9.776690090992108395e-01
9.879234100153200249e-01
9.994065447563678095e-01
1.012027781741472676e+00
1.026255223575377240e+00
1.042338330559655857e+00
1.060628629992946603e+00
1.081426606716349159e+00
1.105004513988638193e+00
1.131559558504543039e+00
1.161183099228094040e+00
1.193820042045391050e+00
1.229228728381428493e+00
1.266942436057279187e+00
1.306236988112284836e+00
1.346108259586545897e+00
1.385263083126955674e+00
1.422127329444482724e+00
1.454882536421425954e+00
1.481555535451832606e+00
1.500182573044827050e+00
1.509029410041923258e+00
1.506810716695627939e+00
1.492863525738358232e+00
1.467246241537752960e+00
1.430748763601880968e+00
1.384831639846037632e+00
1.331509159719074908e+00
1.273195096421444905e+00
1.212527342152913246e+00
1.152166745259423530e+00
1.094596851380323699e+00
1.041925799764538807e+00
9.956967122638983314e-01
9.567573700691023308e-01
9.252019242253060050e-01
9.004513851007890368e-01
8.814532926541885915e-01
8.669075617698878133e-01
8.555042134089646533e-01
8.460790748449221743e-01
8.377121721840909974e-01
8.297713543461102681e-01
8.218644749417679529e-01
8.137980671258399079e-01
8.055137428543042155e-01
7.970620440118706407e-01
7.885973817878976222e-01
7.803509495501863569e-01
7.726312285391181423e-01
7.657952662991777126e-01
7.602403994029283130e-01
7.563802692561553132e-01
7.546367756290716100e-01
7.554389937166555713e-01
7.591873014847839718e-01
7.662230142760417806e-01
7.767477020774359309e-01
7.907205645049788512e-01
8.077219714564735087e-01
8.268706473119606937e-01
8.468931055222160831e-01
8.664074652191764425e-01
8.843135971672457796e-01
9.000616748725285277e-01
9.136500457340757109e-01
9.253982987706380614e-01
9.356821095434316726e-01
9.447753675911985116e-01
9.528328019337316546e-01
9.599424813676581403e-01
9.661790290953468086e-01
9.716217169991363534e-01
9.763524699088018677e-01
9.804474164802444713e-01
9.839757123129665439e-01
9.869992699405245595e-01
9.895751812533166714e-01
9.917549605856084138e-01
9.935856903984304767e-01
9.951089205727357001e-01
9.963621821233260567e-01
9.973799863661316767e-01
9.981933883317800627e-01
9.988315863198151678e-01
9.993198073012959926e-01
9.996806670043828502e-01
9.999336199483213061e-01
1.000095651150792575e+00
1.000183278897919470e+00
1.000209871068747702e+00
1.000187196519575883e+00
1.000126391391134906e+00
1.000036164981576770e+00
9.999245458985088764e-01
9.997985870701810995e-01
9.996633035102389098e-01
9.995236325519143428e-01
9.993840491380728830e-01
9.992470946238860563e-01
9.991152423490555767e-01
9.989914682750138386e-01
9.988770437214874454e-01
9.987725459554960272e-01
9.986794289895708499e-01
9.985988506195296877e-01
9.985304848569809266e-01
9.984738107178080524e-01
9.984291478543602105e-01
9.983965955747123866e-01
9.983756150476850166e-01
9.983653318179893654e-01
9.983652417392261391e-01
9.983751002730462121e-01
9.983945509114650063e-01
9.984231122501832090e-01
9.984599907544892128e-01
9.985043640962473210e-01
9.985556737948956263e-01
9.986133903411513746e-01
9.986769591902145971e-01
9.987458185724024107e-01
9.988194315011091895e-01
9.988972823292670000e-01
9.989788815971272218e-01
9.990637375762836392e-01
9.991513475798253774e-01
9.992412089810601694e-01
9.993328425133628512e-01
9.994258036638759002e-01
9.995196821631010531e-01
9.996141143468274537e-01
9.997087954371124408e-01
9.998034584874853081e-01
9.998978382183435487e-01
9.999916669042261397e-01
1.000084675119842226e+00
1.000176597600880068e+00
1.000267165804124225e+00
1.000356126576330329e+00
1.000443218521230193e+00
1.000528148945826645e+00
1.000610685592655535e+00
1.000690683896656719e+00
1.000768027277024297e+00
1.000842580336167575e+00
1.000914176756350527e+00
1.000982691264448610e+00
1.001048042269622407e+00
1.001110084074495754e+00
1.001168634297819660e+00
1.001223550712964094e+00
1.001274662940500937e+00
1.001321834568759117e+00
1.001365027338668279e+00
1.001404202933551479e+00
1.001439360444586368e+00
1.001470486812779059e+00
1.001497578556570733e+00
1.001520658935678210e+00
1.001539766944407939e+00
1.001554956031803778e+00
1.001566311253042851e+00
1.001573963310372850e+00
1.001578015255059961e+00
1.001578614854975902e+00
1.001575929520657215e+00
1.001570139307593088e+00
1.001561486589910954e+00
1.001550259151767985e+00
1.001536766862465067e+00
1.001521382941029659e+00
1.001504549365793473e+00
1.001486726123068882e+00
1.001468397785635123e+00
1.001450075583419475e+00
1.001432278996518876e+00
1.001415554400807650e+00
1.001400500672816163e+00
1.001387775530834467e+00
1.001378105924827233e+00
1.001372287582054099e+00
1.001371184535084780e+00
1.001375794512528117e+00
1.001387397135921731e+00
1.001407787520365522e+00
1.001439716297806370e+00
1.001487874890129248e+00
1.001561348026856368e+00
1.001680388552362189e+00
1.001899900429193968e+00
1.002421460328608349e+00
1.004403670548902783e+00
1.015549629039208535e+00
1.002573363800890016e+00
9.984410095445749311e-01
