9.877964183716172464e-01
9.876419223023774618e-01
9.888592366550391644e-01
9.883110766644249701e-01
9.896832194124353110e-01
9.899818889948261980e-01
9.915307091026404063e-01
9.932086564626317893e-01
9.959282226964768503e-01
9.996391684549053025e-01
1.004784817662006002e+00
1.011658506321839068e+00
1.020647057989011230e+00
1.032124027851120340e+00
1.046458649865881219e+00
1.063978033884941166e+00
1.084934170471464343e+00
1.109461304682430427e+00
1.137529927376838224e+00
1.168899719267247894e+00
1.203076189360889003e+00
1.239275852076061168e+00
1.276403654944155974e+00
1.313046586675753691e+00
1.347491453200642120e+00
1.377789793000761431e+00
1.401905446265624855e+00
1.417943556573680430e+00
1.424405577794767508e+00
1.420396497495332477e+00
1.405730042935424473e+00
1.380928191458869581e+00
1.347131541660607335e+00
1.305956496091483121e+00
1.259334949537515014e+00
1.209344194852008947e+00
1.158056417968556406e+00
1.107404618609332481e+00
1.059055768120527707e+00
1.014314897285709449e+00
9.740460547927798363e-01
9.386565749132995684e-01
9.081415010396769460e-01
8.821482602502856984e-01
8.600970456970165046e-01
8.412959145708478470e-01
8.250688617693349158e-01
8.108646691808479856e-01
7.982801961823278170e-01
7.870758806582781597e-01
7.771466195419350909e-01
7.685129461111932514e-01
7.613171694078230134e-01
7.557843437451698954e-01
7.522071120585891446e-01
7.508983741133571366e-01
7.521665828738608450e-01
7.562741811919512225e-01
7.634009672298215365e-01
7.735992114722602953e-01
7.866991814191135468e-01
8.022328389758270895e-01
8.193919462461874970e-01
8.371313572296021910e-01
8.544094839019477083e-01
8.704676588101265544e-01
8.849644755966594722e-01
8.979043647147055829e-01
9.094555857945973987e-01
9.197997179370103193e-01
9.290752331737160974e-01
9.373833897383039293e-01
9.448099011625076260e-01
9.514340744859389742e-01
9.573313059935691927e-01
9.625708755971116304e-01
9.672170799726196311e-01
9.713283428072158054e-01
9.749589361041531843e-01
9.781579455372710896e-01
9.809707904389475264e-01
9.834383063756011456e-01
9.855982724447723831e-01
9.874844363852985918e-01
9.891277909269635682e-01
9.905554565894243435e-01
9.917919765911293872e-01
9.928599669139908102e-01
9.937794214602758691e-01
9.945693574324782071e-01
9.952458877845352658e-01
9.958237510215485200e-01
9.963156433416759938e-01
9.967325425632131974e-01
9.970854908376662884e-01
9.973831482354165168e-01
9.976332771478061412e-01
9.978434526213225686e-01
9.980194539648127305e-01
9.981668076004229784e-01
9.982904904409516389e-01
9.983941065807726556e-01
9.984813057012744686e-01
9.985554540294399040e-01
9.986187032109234973e-01
9.986731815456854067e-01
9.987212780274891122e-01
9.987643533688460584e-01
9.988034044551887813e-01
9.988398432401766058e-01
9.988748594408882742e-01
9.989088684957038167e-01
9.989421773927965598e-01
9.989754587724810619e-01
9.990092082686139463e-01
9.990436032571656799e-01
9.990786361664895088e-01
9.991144420854916053e-01
9.991512358854323095e-01
9.991891487088078172e-01
9.992282398631145979e-01
9.992684047117761370e-01
9.993095063544878975e-01
9.993515080677520812e-01
9.993943639816634805e-01
9.994380018471303861e-01
9.994823317957939324e-01
9.995272615551453743e-01
9.995726955568784433e-01
9.996185385623422848e-01
9.996646839365276316e-01
9.997110109204258022e-01
9.997573901788999740e-01
9.998036946656646551e-01
9.998498051979605172e-01
9.998956107752309252e-01
9.999410145484860513e-01
9.999859397399872840e-01
1.000030320982115306e+00
1.000074089037842784e+00
1.000117169534101347e+00
1.000159483603564547e+00
1.000200950804669420e+00
1.000241486100184485e+00
1.000281008358281598e+00
1.000319430325459891e+00
1.000356648717180663e+00
1.000392584387291617e+00
1.000427194292769606e+00
1.000460445751611749e+00
1.000492296384141389e+00
1.000522688948789929e+00
1.000551582760353497e+00
1.000578954981907520e+00
1.000604753867588403e+00
1.000628910819903572e+00
1.000651373891375595e+00
1.000672078085727223e+00
1.000690972465317463e+00
1.000708048134134387e+00
1.000723295579188488e+00
1.000736721111834093e+00
1.000748325345265810e+00
1.000758112709824843e+00
1.000766098948000060e+00
1.000772306376201515e+00
1.000776763373736999e+00
1.000779511867590399e+00
1.000780613487585624e+00
1.000780117737905428e+00
1.000778093494182341e+00
1.000774618125886972e+00
1.000769774490732678e+00
1.000763672549226824e+00
1.000756442050145800e+00
1.000748222435301704e+00
1.000739180805607642e+00
1.000729514316455848e+00
1.000719428189256410e+00
1.000709138643512075e+00
1.000698873885892182e+00
1.000688866235344587e+00
1.000679360387819461e+00
1.000670624770685579e+00
1.000662954638058322e+00
1.000656677096685820e+00
1.000652151698875336e+00
1.000649771491263662e+00
1.000649993482339406e+00
1.000653406573776882e+00
1.000660839507242938e+00
1.000673564582791553e+00
1.000693752251660573e+00
1.000725599500806418e+00
1.000778447336295285e+00
1.000877585696240857e+00
1.001115825746759169e+00
1.002027113811351455e+00
1.007303532411333302e+00
1.001411714073510817e+00
9.989440875060036085e-01
