1.394531122248890087e+00
1.394868902469041272e+00
1.398805519905653716e+00
1.402277702352379141e+00
1.409773440705015535e+00
1.417040353294730659e+00
1.428830846407076471e+00
1.440677156598418662e+00
1.457598021856451487e+00
1.474870706973829604e+00
1.497732944023293156e+00
1.521137051627073689e+00
1.550413845721638095e+00
1.580079921229906370e+00
1.615354791140254598e+00
1.650225054922289658e+00
1.689670455366776958e+00
1.727347256967770361e+00
1.768276836860440016e+00
1.805662488121249964e+00
1.839455616171100871e+00
1.853490160248960850e+00
1.851121587304620508e+00
1.823416341169898924e+00
1.777870147044395832e+00
1.712333324231195331e+00
1.635334612732149751e+00
1.549240691894817612e+00
1.461097890144354761e+00
1.375191731351482316e+00
1.295890642077109245e+00
1.225508858430285786e+00
1.165916704356381617e+00
1.115975925934197255e+00
1.075591962161726700e+00
1.042314985030780905e+00
1.014199964607920057e+00
9.902593297254507210e-01
9.690016348590931861e-01
9.501481603110968344e-01
9.328790704093928854e-01
9.164886750654626102e-01
9.012712030489493653e-01
8.869636250817966028e-01
8.737705103783021121e-01
8.614943038968698730e-01
8.498238644033124789e-01
8.390088002593626415e-01
8.289262967707724528e-01
8.197168974289550381e-01
8.112471997462603612e-01
8.033534473334545956e-01
7.961105837313741107e-01
7.894123429352897237e-01
7.833763486305581614e-01
7.779667616966404742e-01
7.732458944952522728e-01
7.691910330767806059e-01
7.657596770126443575e-01
7.630850538390456794e-01
7.612388274038621727e-01
7.604697337777699406e-01
7.609986302074704945e-01
7.631727997404598174e-01
7.673490273259692129e-01
7.739660249012615401e-01
7.834872601346567489e-01
7.963925507466459441e-01
8.131304660602883816e-01
8.339816855185698818e-01
8.589328003485683372e-01
8.873750779078135587e-01
9.180647637466928801e-01
9.491694871227928099e-01
9.789424976418702462e-01
1.006018692198028308e+00
1.029761152454963025e+00
1.049893944416957492e+00
1.066592782252187455e+00
1.080062628599330443e+00
1.090714474003081635e+00
1.098836383273638972e+00
1.104815873553514960e+00
1.108893477890397383e+00
1.111361316959783574e+00
1.112406228302838418e+00
1.112213908383484329e+00
1.110956222741310118e+00
1.108745815318961103e+00
1.105741511491949769e+00
1.102027617375455959e+00
1.097721599341269894e+00
1.092910905821090850e+00
1.087663727383666235e+00
1.082080142442298332e+00
1.076216528127222238e+00
1.070139446055475174e+00
1.063923395809783790e+00
1.057615272557030917e+00
1.051275674601777288e+00
1.044961366361138566e+00
1.038711205409669436e+00
1.032573319546302049e+00
1.026595467857374100e+00
1.020807789570870483e+00
1.015242992105800157e+00
1.009943501542665878e+00
1.004931571826880532e+00
1.000225907609930909e+00
9.958525019139446988e-01
9.918335169587667588e-01
9.881739053847349297e-01
9.848741151177377029e-01
9.819425488997663987e-01
9.793807041839115435e-01
9.771829185717890720e-01
9.753358021006111045e-01
9.738289948413335617e-01
9.726535253097703393e-01
9.717972792784402847e-01
9.712460221537527749e-01
9.709791533943971098e-01
9.709743634071011931e-01
9.712126021457608838e-01
9.716745595640018385e-01
9.723409206420826623e-01
9.731922214969567220e-01
9.742095732763605964e-01
9.753746296489876899e-01
9.766698806173070846e-01
9.780782079194475509e-01
9.795828530803729617e-01
9.811676212307262057e-01
9.828173267912775346e-01
9.845180437199674284e-01
9.862571315282043782e-01
9.880234251145572077e-01
9.898073836353000754e-01
9.916006819132776595e-01
9.933955266591548705e-01
9.951845347472355607e-01
9.969606624757234581e-01
9.987173021241706472e-01
1.000448096017014121e+00
1.002147241939973510e+00
1.003809113869046366e+00
1.005427850656301914e+00
1.006998882376943127e+00
1.008519312250959921e+00
1.009986896519203814e+00
1.011399268191425449e+00
1.012753660793769050e+00
1.014048050097866138e+00
1.015281194691068034e+00
1.016450852598557164e+00
1.017554218700584379e+00
1.018589205876267112e+00
1.019553304378195913e+00
1.020444621122797546e+00
1.021262932272856361e+00
1.022008007243173200e+00
1.022680273068316659e+00
1.023279930838177032e+00
1.023807331533434617e+00
1.024263239643633971e+00
1.024648659099107517e+00
1.024964818730819349e+00
1.025213432441087313e+00
1.025396955211264505e+00
1.025517355109796469e+00
1.025577327111609982e+00
1.025579867085577579e+00
1.025528171740021310e+00
1.025426459023282222e+00
1.025279697049748417e+00
1.025093229001651896e+00
1.024873452527152118e+00
1.024627912826939324e+00
1.024364465454896234e+00
1.024091384270793492e+00
1.023817388479007384e+00
1.023551334052454020e+00
1.023302518500185165e+00
1.023081096722953109e+00
1.022898172499810299e+00
1.022765950715031069e+00
1.022697701278291182e+00
1.022707716097232655e+00
1.022812353068536462e+00
1.023032439439701236e+00
1.023397061053195056e+00
1.023950720266056047e+00
1.024769437449227771e+00
1.026001182264349110e+00
1.027979938637689994e+00
1.031628727722998073e+00
1.040399579322738299e+00
1.069276907254456788e+00
1.206213711483984818e+00
1.024572230262357886e+00
1.002603361109696056e+00
