9.835715152343151857e-01
9.840584110736528833e-01
9.854571811715212570e-01
9.857603738464578713e-01
9.873881592098381343e-01
9.884535883336222906e-01
9.905254405766911185e-01
9.929598330674914708e-01
9.964444089504791435e-01
1.001058813779792445e+00
1.007214740735618896e+00
1.015235930689510679e+00
1.025510276118089426e+00
1.038413251171576235e+00
1.054303916153976006e+00
1.073488346711760855e+00
1.096184060189440146e+00
1.122476671221122269e+00
1.152273853749509636e+00
1.185259565901712442e+00
1.220853290845695716e+00
1.258179038730151245e+00
1.296047583621133592e+00
1.332956125992998286e+00
1.367115247142896894e+00
1.396528895697452421e+00
1.419159618697184211e+00
1.433165408198663338e+00
1.437146640993594682e+00
1.430335429208375642e+00
1.412681899777381789e+00
1.384840171014506627e+00
1.348072851212585910e+00
1.304108197506768985e+00
1.254982093142036348e+00
1.202869477937028808e+00
1.149932502122245737e+00
1.098180876094773328e+00
1.049335128284871965e+00
1.004718124265044255e+00
9.651641839477445028e-01
9.309983942192372464e-01
9.020873819104298086e-01
8.779214281550590249e-01
8.577591442217006312e-01
8.407647623723477626e-01
8.261496089089533923e-01
8.132845036708711284e-01
8.017190061639172249e-01
7.911899112265214917e-01
7.815855705291425704e-01
7.729318906516228216e-01
7.653856404924910262e-01
7.591946578060922990e-01
7.546824761496306877e-01
7.522012176675763051e-01
7.521075772203819065e-01
7.547237078336604954e-01
7.603071294716944317e-01
7.690154663337814833e-01
7.808191005908969862e-01
7.954159462517750301e-01
8.121464001749157946e-01
8.300227348517129622e-01
8.479126241977698042e-01
8.648436397414517307e-01
8.802439611726253776e-01
8.939745564536346611e-01
9.061717075592845561e-01
9.170492782404443544e-01
9.267849217367312153e-01
9.355006346441193665e-01
9.432882152642881879e-01
9.502290404566574589e-01
9.564015129883108868e-01
9.618787787886572405e-01
9.667289092229199854e-01
9.710137268609037031e-01
9.747906197829820929e-01
9.781115742403464486e-01
9.810247073337519108e-01
9.835733507244177609e-01
9.857975840004268298e-01
9.877332597599766117e-01
9.894132710900993555e-01
9.908664368687497559e-01
9.921188259968959366e-01
9.931944515764364878e-01
9.941146036454082680e-01
9.948994890589597517e-01
9.955662774893963007e-01
9.961306189514457232e-01
9.966059867836143393e-01
9.970040496807134334e-01
9.973364959694415166e-01
9.976125222554446115e-01
9.978403448889502370e-01
9.980279608105108169e-01
9.981814795459716949e-01
9.983067183908460596e-01
9.984089053104773237e-01
9.984918029669777040e-01
9.985592191171848153e-01
9.986146643463785777e-01
9.986603384640152514e-01
9.986984202541140387e-01
9.987313857438783193e-01
9.987605955880409780e-01
9.987870121260646883e-01
9.988120692175785909e-01
9.988369676379030837e-01
9.988620543640993610e-01
9.988875614290347871e-01
9.989141385511429716e-01
9.989422497234817788e-01
9.989720076742968358e-01
9.990033244307338078e-01
9.990362784894214476e-01
9.990710453131262936e-01
9.991077125327714192e-01
9.991462910459969482e-01
9.991866120848700294e-01
9.992284747362741859e-01
9.992717947846933013e-01
9.993164818941634442e-01
9.993624192413914642e-01
9.994094731772603657e-01
9.994575101354277180e-01
9.995063954422411800e-01
9.995559971328185078e-01
9.996061725364295825e-01
9.996567649874302797e-01
9.997076099269980309e-01
9.997585470204390923e-01
9.998094263175092422e-01
9.998601084900875513e-01
9.999104714525650639e-01
9.999604169327088732e-01
1.000009860585205024e+00
1.000058714638243362e+00
1.000106886365031311e+00
1.000154278737676705e+00
1.000200793651583542e+00
1.000246328458721301e+00
1.000290785500963509e+00
1.000334060730315722e+00
1.000376032479400656e+00
1.000416606787283724e+00
1.000455730884396877e+00
1.000493364071021851e+00
1.000529455009718571e+00
1.000563935866401355e+00
1.000596757775471968e+00
1.000627892271399144e+00
1.000657278445614917e+00
1.000684836542645728e+00
1.000710505786725157e+00
1.000734210823685411e+00
1.000755892325143614e+00
1.000775538584825597e+00
1.000793137317380399e+00
1.000808694208939587e+00
1.000822208595633089e+00
1.000833684200181706e+00
1.000843137590563758e+00
1.000850592817771556e+00
1.000856080829334527e+00
1.000859647917776485e+00
1.000861362664617005e+00
1.000861279976418938e+00
1.000859476659166303e+00
1.000856039123985353e+00
1.000851059984200209e+00
1.000844662467444524e+00
1.000836992144803261e+00
1.000828205517432457e+00
1.000818490305382724e+00
1.000808068143892449e+00
1.000797169729112035e+00
1.000786038115268672e+00
1.000774929813142755e+00
1.000764105867726128e+00
1.000753841160865631e+00
1.000744437190444369e+00
1.000736225496045906e+00
1.000729573229882430e+00
1.000724883661237241e+00
1.000722597098071764e+00
1.000723224874377815e+00
1.000727425348247213e+00
1.000736124494160162e+00
1.000750743410698362e+00
1.000773706310129851e+00
1.000809702088651942e+00
1.000869169749917909e+00
1.000980379174496449e+00
1.001247090459603140e+00
1.002266206097073953e+00
1.008141903661210925e+00
1.001538530004902006e+00
9.988785612675750158e-01
