1.258559893407418695e+00
1.258970232331183770e+00
1.263666037440414280e+00
1.267876950628748389e+00
1.276796148579228296e+00
1.285584588722763044e+00
1.299610523057115108e+00
1.313882773376156665e+00
1.334034232886720517e+00
1.354757833903449837e+00
1.382062477940099177e+00
1.410042585184331232e+00
1.445200510704722996e+00
1.480592865035676109e+00
1.523346641849934180e+00
1.564908145838676212e+00
1.613344775949342003e+00
1.658052690253446926e+00
1.709116888175832516e+00
1.753589885227744727e+00
1.801529147809356024e+00
1.825739789730036255e+00
1.835841185447748325e+00
1.816224984305520485e+00
1.778531163110625091e+00
1.717457242226000158e+00
1.643833163794895968e+00
1.558796325527071369e+00
1.470692568284440727e+00
1.383622209734144182e+00
1.302711822364253091e+00
1.230498147134595044e+00
1.169248885751048572e+00
1.117968867466259120e+00
1.076616243452471311e+00
1.042696810566958066e+00
1.014203785256239554e+00
9.900556980397482443e-01
9.687153084510863321e-01
9.498356910736175385e-01
9.325755752012597766e-01
9.162242295553169047e-01
9.010431210018043924e-01
8.867718023252814108e-01
8.735999233517959262e-01
8.613358864103031198e-01
8.496805275014494008e-01
8.388721299282704269e-01
8.287931727585514663e-01
8.195770482258648570e-01
8.110946050526876006e-01
8.031873250107864903e-01
7.959255319689813035e-01
7.892068942793565300e-01
7.831443949400338500e-01
7.777059312669230007e-01
7.729555913837755643e-01
7.688790996952802326e-01
7.654473082413048024e-01
7.628035086015425570e-01
7.610372515010693784e-01
7.604113549357206514e-01
7.611661993077852850e-01
7.636648804786111411e-01
7.682809420421558011e-01
7.754642143484823391e-01
7.856828429278384096e-01
7.994058557557466305e-01
8.170406031203185648e-01
8.387701117553134633e-01
8.643895203000463434e-01
8.929905228156548302e-01
9.229811720423022336e-01
9.523118548588189736e-01
9.793057259490169919e-01
1.002925352537854753e+00
1.022937520162659597e+00
1.039433551258873711e+00
1.052832788353599724e+00
1.063481818990440919e+00
1.071822125140124538e+00
1.078128425005325131e+00
1.082728287922122945e+00
1.085807986836637928e+00
1.087597431969352657e+00
1.088238499766620127e+00
1.087876186748525376e+00
1.086653504530235903e+00
1.084660473102121658e+00
1.082037265825065209e+00
1.078855194809962281e+00
1.075218388306762307e+00
1.071204501948349597e+00
1.066871672265638393e+00
1.062311302434384208e+00
1.057571235154793898e+00
1.052708716849682702e+00
1.047789225991429651e+00
1.042850056081103594e+00
1.037941187131411924e+00
1.033108369958568140e+00
1.028378850331481020e+00
1.023788356259521137e+00
1.019371470275745706e+00
1.015145112056964116e+00
1.011128751641999557e+00
1.007349859857628482e+00
1.003817613916166085e+00
1.000537674282244716e+00
9.975230038621129003e-01
9.947832816452178983e-01
9.923139692093412290e-01
9.901080394162352638e-01
9.881660011504714847e-01
9.864839567916793284e-01
9.850527540105102897e-01
9.838585408214417516e-01
9.828908506419046232e-01
9.821412346976055030e-01
9.815996518061995690e-01
9.812551187648196338e-01
9.810927059422079877e-01
9.810969156488290599e-01
9.812551882432417605e-01
9.815551596875360385e-01
9.819846025299496795e-01
9.825313773705457443e-01
9.831838546579663163e-01
9.839308571804111780e-01
9.847617951300852157e-01
9.856663188468919312e-01
9.866342502749870791e-01
9.876557057259751637e-01
9.887213837938033656e-01
9.898227179542077314e-01
9.909518790770198704e-01
9.921019110629875071e-01
9.932668508468947000e-01
9.944414541909527561e-01
9.956207325003262332e-01
9.967998820722411280e-01
9.979742553356891754e-01
9.991394302425504748e-01
1.000291093027425804e+00
1.001425258543902075e+00
1.002537996713993129e+00
1.003625144981687312e+00
1.004683396135729323e+00
1.005710588899029645e+00
1.006704989884482204e+00
1.007664742248945755e+00
1.008587687367209051e+00
1.009472192517430589e+00
1.010317180956370242e+00
1.011120857456594635e+00
1.011881024731196455e+00
1.012595995056761788e+00
1.013263776238039870e+00
1.013882810624031849e+00
1.014452728763790335e+00
1.014973164974123820e+00
1.015444220640228545e+00
1.015865849170267010e+00
1.016238119422867348e+00
1.016561408650695331e+00
1.016836275315978089e+00
1.017063446279055983e+00
1.017244008134286393e+00
1.017379583113567021e+00
1.017471455907767997e+00
1.017521435306337318e+00
1.017531552326550681e+00
1.017503984024466401e+00
1.017441638772353052e+00
1.017347959796329970e+00
1.017226654076941017e+00
1.017082177341607219e+00
1.016919798763465055e+00
1.016745002407269061e+00
1.016563563814648852e+00
1.016381570327292261e+00
1.016205200975051515e+00
1.016040943363331506e+00
1.015895890185779304e+00
1.015777804993345912e+00
1.015695231484378569e+00
1.015657468442493938e+00
1.015674537294167568e+00
1.015757917869998916e+00
1.015922242279620580e+00
1.016187957249121032e+00
1.016586344481593907e+00
1.017170807922976872e+00
1.018045152464324143e+00
1.019442732245559036e+00
1.022006520984676037e+00
1.028133266743115781e+00
1.049284285534479277e+00
1.153692357996237927e+00
1.018032279877713719e+00
1.000100217698727478e+00
