1.000000000000000000e+00
9.999627523632486081e-01
9.998338725371154201e-01
9.996055965478475303e-01
9.993017710949871901e-01
9.989920112075357794e-01
9.988114304386230824e-01
9.989864485698463081e-01
9.998649074538218384e-01
1.001947545832311048e+00
1.005913951812133611e+00
1.012642686658264513e+00
1.023220847402912526e+00
1.038944193524556692e+00
1.061306534969693294e+00
1.091871230521822111e+00
1.132045224637370229e+00
1.182141281828579027e+00
1.240115296833113723e+00
1.300940090742989774e+00
1.358461616385235882e+00
1.410751782876192184e+00
1.490557734036180637e+00
1.654507322232515065e+00
1.726697723969636389e+00
1.726271233847783027e+00
1.683933388135707254e+00
1.614093913881003539e+00
1.527972485242621747e+00
1.438100828458369618e+00
1.350926560291044298e+00
1.271582762417094337e+00
1.203167690470329898e+00
1.145938770498922787e+00
1.099855053650014680e+00
1.061921590805524174e+00
1.029842047834555130e+00
1.002470865436040581e+00
9.784577044955312664e-01
9.573067094265154120e-01
9.382073420199098512e-01
9.205006600692365870e-01
9.042430345828474936e-01
8.891881514825524802e-01
8.753589232729743763e-01
8.625392211079552229e-01
8.504600014455305779e-01
8.392151503940129542e-01
8.286924646684620255e-01
8.189318371310134737e-01
8.098134540603799669e-01
8.012101676004537154e-01
7.931631371422063204e-01
7.856365923788339867e-01
7.787635195428549428e-01
7.726285425342779289e-01
7.674188790792536574e-01
7.633159214833232786e-01
7.605351305145092722e-01
7.594297759091928057e-01
7.603394867589796657e-01
7.637008169867273155e-01
7.699160276104881628e-01
7.794018784594544114e-01
7.924765460952161167e-01
8.092799641359419427e-01
8.295317927696875815e-01
8.521968259055958672e-01
8.752716962402244949e-01
8.964049258919206675e-01
9.143884860521274138e-01
9.293872449082809517e-01
9.420508962333370429e-01
9.528651082940047257e-01
9.621729551122550905e-01
9.701729992298607774e-01
9.770491534649005105e-01
9.829176765924955150e-01
9.879122859849212013e-01
9.921185910030172472e-01
9.956415817377413102e-01
9.985487848365843799e-01
1.000925639532722178e+00
1.002827129073604162e+00
1.004322470054711536e+00
1.005456907457792370e+00
1.006276592976769413e+00
1.006829893940984100e+00
1.007147561436428695e+00
1.007275731402929253e+00
1.007239010723845807e+00
1.007069527267189901e+00
1.006791291953808232e+00
1.006420889537345653e+00
1.005986148198131591e+00
1.005499670121161371e+00
1.004975484841045041e+00
1.004431058721674042e+00
1.003874034917493274e+00
1.003315334235499456e+00
1.002764880137190673e+00
1.002226476253992526e+00
1.001706642622986365e+00
1.001211673456359641e+00
1.000742667596059787e+00
1.000301944282284472e+00
9.998939960907572422e-01
9.995188617546763021e-01
9.991758052887201869e-01
9.988665121139270742e-01
9.985920320918550974e-01
9.983504184868824405e-01
9.981397006936580940e-01
9.979598132474185590e-01
9.978100792098304472e-01
9.976887858999236025e-01
9.975936577992041698e-01
9.975232326938744398e-01
9.974765297759976557e-01
9.974523619294273225e-01
9.974494230037685982e-01
9.974658541641273635e-01
9.974997905873624893e-01
9.975498991362032886e-01
9.976148970742360067e-01
9.976934910013326441e-01
9.977844024847878357e-01
9.978864232302021575e-01
9.979984032709677821e-01
9.981192613170889461e-01
9.982479307854540407e-01
9.983833444194404327e-01
9.985244520433936843e-01
9.986702602767258963e-01
9.988198509147729887e-01
9.989723782471936486e-01
9.991270897456843159e-01
9.992833468066786295e-01
9.994405867986315695e-01
9.995982588115956968e-01
9.997558165629722993e-01
9.999127186673655299e-01
1.000068438501577006e+00
1.000222449948094061e+00
1.000374260148557237e+00
1.000523367678679332e+00
1.000669221149981913e+00
1.000811379049805216e+00
1.000949555799988344e+00
1.001083517438486670e+00
1.001213000768906181e+00
1.001337691809707220e+00
1.001457350446256278e+00
1.001571814691523343e+00
1.001680813480683385e+00
1.001784014469035089e+00
1.001881156959613772e+00
1.001971932772790730e+00
1.002056093718954877e+00
1.002133562244793108e+00
1.002204261092251025e+00
1.002268178520922648e+00
1.002325282316044452e+00
1.002375557351152802e+00
1.002419034981922197e+00
1.002455773939643136e+00
1.002485858052102108e+00
1.002509425647855723e+00
1.002526693746129238e+00
1.002537831664029433e+00
1.002543085716321336e+00
1.002542735862380407e+00
1.002537083630155701e+00
1.002526537529749850e+00
1.002511583871175560e+00
1.002492746600228468e+00
1.002470658209302812e+00
1.002446068952800973e+00
1.002419759500347229e+00
1.002392552166020412e+00
1.002365314297905208e+00
1.002338926398028018e+00
1.002314313844362426e+00
1.002292490411173187e+00
1.002274568461827498e+00
1.002261775775664221e+00
1.002255453202259838e+00
1.002257051396028276e+00
1.002268239152909191e+00
1.002291151101663891e+00
1.002328776453627279e+00
1.002385690516623074e+00
1.002469695461840171e+00
1.002595909813753128e+00
1.002798061655993500e+00
1.003167624142786485e+00
1.004040260012439845e+00
1.007336367231488561e+00
1.025290850810371079e+00
1.003542612035861481e+00
9.985202007774032218e-01
