9.848330899634714086e-01
9.857211856557756002e-01
9.859127623235927063e-01
9.872009859211812177e-01
9.876922580690070674e-01
9.892014161558533303e-01
9.906919448966373665e-01
9.930753179727397351e-01
9.962156773220587347e-01
1.000569302959277485e+00
1.006383511635845940e+00
1.014039330293603047e+00
1.023901848515360591e+00
1.036353750606379132e+00
1.051755650664297548e+00
1.070421230807622415e+00
1.092579001013008089e+00
1.118330025437189068e+00
1.147601623095324319e+00
1.180101195774524214e+00
1.215274614233537109e+00
1.252274020066485249e+00
1.289938578601102392e+00
1.326792279965867571e+00
1.361068040644851651e+00
1.390783024781342192e+00
1.413898610802846845e+00
1.428555204750890706e+00
1.433321904799660373e+00
1.427391312868014461e+00
1.410671415567640752e+00
1.383775465578719333e+00
1.347928120496257876e+00
1.304822592794321334e+00
1.256462046898588536e+00
1.204990788028473814e+00
1.152543109675673971e+00
1.101105639840879169e+00
1.052383858911071002e+00
1.007697530032493072e+00
9.678932302494624995e-01
9.333246325654446229e-01
9.039005444565614278e-01
8.791609395724491183e-01
8.584138375176728619e-01
8.408659883496111265e-01
8.257608519294969973e-01
8.124906188733925783e-01
8.006172296556655077e-01
7.898832894217734379e-01
7.801784439505293767e-01
7.715268811413723560e-01
7.640813755382931394e-01
7.580835844023756653e-01
7.538486138295552585e-01
7.517177403674057956e-01
7.520341618479414736e-01
7.551031972044109919e-01
7.611603110195680477e-01
7.703328887845176665e-01
7.825501614201152423e-01
7.974592746917517072e-01
8.143515153530713757e-01
8.322139485974873185e-01
8.499337565935607408e-01
8.666005580534709152e-01
8.817167966221240993e-01
8.951946528565255523e-01
9.071855976969414037e-01
9.178948496827963321e-01
9.274867288253554332e-01
9.360754417461522037e-01
9.437503968467600979e-01
9.505923918956579177e-01
9.566790187066616102e-01
9.620822428102567825e-01
9.668689368006473384e-01
9.710998466479002778e-01
9.748313815987497133e-01
9.781146181452692323e-01
9.809968263679296196e-01
9.835205537030402567e-01
9.857251568996606705e-01
9.876458271493665508e-01
9.893148602989814133e-01
9.907605411960528352e-01
9.920084589006736842e-01
9.930821870868364876e-01
9.940026079049222307e-01
9.947895537596398441e-01
9.954598614082414976e-01
9.960288938511594470e-01
9.965098796232546574e-01
9.969142696368679113e-01
9.972535493041952970e-01
9.975367459890541744e-01
9.977719328857096448e-01
9.979669746354880022e-01
9.981278765501337968e-01
9.982603645582305285e-01
9.983695880904364106e-01
9.984592599234388688e-01
9.985331385147535599e-01
9.985946896107820159e-01
9.986460981972939965e-01
9.986895277036301755e-01
9.987274274114201766e-01
9.987611585095095279e-01
9.987916948931689909e-01
9.988204641395551642e-01
9.988486640851516052e-01
9.988766639975905637e-01
9.989047203230766447e-01
9.989334906232815170e-01
9.989634493889218980e-01
9.989947303858671690e-01
9.990272716905033157e-01
9.990611702368601410e-01
9.990966143883269757e-01
9.991337059480658311e-01
9.991724715567343873e-01
9.992127631928570120e-01
9.992544006384475042e-01
9.992973150780699587e-01
9.993414305803043352e-01
9.993866447494181848e-01
9.994328380980781468e-01
9.994798904144864826e-01
9.995276796672680764e-01
9.995760857626113660e-01
9.996249776704764223e-01
9.996742103165648929e-01
9.997236305071196538e-01
9.997730886456138721e-01
9.998224447058348119e-01
9.998715684957981686e-01
9.999203460701022728e-01
9.999686860927821108e-01
1.000016510343842313e+00
1.000063737030630451e+00
1.000110279343914721e+00
1.000156046108073848e+00
1.000200944908367751e+00
1.000244878766868739e+00
1.000287755345640184e+00
1.000329476000513695e+00
1.000369924974380487e+00
1.000409013071476227e+00
1.000446690655249160e+00
1.000482919609742893e+00
1.000517651481151793e+00
1.000550821841433402e+00
1.000582384457077367e+00
1.000612312676128157e+00
1.000640548534844854e+00
1.000667015861058218e+00
1.000691656715283706e+00
1.000714399068844962e+00
1.000735186287944334e+00
1.000754007572491000e+00
1.000770851530548455e+00
1.000785724053483428e+00
1.000798624891125810e+00
1.000809557997218047e+00
1.000818539679332542e+00
1.000825593436605487e+00
1.000830749397473074e+00
1.000834052459396828e+00
1.000835568980222856e+00
1.000835352139124668e+00
1.000833476204783690e+00
1.000830024694974396e+00
1.000825087100926547e+00
1.000818782403201324e+00
1.000811251107226019e+00
1.000802644252259288e+00
1.000793142956062143e+00
1.000782961014822448e+00
1.000772320967082019e+00
1.000761457273992905e+00
1.000750617382823782e+00
1.000740053140297903e+00
1.000730029762849194e+00
1.000720838159527615e+00
1.000712798252112901e+00
1.000706264371866494e+00
1.000701625793001481e+00
1.000699307696076623e+00
1.000699804029377304e+00
1.000703750925467928e+00
1.000712043247441230e+00
1.000726054485326477e+00
1.000748127660290088e+00
1.000782794276950716e+00
1.000840142011809375e+00
1.000947487235788858e+00
1.001205086717540604e+00
1.002189700571046505e+00
1.007873914407411586e+00
1.001498317820012529e+00
9.988989806681034533e-01
