9.878272965020732377e-01
9.876957378130849508e-01
9.888594989298966631e-01
9.883623104094059197e-01
9.896845580843872670e-01
9.900087961892818367e-01
9.915346350018968691e-01
9.932151782614070390e-01
9.959237604569428637e-01
9.996281315202849571e-01
1.004763828262052128e+00
1.011626934494657348e+00
1.020603177766208569e+00
1.032066407538837716e+00
1.046385835205057901e+00
1.063888781938848949e+00
1.084827552474816770e+00
1.109336859901264738e+00
1.137387809716896792e+00
1.168740835917694731e+00
1.202902315043275383e+00
1.239089706348392106e+00
1.276208931497482046e+00
1.312847921734756174e+00
1.347294302840287950e+00
1.377600160118477080e+00
1.401729422021830151e+00
1.417786764533253585e+00
1.424272686901941753e+00
1.420290916261738756e+00
1.405653814668691215e+00
1.380882038341687990e+00
1.347114976270284536e+00
1.305967934342102899e+00
1.259371795123851223e+00
1.209402898049501296e+00
1.158132535131464191e+00
1.107492914721321942e+00
1.059150408721884373e+00
1.014409763808108211e+00
9.741351878671417053e-01
9.387346911955803952e-01
9.082044811018231689e-01
8.821934948641914076e-01
8.601235551788585232e-01
8.413042377102937230e-01
8.250607827945677375e-01
8.108428760965751270e-01
7.982479541716619442e-01
7.870367623000921187e-01
7.771042982888256567e-01
7.684710454905675503e-01
7.612791467894528541e-01
7.557533886518754684e-01
7.521860526739120312e-01
7.508895862605406979e-01
7.521718927534080112e-01
7.562947399871084997e-01
7.634370542010003868e-01
7.736499425569161037e-01
7.867621762846452871e-01
8.023040515796466821e-01
8.194660213509253888e-01
8.372027349700552623e-01
8.544738998726238988e-01
8.705231340419492536e-01
8.850111573611875171e-01
8.979435107549489370e-01
9.094885478021798031e-01
9.198274829618846571e-01
9.290984579799164145e-01
9.374025821405039816e-01
9.448255264466535186e-01
9.514465732307039181e-01
9.573410839636048442e-01
9.625782996712846096e-01
9.672224806830683752e-01
9.713320177348908624e-01
9.749611523145258474e-01
9.781589416635085854e-01
9.809707787114504418e-01
9.834374746193906836e-01
9.855967859975365286e-01
9.874824400134358804e-01
9.891254108294532665e-01
9.905528023847440799e-01
9.917891430080778559e-01
9.928570350477414763e-01
9.937764597692986257e-01
9.945664227796421342e-01
9.952430267475010917e-01
9.958210012978959691e-01
9.963130350620378328e-01
9.967300991392077369e-01
9.970832293600760954e-01
9.973810805818034142e-01
9.976314107822494837e-01
9.978417908720438323e-01
9.980179969532498863e-01
9.981655526030595027e-01
9.982894322641683305e-01
9.983932384826125217e-01
9.984806193769640847e-01
9.985549397390787174e-01
9.986183507279388083e-01
9.986729801255262995e-01
9.987212160471822253e-01
9.987644191809122995e-01
9.988035867160384162e-01
9.988401303640215279e-01
9.988752397086604340e-01
9.989093308202964261e-01
9.989427113789488555e-01
9.989760542189954906e-01
9.990098552573042356e-01
9.990442924675432268e-01
9.990793590268617352e-01
9.991151905465287530e-01
9.991520022586476424e-01
9.991899257074374763e-01
9.992290206485862081e-01
9.992691830443615197e-01
9.993102765928243425e-01
9.993522650122917961e-01
9.993951028471653730e-01
9.994387182642405776e-01
9.994830218040683389e-01
9.995279215799601769e-01
9.995733223891933861e-01
9.996191293365596087e-01
9.996652361243728580e-01
9.997115223300991893e-01
9.997578589489506395e-01
9.998041192469570015e-01
9.998501843300663383e-01
9.998959434635764643e-01
9.999413000352973535e-01
9.999861774690318450e-01
1.000030510575045994e+00
1.000074230290195265e+00
1.000117262413744657e+00
1.000159528249028762e+00
1.000200947520569539e+00
1.000241435356862274e+00
1.000280910781637056e+00
1.000319286699600241e+00
1.000356459999600656e+00
1.000392351675120306e+00
1.000426918774600438e+00
1.000460128691377459e+00
1.000491939130090824e+00
1.000522292949056924e+00
1.000551149540130025e+00
1.000578486119288346e+00
1.000604251027136904e+00
1.000628375771612788e+00
1.000650808488602994e+00
1.000671484279741952e+00
1.000690352286670803e+00
1.000707403639755633e+00
1.000722628852053875e+00
1.000736034240613304e+00
1.000747620430523677e+00
1.000757391858630996e+00
1.000765364259399881e+00
1.000771559932601251e+00
1.000776007233005416e+00
1.000778748046017741e+00
1.000779843935355906e+00
1.000779344353796452e+00
1.000777318101588875e+00
1.000773842462279184e+00
1.000769000200885328e+00
1.000762901151909912e+00
1.000755674913886839e+00
1.000747460766648667e+00
1.000738425615359084e+00
1.000728766383035540e+00
1.000718688049268001e+00
1.000708406578827869e+00
1.000698149909700074e+00
1.000688150088126838e+00
1.000678651523479346e+00
1.000669922329149530e+00
1.000662257414734135e+00
1.000655983506728131e+00
1.000651459742260219e+00
1.000649078719019203e+00
1.000649296929307708e+00
1.000652702614728717e+00
1.000660123592795436e+00
1.000672830749195441e+00
1.000692992123082270e+00
1.000724800025875938e+00
1.000777585027848415e+00
1.000876608745379759e+00
1.001114578282081391e+00
1.002024841530314347e+00
1.007295552275315753e+00
1.001410491994304097e+00
9.989447354145457592e-01
