9.541050023447170680e-01
9.591255031072294379e-01
9.639652785505087307e-01
9.694764785776401883e-01
9.748811275277418087e-01
9.810926228091432222e-01
9.877705342559880419e-01
9.954742539735530471e-01
1.004315201395662882e+00
1.014687938615765450e+00
1.026903013253274821e+00
1.041330521727945824e+00
1.058319529657894664e+00
1.078196540775805401e+00
1.101228058067222237e+00
1.127587277792250875e+00
1.157313288217784120e+00
1.190268561522912716e+00
1.226096912566787767e+00
1.264186238395252682e+00
1.303640275230416812e+00
1.343263211863789497e+00
1.381560230668306577e+00
1.416761891843126620e+00
1.446892695035708387e+00
1.469912585636761415e+00
1.483931571579307551e+00
1.487444637339513598e+00
1.479530593656916970e+00
1.459976259056632308e+00
1.429305510232470988e+00
1.388729725575631679e+00
1.340037713692756594e+00
1.285448490805874755e+00
1.227446612049940766e+00
1.168596291603642090e+00
1.111358807326436660e+00
1.057910084533068229e+00
1.009957684530500721e+00
9.685994152797228196e-01
9.342322467396291241e-01
9.065821592680766150e-01
8.848510453854573354e-01
8.679081046546134326e-01
8.545207200102812317e-01
8.435273337526990600e-01
8.339644729507130760e-01
8.251376517881665595e-01
8.165937349825768132e-01
8.080921103253284610e-01
7.995469500335660173e-01
7.910027042173594092e-01
7.826272092492653210e-01
7.746796665521411551e-01
7.675046931281227502e-01
7.614956796702623265e-01
7.570790041920658631e-01
7.546834259315813309e-01
7.547259468630886925e-01
7.576040611620288301e-01
7.636490512407957398e-01
7.730775581157431908e-01
7.858876720072980326e-01
8.017446245533607074e-01
8.198827138763025157e-01
8.391423449133064150e-01
8.582044604868147575e-01
8.759577375394800303e-01
8.917859157172978168e-01
9.056015503081162876e-01
9.176512498280054997e-01
9.282611146288567427e-01
9.376817864313448103e-01
9.460618020894040470e-01
9.534930626099561435e-01
9.600529409950384618e-01
9.658214019535432682e-01
9.708772224612889357e-01
9.752944069541934491e-01
9.791394864495384098e-01
9.824735630469237924e-01
9.853519540365037743e-01
9.878258371544071936e-01
9.899412282957069653e-01
9.917401951018134376e-01
9.932597788950263684e-01
9.945334480886263151e-01
9.955919920726323813e-01
9.964630008774139069e-01
9.971724760650307884e-01
9.977427665096174625e-01
9.981939897819918084e-01
9.985434458507829181e-01
9.988062088575672126e-01
9.989970784600163967e-01
9.991279140993228891e-01
9.992091921143784194e-01
9.992509283687078803e-01
9.992608842353600807e-01
9.992462910770467666e-01
9.992135573916393065e-01
9.991672360209964410e-01
9.991118673114903759e-01
9.990516021538115021e-01
9.989888573436488395e-01
9.989260111417250787e-01
9.988658893731446886e-01
9.988098069191253536e-01
9.987584948656600403e-01
9.987134257662860781e-01
9.986757951787491594e-01
9.986455416940659413e-01
9.986224445265089456e-01
9.986069699738640004e-01
9.985993695046972984e-01
9.985993653111305823e-01
9.986063953599058074e-01
9.986201916812096346e-01
9.986406818308812827e-01
9.986676884390567333e-01
9.987009289758789210e-01
9.987398584821296499e-01
9.987839016944534132e-01
9.988326908676991023e-01
9.988858722563289660e-01
9.989430661956946178e-01
9.990038817635789048e-01
9.990679429541260426e-01
9.991348859990309972e-01
9.992043639443641823e-01
9.992760239664720823e-01
9.993495008312113237e-01
9.994244260151343706e-01
9.995004466894013007e-01
9.995772350883056490e-01
9.996544882836535528e-01
9.997319383438538765e-01
9.998093624320745221e-01
9.998865660939963984e-01
9.999633543930499524e-01
1.000039528840479974e+00
1.000114888104673971e+00
1.000189232869932221e+00
1.000262359921722188e+00
1.000334077312327707e+00
1.000404185479880859e+00
1.000472458751606508e+00
1.000538719128313492e+00
1.000602858193817557e+00
1.000664789269286370e+00
1.000724409981426977e+00
1.000781592570349154e+00
1.000836241721541953e+00
1.000888296746527573e+00
1.000937645077126126e+00
1.000984144344950533e+00
1.001027684114299099e+00
1.001068131014376972e+00
1.001105378661747869e+00
1.001139399227788385e+00
1.001170164592842138e+00
1.001197676511414114e+00
1.001221926822057684e+00
1.001242914924248772e+00
1.001260661568479371e+00
1.001275200037684998e+00
1.001286575138081059e+00
1.001294856978195646e+00
1.001300152265616417e+00
1.001302545469931582e+00
1.001302156941249910e+00
1.001299122783886331e+00
1.001293589252353122e+00
1.001285752638032989e+00
1.001275845706911971e+00
1.001264118990642382e+00
1.001250873924076634e+00
1.001236467203908465e+00
1.001221270073327174e+00
1.001205673631711202e+00
1.001190090530752697e+00
1.001174940245961320e+00
1.001160664106834020e+00
1.001147745938415934e+00
1.001136717282867350e+00
1.001128165937853032e+00
1.001122735897337357e+00
1.001121127455615989e+00
1.001124150486180753e+00
1.001132844758909624e+00
1.001148669927390156e+00
1.001173863548753706e+00
1.001212242149828846e+00
1.001271194044559776e+00
1.001367184618851214e+00
1.001544839617405813e+00
1.001967998314730046e+00
1.003578723711233023e+00
1.012706686798992894e+00
1.002189993699633463e+00
9.985857730885325800e-01
