9.338279277103014309e-01
9.424301159269695694e-01
9.498345185135267377e-01
9.594889632044052430e-01
9.676757655456986740e-01
9.778358764414297744e-01
9.878523370646369317e-01
9.993435076316671273e-01
1.011852797991760644e+00
1.026019569451048108e+00
1.042022332581559407e+00
1.060240572893040856e+00
1.080966338319916176e+00
1.104476045014079588e+00
1.130967405553884308e+00
1.160533586396107042e+00
1.193121168432881518e+00
1.228490351803115832e+00
1.266176293999873970e+00
1.305456647423743899e+00
1.345328959680963665e+00
1.384501471695801511e+00
1.421401064187073127e+00
1.454209658335939626e+00
1.480953466429133947e+00
1.499666775614781677e+00
1.508612053999900171e+00
1.506499683367627407e+00
1.492661874284048951e+00
1.467152108119440745e+00
1.430755579819903200e+00
1.384928548576872753e+00
1.331681566990170262e+00
1.273425371118764415e+00
1.212795721175981889e+00
1.152452502168418658e+00
1.094879732389375970e+00
1.042187643158449140e+00
9.959230434425642153e-01
9.569386382604595509e-01
9.253340305656209130e-01
9.005352896392829765e-01
8.814937935903121025e-01
8.669116566217448527e-01
8.554795266130358344e-01
8.460326983412728152e-01
8.376500306233238824e-01
8.296980169406871219e-01
8.217832751094208410e-01
8.137114069649553638e-01
8.054234854378695685e-01
7.969699328594450627e-01
7.885054351794712479e-01
7.802617784047036764e-01
7.725482455623611244e-01
7.657227525012884062e-01
7.601834239454005049e-01
7.563444714051389406e-01
7.546280248986081407e-01
7.554629376066339663e-01
7.592487577783114672e-01
7.663250997126513919e-01
7.768905593333187420e-01
7.908997097521727193e-01
8.079268461192846695e-01
8.270847034095878403e-01
8.470967756407244975e-01
8.665836382688263395e-01
8.844527654576200826e-01
9.001635209302559781e-01
9.137207606768856794e-01
9.254459332873354871e-01
9.357130203703500904e-01
9.447932115240923467e-01
9.528394210679161924e-01
9.599391581299675513e-01
9.661671342155929709e-01
9.716027269281103385e-01
9.763277795328604292e-01
9.804182408265320614e-01
9.839430980732633003e-01
9.869641332341738682e-01
9.895383284256764611e-01
9.917170964079018436e-01
9.935474257454284253e-01
9.950707814287508279e-01
9.963246179829026161e-01
9.973433766702461956e-01
9.981580472688992289e-01
9.987977678067950782e-01
9.992877108390573193e-01
9.996504447035834406e-01
9.999053829414540351e-01
1.000069474275576464e+00
1.000159204439629246e+00
1.000187912568297310e+00
1.000167342787090075e+00
1.000108609907770729e+00
1.000020405069009799e+00
9.999107416438139939e-01
9.997866603285296971e-01
9.996531671935825480e-01
9.995151920442022497e-01
9.993772038225754439e-01
9.992417414394229036e-01
9.991112764650705858e-01
9.989887822636714931e-01
9.988755310498925732e-01
9.987721030935362565e-01
9.986799529885460602e-01
9.986002394533949333e-01
9.985326417034612323e-01
9.984766447124440170e-01
9.984325711878734300e-01
9.984005235236920184e-01
9.983799680920968367e-01
9.983700366507934909e-01
9.983702297982378626e-01
9.983803064689515949e-01
9.983999137426945447e-01
9.984285742065802660e-01
9.984654992818223773e-01
9.985098715660450930e-01
9.985611364037069171e-01
9.986187678010334245e-01
9.986822147088687540e-01
9.987509187715897241e-01
9.988243462199317690e-01
9.989019844410926829e-01
9.989833468225690627e-01
9.990679444092572803e-01
9.991552772565646112e-01
9.992448454117063283e-01
9.993361721285416444e-01
9.994288152212797982e-01
9.995223665595486251e-01
9.996164643870780742e-01
9.997108055599324139e-01
9.998051245774980389e-01
9.998991575619639027e-01
9.999926381666223163e-01
1.000085298321128136e+00
1.000176874072744804e+00
1.000267098176324199e+00
1.000355718694517337e+00
1.000442475458524161e+00
1.000527077103947393e+00
1.000609292449429866e+00
1.000688977647882227e+00
1.000766016712444362e+00
1.000840274900647531e+00
1.000911586658499441e+00
1.000979827306573755e+00
1.001044915668794832e+00
1.001106706703315474e+00
1.001165018819959229e+00
1.001219710420867104e+00
1.001270611857870030e+00
1.001317587312588575e+00
1.001360598732518925e+00
1.001399608002617958e+00
1.001434614267122436e+00
1.001465604564044654e+00
1.001492575469042245e+00
1.001515550192684900e+00
1.001534567616947591e+00
1.001549681020704963e+00
1.001560975164613509e+00
1.001568580277981901e+00
1.001572599045889023e+00
1.001573178695805533e+00
1.001570486021181594e+00
1.001564700411237574e+00
1.001556063331608515e+00
1.001544861481732607e+00
1.001531403561017886e+00
1.001516061373118216e+00
1.001499275214783991e+00
1.001481503322507738e+00
1.001463228426012320e+00
1.001444959811551794e+00
1.001427214987530068e+00
1.001410538258828975e+00
1.001395526233836986e+00
1.001382834143567102e+00
1.001373186195176457e+00
1.001367375125599368e+00
1.001366261741222674e+00
1.001370840070189283e+00
1.001382385010142206e+00
1.001402685070045928e+00
1.001434480778802927e+00
1.001482446330995701e+00
1.001555633051983696e+00
1.001674219207312921e+00
1.001892906384439508e+00
1.002412528356373844e+00
1.004387426665904304e+00
1.015493820017819626e+00
1.002565961859866350e+00
9.984436376292838977e-01
