1.086739265516585728e+00
1.087173077490663387e+00
1.091630909318181297e+00
1.096067658069187489e+00
1.104505512001278777e+00
1.113850113178441070e+00
1.127327842330232421e+00
1.142770252180360435e+00
1.162636156892476347e+00
1.185627877490737836e+00
1.213419296799361780e+00
1.245465285599560934e+00
1.282557307530202140e+00
1.324661407356607645e+00
1.371506161774907362e+00
1.423149372240505306e+00
1.478172762843495969e+00
1.536293408693598428e+00
1.595740766086152229e+00
1.656118622655915473e+00
1.717002148830108377e+00
1.768438348669524096e+00
1.795495784314195653e+00
1.798797809779769219e+00
1.773427987349018853e+00
1.726285792636339966e+00
1.658527074784802435e+00
1.578659728999407541e+00
1.490564000491620078e+00
1.402369056592539742e+00
1.317920204666566786e+00
1.241959028602282800e+00
1.176854478906983248e+00
1.122519792984720599e+00
1.078925761526586813e+00
1.043569412545304553e+00
1.014264893617126573e+00
9.897177188501763423e-01
9.682600043399720580e-01
9.493908285208954023e-01
9.322098928566815434e-01
9.159871924870408577e-01
9.009184931837336263e-01
8.867474980045495503e-01
8.736365086352991804e-01
8.614063994938243596e-01
8.497824833092924024e-01
8.389824859115596611e-01
8.289008845938082848e-01
8.196577312326857045e-01
8.111323175142650665e-01
8.031762494538533526e-01
7.958508273841230496e-01
7.890623079393314088e-01
7.829157813487982454e-01
7.773887505706029710e-01
7.725518795086295798e-01
7.684116686452253653e-01
7.649707009313134742e-01
7.623993350018196669e-01
7.608304619511195854e-01
7.605633946035030846e-01
7.618847477186184713e-01
7.651947949741818578e-01
7.709019558309591069e-01
7.794723340897830033e-01
7.913620790500223157e-01
8.069664188417245976e-01
8.265001845907675726e-01
8.497494025439569221e-01
8.758346353369566017e-01
9.030022912157351644e-01
9.291121115797071894e-01
9.524733472742795692e-01
9.724909768086219541e-01
9.892241130501194801e-01
1.003115526705876892e+00
1.014544154288248956e+00
1.023920118807330137e+00
1.031488984114153240e+00
1.037526384357017939e+00
1.042187005697492008e+00
1.045673389838425171e+00
1.048100053045373015e+00
1.049622856879081745e+00
1.050339209959193720e+00
1.050351933178326869e+00
1.049768104337178265e+00
1.048653695615619830e+00
1.047115826226210133e+00
1.045208062228730972e+00
1.043008136796024665e+00
1.040573743059391099e+00
1.037945696212191571e+00
1.035192453273234614e+00
1.032346430048168395e+00
1.029446124825739828e+00
1.026537258419845777e+00
1.023642008521328695e+00
1.020791860476536250e+00
1.018015050256803056e+00
1.015324670067237589e+00
1.012740497281266805e+00
1.010281374051401393e+00
1.007952534028009328e+00
1.005761756831692555e+00
1.003722607330244543e+00
1.001835905650639624e+00
1.000100185298476330e+00
9.985200430666408833e-01
9.970981094707812575e-01
9.958279171999672164e-01
9.947022823038730310e-01
9.937195504247143818e-01
9.928758824854042597e-01
9.921643095156301717e-01
9.915756467206485736e-01
9.911032262755512523e-01
9.907419443975364892e-01
9.904860122069161221e-01
9.903292805895617112e-01
9.902635941245031548e-01
9.902807148456588271e-01
9.903742674925813949e-01
9.905380946986652724e-01
9.907661196168784379e-01
9.910523659524675955e-01
9.913911653817982783e-01
9.917771150506788924e-01
9.922051274439009916e-01
9.926702297909043571e-01
9.931675115227304174e-01
9.936921866711865281e-01
9.942397432192742190e-01
9.948060168954767635e-01
9.953871852296755085e-01
9.959798422313124178e-01
9.965810696731366436e-01
9.971882910213285545e-01
9.977990241600855903e-01
9.984108482299832721e-01
9.990213960133844662e-01
9.996283911903920405e-01
1.000229589280065667e+00
1.000822899511806474e+00
1.001406231092385246e+00
1.001977336115599471e+00
1.002534409230823709e+00
1.003076255311547760e+00
1.003601896440245556e+00
1.004110268027303077e+00
1.004600128853655905e+00
1.005070523928657478e+00
1.005520801262262287e+00
1.005949907438196789e+00
1.006356564414828458e+00
1.006739771636312009e+00
1.007098356684209994e+00
1.007431382040832268e+00
1.007738562458392106e+00
1.008019616624675319e+00
1.008274518166618172e+00
1.008503163381048617e+00
1.008705514734207220e+00
1.008881709718473907e+00
1.009031989485055236e+00
1.009156690848256321e+00
1.009256354714418213e+00
1.009331820308210226e+00
1.009383744589456233e+00
1.009413076098713891e+00
1.009420889373206176e+00
1.009408340802587123e+00
1.009376991899252562e+00
1.009328699562958453e+00
1.009265464881898167e+00
1.009189701205851497e+00
1.009104269238190632e+00
1.009012145990814791e+00
1.008916466965226633e+00
1.008820537949306040e+00
1.008727713554511407e+00
1.008641516888036049e+00
1.008565803464113397e+00
1.008504798058797336e+00
1.008463155825398916e+00
1.008445949387022145e+00
1.008458651060028632e+00
1.008507536783426639e+00
1.008600615311807669e+00
1.008749085643065202e+00
1.008970081703574717e+00
1.009292840409601322e+00
1.009774125106320364e+00
1.010541115850120741e+00
1.011942266214795660e+00
1.015270493879044000e+00
1.027284902234666841e+00
1.089482347696161701e+00
1.010808770204979501e+00
9.983778804822511788e-01
