9.628963352739491333e-01
9.668168365994834756e-01
9.698785331467834059e-01
9.744609253063121201e-01
9.780480564756861561e-01
9.830404288242865496e-01
9.880472458806568437e-01
9.942524412852428162e-01
1.001436257225145843e+00
1.010147206822051613e+00
1.020635230143732475e+00
1.033303096080583350e+00
1.048505384654701222e+00
1.066592158467337903e+00
1.087857883097593348e+00
1.112513215689489465e+00
1.140643034835747915e+00
1.172163648434183969e+00
1.206779224837678743e+00
1.243942258180144256e+00
1.282822330781342890e+00
1.322287272149063497e+00
1.360899683909208457e+00
1.396935386129847023e+00
1.428441490150837767e+00
1.453364128484795792e+00
1.469755655802458261e+00
1.476014426591325979e+00
1.471096210139638760e+00
1.454652302021839372e+00
1.427069575322446937e+00
1.389427316725366568e+00
1.343390169626490049e+00
1.291063235339793058e+00
1.234831487363106106e+00
1.177180973564153188e+00
1.120525983097997891e+00
1.067037580706688527e+00
1.018469452750431881e+00
9.760183277815532854e-01
9.402234817312075110e-01
9.109745069630812431e-01
8.876290507004065411e-01
8.691790718860039622e-01
8.544689356611335773e-01
8.423702363941441007e-01
8.319208193897672521e-01
8.224101673169231796e-01
8.133639619693204814e-01
8.045233520236594327e-01
7.957911557231456268e-01
7.872085494703380260e-01
7.789471860682494198e-01
7.712744477946957833e-01
7.645442553345428438e-01
7.591567874631158785e-01
7.555396746244275041e-01
7.541149114605403270e-01
7.552818581656920438e-01
7.594051630514957463e-01
7.667602874234271670e-01
7.774736098843300081e-01
7.914088036327934228e-01
8.080598070024641588e-01
8.264982741459331317e-01
8.454924796500059569e-01
8.638085013205016871e-01
8.805587677372676003e-01
8.953804725886571614e-01
9.083519457679400944e-01
9.197566782031503241e-01
9.298722362116079720e-01
9.388859150757492555e-01
9.469096298270550660e-01
9.540261672542699189e-01
9.603141804545489713e-01
9.658532429691536469e-01
9.707183349959775942e-01
9.749787601851709340e-01
9.786969945684584893e-01
9.819307437289042095e-01
9.847322505562382533e-01
9.871498289592836040e-01
9.892268620132805834e-01
9.910030410409208512e-01
9.925132757043509946e-01
9.937891140114974986e-01
9.948595864940293909e-01
9.957506469427424012e-01
9.964867897983403777e-01
9.970890123421777274e-01
9.975762639830336731e-01
9.979648409472891002e-01
9.982689251830760835e-01
9.985025092662885848e-01
9.986767518506736163e-01
9.988015322294575560e-01
9.988863428399847866e-01
9.989385078364844128e-01
9.989648886425951391e-01
9.989715905554691355e-01
9.989629560252324403e-01
9.989433381744535767e-01
9.989167294009347886e-01
9.988854902311091744e-01
9.988519518587374302e-01
9.988188596429662391e-01
9.987875454431677236e-01
9.987588077779639972e-01
9.987341187140371668e-01
9.987146834362878867e-01
9.987005564996077611e-01
9.986916469588199563e-01
9.986884792946555400e-01
9.986913684380762657e-01
9.987001488421748396e-01
9.987143935697202490e-01
9.987339350833984719e-01
9.987587735315689441e-01
9.987888080827819204e-01
9.988238409667609119e-01
9.988634344167343082e-01
9.989071197411014680e-01
9.989546106878550713e-01
9.990056289245102805e-01
9.990598699108471648e-01
9.991170161685118956e-01
9.991767608876191975e-01
9.992388056295641308e-01
9.993028647363645378e-01
9.993686452084626914e-01
9.994358410886375887e-01
9.995041417473722323e-01
9.995732489639254092e-01
9.996428854047983981e-01
9.997127945267140214e-01
9.997827497595727086e-01
9.998525636340021006e-01
9.999220729734592528e-01
9.999911132356495980e-01
1.000059515885326933e+00
1.000127109088580379e+00
1.000193722123926099e+00
1.000259180144487559e+00
1.000323317789222566e+00
1.000385962390200278e+00
1.000446917489888232e+00
1.000506028721032337e+00
1.000563203369677856e+00
1.000618367741374914e+00
1.000671433835808255e+00
1.000722290718502272e+00
1.000770856134933329e+00
1.000817078486377021e+00
1.000860859685255289e+00
1.000902074879758574e+00
1.000940627540835459e+00
1.000976400513869713e+00
1.001009300572371918e+00
1.001039304433769761e+00
1.001066388433316190e+00
1.001090555467937238e+00
1.001111799505417510e+00
1.001130121189124589e+00
1.001145540145062629e+00
1.001158087125072260e+00
1.001167803115961874e+00
1.001174751635904858e+00
1.001179028822313244e+00
1.001180710955387854e+00
1.001179906308424350e+00
1.001176737198732791e+00
1.001171334996167062e+00
1.001163875706057471e+00
1.001154567878627999e+00
1.001143635929530928e+00
1.001131349703833884e+00
1.001118028372477209e+00
1.001104004129262037e+00
1.001089626941709554e+00
1.001075266081835835e+00
1.001061297013932982e+00
1.001048114833495983e+00
1.001036152724330996e+00
1.001025886684509425e+00
1.001017843245335825e+00
1.001012599578023909e+00
1.001010783839010765e+00
1.001013123104928848e+00
1.001020551399959269e+00
1.001034380449468797e+00
1.001056621531449586e+00
1.001090705308211204e+00
1.001143271933045975e+00
1.001229116455908175e+00
1.001388331384197139e+00
1.001768107403883112e+00
1.003214911081589333e+00
1.011446956062697300e+00
1.002015405741481846e+00
9.986579402750545009e-01
