9.926516175468421688e-01
9.920215160349813432e-01
9.927834274464023556e-01
9.917059830710653889e-01
9.925567074111052435e-01
9.922401814997320324e-01
9.931143636118247020e-01
9.939960802675985585e-01
9.957859670419924036e-01
9.983940981897415634e-01
1.002237175053056095e+00
1.007580625208785552e+00
1.014791929765324285e+00
1.024234943597385206e+00
1.036283392807248349e+00
1.051286531070156682e+00
1.069539523415120819e+00
1.091243254483663661e+00
1.116459402247202526e+00
1.145062589584069812e+00
1.176694031190030909e+00
1.210721494640652596e+00
1.246209518087313617e+00
1.281903569693684464e+00
1.316233719842179406e+00
1.347356053305182266e+00
1.373269094332661089e+00
1.392022504363980895e+00
1.401978928585360773e+00
1.402049559395418088e+00
1.391833702769017966e+00
1.371645326683017529e+00
1.342436668034684644e+00
1.305656387623145731e+00
1.263083803439621677e+00
1.216652630554205361e+00
1.168297933165958202e+00
1.119826107910694590e+00
1.072799789820244598e+00
1.028460150142987306e+00
9.876687422775427549e-01
9.509069539824862582e-01
9.183223288056469036e-01
8.897784318473913601e-01
8.649450054875017502e-01
8.433776874348604125e-01
8.246164882882608405e-01
8.082770708866149345e-01
7.940700146266785886e-01
7.818210030536144606e-01
7.714500328988026512e-01
7.629715302478951022e-01
7.564970701665802988e-01
7.522002726108961701e-01
7.503043666357425145e-01
7.510362724736788786e-01
7.546007336564829471e-01
7.611333168500981072e-01
7.706519471421372502e-01
7.830005856621192750e-01
7.977608748090071478e-01
8.142234759663021793e-01
8.314448861422524262e-01
8.484492297076311473e-01
8.644720137897207168e-01
8.791099682380524305e-01
8.922877633316110835e-01
9.041115519373768006e-01
9.147309358903230603e-01
9.242740754284309856e-01
9.328425818056241825e-01
9.405228179627338481e-01
9.473947938927067547e-01
9.535326971098797566e-01
9.590059034996037957e-01
9.638777002295992880e-01
9.682068742100973235e-01
9.720467934087720918e-01
9.754470270844364244e-01
9.784522901884694646e-01
9.811039538235757362e-01
9.834391186667368334e-01
9.854921263026134026e-01
9.872935825753598182e-01
9.888716464028934894e-01
9.902509115727974320e-01
9.914536536048125237e-01
9.925004127898781059e-01
9.934092631583899546e-01
9.941974604591983233e-01
9.948795593649969460e-01
9.954689499738702541e-01
9.959771799783376789e-01
9.964142101226792780e-01
9.967901164960708549e-01
9.971127708150272495e-01
9.973892666437411680e-01
9.976265445073916327e-01
9.978298985176200508e-01
9.980044195262050000e-01
9.981547030964971201e-01
9.982841158526589709e-01
9.983960638254759656e-01
9.984936880576635865e-01
9.985790604527283731e-01
9.986542232251174322e-01
9.987214244742727010e-01
9.987820138875154186e-01
9.988370252732522436e-01
9.988878264261040751e-01
9.989355801400728874e-01
9.989807882175852916e-01
9.990238524819385901e-01
9.990654675571672971e-01
9.991061653655506358e-01
9.991462055945807830e-01
9.991856853333610511e-01
9.992248114901151057e-01
9.992638477354506277e-01
9.993029804098398916e-01
9.993423308246675019e-01
9.993818785561088269e-01
9.994215710366906036e-01
9.994614332741802443e-01
9.995014774336712371e-01
9.995416896862028278e-01
9.995820377248226807e-01
9.996224836296954130e-01
9.996629833918695418e-01
9.997034902402111012e-01
9.997439452351888356e-01
9.997842752918539855e-01
9.998243979554950478e-01
9.998642305332816616e-01
9.999036948552546544e-01
9.999427176976851683e-01
9.999812358470777651e-01
1.000019201113628187e+00
1.000056573346131961e+00
1.000093307996130498e+00
1.000129355199494308e+00
1.000164660397528937e+00
1.000199166831402531e+00
1.000232813131637810e+00
1.000265540390971708e+00
1.000297283992872988e+00
1.000327965518237772e+00
1.000357525819133953e+00
1.000385934893663675e+00
1.000413170785100503e+00
1.000439203156686219e+00
1.000463989082009730e+00
1.000487498897562277e+00
1.000509717299615797e+00
1.000530604951986646e+00
1.000550108424730578e+00
1.000568187748223092e+00
1.000584792022135350e+00
1.000599881713412076e+00
1.000613451670181009e+00
1.000625496082985233e+00
1.000636022021377247e+00
1.000645031759832992e+00
1.000652530612436975e+00
1.000658533102877445e+00
1.000663059083275019e+00
1.000666133325990304e+00
1.000667791683461427e+00
1.000668086157655345e+00
1.000667058756272931e+00
1.000664767383917741e+00
1.000661276912018893e+00
1.000656656718794224e+00
1.000650998457984553e+00
1.000644410058418199e+00
1.000637007440062565e+00
1.000628929286852431e+00
1.000620339027754824e+00
1.000611406786564350e+00
1.000602311810755651e+00
1.000593243308848246e+00
1.000584394013205980e+00
1.000575967015429280e+00
1.000568185158612788e+00
1.000561293672962648e+00
1.000555564443910805e+00
1.000551296713521277e+00
1.000548818283318431e+00
1.000548511110100236e+00
1.000550868091581336e+00
1.000556583526537757e+00
1.000566723929855462e+00
1.000583108797533649e+00
1.000609254895732159e+00
1.000652985137117312e+00
1.000735469780145825e+00
1.000934382839340442e+00
1.001696607633348224e+00
1.006139954199797959e+00
1.001229835431473703e+00
9.990444834929846918e-01
