1.000000000000000000e+00
9.999631231932579745e-01
9.998355318009594095e-01
9.996095825794822920e-01
9.993089644755914769e-01
9.990026953074729876e-01
9.988246373397778877e-01
9.989990594948391367e-01
9.998705414028126182e-01
1.001935338453934454e+00
1.005867386305492550e+00
1.012538526510298187e+00
1.023028115763862544e+00
1.038623072507917078e+00
1.060807373621821093e+00
1.091136303375432215e+00
1.131018117344946505e+00
1.180799964484047893e+00
1.238531608585542676e+00
1.299309273242600815e+00
1.357008560679759501e+00
1.409610559624151715e+00
1.487332129194559815e+00
1.648085117401659749e+00
1.722169750258841336e+00
1.723839455812933963e+00
1.683147024656869162e+00
1.614642309681530996e+00
1.529538000445017198e+00
1.440266418803103354e+00
1.353281437384846964e+00
1.273725532215923328e+00
1.204796908500692876e+00
1.146949522563341262e+00
1.100351643886856357e+00
1.062062855031635777e+00
1.029771085196716340e+00
1.002295331412955237e+00
9.782484844720060746e-01
9.571054729316492704e-01
9.380360484044359959e-01
9.203692204506824792e-01
9.041518536423525099e-01
8.891333063036171991e-01
8.753335540798077297e-01
8.625362321346241590e-01
8.504729522857734647e-01
8.392371556248129361e-01
8.287171516754892053e-01
8.189528347864989399e-01
8.098250232397087300e-01
8.012073716051451022e-01
7.931416712848484707e-01
7.855935914510826512e-01
7.786978144266802904e-01
7.725416087404136656e-01
7.673153227424608369e-01
7.632040574120536602e-01
7.604271890210030360e-01
7.593412705676779728e-01
7.602887833963566377e-01
7.637078866818670653e-01
7.700013998314075847e-01
7.795844214646701076e-01
7.927696519356318694e-01
8.096835766388509326e-01
8.300184966496662042e-01
8.526950876328337481e-01
8.756726948171170699e-01
8.966316692745724959e-01
9.144481575246284910e-01
9.293275263088700555e-01
9.419118258128916787e-01
9.526712382371818055e-01
9.619391268996904110e-01
9.699094908456978859e-01
9.767635794046422015e-01
9.826163225466292284e-01
9.876002082608625887e-01
9.918002233968185033e-01
9.953205706599436153e-01
9.982283987127567038e-01
1.000608558987290841e+00
1.002515763280105388e+00
1.004018769212325468e+00
1.005162606581403217e+00
1.005993172728600227e+00
1.006558524357945572e+00
1.006889279823619532e+00
1.007031233199313203e+00
1.007008880018309460e+00
1.006854123767135789e+00
1.006590827424552748e+00
1.006235500182971698e+00
1.005815737949189881e+00
1.005344083374313913e+00
1.004834475728573429e+00
1.004304234764560100e+00
1.003760971026420146e+00
1.003215521811164690e+00
1.002677731340266831e+00
1.002151396791776117e+00
1.001642990681745893e+00
1.001158757264893451e+00
1.000699810050604821e+00
1.000268463564801369e+00
9.998691733740260323e-01
9.995019983889055215e-01
9.991662314864684369e-01
9.988635524115657693e-01
9.985950122690475661e-01
9.983587052122514516e-01
9.981527009786795857e-01
9.979769473828963289e-01
9.978307882375784255e-01
9.977125451315755900e-01
9.976199839613251186e-01
9.975516720818758953e-01
9.975066509734937803e-01
9.974837580871179776e-01
9.974817129611674993e-01
9.974986896341996312e-01
9.975328557795122286e-01
9.975829029178084895e-01
9.976475718358045475e-01
9.977255923932218939e-01
9.978157088180561463e-01
9.979167341297902061e-01
9.980275385122967524e-01
9.981470595382052613e-01
9.982742489673622766e-01
9.984080575967214655e-01
9.985474527842486125e-01
9.986914576285795819e-01
9.988391691126066174e-01
9.989897554768519816e-01
9.991424766390190060e-01
9.992967046689447130e-01
9.994518863788340868e-01
9.996074799750335194e-01
9.997629480737828533e-01
9.999177579784650494e-01
1.000071391419456779e+00
1.000223330503752006e+00
1.000373090028087830e+00
1.000520176237523540e+00
1.000664046001393137e+00
1.000804264470914307e+00
1.000940550521792982e+00
1.001072673876155061e+00
1.001200375364144746e+00
1.001323345670604104e+00
1.001441348290785571e+00
1.001554223741508043e+00
1.001661704910898898e+00
1.001763464204853404e+00
1.001859244669429660e+00
1.001948742484984001e+00
1.002031712981742650e+00
1.002108079791054429e+00
1.002177766822637706e+00
1.002240762605310698e+00
1.002297035463520558e+00
1.002346570572373974e+00
1.002389398955627842e+00
1.002425578640057990e+00
1.002455192408775897e+00
1.002478376809345262e+00
1.002495346018421607e+00
1.002506267158491449e+00
1.002511383312555182e+00
1.002510970757958697e+00
1.002505327053958561e+00
1.002494855302277665e+00
1.002480035359848642e+00
1.002461384217490092e+00
1.002439525953811250e+00
1.002415200827152519e+00
1.002389179109112405e+00
1.002362272163795254e+00
1.002335335794195093e+00
1.002309238796287749e+00
1.002284894258457237e+00
1.002263302502687026e+00
1.002245561151869246e+00
1.002232881747406879e+00
1.002226587461850338e+00
1.002228109918510857e+00
1.002239096132671481e+00
1.002261652975108941e+00
1.002298730884515710e+00
1.002354845916745951e+00
1.002437699240460889e+00
1.002562213542239844e+00
1.002761679789327953e+00
1.003126385969450807e+00
1.003987655850199889e+00
1.007241298525842099e+00
1.024978042352900021e+00
1.003510813432908044e+00
9.985180029695387427e-01
